0.000000000000000000e+00 1.110904662897079821e-02
8.008008008008007939e-02 1.137879741633077146e-02
1.601601601601601588e-01 1.165435091815824817e-02
2.402402402402402382e-01 1.193581188703295159e-02
3.203203203203203175e-01 1.222328645863374197e-02
4.004004004004003692e-01 1.251688215758951783e-02
4.804804804804804763e-01 1.281670790302048314e-02
5.605605605605605835e-01 1.312287401376022004e-02
6.406406406406406351e-01 1.343549221324893961e-02
7.207207207207206867e-01 1.375467563408794801e-02
8.008008008008007383e-01 1.408053882224574206e-02
8.808808808808809010e-01 1.441319774090553049e-02
9.609609609609609526e-01 1.475276977394427737e-02
1.041041041041041115e+00 1.509937372903321501e-02
1.121121121121121167e+00 1.545312984034958800e-02
1.201201201201201219e+00 1.581415977088959993e-02
1.281281281281281270e+00 1.618258661437193754e-02
1.361361361361361322e+00 1.655853489672192563e-02
1.441441441441441373e+00 1.694213057712582599e-02
1.521521521521521425e+00 1.733350104864454094e-02
1.601601601601601477e+00 1.773277513837683006e-02
1.681681681681681750e+00 1.814008310716096889e-02
1.761761761761761802e+00 1.855555664880472605e-02
1.841841841841841854e+00 1.897932888883280267e-02
1.921921921921921905e+00 1.941153438274131893e-02
2.002002002002002179e+00 1.985230911374871732e-02
2.082082082082082231e+00 2.030179049003228917e-02
2.162162162162162282e+00 2.076011734143993342e-02
2.242242242242242334e+00 2.122742991566637510e-02
2.322322322322322385e+00 2.170386987388311581e-02
2.402402402402402437e+00 2.218958028581178438e-02
2.482482482482482489e+00 2.268470562422989292e-02
2.562562562562562540e+00 2.318939175889870793e-02
2.642642642642642592e+00 2.370378594990251234e-02
2.722722722722722644e+00 2.422803684038870448e-02
2.802802802802802695e+00 2.476229444869837426e-02
2.882882882882882747e+00 2.530671015987667055e-02
2.962962962962962798e+00 2.586143671655281862e-02
3.043043043043042850e+00 2.642662820917913644e-02
3.123123123123122902e+00 2.700244006561908217e-02
3.203203203203202953e+00 2.758902904007367804e-02
3.283283283283283449e+00 2.818655320133673509e-02
3.363363363363363501e+00 2.879517192036831069e-02
3.443443443443443552e+00 2.941504585717653539e-02
3.523523523523523604e+00 3.004633694699834767e-02
3.603603603603603656e+00 3.068920838576862098e-02
3.683683683683683707e+00 3.134382461486875243e-02
3.763763763763763759e+00 3.201035130514470056e-02
3.843843843843843811e+00 3.268895534018529531e-02
3.923923923923923862e+00 3.337980479885142154e-02
4.004004004004004358e+00 3.408306893704689255e-02
4.084084084084084409e+00 3.479891816872234672e-02
4.164164164164164461e+00 3.552752404610298731e-02
4.244244244244244513e+00 3.626905923913147090e-02
4.324324324324324564e+00 3.702369751411789534e-02
4.404404404404404616e+00 3.779161371158815119e-02
4.484484484484484668e+00 3.857298372332254588e-02
4.564564564564564719e+00 3.936798446857728284e-02
4.644644644644644771e+00 4.017679386948012216e-02
4.724724724724724823e+00 4.099959082559395673e-02
4.804804804804804874e+00 4.183655518763976927e-02
4.884884884884884926e+00 4.268786773037301641e-02
4.964964964964964977e+00 4.355371012460586277e-02
5.045045045045045029e+00 4.443426490836905468e-02
5.125125125125125081e+00 4.532971545720715367e-02
5.205205205205205132e+00 4.624024595360091278e-02
5.285285285285285184e+00 4.716604135551123733e-02
5.365365365365365236e+00 4.810728736403910993e-02
5.445445445445445287e+00 4.906417039019630305e-02
5.525525525525525339e+00 5.003687752078199436e-02
5.605605605605605390e+00 5.102559648336085080e-02
5.685685685685685442e+00 5.203051561033812666e-02
5.765765765765765494e+00 5.305182380212782045e-02
5.845845845845845545e+00 5.408971048941049048e-02
5.925925925925925597e+00 5.514436559447718350e-02
6.006006006006005649e+00 5.621597949165692970e-02
6.086086086086085700e+00 5.730474296682479957e-02
6.166166166166165752e+00 5.841084717598851728e-02
6.246246246246245803e+00 5.953448360295233999e-02
6.326326326326325855e+00 6.067584401605553845e-02
6.406406406406405907e+00 6.183512042398570802e-02
6.486486486486486847e+00 6.301250503066568864e-02
6.566566566566566898e+00 6.420819018921350430e-02
6.646646646646646950e+00 6.542236835497651504e-02
6.726726726726727001e+00 6.665523203763924764e-02
6.806806806806807053e+00 6.790697375240675737e-02
6.886886886886887105e+00 6.917778597026448539e-02
6.966966966966967156e+00 7.046786106731718624e-02
7.047047047047047208e+00 7.177739127320802159e-02
7.127127127127127260e+00 7.310656861862237232e-02
7.207207207207207311e+00 7.445558488187832558e-02
7.287287287287287363e+00 7.582463153460809735e-02
7.367367367367367414e+00 7.721389968653454006e-02
7.447447447447447466e+00 7.862358002934806411e-02
7.527527527527527518e+00 8.005386277968787323e-02
7.607607607607607569e+00 8.150493762123484087e-02
7.687687687687687621e+00 8.297699364592119042e-02
7.767767767767767673e+00 8.447021929426407061e-02
7.847847847847847724e+00 8.598480229483047854e-02
7.927927927927927776e+00 8.752092960284101053e-02
8.008008008008008716e+00 8.907878733792104486e-02
8.088088088088088767e+00 9.065856072100825225e-02
8.168168168168168819e+00 9.226043401042541281e-02
8.248248248248248871e+00 9.388459043712928109e-02
8.328328328328328922e+00 9.553121213914513021e-02
8.408408408408408974e+00 9.720048009519878518e-02
8.488488488488489025e+00 9.889257405755716435e-02
8.568568568568569077e+00 1.006076724840903464e-01
8.648648648648649129e+00 1.023459524695665979e-01
8.728728728728729180e+00 1.041075896761950309e-01
8.808808808808809232e+00 1.058927582634293513e-01
8.888888888888889284e+00 1.077016308170465758e-01
8.968968968968969335e+00 1.095343782775162339e-01
9.049049049049049387e+00 1.113911698676764983e-01
9.129129129129129439e+00 1.132721730197314147e-01
9.209209209209209490e+00 1.151775533015884367e-01
9.289289289289289542e+00 1.171074743425513237e-01
9.369369369369369593e+00 1.190620977583889267e-01
9.449449449449449645e+00 1.210415830757952116e-01
9.529529529529529697e+00 1.230460876562630423e-01
9.609609609609609748e+00 1.250757666193890727e-01
9.689689689689689800e+00 1.271307727656307562e-01
9.769769769769769852e+00 1.292112564985364864e-01
9.849849849849849903e+00 1.313173657464708488e-01
9.929929929929929955e+00 1.334492458838553997e-01
1.001001001001001001e+01 1.356070396519498400e-01
1.009009009009009006e+01 1.377908870791948182e-01
1.017017017017017011e+01 1.400009254011413129e-01
1.025025025025025016e+01 1.422372889799905782e-01
1.033033033033033021e+01 1.445001092237697682e-01
1.041041041041041026e+01 1.467895145051684447e-01
1.049049049049049032e+01 1.491056300800621959e-01
1.057057057057057037e+01 1.514485780057501785e-01
1.065065065065065042e+01 1.538184770589332284e-01
1.073073073073073047e+01 1.562154426534610174e-01
1.081081081081081052e+01 1.586395867578757057e-01
1.089089089089089057e+01 1.610910178127815118e-01
1.097097097097097063e+01 1.635698406480692035e-01
1.105105105105105068e+01 1.660761564000253210e-01
1.113113113113113073e+01 1.686100624283567440e-01
1.121121121121121078e+01 1.711716522331612755e-01
1.129129129129129083e+01 1.737610153718757156e-01
1.137137137137137088e+01 1.763782373762329270e-01
1.145145145145145094e+01 1.790233996692608409e-01
1.153153153153153099e+01 1.816965794823559022e-01
1.161161161161161104e+01 1.843978497724636234e-01
1.169169169169169109e+01 1.871272791394014423e-01
1.177177177177177114e+01 1.898849317433561057e-01
1.185185185185185119e+01 1.926708672225923846e-01
1.193193193193193125e+01 1.954851406114056778e-01
1.201201201201201130e+01 1.983278022583560285e-01
1.209209209209209135e+01 2.011988977448183058e-01
1.217217217217217140e+01 2.040984678038846867e-01
1.225225225225225145e+01 2.070265482396566326e-01
1.233233233233233150e+01 2.099831698469625807e-01
1.241241241241241156e+01 2.129683583315389317e-01
1.249249249249249161e+01 2.159821342307121361e-01
1.257257257257257166e+01 2.190245128346189063e-01
1.265265265265265171e+01 2.220955041080042991e-01
1.273273273273273176e+01 2.251951126126340019e-01
1.281281281281281181e+01 2.283233374303618723e-01
1.289289289289289364e+01 2.314801720868897017e-01
1.297297297297297369e+01 2.346656044762591986e-01
1.305305305305305374e+01 2.378796167861168820e-01
1.313313313313313380e+01 2.411221854237888540e-01
1.321321321321321385e+01 2.443932809432076136e-01
1.329329329329329390e+01 2.476928679727292970e-01
1.337337337337337395e+01 2.510209051438830885e-01
1.345345345345345400e+01 2.543773450210908837e-01
1.353353353353353405e+01 2.577621340323996701e-01
1.361361361361361411e+01 2.611752124012658438e-01
1.369369369369369416e+01 2.646165140794316528e-01
1.377377377377377421e+01 2.680859666809355946e-01
1.385385385385385426e+01 2.715834914172969294e-01
1.393393393393393431e+01 2.751090030339125025e-01
1.401401401401401436e+01 2.786624097477114481e-01
1.409409409409409442e+01 2.822436131861027486e-01
1.417417417417417447e+01 2.858525083272601131e-01
1.425425425425425452e+01 2.894889834417824770e-01
1.433433433433433457e+01 2.931529200357712583e-01
1.441441441441441462e+01 2.968441927953643367e-01
1.449449449449449467e+01 3.005626695327665021e-01
1.457457457457457473e+01 3.043082111338168971e-01
1.465465465465465478e+01 3.080806715071317536e-01
1.473473473473473483e+01 3.118798975348632818e-01
1.481481481481481488e+01 3.157057290251141235e-01
1.489489489489489493e+01 3.195579986660435634e-01
1.497497497497497498e+01 3.234365319817081308e-01
1.505505505505505504e+01 3.273411472896719521e-01
1.513513513513513509e+01 3.312716556604256013e-01
1.521521521521521514e+01 3.352278608786522507e-01
1.529529529529529519e+01 3.392095594063764263e-01
1.537537537537537524e+01 3.432165403480345600e-01
1.545545545545545529e+01 3.472485854175010878e-01
1.553553553553553535e+01 3.513054689071091752e-01
1.561561561561561540e+01 3.553869576586985435e-01
1.569569569569569545e+01 3.594928110367280327e-01
1.577577577577577550e+01 3.636227809034851544e-01
1.585585585585585555e+01 3.677766115964291038e-01
1.593593593593593560e+01 3.719540399076977089e-01
1.601601601601601743e+01 3.761547950658140627e-01
1.609609609609609748e+01 3.803785987196222629e-01
1.617617617617617753e+01 3.846251649244866178e-01
1.625625625625625759e+01 3.888942001307827412e-01
1.633633633633633764e+01 3.931854031747114564e-01
1.641641641641641769e+01 3.974984652714667055e-01
1.649649649649649774e+01 4.018330700107833886e-01
1.657657657657657779e+01 4.061888933548954417e-01
1.665665665665665784e+01 4.105656036389297436e-01
1.673673673673673790e+01 4.149628615737636084e-01
1.681681681681681795e+01 4.193803202513707307e-01
1.689689689689689800e+01 4.238176251526800109e-01
1.697697697697697805e+01 4.282744141579721830e-01
1.705705705705705810e+01 4.327503175598360619e-01
1.713713713713713815e+01 4.372449580787077239e-01
1.721721721721721821e+01 4.417579508810121069e-01
1.729729729729729826e+01 4.462889035999295095e-01
1.737737737737737831e+01 4.508374163588030337e-01
1.745745745745745836e+01 4.554030817972095635e-01
1.753753753753753841e+01 4.599854850997063815e-01
1.761761761761761846e+01 4.645842040272740170e-01
1.769769769769769852e+01 4.691988089514684823e-01
1.777777777777777857e+01 4.738288628912953326e-01
1.785785785785785862e+01 4.784739215528230338e-01
1.793793793793793867e+01 4.831335333715423563e-01
1.801801801801801872e+01 4.878072395574871156e-01
1.809809809809809877e+01 4.924945741431211443e-01
1.817817817817817883e+01 4.971950640340052630e-01
1.825825825825825888e+01 5.019082290622463027e-01
1.833833833833833893e+01 5.066335820427386727e-01
1.841841841841841898e+01 5.113706288321999693e-01
1.849849849849849903e+01 5.161188683910070685e-01
1.857857857857857908e+01 5.208777928478325325e-01
1.865865865865865914e+01 5.256468875670849972e-01
1.873873873873873919e+01 5.304256312191513167e-01
1.881881881881881924e+01 5.352134958534409126e-01
1.889889889889889929e+01 5.400099469742291047e-01
1.897897897897897934e+01 5.448144436192953188e-01
1.905905905905905939e+01 5.496264384413498405e-01
1.913913913913913944e+01 5.544453777922471183e-01
1.921921921921921950e+01 5.592707018099707383e-01
1.929929929929929955e+01 5.641018445083886279e-01
1.937937937937937960e+01 5.689382338697615005e-01
1.945945945945945965e+01 5.737792919399975489e-01
1.953953953953953970e+01 5.786244349266370657e-01
1.961961961961961975e+01 5.834730732995545566e-01
1.969969969969969981e+01 5.883246118943621372e-01
1.977977977977977986e+01 5.931784500184956732e-01
1.985985985985985991e+01 5.980339815599672315e-01
1.993993993993993996e+01 6.028905950987631934e-01
2.002002002002002001e+01 6.077476740208652695e-01
2.010010010010010006e+01 6.126045966348747651e-01
2.018018018018018012e+01 6.174607362912143405e-01
2.026026026026026017e+01 6.223154615038808402e-01
2.034034034034034022e+01 6.271681360747268785e-01
2.042042042042042027e+01 6.320181192202369846e-01
2.050050050050050032e+01 6.368647657007749929e-01
2.058058058058058037e+01 6.417074259522674851e-01
2.066066066066066043e+01 6.465454462202949726e-01
2.074074074074074048e+01 6.513781686965534057e-01
2.082082082082082053e+01 6.562049316576558100e-01
2.090090090090090058e+01 6.610250696062340836e-01
2.098098098098098063e+01 6.658379134143063149e-01
2.106106106106106068e+01 6.706427904688702091e-01
2.114114114114114074e+01 6.754390248196820989e-01
2.122122122122122079e+01 6.802259373291814626e-01
2.130130130130130084e+01 6.850028458245179808e-01
2.138138138138138089e+01 6.897690652516373921e-01
2.146146146146146094e+01 6.945239078313815151e-01
2.154154154154154099e+01 6.992666832175564728e-01
2.162162162162162105e+01 7.039966986569202723e-01
2.170170170170170110e+01 7.087132591510448831e-01
2.178178178178178115e+01 7.134156676199976399e-01
2.186186186186186120e+01 7.181032250677971129e-01
2.194194194194194125e+01 7.227752307495854955e-01
2.202202202202202130e+01 7.274309823404704334e-01
2.210210210210210136e+01 7.320697761059768993e-01
2.218218218218218141e+01 7.366909070740558230e-01
2.226226226226226146e+01 7.412936692085950741e-01
2.234234234234234151e+01 7.458773555843712932e-01
2.242242242242242156e+01 7.504412585633882804e-01
2.250250250250250161e+01 7.549846699725394350e-01
2.258258258258258167e+01 7.595068812825347404e-01
2.266266266266266172e+01 7.640071837880335615e-01
2.274274274274274177e+01 7.684848687889156427e-01
2.282282282282282182e+01 7.729392277726332416e-01
2.290290290290290187e+01 7.773695525975751197e-01
2.298298298298298192e+01 7.817751356773818827e-01
2.306306306306306197e+01 7.861552701661439491e-01
2.314314314314314203e+01 7.905092501444179742e-01
2.322322322322322208e+01 7.948363708059916766e-01
2.330330330330330213e+01 7.991359286453334487e-01
2.338338338338338218e+01 8.034072216456547011e-01
2.346346346346346223e+01 8.076495494675167697e-01
2.354354354354354228e+01 8.118622136379129994e-01
2.362362362362362234e+01 8.160445177397552818e-01
2.370370370370370239e+01 8.201957676016943255e-01
2.378378378378378244e+01 8.243152714882016063e-01
2.386386386386386249e+01 8.284023402898418320e-01
2.394394394394394254e+01 8.324562877136623129e-01
2.402402402402402259e+01 8.364764304736280742e-01
2.410410410410410265e+01 8.404620884810284354e-01
2.418418418418418270e+01 8.444125850347798945e-01
2.426426426426426275e+01 8.483272470115569286e-01
2.434434434434434280e+01 8.522054050556675531e-01
2.442442442442442285e+01 8.560463937686092484e-01
2.450450450450450290e+01 8.598495518982232078e-01
2.458458458458458296e+01 8.636142225273748529e-01
2.466466466466466301e+01 8.673397532620874539e-01
2.474474474474474306e+01 8.710254964190491389e-01
2.482482482482482311e+01 8.746708092124243494e-01
2.490490490490490316e+01 8.782750539398892498e-01
2.498498498498498321e+01 8.818375981678188147e-01
2.506506506506506327e+01 8.853578149155518773e-01
2.514514514514514332e+01 8.888350828386545333e-01
2.522522522522522337e+01 8.922687864111129574e-01
2.530530530530530342e+01 8.956583161063776943e-01
2.538538538538538347e+01 8.990030685771847052e-01
2.546546546546546352e+01 9.023024468340817839e-01
2.554554554554554358e+01 9.055558604225846242e-01
2.562562562562562363e+01 9.087627255988890429e-01
2.570570570570570723e+01 9.119224655040673033e-01
2.578578578578578728e+01 9.150345103366761546e-01
2.586586586586586733e+01 9.180982975237026444e-01
2.594594594594594739e+01 9.211132718897779847e-01
2.602602602602602744e+01 9.240788858245873039e-01
2.610610610610610749e+01 9.269945994484052321e-01
2.618618618618618754e+01 9.298598807756864870e-01
2.626626626626626759e+01 9.326742058766437360e-01
2.634634634634634764e+01 9.354370590367426797e-01
2.642642642642642770e+01 9.381479329140464118e-01
2.650650650650650775e+01 9.408063286943435521e-01
2.658658658658658780e+01 9.434117562439920945e-01
2.666666666666666785e+01 9.459637342604144683e-01
2.674674674674674790e+01 9.484617904201779748e-01
2.682682682682682795e+01 9.509054615245988717e-01
2.690690690690690801e+01 9.532942936428046021e-01
2.698698698698698806e+01 9.556278422521966576e-01
2.706706706706706811e+01 9.579056723762463532e-01
2.714714714714714816e+01 9.601273587195712222e-01
2.722722722722722821e+01 9.622924858002298576e-01
2.730730730730730826e+01 9.644006480791741387e-01
2.738738738738738832e+01 9.664514500868113256e-01
2.746746746746746837e+01 9.684445065466105174e-01
2.754754754754754842e+01 9.703794424957081777e-01
2.762762762762762847e+01 9.722558934024529975e-01
2.770770770770770852e+01 9.740735052808429106e-01
2.778778778778778857e+01 9.758319348018027473e-01
2.786786786786786863e+01 9.775308494012530103e-01
2.794794794794794868e+01 9.791699273849223673e-01
2.802802802802802873e+01 9.807488580298583392e-01
2.810810810810810878e+01 9.822673416825898896e-01
2.818818818818818883e+01 9.837250898539007249e-01
2.826826826826826888e+01 9.851218253101690081e-01
2.834834834834834894e+01 9.864572821612335174e-01
2.842842842842842899e+01 9.877312059447500570e-01
2.850850850850850904e+01 9.889433537069963753e-01
2.858858858858858909e+01 9.900934940800912853e-01
2.866866866866866914e+01 9.911814073555961224e-01
2.874874874874874919e+01 9.922068855544616817e-01
2.882882882882882924e+01 9.931697324932927673e-01
2.890890890890890930e+01 9.940697638468982689e-01
2.898898898898898935e+01 9.949068072071013402e-01
2.906906906906906940e+01 9.956807021377805933e-01
2.914914914914914945e+01 9.963913002261212126e-01
2.922922922922922950e+01 9.970384651300486789e-01
2.930930930930930955e+01 9.976220726218281154e-01
2.938938938938938961e+01 9.981420106278074966e-01
2.946946946946946966e+01 9.985981792642868449e-01
2.954954954954954971e+01 9.989904908694982044e-01
2.962962962962962976e+01 9.993188700316811834e-01
2.970970970970970981e+01 9.995832536132434054e-01
2.978978978978978986e+01 9.997835907709908820e-01
2.986986986986986992e+01 9.999198429724257542e-01
2.994994994994994997e+01 9.999919840080961908e-01
3.003003003003003002e+01 1.000000000000000000e+00
3.011011011011011007e+01 9.999438894060339589e-01
3.019019019019019012e+01 9.998236630204881958e-01
3.027027027027027017e+01 9.996393439705852924e-01
3.035035035035035023e+01 9.993909677090657695e-01
3.043043043043043028e+01 9.990785820028231790e-01
3.051051051051051033e+01 9.987022469175933503e-01
3.059059059059059038e+01 9.982620347987064546e-01
3.067067067067067043e+01 9.977580302479077679e-01
3.075075075075075048e+01 9.971903300962603467e-01
3.083083083083083054e+01 9.965590433731390529e-01
3.091091091091091059e+01 9.958642912713332462e-01
3.099099099099099064e+01 9.951062071082692473e-01
3.107107107107107069e+01 9.942849362833744431e-01
3.115115115115115074e+01 9.934006362315999095e-01
3.123123123123123079e+01 9.924534763731208686e-01
3.131131131131131085e+01 9.914436380592414055e-01
3.139139139139139090e+01 9.903713145145242036e-01
3.147147147147147095e+01 9.892367107751729449e-01
3.155155155155155100e+01 9.880400436236926875e-01
3.163163163163163105e+01 9.867815415198620821e-01
3.171171171171171110e+01 9.854614445280417412e-01
3.179179179179179116e+01 9.840800042408566206e-01
3.187187187187187121e+01 9.826374836992836093e-01
3.195195195195195126e+01 9.811341573091805213e-01
3.203203203203203486e+01 9.795703107542929056e-01
3.211211211211211491e+01 9.779462409057798622e-01
3.219219219219219497e+01 9.762622557282949476e-01
3.227227227227227502e+01 9.745186741826658006e-01
3.235235235235235507e+01 9.727158261252183413e-01
3.243243243243243512e+01 9.708540522037836240e-01
3.251251251251251517e+01 9.689337037504397454e-01
3.259259259259259522e+01 9.669551426710314423e-01
3.267267267267267528e+01 9.649187413315187811e-01
3.275275275275275533e+01 9.628248824412040108e-01
3.283283283283283538e+01 9.606739589328860962e-01
3.291291291291291543e+01 9.584663738399996635e-01
3.299299299299299548e+01 9.562025401707873185e-01
3.307307307307307553e+01 9.538828807795638465e-01
3.315315315315315559e+01 9.515078282351268069e-01
3.323323323323323564e+01 9.490778246863711409e-01
3.331331331331331569e+01 9.465933217251654153e-01
3.339339339339339574e+01 9.440547802465524274e-01
3.347347347347347579e+01 9.414626703063297963e-01
3.355355355355355584e+01 9.388174709760757075e-01
3.363363363363363590e+01 9.361196701956818744e-01
3.371371371371371595e+01 9.333697646234556666e-01
3.379379379379379600e+01 9.305682594838576849e-01
3.387387387387387605e+01 9.277156684129386210e-01
3.395395395395395610e+01 9.248125133015426824e-01
3.403403403403403615e+01 9.218593241363428614e-01
3.411411411411411621e+01 9.188566388387787720e-01
3.419419419419419626e+01 9.158050031019624448e-01
3.427427427427427631e+01 9.127049702256214703e-01
3.435435435435435636e+01 9.095571009491524306e-01
3.443443443443443641e+01 9.063619632828509021e-01
3.451451451451451646e+01 9.031201323373914125e-01
3.459459459459459651e+01 8.998321901516295185e-01
3.467467467467467657e+01 8.964987255187941706e-01
3.475475475475475662e+01 8.931203338111493029e-01
3.483483483483483667e+01 8.896976168031901500e-01
3.491491491491491672e+01 8.862311824934538951e-01
3.499499499499499677e+01 8.827216449250148145e-01
3.507507507507507682e+01 8.791696240047384148e-01
3.515515515515515688e+01 8.755757453213698360e-01
3.523523523523523693e+01 8.719406399625297954e-01
3.531531531531531698e+01 8.682649443306942327e-01
3.539539539539539703e+01 8.645492999582299332e-01
3.547547547547547708e+01 8.607943533215635101e-01
3.555555555555555713e+01 8.570007556545590210e-01
3.563563563563563719e+01 8.531691627611758255e-01
3.571571571571571724e+01 8.493002348274850677e-01
3.579579579579579729e+01 8.453946362331197228e-01
3.587587587587587734e+01 8.414530353622303727e-01
3.595595595595595739e+01 8.374761044140243138e-01
3.603603603603603744e+01 8.334645192129610525e-01
3.611611611611611750e+01 8.294189590186804573e-01
3.619619619619619755e+01 8.253401063357341805e-01
3.627627627627627760e+01 8.212286467231986187e-01
3.635635635635635765e+01 8.170852686042404667e-01
3.643643643643643770e+01 8.129106630757091390e-01
3.651651651651651775e+01 8.087055237178273348e-01
3.659659659659659781e+01 8.044705464040556864e-01
3.667667667667667786e+01 8.002064291111995464e-01
3.675675675675675791e+01 7.959138717298331889e-01
3.683683683683683796e+01 7.915935758751095896e-01
3.691691691691691801e+01 7.872462446980277306e-01
3.699699699699699806e+01 7.828725826972280366e-01
3.707707707707707812e+01 7.784732955313834468e-01
3.715715715715715817e+01 7.740490898322563984e-01
3.723723723723723822e+01 7.696006730184894451e-01
3.731731731731731827e+01 7.651287531101955697e-01
3.739739739739739832e+01 7.606340385444173569e-01
3.747747747747747837e+01 7.561172379915179764e-01
3.755755755755755843e+01 7.515790601725703679e-01
3.763763763763763848e+01 7.470202136778103519e-01
3.771771771771771853e+01 7.424414067862128430e-01
3.779779779779779858e+01 7.378433472862581111e-01
3.787787787787787863e+01 7.332267422979468208e-01
3.795795795795795868e+01 7.285922980961262452e-01
3.803803803803803874e+01 7.239407199351847177e-01
3.811811811811811879e+01 7.192727118751764959e-01
3.819819819819819884e+01 7.145889766094313256e-01
3.827827827827827889e+01 7.098902152937082155e-01
3.835835835835835894e+01 7.051771273769461557e-01
3.843843843843843899e+01 7.004504104336695125e-01
3.851851851851851904e+01 6.957107599980981716e-01
3.859859859859859910e+01 6.909588694000164955e-01
3.867867867867867915e+01 6.861954296024536104e-01
3.875875875875875920e+01 6.814211290412215405e-01
3.883883883883883925e+01 6.766366534663621479e-01
3.891891891891891930e+01 6.718426857855519518e-01
3.899899899899899935e+01 6.670399059095076799e-01
3.907907907907907941e+01 6.622289905994402925e-01
3.915915915915915946e+01 6.574106133166015553e-01
3.923923923923923951e+01 6.525854440739637941e-01
3.931931931931931956e+01 6.477541492900766862e-01
3.939939939939939961e+01 6.429173916451401682e-01
3.947947947947947966e+01 6.380758299393318733e-01
3.955955955955955972e+01 6.332301189534281782e-01
3.963963963963963977e+01 6.283809093117527222e-01
3.971971971971971982e+01 6.235288473474912552e-01
3.979979979979979987e+01 6.186745749704016806e-01
3.987987987987987992e+01 6.138187295369562646e-01
3.995995995995995997e+01 6.089619437229433219e-01
4.004004004004004003e+01 6.041048453985600197e-01
4.012012012012012008e+01 5.992480575060252779e-01
4.020020020020020013e+01 5.943921979397367439e-01
4.028028028028028018e+01 5.895378794290010438e-01
4.036036036036036023e+01 5.846857094233588459e-01
4.044044044044044028e+01 5.798362899805294957e-01
4.052052052052052034e+01 5.749902176569949841e-01
4.060060060060060039e+01 5.701480834012456755e-01
4.068068068068068044e+01 5.653104724497042266e-01
4.076076076076076049e+01 5.604779642253466809e-01
4.084084084084084054e+01 5.556511322390379481e-01
4.092092092092092059e+01 5.508305439935916592e-01
4.100100100100100065e+01 5.460167608905754921e-01
4.108108108108108070e+01 5.412103381398661872e-01
4.116116116116116075e+01 5.364118246719704608e-01
4.124124124124124080e+01 5.316217630531190341e-01
4.132132132132132085e+01 5.268406894031421039e-01
4.140140140140140090e+01 5.220691333161333603e-01
4.148148148148148096e+01 5.173076177839072143e-01
4.156156156156156101e+01 5.125566591222553425e-01
4.164164164164164106e+01 5.078167669000031026e-01
4.172172172172172111e+01 5.030884438708692619e-01
4.180180180180180116e+01 4.983721859081275962e-01
4.188188188188188121e+01 4.936684819420718018e-01
4.196196196196196126e+01 4.889778139002798896e-01
4.204204204204204132e+01 4.843006566506743438e-01
4.212212212212212137e+01 4.796374779473757122e-01
4.220220220220220142e+01 4.749887383793406359e-01
4.228228228228228147e+01 4.703548913217804883e-01
4.236236236236236152e+01 4.657363828903501313e-01
4.244244244244244157e+01 4.611336518980988508e-01
4.252252252252252163e+01 4.565471298151722035e-01
4.260260260260260168e+01 4.519772407312538931e-01
4.268268268268268173e+01 4.474244013207336890e-01
4.276276276276276178e+01 4.428890208105901727e-01
4.284284284284284183e+01 4.383715009509695504e-01
4.292292292292292188e+01 4.338722359884495949e-01
4.300300300300300194e+01 4.293916126419658474e-01
4.308308308308308199e+01 4.249300100813882541e-01
4.316316316316316204e+01 4.204877999087242024e-01
4.324324324324324209e+01 4.160653461419310251e-01
4.332332332332332214e+01 4.116630052013162677e-01
4.340340340340340219e+01 4.072811258985027383e-01
4.348348348348348225e+01 4.029200494279381872e-01
4.356356356356356230e+01 3.985801093609225854e-01
4.364364364364364235e+01 3.942616316421315714e-01
4.372372372372372240e+01 3.899649345886088136e-01
4.380380380380380245e+01 3.856903288912014172e-01
4.388388388388388250e+01 3.814381176184121203e-01
4.396396396396396256e+01 3.772085962226393030e-01
4.404404404404404261e+01 3.730020525487772187e-01
4.412412412412412266e+01 3.688187668451466950e-01
4.420420420420420271e+01 3.646590117767265493e-01
4.428428428428428276e+01 3.605230524406537462e-01
4.436436436436436281e+01 3.564111463839639282e-01
4.444444444444444287e+01 3.523235436235363505e-01
4.452452452452452292e+01 3.482604866682137423e-01
4.460460460460460297e+01 3.442222105430621237e-01
4.468468468468468302e+01 3.402089428157376028e-01
4.476476476476476307e+01 3.362209036249253491e-01
4.484484484484484312e+01 3.322583057108154381e-01
4.492492492492492318e+01 3.283213544475813150e-01
4.500500500500500323e+01 3.244102478778242982e-01
4.508508508508508328e+01 3.205251767489471493e-01
4.516516516516516333e+01 3.166663245514212410e-01
4.524524524524524338e+01 3.128338675589091844e-01
4.532532532532532343e+01 3.090279748702057239e-01
4.540540540540540349e+01 3.052488084529588197e-01
4.548548548548548354e+01 3.014965231891327813e-01
4.556556556556556359e+01 2.977712669221749819e-01
4.564564564564564364e+01 2.940731805058467430e-01
4.572572572572572369e+01 2.904023978546799722e-01
4.580580580580580374e+01 2.867590459960198124e-01
4.588588588588588379e+01 2.831432451236134407e-01
4.596596596596596385e+01 2.795551086527059970e-01
4.604604604604604390e+01 2.759947432766027831e-01
4.612612612612612395e+01 2.724622490246584872e-01
4.620620620620620400e+01 2.689577193216520223e-01
4.628628628628628405e+01 2.654812410485081209e-01
4.636636636636636410e+01 2.620328946043240514e-01
4.644644644644644416e+01 2.586127539696611577e-01
4.652652652652652421e+01 2.552208867710616946e-01
4.660660660660660426e+01 2.518573543467487741e-01
4.668668668668668431e+01 2.485222118134698122e-01
4.676676676676676436e+01 2.452155081344429555e-01
4.684684684684684441e+01 2.419372861883661574e-01
4.692692692692692447e+01 2.386875828394473542e-01
4.700700700700700452e+01 2.354664290084168554e-01
4.708708708708708457e+01 2.322738497444803429e-01
4.716716716716716462e+01 2.291098642981737044e-01
4.724724724724724467e+01 2.259744861950782890e-01
4.732732732732732472e+01 2.228677233103581179e-01
4.740740740740740478e+01 2.197895779440777186e-01
4.748748748748748483e+01 2.167400468972632832e-01
4.756756756756756488e+01 2.137191215486658469e-01
4.764764764764764493e+01 2.107267879321882975e-01
4.772772772772772498e+01 2.077630268149380510e-01
4.780780780780780503e+01 2.048278137758654804e-01
4.788788788788788509e+01 2.019211192849510172e-01
4.796796796796796514e+01 1.990429087829025945e-01
4.804804804804804519e+01 1.961931427613252121e-01
4.812812812812812524e+01 1.933717768433263484e-01
4.820820820820820529e+01 1.905787618645195247e-01
4.828828828828828534e+01 1.878140439543893037e-01
4.836836836836836540e+01 1.850775646179818323e-01
4.844844844844844545e+01 1.823692608178848762e-01
4.852852852852852550e+01 1.796890650564617053e-01
4.860860860860860555e+01 1.770369054583040280e-01
4.868868868868868560e+01 1.744127058528689156e-01
4.876876876876876565e+01 1.718163858572654967e-01
4.884884884884884571e+01 1.692478609591580863e-01
4.892892892892892576e+01 1.667070425997517202e-01
4.900900900900900581e+01 1.641938382568275956e-01
4.908908908908908586e+01 1.617081515277956072e-01
4.916916916916916591e+01 1.592498822127324520e-01
4.924924924924924596e+01 1.568189263973737702e-01
4.932932932932932601e+01 1.544151765360283479e-01
4.940940940940940607e+01 1.520385215343858232e-01
4.948948948948948612e+01 1.496888468321857513e-01
4.956956956956956617e+01 1.473660344857204985e-01
4.964964964964964622e+01 1.450699632501414038e-01
4.972972972972972627e+01 1.428005086615411201e-01
4.980980980980980632e+01 1.405575431187836011e-01
4.988988988988988638e+01 1.383409359650543125e-01
4.996996996996996643e+01 1.361505535691046320e-01
5.005005005005004648e+01 1.339862594061630996e-01
5.013013013013012653e+01 1.318479141384892583e-01
5.021021021021020658e+01 1.297353756955438031e-01
5.029029029029028663e+01 1.276484993537512769e-01
5.037037037037036669e+01 1.255871378158309182e-01
5.045045045045044674e+01 1.235511412896725947e-01
5.053053053053052679e+01 1.215403575667351604e-01
5.061061061061060684e+01 1.195546320999443524e-01
5.069069069069068689e+01 1.175938080810695063e-01
5.077077077077076694e+01 1.156577265175572633e-01
5.085085085085084700e+01 1.137462263088026282e-01
5.093093093093092705e+01 1.118591443218365789e-01
5.101101101101100710e+01 1.099963154664116288e-01
5.109109109109108715e+01 1.081575727694664146e-01
5.117117117117116720e+01 1.063427474489514329e-01
5.125125125125124725e+01 1.045516689869977062e-01
5.133133133133133441e+01 1.027841652024121949e-01
5.141141141141141446e+01 1.010400623224838729e-01
5.149149149149149451e+01 9.931918505408293685e-02
5.157157157157157457e+01 9.762135665403995355e-02
5.165165165165165462e+01 9.594639899878974754e-02
5.173173173173173467e+01 9.429413265326523630e-02
5.181181181181181472e+01 9.266437693902847272e-02
5.189189189189189477e+01 9.105695000162589148e-02
5.197197197197197482e+01 8.947166887715535255e-02
5.205205205205205488e+01 8.790834955803319972e-02
5.213213213213213493e+01 8.636680705794984314e-02
5.221221221221221498e+01 8.484685547600424871e-02
5.229229229229229503e+01 8.334830806000566306e-02
5.237237237237237508e+01 8.187097726893427518e-02
5.245245245245245513e+01 8.041467483455157217e-02
5.253253253253253519e+01 7.897921182215138225e-02
5.261261261261261524e+01 7.756439869044400026e-02
5.269269269269269529e+01 7.617004535056635939e-02
5.277277277277277534e+01 7.479596122421057480e-02
5.285285285285285539e+01 7.344195530086533585e-02
5.293293293293293544e+01 7.210783619416322177e-02
5.301301301301301550e+01 7.079341219732994406e-02
5.309309309309309555e+01 6.949849133772920129e-02
5.317317317317317560e+01 6.822288143049987097e-02
5.325325325325325565e+01 6.696639013128130591e-02
5.333333333333333570e+01 6.572882498802266882e-02
5.341341341341341575e+01 6.450999349187466758e-02
5.349349349349349581e+01 6.330970312716004134e-02
5.357357357357357586e+01 6.212776142042105570e-02
5.365365365365365591e+01 6.096397598854305655e-02
5.373373373373373596e+01 5.981815458595206303e-02
5.381381381381381601e+01 5.869010515088608770e-02
5.389389389389389606e+01 5.757963585074007268e-02
5.397397397397397611e+01 5.648655512648413646e-02
5.405405405405405617e+01 5.541067173615631114e-02
5.413413413413413622e+01 5.435179479742978381e-02
5.421421421421421627e+01 5.330973382925698056e-02
5.429429429429429632e+01 5.228429879259152702e-02
5.437437437437437637e+01 5.127530013019052091e-02
5.445445445445445642e+01 5.028254880549933026e-02
5.453453453453453648e+01 4.930585634062202571e-02
5.461461461461461653e+01 4.834503485338050022e-02
5.469469469469469658e+01 4.739989709346568991e-02
5.477477477477477663e+01 4.647025647768479595e-02
5.485485485485485668e+01 4.555592712430914237e-02
5.493493493493493673e+01 4.465672388652625058e-02
5.501501501501501679e+01 4.377246238500190345e-02
5.509509509509509684e+01 4.290295903955658463e-02
5.517517517517517689e+01 4.204803109996225335e-02
5.525525525525525694e+01 4.120749667586485337e-02
5.533533533533533699e+01 4.038117476583832216e-02
5.541541541541541704e+01 3.956888528557691437e-02
5.549549549549549710e+01 3.877044909523184174e-02
5.557557557557557715e+01 3.798568802589914056e-02
5.565565565565565720e+01 3.721442490526572638e-02
5.573573573573573725e+01 3.645648358242093573e-02
5.581581581581581730e+01 3.571168895184085451e-02
5.589589589589589735e+01 3.497986697655326022e-02
5.597597597597597741e+01 3.426084471049081759e-02
5.605605605605605746e+01 3.355445032004098632e-02
5.613613613613613751e+01 3.286051310480030130e-02
5.621621621621621756e+01 3.217886351754218471e-02
5.629629629629629761e+01 3.150933318340619349e-02
5.637637637637637766e+01 3.085175491831820133e-02
5.645645645645645772e+01 3.020596274664971020e-02
5.653653653653653777e+01 2.957179191812615501e-02
5.661661661661661782e+01 2.894907892399284366e-02
5.669669669669669787e+01 2.833766151244811529e-02
5.677677677677677792e+01 2.773737870335341374e-02
5.685685685685685797e+01 2.714807080222962979e-02
5.693693693693693803e+01 2.656957941354958982e-02
5.701701701701701808e+01 2.600174745333648160e-02
5.709709709709709813e+01 2.544441916107830631e-02
5.717717717717717818e+01 2.489744011096815465e-02
5.725725725725725823e+01 2.436065722248070484e-02
5.733733733733733828e+01 2.383391877029490333e-02
5.741741741741741833e+01 2.331707439357328521e-02
5.749749749749749839e+01 2.280997510460824190e-02
5.757757757757757844e+01 2.231247329684546768e-02
5.765765765765765849e+01 2.182442275229527773e-02
5.773773773773773854e+01 2.134567864834212639e-02
5.781781781781781859e+01 2.087609756396295937e-02
5.789789789789789864e+01 2.041553748536486385e-02
5.797797797797797870e+01 1.996385781105267099e-02
5.805805805805805875e+01 1.952091935633713110e-02
5.813813813813813880e+01 1.908658435729429156e-02
5.821821821821821885e+01 1.866071647418662827e-02
5.829829829829829890e+01 1.824318079435666151e-02
5.837837837837837895e+01 1.783384383460368677e-02
5.845845845845845901e+01 1.743257354305422988e-02
5.853853853853853906e+01 1.703923930053677024e-02
5.861861861861861911e+01 1.665371192147145629e-02
5.869869869869869916e+01 1.627586365428537393e-02
5.877877877877877921e+01 1.590556818136371064e-02
5.885885885885885926e+01 1.554270061854773691e-02
5.893893893893893932e+01 1.518713751418958140e-02
5.901901901901901937e+01 1.483875684777473565e-02
5.909909909909909942e+01 1.449743802812220213e-02
5.917917917917917947e+01 1.416306189117306005e-02
5.925925925925925952e+01 1.383551069737746705e-02
5.933933933933933957e+01 1.351466812869030372e-02
5.941941941941941963e+01 1.320041928518588155e-02
5.949949949949949968e+01 1.289265068130158835e-02
5.957957957957957973e+01 1.259125024172045616e-02
5.965965965965965978e+01 1.229610729690294897e-02
5.973973973973973983e+01 1.200711257827741935e-02
5.981981981981981988e+01 1.172415821309931612e-02
5.989989989989989994e+01 1.144713771898884375e-02
5.997997997997997999e+01 1.117594599815660041e-02
6.006006006006006004e+01 1.091047933132677922e-02
6.014014014014014009e+01 1.065063537136746660e-02
6.022022022022022014e+01 1.039631313663729427e-02
6.030030030030030019e+01 1.014741300405774989e-02
6.038038038038038025e+01 9.903836701920385593e-03
6.046046046046046030e+01 9.665487302437799147e-03
6.054054054054054035e+01 9.432269214047651201e-03
6.062062062062062040e+01 9.204088173478187571e-03
6.070070070070070045e+01 8.980851237584453611e-03
6.078078078078078050e+01 8.762466774963399013e-03
6.086086086086086056e+01 8.548844457356810297e-03
6.094094094094094061e+01 8.339895250850161770e-03
6.102102102102102066e+01 8.135531406875897223e-03
6.110110110110110071e+01 7.935666453029257411e-03
6.118118118118118076e+01 7.740215183704711975e-03
6.126126126126126081e+01 7.549093650560958178e-03
6.134134134134134086e+01 7.362219152822344764e-03
6.142142142142142092e+01 7.179510227424410092e-03
6.150150150150150097e+01 7.000886639011158659e-03
6.158158158158158102e+01 6.826269369791485020e-03
6.166166166166166107e+01 6.655580609262176650e-03
6.174174174174174112e+01 6.488743743804647156e-03
6.182182182182182117e+01 6.325683346162532146e-03
6.190190190190190123e+01 6.166325164807163854e-03
6.198198198198198128e+01 6.010596113197672584e-03
6.206206206206206133e+01 5.858424258942576679e-03
6.214214214214214138e+01 5.709738812869303778e-03
6.222222222222222143e+01 5.564470118008291687e-03
6.230230230230230148e+01 5.422549638497878299e-03
6.238238238238238154e+01 5.283909948416281969e-03
6.246246246246246159e+01 5.148484720546682263e-03
6.254254254254254164e+01 5.016208715081567175e-03
6.262262262262262169e+01 4.887017768271890127e-03
6.270270270270270174e+01 4.760848781027083101e-03
6.278278278278278179e+01 4.637639707471263688e-03
6.286286286286286185e+01 4.517329543461253046e-03
6.294294294294294190e+01 4.399858315071720864e-03
6.302302302302302195e+01 4.285167067052617247e-03
6.310310310310310200e+01 4.173197851264136456e-03
6.318318318318318205e+01 4.063893715093987342e-03
6.326326326326326210e+01 3.957198689862029793e-03
6.334334334334334216e+01 3.853057779216874194e-03
6.342342342342342221e+01 3.751416947529122043e-03
6.350350350350350226e+01 3.652223108285733259e-03
6.358358358358358231e+01 3.555424112489854842e-03
6.366366366366366236e+01 3.460968737070455048e-03
6.374374374374374241e+01 3.368806673305815413e-03
6.382382382382382247e+01 3.278888515264984527e-03
6.390390390390390252e+01 3.191165748271019512e-03
6.398398398398398257e+01 3.105590737389907468e-03
6.406406406406406973e+01 3.022116715948773395e-03
6.414414414414414978e+01 2.940697774087017505e-03
6.422422422422422983e+01 2.861288847343755083e-03
6.430430430430430988e+01 2.783845705285017957e-03
6.438438438438438993e+01 2.708324940173884292e-03
6.446446446446446998e+01 2.634683955686721243e-03
6.454454454454455004e+01 2.562880955678553240e-03
6.462462462462463009e+01 2.492874933000482386e-03
6.470470470470471014e+01 2.424625658372019359e-03
6.478478478478479019e+01 2.358093669311024480e-03
6.486486486486487024e+01 2.293240259123887487e-03
6.494494494494495029e+01 2.230027465958477409e-03
6.502502502502503035e+01 2.168418061922315013e-03
6.510510510510511040e+01 2.108375542268276295e-03
6.518518518518519045e+01 2.049864114650061346e-03
6.526526526526527050e+01 1.992848688449612177e-03
6.534534534534535055e+01 1.937294864178516285e-03
6.542542542542543060e+01 1.883168922955362912e-03
6.550550550550551065e+01 1.830437816060920524e-03
6.558558558558559071e+01 1.779069154572965415e-03
6.566566566566567076e+01 1.729031199082430243e-03
6.574574574574575081e+01 1.680292849492505750e-03
6.582582582582583086e+01 1.632823634902254295e-03
6.590590590590591091e+01 1.586593703576185234e-03
6.598598598598599096e+01 1.541573813001146731e-03
6.606606606606607102e+01 1.497735320031899891e-03
6.614614614614615107e+01 1.455050171126530964e-03
6.622622622622623112e+01 1.413490892672916808e-03
6.630630630630631117e+01 1.373030581407283773e-03
6.638638638638639122e+01 1.333642894925880481e-03
6.646646646646647127e+01 1.295302042290710776e-03
6.654654654654655133e+01 1.257982774730185757e-03
6.662662662662663138e+01 1.221660376435511515e-03
6.670670670670671143e+01 1.186310655453527924e-03
6.678678678678679148e+01 1.151909934676702578e-03
6.686686686686687153e+01 1.118435042930859911e-03
6.694694694694695158e+01 1.085863306161230762e-03
6.702702702702703164e+01 1.054172538717276439e-03
6.710710710710711169e+01 1.023341034736747644e-03
6.718718718718719174e+01 9.933475596293466631e-04
6.726726726726727179e+01 9.641713416603152689e-04
6.734734734734735184e+01 9.357920636342069139e-04
6.742742742742743189e+01 9.081898546790762115e-04
6.750750750750751195e+01 8.813452821312420466e-04
6.758758758758759200e+01 8.552393435207380481e-04
6.766766766766767205e+01 8.298534586575160178e-04
6.774774774774775210e+01 8.051694618184419968e-04
6.782782782782783215e+01 7.811695940350318456e-04
6.790790790790791220e+01 7.578364954818905559e-04
6.798798798798799226e+01 7.351531979657141341e-04
6.806806806806807231e+01 7.131031175147278540e-04
6.814814814814815236e+01 6.916700470683603006e-04
6.822822822822823241e+01 6.708381492669132726e-04
6.830830830830831246e+01 6.505919493409800195e-04
6.838838838838839251e+01 6.309163281002950086e-04
6.846846846846847257e+01 6.117965150216759769e-04
6.854854854854855262e+01 5.932180814356989617e-04
6.862862862862863267e+01 5.751669338116905186e-04
6.870870870870871272e+01 5.576293071406033391e-04
6.878878878878879277e+01 5.405917584153195751e-04
6.886886886886887282e+01 5.240411602078715383e-04
6.894894894894895288e+01 5.079646943430731268e-04
6.902902902902903293e+01 4.923498456680066486e-04
6.910910910910911298e+01 4.771843959167819610e-04
6.918918918918919303e+01 4.624564176699911817e-04
6.926926926926927308e+01 4.481542684082149034e-04
6.934934934934935313e+01 4.342665846589414784e-04
6.942942942942943318e+01 4.207822762362432140e-04
6.950950950950951324e+01 4.076905205725101693e-04
6.958958958958959329e+01 3.949807571415405610e-04
6.966966966966967334e+01 3.826426819722651045e-04
6.974974974974975339e+01 3.706662422523612560e-04
6.982982982982983344e+01 3.590416310209967876e-04
6.990990990990991349e+01 3.477592819499367616e-04
6.998998998998999355e+01 3.368098642122111051e-04
7.007007007007007360e+01 3.261842774375529452e-04
7.015015015015015365e+01 3.158736467537843064e-04
7.023023023023023370e+01 3.058693179133219241e-04
7.031031031031031375e+01 2.961628525039670923e-04
7.039039039039039380e+01 2.867460232431176038e-04
7.047047047047047386e+01 2.776108093545598464e-04
7.055055055055055391e+01 2.687493920269504915e-04
7.063063063063063396e+01 2.601541499531263759e-04
7.071071071071071401e+01 2.518176549493464844e-04
7.079079079079079406e+01 2.437326676535759022e-04
7.087087087087087411e+01 2.358921333019146699e-04
7.095095095095095417e+01 2.282891775822629772e-04
7.103103103103103422e+01 2.209171025643127820e-04
7.111111111111111427e+01 2.137693827049545520e-04
7.119119119119119432e+01 2.068396609281763945e-04
7.127127127127127437e+01 2.001217447785365224e-04
7.135135135135135442e+01 1.936096026472826316e-04
7.143143143143143448e+01 1.872973600701925538e-04
7.151151151151151453e+01 1.811792960962108989e-04
7.159159159159159458e+01 1.752498397259444210e-04
7.167167167167167463e+01 1.695035664190955933e-04
7.175175175175175468e+01 1.639351946698982382e-04
7.183183183183183473e+01 1.585395826496255084e-04
7.191191191191191479e+01 1.533117249152481868e-04
7.199199199199199484e+01 1.482467491833070698e-04
7.207207207207207489e+01 1.433399131680778880e-04
7.215215215215215494e+01 1.385866014831068423e-04
7.223223223223223499e+01 1.339823226051923622e-04
7.231231231231231504e+01 1.295227058998953650e-04
7.239239239239239510e+01 1.252034987076654151e-04
7.247247247247247515e+01 1.210205634896686255e-04
7.255255255255255520e+01 1.169698750324115849e-04
7.263263263263263525e+01 1.130475177102566533e-04
7.271271271271271530e+01 1.092496828049326275e-04
7.279279279279279535e+01 1.055726658811438558e-04
7.287287287287287540e+01 1.020128642173924851e-04
7.295295295295295546e+01 9.856677429112858685e-05
7.303303303303303551e+01 9.523098931735208812e-05
7.311311311311311556e+01 9.200219683979398062e-05
7.319319319319319561e+01 8.887717637381363511e-05
7.327327327327327566e+01 8.585279710015186532e-05
7.335335335335335571e+01 8.292601560868762651e-05
7.343343343343343577e+01 8.009387369135493413e-05
7.351351351351351582e+01 7.735349618338004422e-05
7.359359359359359587e+01 7.470208885200817965e-05
7.367367367367367592e+01 7.213693633189786870e-05
7.375375375375375597e+01 6.965540010636496015e-05
7.383383383383383602e+01 6.725491653366908590e-05
7.391391391391391608e+01 6.493299491754226706e-05
7.399399399399399613e+01 6.268721562116701704e-05
7.407407407407407618e+01 6.051522822381973814e-05
7.415415415415415623e+01 5.841474971940291281e-05
7.423423423423423628e+01 5.638356275609968733e-05
7.431431431431431633e+01 5.441951391638975177e-05
7.439439439439439639e+01 5.252051203667805723e-05
7.447447447447447644e+01 5.068452656579149675e-05
7.455455455455455649e+01 4.890958596161287185e-05
7.463463463463463654e+01 4.719377612512522116e-05
7.471471471471471659e+01 4.553523887115247602e-05
7.479479479479479664e+01 4.393217043508769980e-05
7.487487487487487670e+01 4.238282001491268407e-05
7.495495495495495675e+01 4.088548834781772254e-05
7.503503503503503680e+01 3.943852632074329261e-05
7.511511511511511685e+01 3.804033361417095158e-05
7.519519519519519690e+01 3.668935737850297828e-05
7.527527527527527695e+01 3.538409094237530603e-05
7.535535535535535701e+01 3.412307255226277317e-05
7.543543543543543706e+01 3.290488414273871280e-05
7.551551551551551711e+01 3.172815013676527575e-05
7.559559559559559716e+01 3.059153627539603075e-05
7.567567567567567721e+01 2.949374847628446784e-05
7.575575575575575726e+01 2.843353172039774681e-05
7.583583583583583732e+01 2.740966896634808712e-05
7.591591591591591737e+01 2.642098009175906757e-05
7.599599599599599742e+01 2.546632086109584749e-05
7.607607607607607747e+01 2.454458191939640864e-05
7.615615615615615752e+01 2.365468781134937379e-05
7.623623623623623757e+01 2.279559602517317016e-05
7.631631631631631763e+01 2.196629606075998652e-05
7.639639639639639768e+01 2.116580852155781499e-05
7.647647647647647773e+01 2.039318422966928659e-05
7.655655655655655778e+01 1.964750336365920588e-05
7.663663663663663783e+01 1.892787461856779298e-05
7.671671671671671788e+01 1.823343438763634124e-05
7.679679679679679793e+01 1.756334596526048955e-05
7.687687687687687799e+01 1.691679877069503623e-05
7.695695695695695804e+01 1.629300759204169532e-05
7.703703703703703809e+01 1.569121185005994813e-05
7.711711711711711814e+01 1.511067488134930268e-05
7.719719719719719819e+01 1.455068324045963105e-05
7.727727727727727824e+01 1.401054602049376051e-05
7.735735735735735830e+01 1.348959419177437042e-05
7.743743743743743835e+01 1.298717995815626262e-05
7.751751751751751840e+01 1.250267613057131375e-05
7.759759759759759845e+01 1.203547551740224433e-05
7.767767767767767850e+01 1.158499033128850685e-05
7.775775775775775855e+01 1.115065161197516250e-05
7.783783783783783861e+01 1.073190866482335477e-05
7.791791791791791866e+01 1.032822851460786256e-05
7.799799799799799871e+01 9.939095374235152230e-06
7.807807807807807876e+01 9.564010128021744749e-06
7.815815815815815881e+01 9.202489829180620287e-06
7.823823823823823886e+01 8.854067211170042103e-06
7.831831831831831892e+01 8.518290212565656120e-06
7.839839839839839897e+01 8.194721515124827124e-06
7.847847847847847902e+01 7.882938094717046278e-06
7.855855855855855907e+01 7.582530784803129220e-06
7.863863863863863912e+01 7.293103852150248076e-06
7.871871871871871917e+01 7.014274584478128964e-06
7.879879879879879923e+01 6.745672889736885494e-06
7.887887887887887928e+01 6.486940906724145873e-06
7.895895895895895933e+01 6.237732626754445458e-06
7.903903903903903938e+01 5.997713526100867565e-06
7.911911911911911943e+01 5.766560208934016933e-06
7.919919919919919948e+01 5.543960060490249276e-06
7.927927927927927954e+01 5.329610910205972739e-06
7.935935935935935959e+01 5.123220704561415197e-06
7.943943943943943964e+01 4.924507189382141200e-06
7.951951951951951969e+01 4.733197601352823883e-06
7.959959959959959974e+01 4.549028368502760191e-06
7.967967967967967979e+01 4.371744819428042231e-06
7.975975975975975985e+01 4.201100901020918416e-06
7.983983983983983990e+01 4.036858904481656232e-06
7.991991991991991995e+01 3.878789199393453076e-06
8.000000000000000000e+01 3.726669975646084829e-06
