0.000000000000000000e+00 0.000000000000000000e+00
4.004004004004003969e-02 2.004008016032063962e-03
8.008008008008007939e-02 4.008016032064127925e-03
1.201201201201201191e-01 6.012024048096192320e-03
1.601601601601601588e-01 8.016032064128255849e-03
2.002002002002001846e-01 1.002004008016032024e-02
2.402402402402402382e-01 1.202404809619238464e-02
2.802802802802802917e-01 1.402805611222444904e-02
3.203203203203203175e-01 1.603206412825651170e-02
3.603603603603603434e-01 1.803607214428857783e-02
4.004004004004003692e-01 2.004008016032064049e-02
4.404404404404404505e-01 2.204408817635270662e-02
4.804804804804804763e-01 2.404809619238476928e-02
5.205205205205205576e-01 2.605210420841683541e-02
5.605605605605605835e-01 2.805611222444889807e-02
6.006006006006006093e-01 3.006012024048096073e-02
6.406406406406406351e-01 3.206412825651302340e-02
6.806806806806806609e-01 3.406813627254508953e-02
7.207207207207206867e-01 3.607214428857715566e-02
7.607607607607607125e-01 3.807615230460921485e-02
8.008008008008007383e-01 4.008016032064128098e-02
8.408408408408408752e-01 4.208416833667334711e-02
8.808808808808809010e-01 4.408817635270541324e-02
9.209209209209209268e-01 4.609218436873747243e-02
9.609609609609609526e-01 4.809619238476953856e-02
1.001001001001001089e+00 5.010020040080160469e-02
1.041041041041041115e+00 5.210420841683367082e-02
1.081081081081081141e+00 5.410821643286573696e-02
1.121121121121121167e+00 5.611222444889779615e-02
1.161161161161161193e+00 5.811623246492986228e-02
1.201201201201201219e+00 6.012024048096192147e-02
1.241241241241241244e+00 6.212424849699398760e-02
1.281281281281281270e+00 6.412825651302604679e-02
1.321321321321321296e+00 6.613226452905811292e-02
1.361361361361361322e+00 6.813627254509017905e-02
1.401401401401401348e+00 7.014028056112224518e-02
1.441441441441441373e+00 7.214428857715431131e-02
1.481481481481481399e+00 7.414829659318636357e-02
1.521521521521521425e+00 7.615230460921842970e-02
1.561561561561561451e+00 7.815631262525049583e-02
1.601601601601601477e+00 8.016032064128256196e-02
1.641641641641641725e+00 8.216432865731462809e-02
1.681681681681681750e+00 8.416833667334669422e-02
1.721721721721721776e+00 8.617234468937876035e-02
1.761761761761761802e+00 8.817635270541082648e-02
1.801801801801801828e+00 9.018036072144289261e-02
1.841841841841841854e+00 9.218436873747494487e-02
1.881881881881881879e+00 9.418837675350701100e-02
1.921921921921921905e+00 9.619238476953907713e-02
1.961961961961961931e+00 9.819639278557114326e-02
2.002002002002002179e+00 1.002004008016032094e-01
2.042042042042042205e+00 1.022044088176352755e-01
2.082082082082082231e+00 1.042084168336673416e-01
2.122122122122122256e+00 1.062124248496994078e-01
2.162162162162162282e+00 1.082164328657314739e-01
2.202202202202202308e+00 1.102204408817635262e-01
2.242242242242242334e+00 1.122244488977955923e-01
2.282282282282282360e+00 1.142284569138276584e-01
2.322322322322322385e+00 1.162324649298597246e-01
2.362362362362362411e+00 1.182364729458917907e-01
2.402402402402402437e+00 1.202404809619238429e-01
2.442442442442442463e+00 1.222444889779559091e-01
2.482482482482482489e+00 1.242484969939879752e-01
2.522522522522522515e+00 1.262525050100200275e-01
2.562562562562562540e+00 1.282565130260520936e-01
2.602602602602602566e+00 1.302605210420841597e-01
2.642642642642642592e+00 1.322645290581162258e-01
2.682682682682682618e+00 1.342685370741482920e-01
2.722722722722722644e+00 1.362725450901803581e-01
2.762762762762762669e+00 1.382765531062124242e-01
2.802802802802802695e+00 1.402805611222444904e-01
2.842842842842842721e+00 1.422845691382765565e-01
2.882882882882882747e+00 1.442885771543086226e-01
2.922922922922922773e+00 1.462925851703406610e-01
2.962962962962962798e+00 1.482965931863727271e-01
3.003003003003002824e+00 1.503006012024047933e-01
3.043043043043042850e+00 1.523046092184368594e-01
3.083083083083082876e+00 1.543086172344689255e-01
3.123123123123122902e+00 1.563126252505009917e-01
3.163163163163162928e+00 1.583166332665330578e-01
3.203203203203202953e+00 1.603206412825651239e-01
3.243243243243243423e+00 1.623246492985971901e-01
3.283283283283283449e+00 1.643286573146292562e-01
3.323323323323323475e+00 1.663326653306613223e-01
3.363363363363363501e+00 1.683366733466933884e-01
3.403403403403403527e+00 1.703406813627254546e-01
3.443443443443443552e+00 1.723446893787575207e-01
3.483483483483483578e+00 1.743486973947895868e-01
3.523523523523523604e+00 1.763527054108216530e-01
3.563563563563563630e+00 1.783567134268537191e-01
3.603603603603603656e+00 1.803607214428857852e-01
3.643643643643643681e+00 1.823647294589178514e-01
3.683683683683683707e+00 1.843687374749498897e-01
3.723723723723723733e+00 1.863727454909819559e-01
3.763763763763763759e+00 1.883767535070140220e-01
3.803803803803803785e+00 1.903807615230460881e-01
3.843843843843843811e+00 1.923847695390781543e-01
3.883883883883883836e+00 1.943887775551102204e-01
3.923923923923923862e+00 1.963927855711422865e-01
3.963963963963963888e+00 1.983967935871743526e-01
4.004004004004004358e+00 2.004008016032064188e-01
4.044044044044044384e+00 2.024048096192384849e-01
4.084084084084084409e+00 2.044088176352705510e-01
4.124124124124124435e+00 2.064128256513026172e-01
4.164164164164164461e+00 2.084168336673346833e-01
4.204204204204204487e+00 2.104208416833667494e-01
4.244244244244244513e+00 2.124248496993988156e-01
4.284284284284284539e+00 2.144288577154308817e-01
4.324324324324324564e+00 2.164328657314629478e-01
4.364364364364364590e+00 2.184368737474950140e-01
4.404404404404404616e+00 2.204408817635270523e-01
4.444444444444444642e+00 2.224448897795591185e-01
4.484484484484484668e+00 2.244488977955911846e-01
4.524524524524524693e+00 2.264529058116232507e-01
4.564564564564564719e+00 2.284569138276553169e-01
4.604604604604604745e+00 2.304609218436873830e-01
4.644644644644644771e+00 2.324649298597194491e-01
4.684684684684684797e+00 2.344689378757515152e-01
4.724724724724724823e+00 2.364729458917835814e-01
4.764764764764764848e+00 2.384769539078156475e-01
4.804804804804804874e+00 2.404809619238476859e-01
4.844844844844844900e+00 2.424849699398797520e-01
4.884884884884884926e+00 2.444889779559118181e-01
4.924924924924924952e+00 2.464929859719438843e-01
4.964964964964964977e+00 2.484969939879759504e-01
5.005005005005005003e+00 2.505010020040079888e-01
5.045045045045045029e+00 2.525050100200400549e-01
5.085085085085085055e+00 2.545090180360721210e-01
5.125125125125125081e+00 2.565130260521041872e-01
5.165165165165165106e+00 2.585170340681362533e-01
5.205205205205205132e+00 2.605210420841683194e-01
5.245245245245245158e+00 2.625250501002003856e-01
5.285285285285285184e+00 2.645290581162324517e-01
5.325325325325325210e+00 2.665330661322645178e-01
5.365365365365365236e+00 2.685370741482965840e-01
5.405405405405405261e+00 2.705410821643286501e-01
5.445445445445445287e+00 2.725450901803607162e-01
5.485485485485485313e+00 2.745490981963927823e-01
5.525525525525525339e+00 2.765531062124248485e-01
5.565565565565565365e+00 2.785571142284569146e-01
5.605605605605605390e+00 2.805611222444889807e-01
5.645645645645645416e+00 2.825651302605210469e-01
5.685685685685685442e+00 2.845691382765531130e-01
5.725725725725725468e+00 2.865731462925851791e-01
5.765765765765765494e+00 2.885771543086172453e-01
5.805805805805805520e+00 2.905811623246493114e-01
5.845845845845845545e+00 2.925851703406813220e-01
5.885885885885885571e+00 2.945891783567133881e-01
5.925925925925925597e+00 2.965931863727454543e-01
5.965965965965965623e+00 2.985971943887775204e-01
6.006006006006005649e+00 3.006012024048095865e-01
6.046046046046045674e+00 3.026052104208416527e-01
6.086086086086085700e+00 3.046092184368737188e-01
6.126126126126125726e+00 3.066132264529057849e-01
6.166166166166165752e+00 3.086172344689378511e-01
6.206206206206205778e+00 3.106212424849699172e-01
6.246246246246245803e+00 3.126252505010019833e-01
6.286286286286285829e+00 3.146292585170340494e-01
6.326326326326325855e+00 3.166332665330661156e-01
6.366366366366365881e+00 3.186372745490981817e-01
6.406406406406405907e+00 3.206412825651302478e-01
6.446446446446446821e+00 3.226452905811623695e-01
6.486486486486486847e+00 3.246492985971943801e-01
6.526526526526526872e+00 3.266533066132264462e-01
6.566566566566566898e+00 3.286573146292585124e-01
6.606606606606606924e+00 3.306613226452905785e-01
6.646646646646646950e+00 3.326653306613226446e-01
6.686686686686686976e+00 3.346693386773547108e-01
6.726726726726727001e+00 3.366733466933867769e-01
6.766766766766767027e+00 3.386773547094188430e-01
6.806806806806807053e+00 3.406813627254509091e-01
6.846846846846847079e+00 3.426853707414829753e-01
6.886886886886887105e+00 3.446893787575150414e-01
6.926926926926927131e+00 3.466933867735471075e-01
6.966966966966967156e+00 3.486973947895791737e-01
7.007007007007007182e+00 3.507014028056112398e-01
7.047047047047047208e+00 3.527054108216433059e-01
7.087087087087087234e+00 3.547094188376753721e-01
7.127127127127127260e+00 3.567134268537074382e-01
7.167167167167167285e+00 3.587174348697395043e-01
7.207207207207207311e+00 3.607214428857715705e-01
7.247247247247247337e+00 3.627254509018036366e-01
7.287287287287287363e+00 3.647294589178357027e-01
7.327327327327327389e+00 3.667334669338677133e-01
7.367367367367367414e+00 3.687374749498997795e-01
7.407407407407407440e+00 3.707414829659318456e-01
7.447447447447447466e+00 3.727454909819639117e-01
7.487487487487487492e+00 3.747494989979959779e-01
7.527527527527527518e+00 3.767535070140280440e-01
7.567567567567567544e+00 3.787575150300601101e-01
7.607607607607607569e+00 3.807615230460921762e-01
7.647647647647647595e+00 3.827655310621242424e-01
7.687687687687687621e+00 3.847695390781563085e-01
7.727727727727727647e+00 3.867735470941883746e-01
7.767767767767767673e+00 3.887775551102204408e-01
7.807807807807807698e+00 3.907815631262525069e-01
7.847847847847847724e+00 3.927855711422845730e-01
7.887887887887887750e+00 3.947895791583166392e-01
7.927927927927927776e+00 3.967935871743487053e-01
7.967967967967967802e+00 3.987975951903807714e-01
8.008008008008008716e+00 4.008016032064128376e-01
8.048048048048048742e+00 4.028056112224449037e-01
8.088088088088088767e+00 4.048096192384769698e-01
8.128128128128128793e+00 4.068136272545090359e-01
8.168168168168168819e+00 4.088176352705411021e-01
8.208208208208208845e+00 4.108216432865731682e-01
8.248248248248248871e+00 4.128256513026052343e-01
8.288288288288288896e+00 4.148296593186373005e-01
8.328328328328328922e+00 4.168336673346693666e-01
8.368368368368368948e+00 4.188376753507014327e-01
8.408408408408408974e+00 4.208416833667334989e-01
8.448448448448449000e+00 4.228456913827655650e-01
8.488488488488489025e+00 4.248496993987976311e-01
8.528528528528529051e+00 4.268537074148296973e-01
8.568568568568569077e+00 4.288577154308617634e-01
8.608608608608609103e+00 4.308617234468938295e-01
8.648648648648649129e+00 4.328657314629258956e-01
8.688688688688689155e+00 4.348697394789579618e-01
8.728728728728729180e+00 4.368737474949900279e-01
8.768768768768769206e+00 4.388777555110220385e-01
8.808808808808809232e+00 4.408817635270541047e-01
8.848848848848849258e+00 4.428857715430861708e-01
8.888888888888889284e+00 4.448897795591182369e-01
8.928928928928929309e+00 4.468937875751503030e-01
8.968968968968969335e+00 4.488977955911823692e-01
9.009009009009009361e+00 4.509018036072144353e-01
9.049049049049049387e+00 4.529058116232465014e-01
9.089089089089089413e+00 4.549098196392785676e-01
9.129129129129129439e+00 4.569138276553106337e-01
9.169169169169169464e+00 4.589178356713426998e-01
9.209209209209209490e+00 4.609218436873747660e-01
9.249249249249249516e+00 4.629258517034068321e-01
9.289289289289289542e+00 4.649298597194388982e-01
9.329329329329329568e+00 4.669338677354709644e-01
9.369369369369369593e+00 4.689378757515030305e-01
9.409409409409409619e+00 4.709418837675350966e-01
9.449449449449449645e+00 4.729458917835671627e-01
9.489489489489489671e+00 4.749498997995992289e-01
9.529529529529529697e+00 4.769539078156312950e-01
9.569569569569569722e+00 4.789579158316633611e-01
9.609609609609609748e+00 4.809619238476953718e-01
9.649649649649649774e+00 4.829659318637274379e-01
9.689689689689689800e+00 4.849699398797595040e-01
9.729729729729729826e+00 4.869739478957915702e-01
9.769769769769769852e+00 4.889779559118236363e-01
9.809809809809809877e+00 4.909819639278557024e-01
9.849849849849849903e+00 4.929859719438877685e-01
9.889889889889889929e+00 4.949899799599198347e-01
9.929929929929929955e+00 4.969939879759519008e-01
9.969969969969969981e+00 4.989979959919839669e-01
1.001001001001001001e+01 5.010020040080159776e-01
1.005005005005005003e+01 5.030060120240480437e-01
1.009009009009009006e+01 5.050100200400801098e-01
1.013013013013013008e+01 5.070140280561121759e-01
1.017017017017017011e+01 5.090180360721442421e-01
1.021021021021021014e+01 5.110220440881763082e-01
1.025025025025025016e+01 5.130260521042083743e-01
1.029029029029029019e+01 5.150300601202404405e-01
1.033033033033033021e+01 5.170340681362725066e-01
1.037037037037037024e+01 5.190380761523045727e-01
1.041041041041041026e+01 5.210420841683366389e-01
1.045045045045045029e+01 5.230460921843687050e-01
1.049049049049049032e+01 5.250501002004007711e-01
1.053053053053053034e+01 5.270541082164328373e-01
1.057057057057057037e+01 5.290581162324649034e-01
1.061061061061061039e+01 5.310621242484969695e-01
1.065065065065065042e+01 5.330661322645290356e-01
1.069069069069069045e+01 5.350701402805611018e-01
1.073073073073073047e+01 5.370741482965931679e-01
1.077077077077077050e+01 5.390781563126252340e-01
1.081081081081081052e+01 5.410821643286573002e-01
1.085085085085085055e+01 5.430861723446893663e-01
1.089089089089089057e+01 5.450901803607214324e-01
1.093093093093093060e+01 5.470941883767534986e-01
1.097097097097097063e+01 5.490981963927855647e-01
1.101101101101101065e+01 5.511022044088176308e-01
1.105105105105105068e+01 5.531062124248496970e-01
1.109109109109109070e+01 5.551102204408817631e-01
1.113113113113113073e+01 5.571142284569138292e-01
1.117117117117117076e+01 5.591182364729458953e-01
1.121121121121121078e+01 5.611222444889779615e-01
1.125125125125125081e+01 5.631262525050100276e-01
1.129129129129129083e+01 5.651302605210420937e-01
1.133133133133133086e+01 5.671342685370741599e-01
1.137137137137137088e+01 5.691382765531062260e-01
1.141141141141141091e+01 5.711422845691382921e-01
1.145145145145145094e+01 5.731462925851703583e-01
1.149149149149149096e+01 5.751503006012024244e-01
1.153153153153153099e+01 5.771543086172344905e-01
1.157157157157157101e+01 5.791583166332665567e-01
1.161161161161161104e+01 5.811623246492986228e-01
1.165165165165165106e+01 5.831663326653305779e-01
1.169169169169169109e+01 5.851703406813626440e-01
1.173173173173173112e+01 5.871743486973947102e-01
1.177177177177177114e+01 5.891783567134267763e-01
1.181181181181181117e+01 5.911823647294588424e-01
1.185185185185185119e+01 5.931863727454909085e-01
1.189189189189189122e+01 5.951903807615229747e-01
1.193193193193193125e+01 5.971943887775550408e-01
1.197197197197197127e+01 5.991983967935871069e-01
1.201201201201201130e+01 6.012024048096191731e-01
1.205205205205205132e+01 6.032064128256512392e-01
1.209209209209209135e+01 6.052104208416833053e-01
1.213213213213213137e+01 6.072144288577153715e-01
1.217217217217217140e+01 6.092184368737474376e-01
1.221221221221221143e+01 6.112224448897795037e-01
1.225225225225225145e+01 6.132264529058115698e-01
1.229229229229229148e+01 6.152304609218436360e-01
1.233233233233233150e+01 6.172344689378757021e-01
1.237237237237237153e+01 6.192384769539077682e-01
1.241241241241241156e+01 6.212424849699398344e-01
1.245245245245245158e+01 6.232464929859719005e-01
1.249249249249249161e+01 6.252505010020039666e-01
1.253253253253253163e+01 6.272545090180360328e-01
1.257257257257257166e+01 6.292585170340680989e-01
1.261261261261261168e+01 6.312625250501001650e-01
1.265265265265265171e+01 6.332665330661322312e-01
1.269269269269269174e+01 6.352705410821642973e-01
1.273273273273273176e+01 6.372745490981963634e-01
1.277277277277277179e+01 6.392785571142284295e-01
1.281281281281281181e+01 6.412825651302604957e-01
1.285285285285285362e+01 6.432865731462926728e-01
1.289289289289289364e+01 6.452905811623247390e-01
1.293293293293293367e+01 6.472945891783568051e-01
1.297297297297297369e+01 6.492985971943887602e-01
1.301301301301301372e+01 6.513026052104208263e-01
1.305305305305305374e+01 6.533066132264528925e-01
1.309309309309309377e+01 6.553106212424849586e-01
1.313313313313313380e+01 6.573146292585170247e-01
1.317317317317317382e+01 6.593186372745490909e-01
1.321321321321321385e+01 6.613226452905811570e-01
1.325325325325325387e+01 6.633266533066132231e-01
1.329329329329329390e+01 6.653306613226452892e-01
1.333333333333333393e+01 6.673346693386773554e-01
1.337337337337337395e+01 6.693386773547094215e-01
1.341341341341341398e+01 6.713426853707414876e-01
1.345345345345345400e+01 6.733466933867735538e-01
1.349349349349349403e+01 6.753507014028056199e-01
1.353353353353353405e+01 6.773547094188376860e-01
1.357357357357357408e+01 6.793587174348697522e-01
1.361361361361361411e+01 6.813627254509018183e-01
1.365365365365365413e+01 6.833667334669338844e-01
1.369369369369369416e+01 6.853707414829659506e-01
1.373373373373373418e+01 6.873747494989980167e-01
1.377377377377377421e+01 6.893787575150300828e-01
1.381381381381381424e+01 6.913827655310621489e-01
1.385385385385385426e+01 6.933867735470942151e-01
1.389389389389389429e+01 6.953907815631262812e-01
1.393393393393393431e+01 6.973947895791583473e-01
1.397397397397397434e+01 6.993987975951904135e-01
1.401401401401401436e+01 7.014028056112224796e-01
1.405405405405405439e+01 7.034068136272545457e-01
1.409409409409409442e+01 7.054108216432866119e-01
1.413413413413413444e+01 7.074148296593186780e-01
1.417417417417417447e+01 7.094188376753507441e-01
1.421421421421421449e+01 7.114228456913828103e-01
1.425425425425425452e+01 7.134268537074148764e-01
1.429429429429429455e+01 7.154308617234469425e-01
1.433433433433433457e+01 7.174348697394790086e-01
1.437437437437437460e+01 7.194388777555110748e-01
1.441441441441441462e+01 7.214428857715431409e-01
1.445445445445445465e+01 7.234468937875752070e-01
1.449449449449449467e+01 7.254509018036072732e-01
1.453453453453453470e+01 7.274549098196393393e-01
1.457457457457457473e+01 7.294589178356714054e-01
1.461461461461461475e+01 7.314629258517033605e-01
1.465465465465465478e+01 7.334669338677354267e-01
1.469469469469469480e+01 7.354709418837674928e-01
1.473473473473473483e+01 7.374749498997995589e-01
1.477477477477477485e+01 7.394789579158316251e-01
1.481481481481481488e+01 7.414829659318636912e-01
1.485485485485485491e+01 7.434869739478957573e-01
1.489489489489489493e+01 7.454909819639278235e-01
1.493493493493493496e+01 7.474949899799598896e-01
1.497497497497497498e+01 7.494989979959919557e-01
1.501501501501501501e+01 7.515030060120240218e-01
1.505505505505505504e+01 7.535070140280560880e-01
1.509509509509509506e+01 7.555110220440881541e-01
1.513513513513513509e+01 7.575150300601202202e-01
1.517517517517517511e+01 7.595190380761522864e-01
1.521521521521521514e+01 7.615230460921843525e-01
1.525525525525525516e+01 7.635270541082164186e-01
1.529529529529529519e+01 7.655310621242484848e-01
1.533533533533533522e+01 7.675350701402805509e-01
1.537537537537537524e+01 7.695390781563126170e-01
1.541541541541541527e+01 7.715430861723446831e-01
1.545545545545545529e+01 7.735470941883767493e-01
1.549549549549549532e+01 7.755511022044088154e-01
1.553553553553553535e+01 7.775551102204408815e-01
1.557557557557557537e+01 7.795591182364729477e-01
1.561561561561561540e+01 7.815631262525050138e-01
1.565565565565565542e+01 7.835671342685370799e-01
1.569569569569569545e+01 7.855711422845691461e-01
1.573573573573573547e+01 7.875751503006012122e-01
1.577577577577577550e+01 7.895791583166332783e-01
1.581581581581581553e+01 7.915831663326653445e-01
1.585585585585585555e+01 7.935871743486974106e-01
1.589589589589589558e+01 7.955911823647294767e-01
1.593593593593593560e+01 7.975951903807615428e-01
1.597597597597597563e+01 7.995991983967936090e-01
1.601601601601601743e+01 8.016032064128256751e-01
1.605605605605605746e+01 8.036072144288577412e-01
1.609609609609609748e+01 8.056112224448898074e-01
1.613613613613613751e+01 8.076152304609218735e-01
1.617617617617617753e+01 8.096192384769539396e-01
1.621621621621621756e+01 8.116232464929860058e-01
1.625625625625625759e+01 8.136272545090180719e-01
1.629629629629629761e+01 8.156312625250501380e-01
1.633633633633633764e+01 8.176352705410822042e-01
1.637637637637637766e+01 8.196392785571142703e-01
1.641641641641641769e+01 8.216432865731463364e-01
1.645645645645645772e+01 8.236472945891784025e-01
1.649649649649649774e+01 8.256513026052104687e-01
1.653653653653653777e+01 8.276553106212425348e-01
1.657657657657657779e+01 8.296593186372746009e-01
1.661661661661661782e+01 8.316633266533066671e-01
1.665665665665665784e+01 8.336673346693387332e-01
1.669669669669669787e+01 8.356713426853707993e-01
1.673673673673673790e+01 8.376753507014028655e-01
1.677677677677677792e+01 8.396793587174349316e-01
1.681681681681681795e+01 8.416833667334669977e-01
1.685685685685685797e+01 8.436873747494990639e-01
1.689689689689689800e+01 8.456913827655311300e-01
1.693693693693693803e+01 8.476953907815631961e-01
1.697697697697697805e+01 8.496993987975952622e-01
1.701701701701701808e+01 8.517034068136273284e-01
1.705705705705705810e+01 8.537074148296593945e-01
1.709709709709709813e+01 8.557114228456914606e-01
1.713713713713713815e+01 8.577154308617235268e-01
1.717717717717717818e+01 8.597194388777555929e-01
1.721721721721721821e+01 8.617234468937876590e-01
1.725725725725725823e+01 8.637274549098197252e-01
1.729729729729729826e+01 8.657314629258517913e-01
1.733733733733733828e+01 8.677354709418838574e-01
1.737737737737737831e+01 8.697394789579159236e-01
1.741741741741741833e+01 8.717434869739479897e-01
1.745745745745745836e+01 8.737474949899800558e-01
1.749749749749749839e+01 8.757515030060121219e-01
1.753753753753753841e+01 8.777555110220440771e-01
1.757757757757757844e+01 8.797595190380761432e-01
1.761761761761761846e+01 8.817635270541082093e-01
1.765765765765765849e+01 8.837675350701402754e-01
1.769769769769769852e+01 8.857715430861723416e-01
1.773773773773773854e+01 8.877755511022044077e-01
1.777777777777777857e+01 8.897795591182364738e-01
1.781781781781781859e+01 8.917835671342685400e-01
1.785785785785785862e+01 8.937875751503006061e-01
1.789789789789789864e+01 8.957915831663326722e-01
1.793793793793793867e+01 8.977955911823647384e-01
1.797797797797797870e+01 8.997995991983968045e-01
1.801801801801801872e+01 9.018036072144288706e-01
1.805805805805805875e+01 9.038076152304609368e-01
1.809809809809809877e+01 9.058116232464930029e-01
1.813813813813813880e+01 9.078156312625250690e-01
1.817817817817817883e+01 9.098196392785571351e-01
1.821821821821821885e+01 9.118236472945892013e-01
1.825825825825825888e+01 9.138276553106212674e-01
1.829829829829829890e+01 9.158316633266533335e-01
1.833833833833833893e+01 9.178356713426853997e-01
1.837837837837837895e+01 9.198396793587174658e-01
1.841841841841841898e+01 9.218436873747495319e-01
1.845845845845845901e+01 9.238476953907815981e-01
1.849849849849849903e+01 9.258517034068136642e-01
1.853853853853853906e+01 9.278557114228457303e-01
1.857857857857857908e+01 9.298597194388777964e-01
1.861861861861861911e+01 9.318637274549098626e-01
1.865865865865865914e+01 9.338677354709419287e-01
1.869869869869869916e+01 9.358717434869739948e-01
1.873873873873873919e+01 9.378757515030060610e-01
1.877877877877877921e+01 9.398797595190381271e-01
1.881881881881881924e+01 9.418837675350701932e-01
1.885885885885885926e+01 9.438877755511022594e-01
1.889889889889889929e+01 9.458917835671343255e-01
1.893893893893893932e+01 9.478957915831663916e-01
1.897897897897897934e+01 9.498997995991984578e-01
1.901901901901901937e+01 9.519038076152305239e-01
1.905905905905905939e+01 9.539078156312625900e-01
1.909909909909909942e+01 9.559118236472946561e-01
1.913913913913913944e+01 9.579158316633267223e-01
1.917917917917917947e+01 9.599198396793586774e-01
1.921921921921921950e+01 9.619238476953907435e-01
1.925925925925925952e+01 9.639278557114228096e-01
1.929929929929929955e+01 9.659318637274548758e-01
1.933933933933933957e+01 9.679358717434869419e-01
1.937937937937937960e+01 9.699398797595190080e-01
1.941941941941941963e+01 9.719438877755510742e-01
1.945945945945945965e+01 9.739478957915831403e-01
1.949949949949949968e+01 9.759519038076152064e-01
1.953953953953953970e+01 9.779559118236472726e-01
1.957957957957957973e+01 9.799599198396793387e-01
1.961961961961961975e+01 9.819639278557114048e-01
1.965965965965965978e+01 9.839679358717434710e-01
1.969969969969969981e+01 9.859719438877755371e-01
1.973973973973973983e+01 9.879759519038076032e-01
1.977977977977977986e+01 9.899799599198396693e-01
1.981981981981981988e+01 9.919839679358717355e-01
1.985985985985985991e+01 9.939879759519038016e-01
1.989989989989989994e+01 9.959919839679358677e-01
1.993993993993993996e+01 9.979959919839679339e-01
1.997997997997997999e+01 1.000000000000000000e+00
2.002002002002002001e+01 1.000000000000000000e+00
2.006006006006006004e+01 9.979959919839679339e-01
2.010010010010010006e+01 9.959919839679358677e-01
2.014014014014014009e+01 9.939879759519038016e-01
2.018018018018018012e+01 9.919839679358717355e-01
2.022022022022022014e+01 9.899799599198396693e-01
2.026026026026026017e+01 9.879759519038076032e-01
2.030030030030030019e+01 9.859719438877755371e-01
2.034034034034034022e+01 9.839679358717434710e-01
2.038038038038038025e+01 9.819639278557114048e-01
2.042042042042042027e+01 9.799599198396793387e-01
2.046046046046046030e+01 9.779559118236472726e-01
2.050050050050050032e+01 9.759519038076152064e-01
2.054054054054054035e+01 9.739478957915831403e-01
2.058058058058058037e+01 9.719438877755510742e-01
2.062062062062062040e+01 9.699398797595190080e-01
2.066066066066066043e+01 9.679358717434869419e-01
2.070070070070070045e+01 9.659318637274548758e-01
2.074074074074074048e+01 9.639278557114228096e-01
2.078078078078078050e+01 9.619238476953907435e-01
2.082082082082082053e+01 9.599198396793586774e-01
2.086086086086086056e+01 9.579158316633267223e-01
2.090090090090090058e+01 9.559118236472946561e-01
2.094094094094094061e+01 9.539078156312625900e-01
2.098098098098098063e+01 9.519038076152305239e-01
2.102102102102102066e+01 9.498997995991984578e-01
2.106106106106106068e+01 9.478957915831663916e-01
2.110110110110110071e+01 9.458917835671343255e-01
2.114114114114114074e+01 9.438877755511022594e-01
2.118118118118118076e+01 9.418837675350701932e-01
2.122122122122122079e+01 9.398797595190381271e-01
2.126126126126126081e+01 9.378757515030060610e-01
2.130130130130130084e+01 9.358717434869739948e-01
2.134134134134134086e+01 9.338677354709419287e-01
2.138138138138138089e+01 9.318637274549098626e-01
2.142142142142142092e+01 9.298597194388777964e-01
2.146146146146146094e+01 9.278557114228457303e-01
2.150150150150150097e+01 9.258517034068136642e-01
2.154154154154154099e+01 9.238476953907815981e-01
2.158158158158158102e+01 9.218436873747495319e-01
2.162162162162162105e+01 9.198396793587174658e-01
2.166166166166166107e+01 9.178356713426853997e-01
2.170170170170170110e+01 9.158316633266533335e-01
2.174174174174174112e+01 9.138276553106212674e-01
2.178178178178178115e+01 9.118236472945892013e-01
2.182182182182182117e+01 9.098196392785571351e-01
2.186186186186186120e+01 9.078156312625250690e-01
2.190190190190190123e+01 9.058116232464930029e-01
2.194194194194194125e+01 9.038076152304609368e-01
2.198198198198198128e+01 9.018036072144288706e-01
2.202202202202202130e+01 8.997995991983968045e-01
2.206206206206206133e+01 8.977955911823647384e-01
2.210210210210210136e+01 8.957915831663326722e-01
2.214214214214214138e+01 8.937875751503006061e-01
2.218218218218218141e+01 8.917835671342685400e-01
2.222222222222222143e+01 8.897795591182364738e-01
2.226226226226226146e+01 8.877755511022044077e-01
2.230230230230230148e+01 8.857715430861723416e-01
2.234234234234234151e+01 8.837675350701402754e-01
2.238238238238238154e+01 8.817635270541082093e-01
2.242242242242242156e+01 8.797595190380761432e-01
2.246246246246246159e+01 8.777555110220440771e-01
2.250250250250250161e+01 8.757515030060121219e-01
2.254254254254254164e+01 8.737474949899800558e-01
2.258258258258258167e+01 8.717434869739479897e-01
2.262262262262262169e+01 8.697394789579159236e-01
2.266266266266266172e+01 8.677354709418838574e-01
2.270270270270270174e+01 8.657314629258517913e-01
2.274274274274274177e+01 8.637274549098197252e-01
2.278278278278278179e+01 8.617234468937876590e-01
2.282282282282282182e+01 8.597194388777555929e-01
2.286286286286286185e+01 8.577154308617235268e-01
2.290290290290290187e+01 8.557114228456914606e-01
2.294294294294294190e+01 8.537074148296593945e-01
2.298298298298298192e+01 8.517034068136273284e-01
2.302302302302302195e+01 8.496993987975952622e-01
2.306306306306306197e+01 8.476953907815631961e-01
2.310310310310310200e+01 8.456913827655311300e-01
2.314314314314314203e+01 8.436873747494990639e-01
2.318318318318318205e+01 8.416833667334669977e-01
2.322322322322322208e+01 8.396793587174349316e-01
2.326326326326326210e+01 8.376753507014028655e-01
2.330330330330330213e+01 8.356713426853707993e-01
2.334334334334334216e+01 8.336673346693387332e-01
2.338338338338338218e+01 8.316633266533066671e-01
2.342342342342342221e+01 8.296593186372746009e-01
2.346346346346346223e+01 8.276553106212425348e-01
2.350350350350350226e+01 8.256513026052104687e-01
2.354354354354354228e+01 8.236472945891784025e-01
2.358358358358358231e+01 8.216432865731463364e-01
2.362362362362362234e+01 8.196392785571142703e-01
2.366366366366366236e+01 8.176352705410822042e-01
2.370370370370370239e+01 8.156312625250501380e-01
2.374374374374374241e+01 8.136272545090180719e-01
2.378378378378378244e+01 8.116232464929860058e-01
2.382382382382382247e+01 8.096192384769539396e-01
2.386386386386386249e+01 8.076152304609218735e-01
2.390390390390390252e+01 8.056112224448898074e-01
2.394394394394394254e+01 8.036072144288577412e-01
2.398398398398398257e+01 8.016032064128256751e-01
2.402402402402402259e+01 7.995991983967936090e-01
2.406406406406406262e+01 7.975951903807615428e-01
2.410410410410410265e+01 7.955911823647294767e-01
2.414414414414414267e+01 7.935871743486975216e-01
2.418418418418418270e+01 7.915831663326654555e-01
2.422422422422422272e+01 7.895791583166333893e-01
2.426426426426426275e+01 7.875751503006013232e-01
2.430430430430430278e+01 7.855711422845692571e-01
2.434434434434434280e+01 7.835671342685371910e-01
2.438438438438438283e+01 7.815631262525051248e-01
2.442442442442442285e+01 7.795591182364730587e-01
2.446446446446446288e+01 7.775551102204409926e-01
2.450450450450450290e+01 7.755511022044089264e-01
2.454454454454454293e+01 7.735470941883768603e-01
2.458458458458458296e+01 7.715430861723447942e-01
2.462462462462462298e+01 7.695390781563127280e-01
2.466466466466466301e+01 7.675350701402806619e-01
2.470470470470470303e+01 7.655310621242485958e-01
2.474474474474474306e+01 7.635270541082165296e-01
2.478478478478478308e+01 7.615230460921844635e-01
2.482482482482482311e+01 7.595190380761523974e-01
2.486486486486486314e+01 7.575150300601203313e-01
2.490490490490490316e+01 7.555110220440882651e-01
2.494494494494494319e+01 7.535070140280561990e-01
2.498498498498498321e+01 7.515030060120241329e-01
2.502502502502502324e+01 7.494989979959920667e-01
2.506506506506506327e+01 7.474949899799600006e-01
2.510510510510510329e+01 7.454909819639279345e-01
2.514514514514514332e+01 7.434869739478958683e-01
2.518518518518518334e+01 7.414829659318638022e-01
2.522522522522522337e+01 7.394789579158317361e-01
2.526526526526526339e+01 7.374749498997996700e-01
2.530530530530530342e+01 7.354709418837676038e-01
2.534534534534534345e+01 7.334669338677355377e-01
2.538538538538538347e+01 7.314629258517034716e-01
2.542542542542542350e+01 7.294589178356714054e-01
2.546546546546546352e+01 7.274549098196393393e-01
2.550550550550550355e+01 7.254509018036072732e-01
2.554554554554554358e+01 7.234468937875752070e-01
2.558558558558558360e+01 7.214428857715431409e-01
2.562562562562562363e+01 7.194388777555110748e-01
2.566566566566566721e+01 7.174348697394788976e-01
2.570570570570570723e+01 7.154308617234468315e-01
2.574574574574574726e+01 7.134268537074147654e-01
2.578578578578578728e+01 7.114228456913826992e-01
2.582582582582582731e+01 7.094188376753506331e-01
2.586586586586586733e+01 7.074148296593185670e-01
2.590590590590590736e+01 7.054108216432865008e-01
2.594594594594594739e+01 7.034068136272544347e-01
2.598598598598598741e+01 7.014028056112223686e-01
2.602602602602602744e+01 6.993987975951903024e-01
2.606606606606606746e+01 6.973947895791582363e-01
2.610610610610610749e+01 6.953907815631261702e-01
2.614614614614614752e+01 6.933867735470941041e-01
2.618618618618618754e+01 6.913827655310620379e-01
2.622622622622622757e+01 6.893787575150299718e-01
2.626626626626626759e+01 6.873747494989979057e-01
2.630630630630630762e+01 6.853707414829658395e-01
2.634634634634634764e+01 6.833667334669337734e-01
2.638638638638638767e+01 6.813627254509017073e-01
2.642642642642642770e+01 6.793587174348696411e-01
2.646646646646646772e+01 6.773547094188375750e-01
2.650650650650650775e+01 6.753507014028055089e-01
2.654654654654654777e+01 6.733466933867734427e-01
2.658658658658658780e+01 6.713426853707413766e-01
2.662662662662662783e+01 6.693386773547093105e-01
2.666666666666666785e+01 6.673346693386772444e-01
2.670670670670670788e+01 6.653306613226451782e-01
2.674674674674674790e+01 6.633266533066132231e-01
2.678678678678678793e+01 6.613226452905811570e-01
2.682682682682682795e+01 6.593186372745490909e-01
2.686686686686686798e+01 6.573146292585170247e-01
2.690690690690690801e+01 6.553106212424849586e-01
2.694694694694694803e+01 6.533066132264528925e-01
2.698698698698698806e+01 6.513026052104208263e-01
2.702702702702702808e+01 6.492985971943887602e-01
2.706706706706706811e+01 6.472945891783566941e-01
2.710710710710710813e+01 6.452905811623246279e-01
2.714714714714714816e+01 6.432865731462925618e-01
2.718718718718718819e+01 6.412825651302604957e-01
2.722722722722722821e+01 6.392785571142284295e-01
2.726726726726726824e+01 6.372745490981963634e-01
2.730730730730730826e+01 6.352705410821642973e-01
2.734734734734734829e+01 6.332665330661322312e-01
2.738738738738738832e+01 6.312625250501001650e-01
2.742742742742742834e+01 6.292585170340680989e-01
2.746746746746746837e+01 6.272545090180360328e-01
2.750750750750750839e+01 6.252505010020039666e-01
2.754754754754754842e+01 6.232464929859719005e-01
2.758758758758758844e+01 6.212424849699398344e-01
2.762762762762762847e+01 6.192384769539077682e-01
2.766766766766766850e+01 6.172344689378757021e-01
2.770770770770770852e+01 6.152304609218436360e-01
2.774774774774774855e+01 6.132264529058115698e-01
2.778778778778778857e+01 6.112224448897795037e-01
2.782782782782782860e+01 6.092184368737474376e-01
2.786786786786786863e+01 6.072144288577153715e-01
2.790790790790790865e+01 6.052104208416833053e-01
2.794794794794794868e+01 6.032064128256512392e-01
2.798798798798798870e+01 6.012024048096191731e-01
2.802802802802802873e+01 5.991983967935871069e-01
2.806806806806806875e+01 5.971943887775550408e-01
2.810810810810810878e+01 5.951903807615229747e-01
2.814814814814814881e+01 5.931863727454909085e-01
2.818818818818818883e+01 5.911823647294588424e-01
2.822822822822822886e+01 5.891783567134267763e-01
2.826826826826826888e+01 5.871743486973947102e-01
2.830830830830830891e+01 5.851703406813626440e-01
2.834834834834834894e+01 5.831663326653305779e-01
2.838838838838838896e+01 5.811623246492986228e-01
2.842842842842842899e+01 5.791583166332665567e-01
2.846846846846846901e+01 5.771543086172344905e-01
2.850850850850850904e+01 5.751503006012024244e-01
2.854854854854854906e+01 5.731462925851703583e-01
2.858858858858858909e+01 5.711422845691382921e-01
2.862862862862862912e+01 5.691382765531062260e-01
2.866866866866866914e+01 5.671342685370741599e-01
2.870870870870870917e+01 5.651302605210420937e-01
2.874874874874874919e+01 5.631262525050100276e-01
2.878878878878878922e+01 5.611222444889779615e-01
2.882882882882882924e+01 5.591182364729458953e-01
2.886886886886886927e+01 5.571142284569138292e-01
2.890890890890890930e+01 5.551102204408817631e-01
2.894894894894894932e+01 5.531062124248496970e-01
2.898898898898898935e+01 5.511022044088176308e-01
2.902902902902902937e+01 5.490981963927855647e-01
2.906906906906906940e+01 5.470941883767534986e-01
2.910910910910910943e+01 5.450901803607214324e-01
2.914914914914914945e+01 5.430861723446893663e-01
2.918918918918918948e+01 5.410821643286573002e-01
2.922922922922922950e+01 5.390781563126252340e-01
2.926926926926926953e+01 5.370741482965931679e-01
2.930930930930930955e+01 5.350701402805611018e-01
2.934934934934934958e+01 5.330661322645290356e-01
2.938938938938938961e+01 5.310621242484969695e-01
2.942942942942942963e+01 5.290581162324649034e-01
2.946946946946946966e+01 5.270541082164328373e-01
2.950950950950950968e+01 5.250501002004007711e-01
2.954954954954954971e+01 5.230460921843687050e-01
2.958958958958958974e+01 5.210420841683366389e-01
2.962962962962962976e+01 5.190380761523045727e-01
2.966966966966966979e+01 5.170340681362725066e-01
2.970970970970970981e+01 5.150300601202404405e-01
2.974974974974974984e+01 5.130260521042083743e-01
2.978978978978978986e+01 5.110220440881763082e-01
2.982982982982982989e+01 5.090180360721442421e-01
2.986986986986986992e+01 5.070140280561121759e-01
2.990990990990990994e+01 5.050100200400801098e-01
2.994994994994994997e+01 5.030060120240480437e-01
2.998998998998998999e+01 5.010020040080159776e-01
3.003003003003003002e+01 4.989979959919839669e-01
3.007007007007007005e+01 4.969939879759519008e-01
3.011011011011011007e+01 4.949899799599198347e-01
3.015015015015015010e+01 4.929859719438877685e-01
3.019019019019019012e+01 4.909819639278557024e-01
3.023023023023023015e+01 4.889779559118236363e-01
3.027027027027027017e+01 4.869739478957915702e-01
3.031031031031031020e+01 4.849699398797595040e-01
3.035035035035035023e+01 4.829659318637274379e-01
3.039039039039039025e+01 4.809619238476953718e-01
3.043043043043043028e+01 4.789579158316633611e-01
3.047047047047047030e+01 4.769539078156312950e-01
3.051051051051051033e+01 4.749498997995992289e-01
3.055055055055055035e+01 4.729458917835671627e-01
3.059059059059059038e+01 4.709418837675350966e-01
3.063063063063063041e+01 4.689378757515030305e-01
3.067067067067067043e+01 4.669338677354709644e-01
3.071071071071071046e+01 4.649298597194388982e-01
3.075075075075075048e+01 4.629258517034068321e-01
3.079079079079079051e+01 4.609218436873747660e-01
3.083083083083083054e+01 4.589178356713426998e-01
3.087087087087087056e+01 4.569138276553106337e-01
3.091091091091091059e+01 4.549098196392785676e-01
3.095095095095095061e+01 4.529058116232465014e-01
3.099099099099099064e+01 4.509018036072144353e-01
3.103103103103103066e+01 4.488977955911823692e-01
3.107107107107107069e+01 4.468937875751503030e-01
3.111111111111111072e+01 4.448897795591182369e-01
3.115115115115115074e+01 4.428857715430861708e-01
3.119119119119119077e+01 4.408817635270541047e-01
3.123123123123123079e+01 4.388777555110220385e-01
3.127127127127127082e+01 4.368737474949900279e-01
3.131131131131131085e+01 4.348697394789579618e-01
3.135135135135135087e+01 4.328657314629258956e-01
3.139139139139139090e+01 4.308617234468938295e-01
3.143143143143143092e+01 4.288577154308617634e-01
3.147147147147147095e+01 4.268537074148296973e-01
3.151151151151151097e+01 4.248496993987976311e-01
3.155155155155155100e+01 4.228456913827655650e-01
3.159159159159159103e+01 4.208416833667334989e-01
3.163163163163163105e+01 4.188376753507014327e-01
3.167167167167167108e+01 4.168336673346693666e-01
3.171171171171171110e+01 4.148296593186373005e-01
3.175175175175175113e+01 4.128256513026052343e-01
3.179179179179179116e+01 4.108216432865731682e-01
3.183183183183183118e+01 4.088176352705411021e-01
3.187187187187187121e+01 4.068136272545090359e-01
3.191191191191191123e+01 4.048096192384769698e-01
3.195195195195195126e+01 4.028056112224449037e-01
3.199199199199199128e+01 4.008016032064128376e-01
3.203203203203203486e+01 3.987975951903806049e-01
3.207207207207207489e+01 3.967935871743485388e-01
3.211211211211211491e+01 3.947895791583164726e-01
3.215215215215215494e+01 3.927855711422844065e-01
3.219219219219219497e+01 3.907815631262523404e-01
3.223223223223223499e+01 3.887775551102203297e-01
3.227227227227227502e+01 3.867735470941882636e-01
3.231231231231231504e+01 3.847695390781561975e-01
3.235235235235235507e+01 3.827655310621241314e-01
3.239239239239239510e+01 3.807615230460920652e-01
3.243243243243243512e+01 3.787575150300599991e-01
3.247247247247247515e+01 3.767535070140279330e-01
3.251251251251251517e+01 3.747494989979958668e-01
3.255255255255255520e+01 3.727454909819638007e-01
3.259259259259259522e+01 3.707414829659317346e-01
3.263263263263263525e+01 3.687374749498996684e-01
3.267267267267267528e+01 3.667334669338676023e-01
3.271271271271271530e+01 3.647294589178355362e-01
3.275275275275275533e+01 3.627254509018034700e-01
3.279279279279279535e+01 3.607214428857714039e-01
3.283283283283283538e+01 3.587174348697393378e-01
3.287287287287287540e+01 3.567134268537072717e-01
3.291291291291291543e+01 3.547094188376752055e-01
3.295295295295295546e+01 3.527054108216431394e-01
3.299299299299299548e+01 3.507014028056110733e-01
3.303303303303303551e+01 3.486973947895790071e-01
3.307307307307307553e+01 3.466933867735469965e-01
3.311311311311311556e+01 3.446893787575149304e-01
3.315315315315315559e+01 3.426853707414828643e-01
3.319319319319319561e+01 3.406813627254507981e-01
3.323323323323323564e+01 3.386773547094187320e-01
3.327327327327327566e+01 3.366733466933866659e-01
3.331331331331331569e+01 3.346693386773545997e-01
3.335335335335335571e+01 3.326653306613225336e-01
3.339339339339339574e+01 3.306613226452904675e-01
3.343343343343343577e+01 3.286573146292584013e-01
3.347347347347347579e+01 3.266533066132263352e-01
3.351351351351351582e+01 3.246492985971942691e-01
3.355355355355355584e+01 3.226452905811622029e-01
3.359359359359359587e+01 3.206412825651301368e-01
3.363363363363363590e+01 3.186372745490980707e-01
3.367367367367367592e+01 3.166332665330660046e-01
3.371371371371371595e+01 3.146292585170339384e-01
3.375375375375375597e+01 3.126252505010018723e-01
3.379379379379379600e+01 3.106212424849698062e-01
3.383383383383383602e+01 3.086172344689377400e-01
3.387387387387387605e+01 3.066132264529057294e-01
3.391391391391391608e+01 3.046092184368736633e-01
3.395395395395395610e+01 3.026052104208415972e-01
3.399399399399399613e+01 3.006012024048095310e-01
3.403403403403403615e+01 2.985971943887774649e-01
3.407407407407407618e+01 2.965931863727453988e-01
3.411411411411411621e+01 2.945891783567133326e-01
3.415415415415415623e+01 2.925851703406812665e-01
3.419419419419419626e+01 2.905811623246492004e-01
3.423423423423423628e+01 2.885771543086171342e-01
3.427427427427427631e+01 2.865731462925850681e-01
3.431431431431431633e+01 2.845691382765530020e-01
3.435435435435435636e+01 2.825651302605209358e-01
3.439439439439439639e+01 2.805611222444888697e-01
3.443443443443443641e+01 2.785571142284568036e-01
3.447447447447447644e+01 2.765531062124247375e-01
3.451451451451451646e+01 2.745490981963926713e-01
3.455455455455455649e+01 2.725450901803606052e-01
3.459459459459459651e+01 2.705410821643285391e-01
3.463463463463463654e+01 2.685370741482964729e-01
3.467467467467467657e+01 2.665330661322644068e-01
3.471471471471471659e+01 2.645290581162323962e-01
3.475475475475475662e+01 2.625250501002003300e-01
3.479479479479479664e+01 2.605210420841682639e-01
3.483483483483483667e+01 2.585170340681361978e-01
3.487487487487487670e+01 2.565130260521041317e-01
3.491491491491491672e+01 2.545090180360720655e-01
3.495495495495495675e+01 2.525050100200399994e-01
3.499499499499499677e+01 2.505010020040079333e-01
3.503503503503503680e+01 2.484969939879758671e-01
3.507507507507507682e+01 2.464929859719438010e-01
3.511511511511511685e+01 2.444889779559117349e-01
3.515515515515515688e+01 2.424849699398796687e-01
3.519519519519519690e+01 2.404809619238476026e-01
3.523523523523523693e+01 2.384769539078155365e-01
3.527527527527527695e+01 2.364729458917834704e-01
3.531531531531531698e+01 2.344689378757514320e-01
3.535535535535535701e+01 2.324649298597193658e-01
3.539539539539539703e+01 2.304609218436872997e-01
3.543543543543543706e+01 2.284569138276552336e-01
3.547547547547547708e+01 2.264529058116231675e-01
3.551551551551551711e+01 2.244488977955911013e-01
3.555555555555555713e+01 2.224448897795590352e-01
3.559559559559559716e+01 2.204408817635269691e-01
3.563563563563563719e+01 2.184368737474949029e-01
3.567567567567567721e+01 2.164328657314628368e-01
3.571571571571571724e+01 2.144288577154307984e-01
3.575575575575575726e+01 2.124248496993987323e-01
3.579579579579579729e+01 2.104208416833666662e-01
3.583583583583583732e+01 2.084168336673346000e-01
3.587587587587587734e+01 2.064128256513025339e-01
3.591591591591591737e+01 2.044088176352704678e-01
3.595595595595595739e+01 2.024048096192384016e-01
3.599599599599599742e+01 2.004008016032063355e-01
3.603603603603603744e+01 1.983967935871742694e-01
3.607607607607607747e+01 1.963927855711422032e-01
3.611611611611611750e+01 1.943887775551101649e-01
3.615615615615615752e+01 1.923847695390780987e-01
3.619619619619619755e+01 1.903807615230460326e-01
3.623623623623623757e+01 1.883767535070139665e-01
3.627627627627627760e+01 1.863727454909819004e-01
3.631631631631631763e+01 1.843687374749498342e-01
3.635635635635635765e+01 1.823647294589177681e-01
3.639639639639639768e+01 1.803607214428857020e-01
3.643643643643643770e+01 1.783567134268536358e-01
3.647647647647647773e+01 1.763527054108215697e-01
3.651651651651651775e+01 1.743486973947895036e-01
3.655655655655655778e+01 1.723446893787574652e-01
3.659659659659659781e+01 1.703406813627253991e-01
3.663663663663663783e+01 1.683366733466933329e-01
3.667667667667667786e+01 1.663326653306612668e-01
3.671671671671671788e+01 1.643286573146292007e-01
3.675675675675675791e+01 1.623246492985971345e-01
3.679679679679679793e+01 1.603206412825650684e-01
3.683683683683683796e+01 1.583166332665330023e-01
3.687687687687687799e+01 1.563126252505009361e-01
3.691691691691691801e+01 1.543086172344688700e-01
3.695695695695695804e+01 1.523046092184368316e-01
3.699699699699699806e+01 1.503006012024047655e-01
3.703703703703703809e+01 1.482965931863726994e-01
3.707707707707707812e+01 1.462925851703406332e-01
3.711711711711711814e+01 1.442885771543085671e-01
3.715715715715715817e+01 1.422845691382765010e-01
3.719719719719719819e+01 1.402805611222444349e-01
3.723723723723723822e+01 1.382765531062123687e-01
3.727727727727727824e+01 1.362725450901803026e-01
3.731731731731731827e+01 1.342685370741482365e-01
3.735735735735735830e+01 1.322645290581161981e-01
3.739739739739739832e+01 1.302605210420841320e-01
3.743743743743743835e+01 1.282565130260520658e-01
3.747747747747747837e+01 1.262525050100199997e-01
3.751751751751751840e+01 1.242484969939879336e-01
3.755755755755755843e+01 1.222444889779558674e-01
3.759759759759759845e+01 1.202404809619238013e-01
3.763763763763763848e+01 1.182364729458917352e-01
3.767767767767767850e+01 1.162324649298596829e-01
3.771771771771771853e+01 1.142284569138276168e-01
3.775775775775775855e+01 1.122244488977955507e-01
3.779779779779779858e+01 1.102204408817634845e-01
3.783783783783783861e+01 1.082164328657314184e-01
3.787787787787787863e+01 1.062124248496993661e-01
3.791791791791791866e+01 1.042084168336673000e-01
3.795795795795795868e+01 1.022044088176352339e-01
3.799799799799799871e+01 1.002004008016031678e-01
3.803803803803803874e+01 9.819639278557110162e-02
3.807807807807807876e+01 9.619238476953904937e-02
3.811811811811811879e+01 9.418837675350698324e-02
3.815815815815815881e+01 9.218436873747491711e-02
3.819819819819819884e+01 9.018036072144285098e-02
3.823823823823823886e+01 8.817635270541078485e-02
3.827827827827827889e+01 8.617234468937873260e-02
3.831831831831831892e+01 8.416833667334666647e-02
3.835835835835835894e+01 8.216432865731460033e-02
3.839839839839839897e+01 8.016032064128253420e-02
3.843843843843843899e+01 7.815631262525046807e-02
3.847847847847847902e+01 7.615230460921841582e-02
3.851851851851851904e+01 7.414829659318634969e-02
3.855855855855855907e+01 7.214428857715428356e-02
3.859859859859859910e+01 7.014028056112221743e-02
3.863863863863863912e+01 6.813627254509015130e-02
3.867867867867867915e+01 6.613226452905809905e-02
3.871871871871871917e+01 6.412825651302603291e-02
3.875875875875875920e+01 6.212424849699396678e-02
3.879879879879879923e+01 6.012024048096190065e-02
3.883883883883883925e+01 5.811623246492984146e-02
3.887887887887887928e+01 5.611222444889777533e-02
3.891891891891891930e+01 5.410821643286570920e-02
3.895895895895895933e+01 5.210420841683365001e-02
3.899899899899899935e+01 5.010020040080158388e-02
3.903903903903903938e+01 4.809619238476952469e-02
3.907907907907907941e+01 4.609218436873745856e-02
3.911911911911911943e+01 4.408817635270539242e-02
3.915915915915915946e+01 4.208416833667333323e-02
3.919919919919919948e+01 4.008016032064126710e-02
3.923923923923923951e+01 3.807615230460920791e-02
3.927927927927927954e+01 3.607214428857714178e-02
3.931931931931931956e+01 3.406813627254507565e-02
3.935935935935935959e+01 3.206412825651301646e-02
3.939939939939939961e+01 3.006012024048095033e-02
3.943943943943943964e+01 2.805611222444888767e-02
3.947947947947947966e+01 2.605210420841682500e-02
3.951951951951951969e+01 2.404809619238476234e-02
3.955955955955955972e+01 2.204408817635269621e-02
3.959959959959959974e+01 2.004008016032063355e-02
3.963963963963963977e+01 1.803607214428857089e-02
3.967967967967967979e+01 1.603206412825650823e-02
3.971971971971971982e+01 1.402805611222444383e-02
3.975975975975975985e+01 1.202404809619238117e-02
3.979979979979979987e+01 1.002004008016031678e-02
3.983983983983983990e+01 8.016032064128254114e-03
3.987987987987987992e+01 6.012024048096190586e-03
3.991991991991991995e+01 4.008016032064127057e-03
3.995995995995995997e+01 2.004008016032063529e-03
4.000000000000000000e+01 0.000000000000000000e+00
