Wavelength_nm	 Transmittance
170.67	 76.6852114371
171.01	 57.7277372744
171.36	 40.0661029855
171.7	 24.8765388661
172.05	 12.9315918188
172.4	 4.49732790058
172.74	 -0.648320394377
173.09	 -3.08089665001
173.43	 -3.54707236313
173.78	 -2.80383656044
174.12	 -1.50437311351
174.47	 -0.12756915177
174.81	 1.05522116127
175.16	 1.97818559445
175.51	 2.74467559074
175.85	 3.56180704688
176.2	 4.65974512285
176.54	 6.21958384949
176.89	 8.33442052801
177.23	 11.0071314496
177.58	 14.1655692384
177.93	 17.6814977785
178.27	 21.3958315493
178.62	 25.1477685085
178.96	 28.7951101471
179.31	 32.2206408228
179.65	 35.3303069692
180.0	 38.0483466471
180.34	 40.3105441771
180.69	 42.0559372761
181.04	 43.2203613177
181.38	 43.7413225536
181.73	 43.5813760912
182.07	 42.760094754
182.42	 41.3707634004
182.76	 39.5690705768
183.11	 37.5481845519
183.45	 35.5223181933
183.8	 33.7214333404
184.14	 32.3851799432
184.49	 31.749106683
184.84	 32.02539967
185.18	 33.3851781365
185.53	 35.9469144976
185.87	 39.7663846042
186.22	 44.821364231
186.56	 50.9921089002
186.91	 58.0423131422
187.25	 65.6045464197
187.6	 73.1779470854
187.94	 80.1478366047
188.29	 85.8281838413
188.64	 89.5170842222
188.98	 90.5576775005
189.33	 88.4060125416
189.67	 82.7029091173
190.02	 73.3375840142
190.36	 60.4989500762
190.71	 44.7139208222
191.05	 26.8488825741
191.4	 8.04442321498
191.74	 -10.4107234497
192.09	 -27.2319795355
192.43	 -41.2872747554
192.78	 -51.7206482548
193.12	 -58.0292854942
193.47	 -60.0773469618
193.81	 -58.0581730177
194.16	 -52.4371765457
194.5	 -43.88698254
194.85	 -33.2089447721
195.2	 -21.257545044
195.54	 -8.8952204171
195.89	 3.02677399802
196.23	 13.6965389487
196.58	 22.4031214692
196.92	 28.6180715765
197.27	 32.0599922437
197.61	 32.7159640068
197.96	 30.8223508705
198.3	 26.826665915
198.65	 21.3473623779
198.99	 15.1253210193
199.34	 8.94742915057
199.68	 3.54313289886
200.03	 -0.510691017548
200.37	 -2.83679930447
200.72	 -3.24721771369
201.06	 -1.69740334009
201.41	 1.76258643432
201.75	 7.01667178533
202.1	 13.8860471438
202.44	 22.1164194078
202.79	 31.3626962988
203.13	 41.1786899306
203.48	 51.0097350636
203.82	 60.1874737099
204.17	 67.9409289801
204.51	 73.4493527468
204.86	 75.9582642014
205.2	 74.9564961998
205.55	 70.3587639978
205.89	 62.5900075792
206.24	 52.5089046965
206.58	 41.2176509258
206.93	 29.8524514588
207.27	 19.4101466579
207.62	 10.6271349616
207.96	 3.91480886828
208.31	 -0.653201196107
208.65	 -3.31443405089
209.0	 -4.56434790842
209.34	 -5.08522304605
209.69	 -5.66034729002
210.03	 -7.07289005243
210.38	 -9.99493754864
210.72	 -14.8830077816
211.06	 -21.898607296
211.41	 -30.8679666021
211.75	 -41.2894120473
212.1	 -52.38427314
212.44	 -63.1752899082
212.79	 -72.5853734837
213.13	 -79.5710024394
213.48	 -83.2994275124
213.82	 -83.3272664899
214.17	 -79.6923384665
214.51	 -72.8718767901
214.86	 -63.6518079222
215.2	 -52.9771052772
215.55	 -41.815838507
215.89	 -31.0476044754
216.24	 -21.3846313664
216.58	 -13.3279379263
216.93	 -7.15538798628
217.27	 -2.93518995416
217.61	 -0.55612450996
217.96	 0.233494191067
218.3	 -0.215688802524
218.65	 -1.49354577432
218.99	 -3.16698227063
219.34	 -4.81752140946
219.68	 -6.08473533598
220.03	 -6.7131479731
220.37	 -6.58947543839
220.72	 -5.75253155404
221.06	 -4.36694124727
221.41	 -2.66985386398
221.75	 -0.911658531516
222.09	 0.691824925618
222.44	 1.98889713001
222.78	 2.90360702413
223.13	 3.43166851718
223.47	 3.623429896
223.82	 3.55969578255
224.16	 3.32887265294
224.51	 3.01051319508
224.85	 2.66549318222
225.19	 2.33326065522
225.54	 2.03600816896
225.88	 1.78535629475
226.23	 1.58667432207
226.57	 1.44002520667
226.92	 1.33903586328
227.26	 1.26925760586
227.61	 1.20772854503
227.95	 1.12492210776
228.29	 0.98871756593
228.64	 0.769097459438
228.98	 0.442453521231
229.33	 -0.00530014142682
229.67	 -0.576910369782
230.02	 -1.2623600724
230.36	 -2.03711719096
230.7	 -2.8606089166
231.05	 -3.67610208141
231.39	 -4.41310411324
231.74	 -4.99331564884
232.08	 -5.34049987817
232.43	 -5.39356989885
232.77	 -5.12117111458
233.11	 -4.53348609445
233.46	 -3.68461099494
233.8	 -2.66266766454
234.15	 -1.57259880732
234.49	 -0.518767317858
234.84	 0.40909538436
235.18	 1.1455025773
235.52	 1.65379259935
235.87	 1.92603025166
236.21	 1.97962996676
236.56	 1.85214660338
236.9	 1.59501721871
237.25	 1.26661962691
237.59	 0.925213291293
237.93	 0.62249719766
238.28	 0.398247585346
238.62	 0.276479512478
238.97	 0.263923023724
239.31	 0.351386404155
239.65	 0.517630179221
240.0	 0.73452186531
240.34	 0.972180835831
240.69	 1.20325205633
241.03	 1.4056501865
241.37	 1.56352139934
241.72	 1.66713504104
242.06	 1.71273326785
242.41	 1.70247352661
242.75	 1.64383856565
243.09	 1.54824366944
243.44	 1.42925405138
243.78	 1.30084478717
244.13	 1.17582607526
244.47	 1.06451915378
244.81	 0.973761641059
245.16	 0.906314610541
245.5	 0.860985774289
245.85	 0.833725304328
246.19	 0.819355053894
246.53	 0.813274164602
246.88	 0.812735753568
247.22	 0.817534294436
247.57	 0.829911115412
247.91	 0.853461774555
248.25	 0.891140316694
248.6	 0.94305517566
248.94	 1.00510246579
249.29	 1.06911022755
249.63	 1.12436042143
249.97	 1.15978810442
250.32	 1.16600817027
250.66	 1.13644443493
251.0	 1.06737022841
251.35	 0.957420085626
251.69	 0.807329133108
252.04	 0.620239796148
252.38	 0.402439836776
252.72	 0.16398686651
253.07	 -0.0814670776319
253.41	 -0.317878596481
253.76	 -0.528586469154
254.1	 -0.697965417505
254.44	 -0.812628808696
254.79	 -0.862419903834
255.13	 -0.841706154555
255.47	 -0.751053380574
255.82	 -0.598436577005
256.16	 -0.398913524434
256.5	 -0.172656886283
256.85	 0.057762883782
257.19	 0.270029985954
257.54	 0.444586337116
257.88	 0.567043946599
258.22	 0.629926870725
258.57	 0.632990936714
258.91	 0.582108957251
259.25	 0.487354903597
259.6	 0.360910505118
259.94	 0.215113436522
260.28	 0.0609141025264
260.63	 -0.0927678225328
260.97	 -0.238434531409
261.32	 -0.368611327544
261.66	 -0.474934972605
262.0	 -0.54869384834
262.35	 -0.582517590826
262.69	 -0.572283183684
263.03	 -0.518485919911
263.38	 -0.426354055341
263.72	 -0.304376679209
264.06	 -0.162060585923
264.41	 -0.00827880740391
264.75	 0.149258662477
265.09	 0.303936805392
265.44	 0.450169561646
265.78	 0.583430821242
266.12	 0.700296135914
266.47	 0.798483211597
266.81	 0.876841617895
267.15	 0.935257741372
267.5	 0.974605807005
267.84	 0.996772878248
268.18	 1.00438941983
268.53	 1.00000050415
268.87	 0.985110059641
269.21	 0.959716797351
269.56	 0.922336896278
269.9	 0.870158949983
270.24	 0.799370517459
270.59	 0.705977108112
270.93	 0.587110933724
271.27	 0.442512316233
271.62	 0.27584846765
271.96	 0.0953781778557
272.3	 -0.08664461663
272.65	 -0.255863370836
272.99	 -0.398108038292
273.33	 -0.501024623875
273.68	 -0.554885210388
274.02	 -0.553227563472
274.36	 -0.493816632657
274.71	 -0.379817969658
275.05	 -0.220716389671
275.39	 -0.0323736502032
275.74	 0.164250600283
276.08	 0.345575480254
276.42	 0.488375728019
276.77	 0.572744123335
277.11	 0.584978743947
277.45	 0.520224319429
277.8	 0.38415681693
278.14	 0.192808278414
278.48	 -0.0298083938534
278.83	 -0.25580253642
279.17	 -0.458362152543
279.51	 -0.616431875507
279.85	 -0.717679141524
280.2	 -0.758833503798
280.54	 -0.743948386188
280.88	 -0.682057132378
281.23	 -0.585222317989
281.57	 -0.467039910997
281.91	 -0.341251743722
282.26	 -0.220154369115
282.6	 -0.112772131836
282.94	 -0.0232694931867
283.28	 0.049774377314
283.63	 0.113059678063
283.97	 0.177400918976
284.31	 0.255927099044
284.66	 0.362006530571
285.0	 0.50727109274
285.34	 0.699931823981
285.69	 0.943570855049
286.03	 1.23671875207
286.37	 1.57349007642
286.71	 1.94526338483
287.06	 2.34286314441
287.4	 2.75832327758
287.74	 3.18564425282
288.09	 3.62068975317
288.43	 4.06069908249
288.77	 4.50384283879
289.11	 4.94917211403
289.46	 5.39696275713
289.8	 5.84897564538
290.14	 6.30828286017
290.49	 6.77882532995
290.83	 7.26487823918
291.17	 7.77038008266
291.51	 8.29834022105
291.86	 8.85077999413
292.2	 9.42931348353
292.54	 10.0360741449
292.88	 10.674686597
293.23	 11.3510290727
293.57	 12.0734760646
293.91	 12.8524307861
294.26	 13.6992026763
294.6	 14.6244346792
294.94	 15.6364260425
295.28	 16.739769823
295.63	 17.9345594086
295.97	 19.2162304294
296.31	 20.5760358157
296.65	 22.002037994
297.0	 23.4804139122
297.34	 24.9969513782
297.68	 26.538607894
298.02	 28.0947383497
298.37	 29.6575043911
298.71	 31.2213493293
299.05	 32.7818742415
299.39	 34.3346206172
299.74	 35.8741936399
300.08	 37.3939362788
300.42	 38.8861035665
300.77	 40.3423834377
301.11	 41.7546392596
301.45	 43.1156969762
301.79	 44.4199497651
302.14	 45.6637393325
302.48	 46.8456678866
302.82	 47.966881022
303.16	 49.031140588
303.5	 50.0444921255
303.85	 51.0145666913
304.19	 51.9498092167
304.53	 52.8588514044
304.87	 53.7499927147
305.22	 54.630732165
305.56	 55.5073661275
305.9	 56.3846074403
306.24	 57.2652028235
306.59	 58.1496570212
306.93	 59.036190941
307.27	 59.9210315749
307.61	 60.7990923029
307.96	 61.6648500271
308.3	 62.5129461806
308.64	 63.3382010278
308.98	 64.1352423087
309.33	 64.89823379
309.67	 65.6209901102
310.01	 66.2973972944
310.35	 66.9218808134
310.69	 67.4896945416
311.04	 67.9969804555
311.38	 68.4407814984
311.72	 68.8192158419
312.06	 69.1317563988
312.41	 69.3793298846
312.75	 69.5640606405
313.09	 69.6888125096
313.43	 69.7568505089
313.77	 69.7718195132
314.12	 69.7379760318
314.46	 69.6603939719
314.8	 69.5449417194
315.14	 69.3982218051
315.48	 69.2278612577
315.83	 69.0432291567
316.17	 68.8562372225
316.51	 68.6817581073
316.85	 68.5373246583
317.2	 68.4419728952
317.54	 68.4142801724
317.88	 68.469844578
318.22	 68.6188738359
318.56	 68.8649847964
318.91	 69.2057815099
319.25	 69.634455955
319.59	 70.1412149906
319.93	 70.7141533298
320.27	 71.3399358586
320.62	 72.0045742697
320.96	 72.6941550435
321.3	 73.3953025741
321.64	 74.0954747415
321.98	 74.783346448
322.33	 75.4493422908
322.67	 76.0861546096
323.01	 76.6890659541
323.35	 77.2560531275
323.69	 77.7877812807
324.04	 78.2874772669
324.38	 78.7604242229
324.72	 79.2128587597
325.06	 79.6504495065
325.4	 80.0768943394
325.74	 80.4931511804
326.09	 80.897416945
326.43	 81.2855378182
326.77	 81.6514667381
327.11	 81.9876426547
327.45	 82.2853977241
327.8	 82.5355142814
328.14	 82.7289419944
328.48	 82.8576049906
328.82	 82.9151830993
329.16	 82.8977085936
329.5	 82.8038578955
329.85	 82.6349263584
330.19	 82.3945523546
330.53	 82.0882864486
330.87	 81.7230809155
331.21	 81.3067349275
331.55	 80.8473668156
331.9	 80.3530583252
332.24	 79.831763769
332.58	 79.2914039576
332.92	 78.7399996918
333.26	 78.1858295886
333.6	 77.6376816393
333.95	 77.1051539896
334.29	 76.5988197985
334.63	 76.1300801768
334.97	 75.7106900814
335.31	 75.3521323107
335.65	 75.0650305238
336.0	 74.858599977
336.34	 74.7400333247
336.68	 74.7139172544
337.02	 74.7819348505
337.36	 74.942837701
337.7	 75.1923583672
338.04	 75.5229642034
338.39	 75.9237992925
338.73	 76.381132571
339.07	 76.8791962694
339.41	 77.4010457695
339.75	 77.9292405735
340.09	 78.4464359845
340.44	 78.9360477397
340.78	 79.3830275805
341.12	 79.7746880073
341.46	 80.1015775953
341.8	 80.3584633741
342.14	 80.5451776623
342.48	 80.6667166493
342.83	 80.7322792875
343.17	 80.7536873183
343.51	 80.7439092205
343.85	 80.7160924212
344.19	 80.68305167
344.53	 80.6568654448
344.87	 80.6483152285
345.21	 80.6662662244
345.56	 80.7172258183
345.9	 80.805104066
346.24	 80.9310421043
346.58	 81.0932301454
346.92	 81.2867184282
347.26	 81.503280852
347.6	 81.7314642831
347.94	 81.9569496778
348.29	 82.1632373612
348.63	 82.332595125
348.97	 82.4472173751
349.31	 82.4905151032
349.65	 82.4483643806
349.99	 82.3101050017
350.33	 82.0691540721
350.67	 81.7232046099
351.02	 81.2740527743
351.36	 80.72715409
351.7	 80.0910264062
352.04	 79.3765613429
352.38	 78.5962841748
352.72	 77.7636529723
353.06	 76.8924009992
353.4	 75.995769907
353.74	 75.0857631816
354.09	 74.1730192885
354.43	 73.2675236615
354.77	 72.3794714406
355.11	 71.5195911464
355.45	 70.6990165297
355.79	 69.9290883492
356.13	 69.2211718595
356.47	 68.5864055316
356.81	 68.0353532388
357.15	 67.5775567067
357.5	 67.2210181623
357.84	 66.9717129577
358.18	 66.8332396147
358.52	 66.8066672278
358.86	 66.8905580362
359.2	 67.0811008878
359.54	 67.3723874833
359.88	 67.7569151102
360.22	 68.2262137535
360.56	 68.7713131916
360.9	 69.3828592863
361.25	 70.0509371057
361.59	 70.7648302685
361.93	 71.5129384365
362.27	 72.2829381754
362.61	 73.0621798697
362.95	 73.8383288677
363.29	 74.6002507578
363.63	 75.3389853081
363.97	 76.0484322158
364.31	 76.7253506163
364.65	 77.3685840575
364.99	 77.9778372943
365.33	 78.5525329404
365.68	 79.0911351479
366.02	 79.590939668
366.36	 80.0480835807
366.7	 80.4576896948
367.04	 80.8142814434
367.38	 81.1125406419
367.72	 81.3482849308
368.06	 81.5194169608
368.4	 81.6266206064
368.74	 81.6737251987
369.08	 81.6677533148
369.42	 81.6186209105
369.76	 81.5383886392
370.1	 81.4400364181
370.44	 81.3359560577
370.79	 81.2365327618
371.13	 81.1491598874
371.47	 81.0778504009
371.81	 81.0234209517
372.15	 80.9841425666
372.49	 80.95671683
372.83	 80.9372922488
373.17	 80.9221008279
373.51	 80.9074882757
373.85	 80.8895617695
374.19	 80.8639135626
374.53	 80.8256534889
374.87	 80.7696370093
375.21	 80.6908163424
375.55	 80.584915023
375.89	 80.4494883407
376.23	 80.2849669471
376.57	 80.0951911964
376.91	 79.8872955978
377.25	 79.6711236449
377.6	 79.4584438107
377.94	 79.2620987427
378.28	 79.0950014156
378.62	 78.9689358344
378.96	 78.8934049911
379.3	 78.8748712281
379.64	 78.9165570485
379.98	 79.0187931785
380.32	 79.1797442331
380.66	 79.3961462208
381.0	 79.6637679076
381.34	 79.9777066302
381.68	 80.3327546941
382.02	 80.723788414
382.36	 81.1460169854
382.7	 81.5950818382
383.04	 82.06702266
383.38	 82.5581048212
383.72	 83.0646332933
384.06	 83.5828714061
384.4	 84.1089978117
384.74	 84.6390655762
385.08	 85.1690724038
385.42	 85.6951474499
385.76	 86.2136959139
386.1	 86.7213821797
386.44	 87.2149694133
386.78	 87.6911534191
387.12	 88.1465766864
387.46	 88.5781054098
387.8	 88.9832297079
388.14	 89.3602807912
388.48	 89.7082472347
388.82	 90.0262963952
389.16	 90.3133832655
389.5	 90.56833113
389.84	 90.7904517579
390.18	 90.9803215752
390.52	 91.1402230439
390.86	 91.2741281047
391.2	 91.3873829302
391.54	 91.4861753333
391.88	 91.5768292774
392.22	 91.6651355628
392.56	 91.755956184
392.9	 91.853105381
393.24	 91.9592963769
393.58	 92.0759618599
393.92	 92.2029173295
394.26	 92.3379674224
394.6	 92.4766206459
394.94	 92.6121194763
395.28	 92.7359509722
395.62	 92.8388101516
395.96	 92.9117939854
396.3	 92.9475818047
396.64	 92.941428811
396.98	 92.8918265511
397.32	 92.8006873669
397.66	 92.6729797268
398.0	 92.5159149908
398.34	 92.3379489186
398.68	 92.1478573797
399.02	 91.9539947595
399.36	 91.7636883266
399.7	 91.5827185263
400.04	 91.4150038156
400.38	 91.2626935224
400.72	 91.1266674953
401.06	 91.0071502969
401.4	 90.9041467143
401.74	 90.8177016262
402.08	 90.7481421782
402.42	 90.6962592717
402.76	 90.6631989017
403.1	 90.6499919472
403.44	 90.6569342965
403.78	 90.6830923536
404.12	 90.7261000984
404.46	 90.7822917886
404.79	 90.8470286987
405.13	 90.9149569181
405.47	 90.9801511711
405.81	 91.0364385952
406.15	 91.0781598239
406.49	 91.1012274622
406.83	 91.1040727811
407.17	 91.0881533955
407.51	 91.0578753225
407.85	 91.0199035909
408.19	 90.9819881239
408.53	 90.951551664
408.87	 90.934295933
409.21	 90.9331361406
409.55	 90.9478004369
409.89	 90.9751707205
410.23	 91.0101193483
410.57	 91.0465645833
410.91	 91.0785722952
411.25	 91.101339184
411.58	 91.1118835769
411.92	 91.1093634777
412.26	 91.0950682882
412.6	 91.0721746924
412.94	 91.0453259064
413.28	 91.0200148786
413.62	 91.0016956915
413.96	 90.9947025627
414.3	 91.0013493038
414.64	 91.0216113727
414.98	 91.0534560834
415.32	 91.0935481569
415.66	 91.1380421484
416.0	 91.1833480387
416.33	 91.2267300574
416.67	 91.2664537393
417.01	 91.3013933782
417.35	 91.3304416395
417.69	 91.3521914575
418.03	 91.3651046399
418.37	 91.3680373733
418.71	 91.3607865335
419.05	 91.3443756583
419.39	 91.3210965879
419.73	 91.2945583454
420.07	 91.2698185582
420.41	 91.2532812481
420.74	 91.2520346407
421.08	 91.2727305637
421.42	 91.320423809
421.76	 91.3976762316
422.1	 91.5039415157
422.44	 91.6352748304
422.78	 91.7847004122
423.12	 91.9433657295
423.46	 92.101934239
423.8	 92.2515947798
424.13	 92.3846922806
424.47	 92.4952983255
424.81	 92.5797869469
425.15	 92.6372149907
425.49	 92.6693287148
425.83	 92.6802166567
426.17	 92.6757408229
426.51	 92.662822115
426.85	 92.648629559
427.19	 92.6397670151
427.52	 92.6415002306
427.86	 92.6570249568
428.2	 92.6869281607
428.54	 92.7291084055
428.88	 92.7792385968
429.22	 92.8315950504
429.56	 92.8800240192
429.9	 92.9188762127
430.24	 92.9437481012
430.57	 92.9518918417
430.91	 92.9422933584
431.25	 92.9155846319
431.59	 92.873968188
431.93	 92.8211364084
432.27	 92.7619687213
432.61	 92.701867963
432.95	 92.6459175731
433.28	 92.5982085165
433.62	 92.5615084766
433.96	 92.5372406874
434.3	 92.5257291283
434.64	 92.5266014757
434.98	 92.5390684856
435.32	 92.5619437955
435.66	 92.5936800772
435.99	 92.6326802903
436.33	 92.6776704866
436.67	 92.7277878476
437.01	 92.782437881
437.35	 92.8412265833
437.69	 92.9040050106
438.03	 92.9707404555
438.36	 93.0410723857
438.7	 93.1137854878
439.04	 93.1864870755
439.38	 93.2556199718
439.72	 93.3169542072
440.06	 93.3666472687
440.4	 93.4025691144
440.73	 93.4252160571
441.07	 93.4376219871
441.41	 93.4442249331
441.75	 93.4492681871
442.09	 93.4554901519
442.43	 93.4635101554
442.77	 93.4718752476
443.1	 93.4775221287
443.44	 93.4763750581
443.78	 93.4638281203
444.12	 93.4350109298
444.46	 93.3849908348
444.8	 93.3091661491
445.13	 93.2039386585
445.47	 93.0675058867
445.81	 92.9004399603
446.15	 92.705695789
446.49	 92.4879568304
446.83	 92.252641218
447.16	 92.0050205599
447.5	 91.7497194111
447.84	 91.4906591618
448.18	 91.2313010398
448.52	 90.9748732753
448.86	 90.7243878623
449.19	 90.482515606
449.53	 90.2514271585
449.87	 90.0326074104
450.21	 89.8266536713
450.55	 89.6331326491
450.88	 89.4505719897
451.22	 89.2765884452
451.56	 89.1081106126
451.9	 88.9417083727
452.24	 88.7740474684
452.58	 88.6023457342
452.91	 88.4246321859
453.25	 88.2397339591
453.59	 88.0470476639
453.93	 87.8462013971
454.27	 87.6367517119
454.6	 87.4180004294
454.94	 87.1888707681
455.28	 86.9478260057
455.62	 86.693055931
455.96	 86.4232295885
456.29	 86.1388060167
456.63	 85.8434071786
456.97	 85.5445652026
457.31	 85.2534916185
457.65	 84.9839194626
457.98	 84.7500773368
458.32	 84.5638915098
458.66	 84.4322036226
459.0	 84.3554841571
459.34	 84.3288120398
459.67	 84.3442268197
460.01	 84.3929888771
460.35	 84.4670897916
460.69	 84.5600577958
461.03	 84.66719239
461.36	 84.7853562791
461.7	 84.9125056418
462.04	 85.0471394964
462.38	 85.1878435688
462.72	 85.333051526
463.05	 85.4810013315
463.39	 85.6297996913
463.73	 85.7775655812
464.07	 85.9226338416
464.4	 86.0637612505
464.74	 86.200320788
465.08	 86.3325022486
465.42	 86.4614286979
465.76	 86.5890301365
466.09	 86.7176185941
466.43	 86.8492331774
466.77	 86.9849211352
467.11	 87.1241979181
467.44	 87.2648670333
467.78	 87.4032394785
468.12	 87.5347564148
468.46	 87.6549799803
468.79	 87.7607103526
469.13	 87.8508317276
469.47	 87.9266331917
469.81	 87.9916353286
470.15	 88.0510913387
470.48	 88.1112555537
470.82	 88.1784129859
471.16	 88.2577456354
471.5	 88.3523278866
471.83	 88.4626618108
472.17	 88.5869766804
472.51	 88.722106634
472.85	 88.8644894428
473.18	 89.0108821431
473.52	 89.1586434365
473.86	 89.3056840949
474.2	 89.4502581715
474.53	 89.5906749977
474.87	 89.7249567795
475.21	 89.8505328324
475.55	 89.9641084771
475.88	 90.061779422
476.22	 90.1393902972
476.56	 90.1931024579
476.89	 90.2200583137
477.23	 90.2189582359
477.57	 90.1903616454
477.91	 90.1365597262
478.24	 90.0610337877
478.58	 89.9677952321
478.92	 89.8610085417
479.26	 89.7450662943
479.59	 89.6249108607
479.93	 89.5062402512
480.27	 89.3954279988
480.61	 89.2992396074
480.94	 89.2244619255
481.28	 89.1774754885
481.62	 89.1637791368
481.95	 89.1875067006
482.29	 89.2509692436
482.63	 89.354212279
482.97	 89.4945782096
483.3	 89.6663560514
483.64	 89.8607096001
483.98	 90.0661182122
484.31	 90.2694545419
484.65	 90.4574950959
484.99	 90.6183650113
485.33	 90.7425066712
485.66	 90.8230985955
486.0	 90.8560820944
486.34	 90.8400238133
486.67	 90.7760096338
487.01	 90.6676255404
487.35	 90.5209424457
487.69	 90.3443933592
488.02	 90.1484652658
488.36	 89.9451529131
488.7	 89.7471139884
489.03	 89.5664890768
489.37	 89.4135295289
489.71	 89.2954255333
490.04	 89.2157351999
490.38	 89.174504967
490.72	 89.1688777277
491.06	 89.1939433467
491.39	 89.2436160296
491.73	 89.3113485187
492.07	 89.3906869782
492.4	 89.4758471312
492.74	 89.5623333249
493.08	 89.6473660904
493.41	 89.729902642
493.75	 89.8102560017
494.09	 89.8895053879
494.42	 89.968913755
494.76	 90.0494575391
495.1	 90.1315128169
495.43	 90.214754595
495.77	 90.2982651936
496.11	 90.3807541946
496.44	 90.4607672738
496.78	 90.5367870071
497.12	 90.6072299152
497.46	 90.6704655135
497.79	 90.7249664478
498.13	 90.769595531
498.47	 90.8039145872
498.8	 90.8282592372
499.14	 90.843435323
499.48	 90.8502836826
499.81	 90.8494822378
500.15	 90.8416571106
500.49	 90.8276414197
500.82	 90.808759257
501.16	 90.7870616976
501.5	 90.7653774788
501.83	 90.7470409348
502.17	 90.7353233771
502.5	 90.7328112605
502.84	 90.7410603396
503.18	 90.7606556147
503.51	 90.7914440194
503.85	 90.8325995384
504.19	 90.882456641
504.52	 90.9383027349
504.86	 90.996271439
505.2	 91.0513348935
505.53	 91.0974156827
505.87	 91.1277571218
506.21	 91.1356660149
506.54	 91.1155438413
506.88	 91.0639478061
507.22	 90.9803704772
507.55	 90.8674277849
507.89	 90.7302554254
508.22	 90.575262782
508.56	 90.4087435688
508.9	 90.235801643
509.23	 90.0597454441
509.57	 89.8819422633
509.91	 89.7021404346
510.24	 89.5192257184
510.58	 89.332147563
510.92	 89.1405499471
511.25	 88.9448479246
511.59	 88.7459173027
511.92	 88.5446578901
512.26	 88.3415207813
512.6	 88.1360758647
512.93	 87.926780162
513.27	 87.7110370562
513.61	 87.4854615248
513.94	 87.2461765547
514.28	 86.9890260923
514.61	 86.7097330327
514.95	 86.4041243344
515.29	 86.0684645366
515.62	 85.6997431789
515.96	 85.2957342878
516.29	 84.8548629326
516.63	 84.3760574863
516.97	 83.858662052
517.3	 83.3023255998
517.64	 82.7067517502
517.97	 82.0712925123
518.31	 81.3945289776
518.65	 80.6740850422
518.98	 79.9068828252
519.32	 79.0898582483
519.66	 78.2208743598
519.99	 77.2994174979
520.33	 76.3268499094
520.66	 75.3063189658
521.0	 74.2424352382
521.33	 73.1406132564
521.67	 72.0060592878
522.01	 70.8427504379
522.34	 69.6528066445
522.68	 68.4363513992
523.01	 67.1917489972
523.35	 65.9161313779
523.69	 64.6061139541
524.02	 63.2584737549
524.36	 61.870538915
524.69	 60.440222586
525.03	 58.9658748492
525.37	 57.4462074647
525.7	 55.8804830582
526.04	 54.2690338247
526.37	 52.6138990394
526.71	 50.919132947
527.04	 49.1905491692
527.38	 47.4351507661
527.72	 45.6606094975
528.05	 43.8748671596
528.39	 42.0858252107
528.72	 40.3012534
529.06	 38.5289636341
529.39	 36.7770024318
529.73	 35.0536458969
530.07	 33.3672128252
530.4	 31.7257184546
530.74	 30.1363713757
531.07	 28.6050631933
531.41	 27.1359824749
531.74	 25.731349745
532.08	 24.391432566
532.41	 23.115082398
532.75	 21.900566722
533.09	 20.7461141359
533.42	 19.6499170966
533.76	 18.6097873876
534.09	 17.6227444509
534.43	 16.6847808484
534.76	 15.7910422173
535.1	 14.9365249025
535.43	 14.1171595913
535.77	 13.3308487592
536.11	 12.5777886393
536.44	 11.8597512376
536.78	 11.1788164598
537.11	 10.5363464336
537.45	 9.93251222969
537.78	 9.36618309099
538.12	 8.83498896409
538.45	 8.33557663012
538.79	 7.86407575118
539.12	 7.4166860647
539.46	 6.99032256013
539.79	 6.58324719899
540.13	 6.19547126208
540.47	 5.82869139179
540.8	 5.48573649313
541.14	 5.16971904198
541.47	 4.88314320776
541.81	 4.62716578925
542.14	 4.40109397817
542.48	 4.20216128599
542.81	 4.0257098396
543.15	 3.86588150931
543.48	 3.71664480663
543.82	 3.57272419124
544.15	 3.43005494635
544.49	 3.28578414871
544.82	 3.13819514571
545.16	 2.98683637791
545.49	 2.83277090855
545.83	 2.67865753372
546.16	 2.52840015109
546.5	 2.38631391847
546.83	 2.2560926795
547.17	 2.13999777678
547.5	 2.03843416765
547.84	 1.94983805058
548.17	 1.87087994515
548.51	 1.79704896926
548.84	 1.72351776882
549.18	 1.6460489214
549.51	 1.56170666315
549.85	 1.46923324512
550.18	 1.36910865231
550.52	 1.26339820069
550.85	 1.15545945842
551.19	 1.04956534835
551.52	 0.950497480268
551.86	 0.863098758019
552.19	 0.791791496157
552.53	 0.74020986889
552.86	 0.711084625841
553.2	 0.70630087454
553.53	 0.726949400075
553.87	 0.773281512822
554.2	 0.844553302625
554.54	 0.938775836552
554.87	 1.05239828779
555.21	 1.17993658053
555.54	 1.31362507632
555.88	 1.44332567474
556.21	 1.55700039908
556.55	 1.64191971082
556.88	 1.68655276688
557.22	 1.68286713581
557.55	 1.62838036509
557.89	 1.52697157712
558.22	 1.3879513568
558.56	 1.22399685454
558.89	 1.04905528958
559.22	 0.876863536486
559.56	 0.720002620556
559.89	 0.589055840821
560.23	 0.491704980806
560.56	 0.432025381931
560.9	 0.410277238169
561.23	 0.423270838654
561.57	 0.465188211518
561.9	 0.528602558081
562.24	 0.605436151128
562.57	 0.687773691962
562.91	 0.768598541423
563.24	 0.842463474219
563.57	 0.905939756301
563.91	 0.957662005793
564.24	 0.997989510275
564.58	 1.02849362097
564.91	 1.05139760994
565.25	 1.06893349089
565.58	 1.08267049471
565.92	 1.0930441543
566.25	 1.09924265322
566.58	 1.09940302762
566.92	 1.091024134
567.25	 1.07157769502
567.59	 1.03924729487
567.92	 0.993553545403
568.26	 0.935611340315
568.59	 0.86799560595
568.93	 0.794378774089
569.26	 0.719057765459
569.59	 0.646407062556
569.93	 0.58033007484
570.26	 0.523821007337
570.6	 0.478731804733
570.93	 0.445774458155
571.27	 0.424704285944
571.6	 0.414632230735
571.93	 0.414440777448
572.27	 0.423179170455
572.6	 0.440257181255
572.94	 0.465400597149
573.27	 0.498465359539
573.6	 0.539199437622
573.94	 0.587043299393
574.27	 0.641083992454
574.61	 0.700185591719
574.94	 0.763176694582
575.28	 0.828959986022
575.61	 0.896516763678
575.94	 0.964857047564
576.28	 1.03293902951
576.61	 1.0995594014
576.95	 1.16326719118
577.28	 1.22238127503
577.61	 1.27515301528
577.95	 1.32006303746
578.28	 1.3561917299
578.62	 1.38356065424
578.95	 1.40331682304
579.28	 1.41764099429
579.62	 1.42937144414
579.95	 1.44153370812
580.29	 1.45704205592
580.62	 1.47865793669
580.95	 1.50904942695
581.29	 1.55074183941
581.62	 1.60587669368
581.96	 1.67583099316
582.29	 1.76079631214
582.62	 1.85942281202
582.96	 1.96865054583
583.29	 2.08384546417
583.63	 2.19927249645
583.96	 2.30884562221
584.29	 2.40708791608
584.63	 2.49018729787
584.96	 2.55685008522
585.29	 2.60854604843
585.63	 2.6489388258
585.96	 2.68272359666
586.3	 2.71441043613
586.63	 2.74751524992
586.96	 2.78423553352
587.3	 2.82540465168
587.63	 2.87055702692
587.96	 2.91809617147
588.3	 2.9656447499
588.63	 3.01062726593
588.96	 3.05095104201
589.3	 3.08547772591
589.63	 3.11407532962
589.97	 3.13732458247
590.3	 3.15613272411
590.63	 3.1714652353
590.97	 3.18423319557
591.3	 3.19525649875
591.63	 3.20524004848
591.97	 3.21472041201
592.3	 3.22391766423
592.63	 3.23249796285
592.97	 3.23935583799
593.3	 3.24250422509
593.63	 3.23914397246
593.97	 3.2260117008
594.3	 3.19996274558
594.63	 3.15855168293
594.97	 3.1004362511
595.3	 3.02565091311
595.64	 2.93585539667
595.97	 2.8344922946
596.3	 2.72659738643
596.64	 2.61807472514
596.97	 2.51463414277
597.3	 2.4209140229
597.64	 2.34015169187
597.97	 2.2742988766
598.3	 2.22422454404
598.64	 2.18977085424
598.97	 2.16971647228
599.3	 2.16182384055
599.64	 2.16303317744
599.97	 2.16975304919
600.3	 2.17816122588
600.63	 2.18444139032
600.97	 2.18500843373
601.3	 2.17687527692
601.63	 2.15817705441
601.97	 2.12863859589
602.3	 2.08974674404
602.63	 2.04459589623
602.97	 1.99749975963
603.3	 1.95331706137
603.63	 1.91640339202
603.97	 1.88948770584
604.3	 1.87307895529
604.63	 1.86571578061
604.97	 1.86483887158
605.3	 1.86783274918
605.63	 1.87281697251
605.97	 1.87888468313
606.3	 1.88573411839
606.63	 1.89297414064
606.96	 1.89953141603
607.3	 1.90341220801
607.63	 1.90184649147
607.96	 1.89178862172
608.3	 1.87068211291
608.63	 1.83724878656
608.96	 1.7920703617
609.29	 1.73784729485
609.63	 1.67923550476
609.96	 1.62220922945
610.29	 1.573089851
610.63	 1.53748301678
610.96	 1.51928464653
611.29	 1.51989602671
611.62	 1.53788394347
611.96	 1.56926045136
612.29	 1.60832080128
612.62	 1.6488102105
612.96	 1.68507805581
613.29	 1.71281964038
613.62	 1.72923770118
613.95	 1.73284952462
614.29	 1.72324836942
614.62	 1.70087806589
614.95	 1.66677211075
615.29	 1.62241470254
615.62	 1.56991512393
615.95	 1.5122706989
616.28	 1.45322775671
616.62	 1.39661641984
616.95	 1.34555934255
617.28	 1.30203433208
617.61	 1.26692760167
617.95	 1.24035959909
618.28	 1.22201571365
618.61	 1.21136097066
618.94	 1.20771032934
619.28	 1.21019269223
619.61	 1.21773772621
619.94	 1.22920792048
620.27	 1.24364754474
620.61	 1.26045329608
620.94	 1.27930066035
621.27	 1.29991371722
621.6	 1.32190152771
621.94	 1.34473056104
622.27	 1.3678278344
622.6	 1.39091461071
622.93	 1.41452188228
623.27	 1.4403139883
623.6	 1.47091638543
623.93	 1.50931608697
624.26	 1.55806290616
624.6	 1.6184709757
624.93	 1.69007049928
625.26	 1.77059310228
625.59	 1.85655696957
625.93	 1.94414425373
626.26	 2.02995208589
626.59	 2.11148287737
626.92	 2.18747688955
627.26	 2.25811845796
627.59	 2.32509221173
627.92	 2.39157955542
628.25	 2.4622350374
628.58	 2.54289939738
628.92	 2.63974961853
629.25	 2.75796695252
629.58	 2.90038995052
629.91	 3.06660962356
630.24	 3.25272173026
630.58	 3.45176308261
630.91	 3.65470413958
631.24	 3.85172778571
631.57	 4.03350250117
631.91	 4.19221464728
632.24	 4.32219737626
632.57	 4.42016801247
632.9	 4.48527349824
633.23	 4.51910987651
633.57	 4.52567783524
633.9	 4.51109004883
634.23	 4.48288265559
634.56	 4.44903469951
634.89	 4.41705234317
635.23	 4.39338622997
635.56	 4.38309184555
635.89	 4.38948640509
636.22	 4.41379767966
636.55	 4.45502841962
636.89	 4.51013013622
637.22	 4.57439570142
637.55	 4.64201708028
637.88	 4.70678661255
638.21	 4.76284337214
638.55	 4.80534254652
638.88	 4.83094605677
639.21	 4.83805573258
639.54	 4.82680801313
639.87	 4.79892471513
640.2	 4.75743815569
640.54	 4.70622381208
640.87	 4.64934080105
641.2	 4.59029916348
641.53	 4.53141658613
641.86	 4.47341668593
642.2	 4.41535449494
642.53	 4.35489063072
642.86	 4.28896069937
643.19	 4.21480001787
643.52	 4.13100968369
643.85	 4.03825208322
644.19	 3.93934417636
644.52	 3.8386883046
644.85	 3.74115651101
645.18	 3.65083920577
645.51	 3.57014482078
645.84	 3.49940488206
646.17	 3.43684556536
646.51	 3.37883893795
646.84	 3.32045156567
647.17	 3.25620066724
647.5	 3.18079490786
647.83	 3.08969551482
648.16	 2.97948548668
648.5	 2.84814602374
648.83	 2.69536623428
649.16	 2.52288366903
649.49	 2.33467581585
649.82	 2.13683040314
650.15	 1.93707954959
650.48	 1.74409078176
650.82	 1.56660916305
651.15	 1.41250294156
651.48	 1.28775488618
651.81	 1.19548212965
652.14	 1.13521458428
652.47	 1.10284574127
652.8	 1.09147176297
653.14	 1.09277390653
653.47	 1.09837456241
653.8	 1.10087117282
654.13	 1.09453553088
654.46	 1.075719238
654.79	 1.04292931439
655.12	 0.9965512703
655.45	 0.938364602447
655.79	 0.871057395931
656.12	 0.79779982247
656.45	 0.721847909497
656.78	 0.646217079964
657.11	 0.573480491062
657.44	 0.505684187744
657.77	 0.444373749448
658.1	 0.390725547087
658.43	 0.345692327967
658.77	 0.310030519483
659.1	 0.284138821238
659.43	 0.267763225951
659.76	 0.259740254617
660.09	 0.257926985775
660.42	 0.259309009321
660.75	 0.260204431528
661.08	 0.256583528571
661.41	 0.244602899352
661.75	 0.221340269185
662.08	 0.185495934809
662.41	 0.137727119826
662.74	 0.0804540776639
663.07	 0.0172969788565
663.4	 -0.0475378075477
663.73	 -0.109724132918
664.06	 -0.165170875102
664.39	 -0.210387661402
664.72	 -0.242829163023
665.05	 -0.2610615118
665.39	 -0.264745427332
665.72	 -0.254579211037
666.05	 -0.232217474705
666.38	 -0.200051747425
666.71	 -0.160866430917
667.04	 -0.117539140466
667.37	 -0.0728936977992
667.7	 -0.0296686799784
668.03	 0.00948544837337
668.36	 0.0420520117941
668.69	 0.0657772374758
669.02	 0.0788673627587
669.36	 0.0801958670155
669.69	 0.069465667632
670.02	 0.0472534668185
670.35	 0.0148482522403
670.68	 -0.0260648908803
671.01	 -0.0736533336649
671.34	 -0.125992258221
671.67	 -0.18102514032
672.0	 -0.236531905531
672.33	 -0.290087249182
672.66	 -0.339012843832
672.99	 -0.380428007482
673.32	 -0.411517521069
673.65	 -0.430057490063
673.98	 -0.435077103522
674.31	 -0.427341378495
674.65	 -0.409362010174
674.98	 -0.384952454752
675.31	 -0.358596242215
675.64	 -0.334848482313
675.97	 -0.317820789049
676.3	 -0.310745598793
676.63	 -0.315685238302
676.96	 -0.333476399514
677.29	 -0.363866221459
677.62	 -0.405685152316
677.95	 -0.457001623233
678.28	 -0.515298504605
678.61	 -0.577614532105
678.94	 -0.640582515753
679.27	 -0.700515629392
679.6	 -0.753760416981
679.93	 -0.797281415969
680.26	 -0.829223306872
680.59	 -0.849202718903
680.92	 -0.858210172023
681.25	 -0.858204283784
681.58	 -0.85161961528
681.91	 -0.840930985495
682.24	 -0.82828142453
682.57	 -0.815163786468
682.9	 -0.802171671913
683.23	 -0.78888546865
683.56	 -0.774034953472
683.89	 -0.755996803695
684.22	 -0.733424111403
684.56	 -0.705682856974
684.89	 -0.672953112707
685.22	 -0.63608965875
685.55	 -0.596397754086
685.88	 -0.555446730514
686.21	 -0.514993099118
686.54	 -0.476978713683
686.87	 -0.443492229754
687.2	 -0.416619438029
687.53	 -0.398173281608
687.86	 -0.389330064289
688.19	 -0.390263806222
688.52	 -0.399940371489
688.85	 -0.416188236177
689.18	 -0.436017039234
689.51	 -0.456061106393
689.84	 -0.473031972957
690.17	 -0.484088189457
690.5	 -0.487063683882
690.83	 -0.480572612181
691.16	 -0.464079145864
691.49	 -0.438027067641
691.82	 -0.404048719664
692.15	 -0.365145332125
692.47	 -0.325640869603
692.8	 -0.290740501025
693.13	 -0.265706112707
693.46	 -0.254896394612
693.79	 -0.2609686677
694.12	 -0.284389539002
694.45	 -0.323309596748
694.78	 -0.373839174117
695.11	 -0.430640714236
695.44	 -0.487612355111
695.77	 -0.538466513046
696.1	 -0.577187394863
696.43	 -0.598526654002
696.76	 -0.598684394081
697.09	 -0.576059012383
697.42	 -0.531708337875
697.75	 -0.469245638077
698.08	 -0.394185390593
698.41	 -0.313010569838
698.74	 -0.232305191127
699.07	 -0.158133274965
699.4	 -0.0956643384906
699.73	 -0.0490030063563
700.06	 -0.0211436443082
700.39	 -0.0139242746597
700.72	 -0.027894356958
701.05	 -0.0620900264079
701.38	 -0.113791496981
701.71	 -0.178461146755
702.03	 -0.250116259764
702.36	 -0.322160304423
702.69	 -0.388339063765
703.02	 -0.443450316741
703.35	 -0.483695512977
703.68	 -0.506767155018
704.01	 -0.511868195565
704.34	 -0.499857410075
704.67	 -0.473459059161
705.0	 -0.437133337962
705.33	 -0.396284416256
705.66	 -0.356073473351
705.99	 -0.320517518378
706.32	 -0.292261718589
706.65	 -0.27282044087
706.98	 -0.262881571955
707.3	 -0.262523365288
707.63	 -0.271405828048
707.96	 -0.288921600303
708.29	 -0.314227467763
708.62	 -0.346206912463
708.95	 -0.383486089968
709.28	 -0.424526749501
709.61	 -0.467765676241
709.94	 -0.511832862648
710.27	 -0.555863853278
710.6	 -0.599753232567
710.93	 -0.64409054462
711.26	 -0.689701415926
711.58	 -0.737043448412
711.91	 -0.785753692217
712.24	 -0.834362921956
712.57	 -0.880055234932
712.9	 -0.918575742556
713.23	 -0.944586026551
713.56	 -0.952585979438
713.89	 -0.938108043034
714.22	 -0.898657859876
714.55	 -0.834083523116
714.87	 -0.746449032177
715.2	 -0.639602337209
715.53	 -0.518544159146
715.86	 -0.388724867023
716.19	 -0.255414725816
716.52	 -0.123207259766
716.85	 0.00432496623587
717.18	 0.124797528124
717.51	 0.237026304815
717.83	 0.340930249508
718.16	 0.437282535347
718.49	 0.52722360914
718.82	 0.611644037611
719.15	 0.69077791951
719.48	 0.764234745032
719.81	 0.831322479605
720.14	 0.891344908541
720.47	 0.943754736779
720.79	 0.98827870159
721.12	 1.0250708025
721.45	 1.05472024364
721.78	 1.07794727022
722.11	 1.09514085152
722.44	 1.10610548994
722.77	 1.110209705
723.09	 1.1068089528
723.42	 1.09564646086
723.75	 1.07700050131
724.08	 1.05158793417
724.41	 1.02040727362
724.74	 0.984656891655
725.07	 0.945741717898
725.39	 0.905327544621
725.72	 0.865375879883
726.05	 0.828070142798
726.38	 0.795635782069
726.71	 0.770206122481
727.04	 0.753805368827
727.37	 0.748280912193
727.69	 0.755035384453
728.02	 0.774664652312
728.35	 0.806716240986
728.68	 0.84969337005
729.01	 0.901316503862
729.34	 0.95893750714
729.67	 1.01992198218
729.99	 1.08187890798
730.32	 1.14275666397
730.65	 1.20087824791
730.98	 1.25494960778
731.31	 1.30405001761
731.64	 1.34759682449
731.96	 1.38525070985
732.29	 1.41680513864
732.62	 1.44220495979
732.95	 1.46170247966
733.28	 1.47592901679
733.6	 1.48573100461
733.93	 1.49190855883
734.26	 1.49510008704
734.59	 1.49590400815
734.92	 1.49512514108
735.25	 1.49392385292
735.57	 1.49368148272
735.9	 1.49556228868
736.23	 1.4999607522
736.56	 1.50614511272
736.89	 1.51231712559
737.21	 1.51604463592
737.54	 1.51484238285
737.87	 1.50672162504
738.2	 1.49064859346
738.53	 1.46685260934
738.85	 1.43688189814
739.18	 1.40339599059
739.51	 1.36980487016
739.84	 1.3398459467
740.17	 1.31711029096
740.49	 1.30450305834
740.82	 1.30368096265
741.15	 1.31462914328
741.48	 1.33555205306
741.81	 1.36307367813
742.13	 1.39260215857
742.46	 1.41878297187
742.79	 1.43608610723
743.12	 1.4395635084
743.45	 1.42567730612
743.77	 1.39299201471
744.1	 1.3425534201
744.43	 1.27784964896
744.76	 1.20434767024
745.09	 1.12875505349
745.41	 1.05816581925
745.74	 0.999124116563
746.07	 0.956726329815
746.4	 0.934059722111
746.72	 0.932117495024
747.05	 0.950013096437
747.38	 0.985279635206
747.71	 1.03421173234
748.03	 1.09232518891
748.36	 1.15498518045
748.69	 1.21803635507
749.02	 1.27805911083
749.34	 1.33209565213
749.67	 1.3772134841
750.0	 1.41043043125
750.33	 1.42916801336
750.66	 1.43203582166
750.98	 1.41959207934
751.31	 1.39466267031
751.64	 1.3619359414
751.97	 1.32692575093
752.29	 1.29472163951
752.62	 1.26899533734
752.95	 1.25152462684
753.28	 1.24220154052
753.6	 1.23936043436
753.93	 1.24030910335
754.26	 1.24196163294
754.58	 1.24143823371
754.91	 1.23651257459
755.24	 1.22581672744
755.57	 1.20878948395
755.89	 1.1855124405
756.22	 1.15662119901
756.55	 1.12333086924
756.88	 1.08750394727
757.2	 1.05166348578
757.53	 1.0188278054
757.86	 0.992131459016
758.19	 0.974372004104
758.51	 0.967649115109
758.84	 0.97315529893
759.17	 0.991097976711
759.49	 1.02072446106
759.82	 1.06043975359
760.15	 1.10797948101
760.48	 1.16056910455
760.8	 1.21505567654
761.13	 1.26804599985
761.46	 1.31609023799
761.78	 1.35600836458
762.11	 1.38541319428
762.44	 1.40325963538
762.77	 1.41015902897
763.09	 1.40834211104
763.42	 1.40130645175
763.75	 1.39324385967
764.07	 1.38835054668
764.4	 1.39013075924
764.73	 1.40083359088
765.05	 1.42115374937
765.38	 1.45024005138
765.71	 1.48596953597
766.04	 1.52542969942
766.36	 1.56553076246
766.69	 1.60357233787
767.02	 1.63754530222
767.34	 1.66612972064
767.67	 1.68857997028
768.0	 1.70465911002
768.32	 1.7146058134
768.65	 1.71905909566
768.98	 1.71892268146
769.3	 1.7152065983
769.63	 1.70885214485
769.96	 1.70051621477
770.28	 1.69042754563
770.61	 1.67849759737
770.94	 1.66463045071
771.26	 1.64897688763
771.59	 1.6320244879
771.92	 1.61464674078
772.24	 1.59824738117
772.57	 1.5849525887
772.9	 1.57762077002
773.22	 1.57948403471
773.55	 1.59349788449
773.88	 1.62166469673
774.2	 1.66455782747
774.53	 1.72112203004
774.86	 1.78872997947
775.18	 1.86347208878
775.51	 1.94062650715
775.84	 2.01518760654
776.16	 2.08237319913
776.49	 2.13815357855
776.82	 2.17984472953
777.14	 2.20663925895
777.47	 2.21980537507
777.8	 2.2223421768
778.12	 2.21812556778
778.45	 2.21087259108
778.78	 2.20337153483
779.1	 2.19724020484
779.43	 2.19315577085
779.75	 2.19131290205
780.08	 2.19186657683
780.41	 2.19518981082
780.73	 2.20187348247
781.06	 2.21250986616
781.39	 2.22736143404
781.71	 2.24604297939
782.04	 2.26737000388
782.37	 2.28944617412
782.69	 2.30993154905
783.02	 2.32640440464
783.34	 2.33675324684
783.67	 2.33950078235
784.0	 2.3339314634
784.32	 2.32002674758
784.65	 2.29837651568
784.97	 2.27014160651
785.3	 2.23697743007
785.63	 2.20090090499
785.95	 2.16417164601
786.28	 2.12917416243
786.61	 2.09822890335
786.93	 2.07331405274
787.26	 2.05579553591
787.58	 2.04632555508
787.91	 2.04491684168
788.24	 2.05100666131
788.56	 2.06340912635
788.89	 2.08033290915
789.21	 2.09969799542
789.54	 2.11963213839
789.87	 2.13876740231
790.19	 2.1562234528
790.52	 2.17149812969
790.84	 2.18442861959
791.17	 2.19517459064
791.5	 2.20411774332
791.82	 2.211649105
792.15	 2.21790440869
792.47	 2.22259274161
792.8	 2.2250814252
793.12	 2.22475998175
793.45	 2.22152843128
793.78	 2.21616572353
794.1	 2.21031895853
794.43	 2.20593665183
794.75	 2.20424696425
795.08	 2.20482584729
795.4	 2.20541772466
795.73	 2.2026084394
796.06	 2.19286233479
796.38	 2.17345543068
796.71	 2.14311958253
797.03	 2.10235761783
797.36	 2.05341813915
797.68	 1.99992818123
798.01	 1.94628115976
798.34	 1.8969874709
798.66	 1.85612071451
798.99	 1.82685177681
799.31	 1.81106042421
799.64	 1.80908439247
799.96	 1.81967367501
800.29	 1.84012818115
800.61	 1.86652947895
800.94	 1.89409986196
801.27	 1.91786541702
801.59	 1.9336231715
801.92	 1.93886618818
802.24	 1.93327701956
802.57	 1.91864838143
802.89	 1.89830284965
803.22	 1.87625123477
803.54	 1.85642084401
803.87	 1.84209958644
804.19	 1.83546996777
804.52	 1.8371148807
804.84	 1.8456264734
805.17	 1.85763587886
805.5	 1.86847506034
805.82	 1.87327566342
806.15	 1.86797025635
806.47	 1.84981366849
806.8	 1.81746939691
807.12	 1.77087113537
807.45	 1.71099176571
807.77	 1.63956769957
808.1	 1.55873790718
808.42	 1.47064303627
808.75	 1.37731859144
809.07	 1.28116750551
809.4	 1.1857620194
809.72	 1.09638744442
810.05	 1.02000653577
810.37	 0.964721156421
810.7	 0.93887332069
811.02	 0.949846310139
811.35	 1.00265417707
811.67	 1.09849397346
812.0	 1.2335790156
812.32	 1.39876118882
812.65	 1.58038645633
812.97	 1.76236838537
813.3	 1.92898934867
813.62	 2.06772420259
813.95	 2.17129516541
814.27	 2.23831161712
814.6	 2.27243501098
814.92	 2.28065368745
815.25	 2.27139649316
815.57	 2.25292921132
815.9	 2.23220137093
816.22	 2.21417933516
816.55	 2.20162900474
816.87	 2.19523096617
817.2	 2.19381659994
817.52	 2.19461150532
817.85	 2.19368981164
818.17	 2.18691963262
818.5	 2.17130338382
818.82	 2.14617706365
819.15	 2.11365267905
819.47	 2.07804698054
819.8	 2.04456423051
820.12	 2.01779731674
820.44	 2.00053819607
820.77	 1.9931507232
821.09	 1.99359159594
821.42	 1.99798978195
821.74	 2.00145804465
822.07	 1.99879609527
822.39	 1.9849751281
822.72	 1.95548583277
823.04	 1.90675874798
823.37	 1.83683218785
823.69	 1.74611385198
824.01	 1.63784180002
824.34	 1.51799567779
824.66	 1.39467133618
824.99	 1.27710613758
825.31	 1.17462900602
825.64	 1.09576727476
825.96	 1.04763348313
826.29	 1.03560376692
826.61	 1.06312178707
826.93	 1.13137994056
827.26	 1.23888003938
827.58	 1.38118623454
827.91	 1.5511286783
828.23	 1.73941728598
828.56	 1.93548716084
828.88	 2.12843455057
829.21	 2.30785719746
829.53	 2.46437991842
829.85	 2.58984431727
830.18	 2.67742391255
830.5	 2.7220547232
830.83	 2.72138866306
831.15	 2.67693300318
831.47	 2.59459453854
831.8	 2.48412789426
832.12	 2.35773599057
832.45	 2.228450918
832.77	 2.10873671644
833.1	 2.00945170134
833.42	 1.93920805096
833.74	 1.90411797353
834.07	 1.90771207383
834.39	 1.95073311844
834.72	 2.03078660402
835.04	 2.14211492302
835.36	 2.27579179578
835.69	 2.42055473684
836.01	 2.56426343816
836.34	 2.69558134499
836.66	 2.8054071133
836.98	 2.88797914125
837.31	 2.94173570415
837.63	 2.96961715238
837.96	 2.97830745179
838.28	 2.97640954996
838.6	 2.97219559141
838.93	 2.9718013383
839.25	 2.9784309255
839.58	 2.99250832323
839.9	 3.01226674051
840.22	 3.03433152503
840.55	 3.05422857359
840.87	 3.06702485665
841.19	 3.06818616887
841.52	 3.05440834221
841.84	 3.02412404782
842.17	 2.97763562143
842.49	 2.91703377502
842.81	 2.84610112618
843.14	 2.77028964323
843.46	 2.69661151524
843.78	 2.633094442
844.11	 2.58761677109
844.43	 2.56636473508
844.76	 2.57244572998
845.08	 2.60517649484
845.4	 2.66034799762
845.73	 2.73140422846
846.05	 2.81103011652
846.37	 2.89248315586
846.7	 2.97034739625
847.02	 3.04079880794
847.34	 3.10151093376
847.67	 3.15128951592
847.99	 3.18969405572
848.31	 3.21693070506
848.64	 3.23402319455
848.96	 3.24306854799
849.28	 3.24734265256
849.61	 3.2509869617
849.93	 3.25815932687
850.25	 3.27190429058
850.58	 3.29323769191
850.9	 3.32086192603
851.22	 3.35167352817
851.55	 3.38192899092
851.87	 3.40861644728
852.19	 3.43039044621
852.52	 3.44768680617
852.84	 3.46228014668
853.16	 3.47688187749
853.49	 3.49496990261
853.81	 3.52048498256
854.13	 3.55710630379
854.46	 3.60734640426
854.78	 3.67197202943
855.1	 3.75005511415
855.43	 3.83951698541
855.75	 3.93769269881
856.07	 4.0416110368
856.4	 4.14821511621
856.72	 4.2548387759
857.04	 4.35974508444
857.37	 4.46229374374
857.69	 4.56269567823
858.01	 4.66169057921
858.33	 4.76042965668
858.66	 4.86054266655
858.98	 4.9640807421
859.3	 5.07301740942
859.63	 5.18838303413
859.95	 5.30956996123
860.27	 5.4343518994
860.6	 5.55967082793
860.92	 5.68270330673
861.24	 5.80152467661
861.56	 5.91501308138
861.89	 6.02223269774
862.21	 6.12181278763
862.53	 6.21162600955
862.86	 6.28876902418
863.18	 6.3497761108
863.5	 6.39111562397
863.82	 6.41000185157
864.15	 6.40529619441
864.47	 6.37822723116
864.79	 6.33286238143
865.11	 6.27618886931
865.44	 6.21751797624
865.76	 6.16728590477
866.08	 6.13582744448
866.41	 6.13264576434
866.73	 6.16618367851
867.05	 6.24367460348
867.37	 6.37063376992
867.7	 6.54993571732
868.02	 6.78083924669
868.34	 7.05839076733
868.66	 7.37363274044
868.99	 7.71503117324
869.31	 8.07084339935
869.63	 8.43121937013
869.95	 8.78902766317
870.28	 9.13947612154
870.6	 9.47929171906
870.92	 9.80615929841
871.24	 10.1186782793
871.57	 10.4167128655
871.89	 10.7018114348
872.21	 10.977329194
872.53	 11.2479922869
872.86	 11.5188445939
873.18	 11.7939192302
873.5	 12.0753701684
873.82	 12.3635364764
874.15	 12.65765012
874.47	 12.9566056993
874.79	 13.2595798691
875.11	 13.5665783519
875.43	 13.8787843666
875.76	 14.1983543297
876.08	 14.5275592869
876.4	 14.8676443831
876.72	 15.2180542067
877.05	 15.5766194592
877.37	 15.9408078943
877.69	 16.3094413848
878.01	 16.684003453
878.33	 17.0690049154
878.66	 17.4713470655
878.98	 17.8988446366
879.3	 18.3582735774
879.62	 18.85362206
879.94	 19.3852248774
880.27	 19.9500370795
880.59	 20.5429184621
880.91	 21.1585644422
881.23	 21.793445376
881.55	 22.4470284732
881.88	 23.121882007
882.2	 23.8227532686
882.52	 24.5550310832
882.84	 25.3231527975
883.16	 26.1295196062
883.49	 26.9741054655
883.81	 27.854410418
884.13	 28.7654404246
884.45	 29.6999273813
884.77	 30.6491474684
885.1	 31.6041830023
885.42	 32.5570623974
885.74	 33.5014361077
886.06	 34.4328154564
886.38	 35.3484571242
886.71	 36.2470552625
887.03	 37.12858617
887.35	 37.9944279958
887.67	 38.8474461273
887.99	 39.6917663003
888.31	 40.5322533067
888.64	 41.373833921
888.96	 42.2208772847
889.28	 43.076829634
889.6	 43.9440146021
889.92	 44.8233814392
890.24	 45.714347443
890.57	 46.6151185659
890.89	 47.523467153
891.21	 48.437525874
891.53	 49.3563020462
891.85	 50.2798898731
892.17	 51.2093287683
892.49	 52.1459636005
892.82	 53.0903447933
893.14	 54.0410650408
893.46	 54.9940323937
893.78	 55.9424324978
894.1	 56.8773509893
894.42	 57.7888071754
894.74	 58.6668686025
895.07	 59.5027330406
895.39	 60.2898154378
895.71	 61.0246612592
896.03	 61.7073654217
896.35	 62.3413890651
896.67	 62.9329285107
896.99	 63.4900428304
897.32	 64.0216478277
897.64	 64.5364719142
897.96	 65.0421864702
898.28	 65.544870094
898.6	 66.0486695733
898.92	 66.5553810837
899.24	 67.0638865017
899.56	 67.5696334031
899.89	 68.0644561371
900.21	 68.5370534892
900.53	 68.9742143377
900.85	 69.362462079
901.17	 69.6896429942
901.49	 69.9461792181
901.81	 70.1259547283
902.13	 70.2270358971
902.45	 70.2524121504
902.78	 70.2104898213
903.1	 70.1147408013
903.42	 69.9822347154
903.74	 69.8313537979
904.06	 69.6791149286
904.38	 69.5383889001
904.7	 69.4156011508
905.02	 69.309909768
905.34	 69.2143432212
905.66	 69.1182019919
905.98	 69.0095244296
906.31	 68.8768681173
906.63	 68.710309613
906.95	 68.5018946338
907.27	 68.2457290317
907.59	 67.9378253989
907.91	 67.5759167655
908.23	 67.1594214224
908.55	 66.6895630273
908.87	 66.1696529508
909.19	 65.6055423612
909.51	 65.0059603526
909.83	 64.3822976557
910.15	 63.7477220773
910.48	 63.1159086409
910.8	 62.4996945686
911.12	 61.9097258983
911.44	 61.3530304348
911.76	 60.8316301019
912.08	 60.3415974002
912.4	 59.8731049095
912.72	 59.4118941388
913.04	 58.9420644491
913.36	 58.4493556525
913.68	 57.9238017459
914.0	 57.3610373621
914.32	 56.7622814137
914.64	 56.1335195872
914.96	 55.4843382533
915.28	 54.8265684519
915.6	 54.1728921061
915.93	 53.5356945298
916.25	 52.9262284748
916.57	 52.3537918414
916.89	 51.8248128676
917.21	 51.3423005772
917.53	 50.906159174
917.85	 50.5142611275
918.17	 50.1635954674
918.49	 49.8507701239
918.81	 49.5716377068
919.13	 49.3203852872
919.45	 49.0886610753
919.77	 48.8651907021
920.09	 48.6361559654
920.41	 48.3865160232
920.73	 48.1021076874
921.05	 47.7718228648
921.37	 47.38925674
921.69	 46.953847005
922.01	 46.4716757448
922.33	 45.9557939783
922.65	 45.4257600573
922.97	 44.9061541838
923.29	 44.4240867875
923.61	 44.0061473412
923.93	 43.6757295473
924.25	 43.4517074134
924.57	 43.3483753095
924.89	 43.3751652379
925.21	 43.5347810915
925.53	 43.8200554115
925.85	 44.2110100136
926.17	 44.6732990461
926.49	 45.158382467
926.81	 45.605528198
927.13	 45.9460303635
927.45	 46.110097127
927.77	 46.0366238713
928.09	 45.6854718912
928.41	 45.0494621145
928.73	 44.16036286
929.05	 43.0851239839
929.37	 41.9147810826
929.69	 40.7510872181
930.01	 39.6935887425
930.33	 38.8275017002
930.65	 38.2125716147
930.97	 37.8749191892
931.29	 37.8056914706
931.61	 37.9681840181
931.93	 38.3099839673
932.25	 38.7746109979
932.57	 39.3095040608
932.89	 39.870276705
933.21	 40.4225210753
933.53	 40.9421822299
933.85	 41.4147105693
934.17	 41.8328543576
934.49	 42.1933716316
934.81	 42.4936312526
935.12	 42.7291057135
935.44	 42.8918802418
935.76	 42.96966728
936.08	 42.9452835931
936.4	 42.7972344923
936.72	 42.5020165716
937.04	 42.0382345834
937.36	 41.3918322955
937.68	 40.5608714363
938.0	 39.5583434056
938.32	 38.4127438875
938.64	 37.1672349403
938.96	 35.8782743433
939.28	 34.6146491568
939.6	 33.4580016737
939.92	 32.5038188523
940.24	 31.8582930031
940.55	 31.6260861802
940.87	 31.8867450709
941.19	 32.6612491576
941.51	 33.8792874752
941.83	 35.3681786711
942.15	 36.8768724831
942.47	 38.1251692033
942.79	 38.8571530087
943.11	 38.8866094526
943.43	 38.1328320924
943.75	 36.6451918768
944.07	 34.6078138438
944.39	 32.3154987283
944.7	 30.1222326665
945.02	 28.3729823177
945.34	 27.3366569517
945.66	 27.1634488645
945.98	 27.878364591
946.3	 29.399495199
946.62	 31.5639545185
946.94	 34.1575335398
947.26	 36.9492680433
947.58	 39.7248222538
947.89	 42.3100255862
948.21	 44.5821331514
948.53	 46.4718112996
948.85	 47.9592564524
949.17	 49.0662250179
949.49	 49.8451654464
949.81	 50.3673258684
950.13	 50.7116430223
950.45	 50.9547902275
950.76	 51.1622088696
951.08	 51.3811985431
951.4	 51.6378627734
951.72	 51.9383922726
952.04	 52.2733642584
952.36	 52.6231761462
952.68	 52.9632142477
953.0	 53.2680475602
953.31	 53.5146990211
953.63	 53.6856101579
953.95	 53.7716868506
954.27	 53.7750347639
954.59	 53.7102500513
954.91	 53.6028719676
955.23	 53.4844803446
955.54	 53.3856841797
955.86	 53.3296145477
956.18	 53.328465767
956.5	 53.3838262371
956.82	 53.4893923496
957.14	 53.6342184589
957.46	 53.8055887196
957.77	 53.9913152403
958.09	 54.1814467646
958.41	 54.369308906
958.73	 54.5518577726
959.05	 54.729574055
959.37	 54.9060072362
959.69	 55.0868212489
960.0	 55.278674073
960.32	 55.4888510143
960.64	 55.7257211332
960.96	 55.9985911851
961.28	 56.3157926912
961.6	 56.6817065361
961.91	 57.094584851
962.23	 57.5465629956
962.55	 58.0259138996
962.87	 58.5201620882
963.19	 59.0179931273
963.5	 59.508988471
963.82	 59.9823796232
964.14	 60.4266410245
964.46	 60.8302612864
964.78	 61.1829673969
965.1	 61.4770971155
965.41	 61.7090397275
965.73	 61.8802356631
966.05	 61.9974393079
966.37	 62.0725930034
966.69	 62.1225434748
967.0	 62.1683012631
967.32	 62.2335425424
967.64	 62.3424915567
967.96	 62.517536096
968.28	 62.7767957302
968.59	 63.1318055089
968.91	 63.5854901156
969.23	 64.1306389959
969.55	 64.7494256139
969.87	 65.4146763599
970.18	 66.0930915132
970.5	 66.7499060522
970.82	 67.3539042863
971.14	 67.8814526308
971.46	 68.3186699001
971.77	 68.6616588163
972.09	 68.9150989526
972.41	 69.0895814762
972.73	 69.198416452
973.04	 69.2550341768
973.36	 69.271780399
973.68	 69.2598868023
974.0	 69.2296949909
974.32	 69.1904052027
974.63	 69.1492415665
974.95	 69.1104346904
975.27	 69.0745485028
975.59	 69.038357815
975.9	 68.9951359425
976.22	 68.935192049
976.54	 68.846630653
976.86	 68.7165102976
977.17	 68.5328281193
977.49	 68.287429361
977.81	 67.9788954079
978.13	 67.6140271547
978.44	 67.2073612781
978.76	 66.7790084308
979.08	 66.3514021046
979.4	 65.9459476791
979.71	 65.5806868213
980.03	 65.2691249229
980.35	 65.0193521105
980.67	 64.833150876
980.98	 64.7061309565
981.3	 64.6298225674
981.62	 64.595039942
981.94	 64.5948508955
982.25	 64.6261556654
982.57	 64.68989844
982.89	 64.7900984621
983.2	 64.9317663712
983.52	 65.1181508115
983.84	 65.348279535
984.16	 65.6158648492
984.47	 65.9100670568
984.79	 66.217471466
985.11	 66.5239455025
985.42	 66.8156585446
985.74	 67.0797786397
986.06	 67.3056344083
986.38	 67.4860927378
986.69	 67.6182314614
987.01	 67.7030788755
987.33	 67.744764227
987.64	 67.7491705757
987.96	 67.722365356
988.28	 67.6695791046
988.6	 67.5951156982
988.91	 67.5027275907
989.23	 67.3958379337
989.55	 67.277594061
989.86	 67.1510940459
990.18	 67.0197459807
990.5	 66.8872460383
990.81	 66.7567544327
991.13	 66.6297378239
991.45	 66.5057993145
991.76	 66.3840325513
992.08	 66.2647154242
992.4	 66.1499016976
992.72	 66.0427291422
993.03	 65.9463772485
993.35	 65.8637860905
993.67	 65.7983119423
993.98	 65.754068445
994.3	 65.7345293931
994.62	 65.7397209428
994.93	 65.7643100617
995.25	 65.7988632125
995.57	 65.8341392804
995.88	 65.8655872386
996.2	 65.8948337415
996.52	 65.9272721169
996.83	 65.9675699231
997.15	 66.0155487031
997.47	 66.0637973259
997.78	 66.0975475242
998.1	 66.0970730462
998.42	 66.042044558
998.73	 65.9161620619
999.05	 65.710349876
999.36	 65.4238497813
999.68	 65.063592728
1000.0	 64.6426669756
1000.31	 64.1786927983
1000.63	 63.6927517907
1000.95	 63.2091790417
1001.26	 62.755898266
1001.58	 62.3642694008
1001.9	 62.0672063765
1002.21	 61.895058466
1002.53	 61.8697572629
1002.84	 61.9983504958
1003.16	 62.2685896151
1003.48	 62.650513072
1003.79	 63.104116193
1004.11	 63.5873973793
1004.43	 64.0604365201
1004.74	 64.4869442224
1005.06	 64.8357459145
1005.37	 65.0821680419
1005.69	 65.2086406097
1006.01	 65.2043477944
1006.32	 65.0637300248
1006.64	 64.784121507
1006.96	 64.3638427279
1007.27	 63.8020510573
1007.59	 63.1005125094
1007.9	 62.2665927077
1008.22	 61.3167146483
1008.54	 60.2797149168
1008.85	 59.1993365173
1009.17	 58.1346741306
1009.48	 57.1574687106
1009.8	 56.3456865404
1010.12	 55.7730178148
1010.43	 55.494775739
1010.75	 55.5342283696
1011.06	 55.8765803207
1011.38	 56.4740961837
1011.7	 57.257798376
1012.01	 58.1488609229
1012.33	 59.0673718079
1012.64	 59.9397290755
1012.96	 60.7053762643
1013.27	 61.3220584824
1013.59	 61.7686687503
1013.91	 62.0454539127
1014.22	 62.1716994001
1014.54	 62.1809869915
1014.85	 62.1144933079
1015.17	 62.0135131703
1015.48	 61.9128910755
1015.8	 61.8372980853
1016.12	 61.801459687
1016.43	 61.8132339033
1016.75	 61.8769670354
1017.06	 61.9951672205
1017.38	 62.1682156239
1017.69	 62.3929708602
1018.01	 62.6611743542
1018.32	 62.9582786732
1018.64	 63.2630358993
1018.96	 63.5479662543
1019.27	 63.7809025977
1019.59	 63.9276645674
1019.9	 63.955596521
1020.22	 63.8377233874
1020.53	 63.5572178433
1020.85	 63.1113414289
1021.16	 62.5134971623
1021.48	 61.7927507395
1021.79	 60.9916973025
1022.11	 60.1628772057
1022.43	 59.3621891728
1022.74	 58.639995327
1023.06	 58.0346836081
1023.37	 57.5721474311
1023.69	 57.2694826728
1024.0	 57.1390745209
1024.32	 57.190459988
1024.63	 57.4289755996
1024.95	 57.8519859264
1025.26	 58.4450917797
1025.58	 59.1809922368
1025.89	 60.0221436993
1026.21	 60.9259608043
1026.52	 61.8502892681
1026.84	 62.7573624294
1027.15	 63.6150218099
1027.47	 64.3952793774
1027.78	 65.0720262412
1028.1	 65.6196009488
1028.41	 66.0124933804
1028.73	 66.2257573164
1029.04	 66.2357327284
1029.36	 66.0212154353
1029.67	 65.5664166487
1029.99	 64.867244918
1030.3	 63.9402294282
1030.62	 62.8304996872
1030.93	 61.6146040061
1031.25	 60.3963864835
1031.56	 59.296845879
1031.88	 58.4386903264
1032.19	 57.9256132836
1032.51	 57.8211238652
1032.82	 58.1382045126
1033.14	 58.8465977288
1033.45	 59.8913992503
1033.77	 61.2106817145
1034.08	 62.7442381541
1034.4	 64.4321973478
1034.71	 66.2073932796
1035.03	 67.9874939392
1035.34	 69.6712241614
1035.66	 71.1406032434
1035.97	 72.2708370568
1036.28	 72.9488182277
1036.6	 73.0968790072
1036.91	 72.6937025325
1037.23	 71.7844812392
1037.54	 70.4775407461
1037.86	 68.9301000591
1038.17	 67.3275797093
1038.49	 65.8592748892
1038.8	 64.6913772572
1039.12	 63.9390756489
1039.43	 63.6446899077
1039.74	 63.7731530733
1040.06	 64.2291383289
1040.37	 64.8862843179
1040.69	 65.6146583784
1041.0	 66.2991614313
1041.32	 66.8484797026
1041.63	 67.1975153019
1041.95	 67.3069298508
1042.26	 67.1621256325
1042.57	 66.7719366295
1042.89	 66.1661195935
1043.2	 65.3914260418
1043.52	 64.5075301236
1043.83	 63.5840444955
1044.15	 62.6982534099
1044.46	 61.9322459823
1044.77	 61.3689826417
1045.09	 61.0881297432
1045.4	 61.1624520352
1045.72	 61.6542932308
1046.03	 62.6105741246
1046.35	 64.0553388257
1046.66	 65.9811340944
1046.97	 68.3414095817
1047.29	 71.0447812959
1047.6	 73.9516285671
1047.92	 76.8751234297
1048.23	 79.5897592969
1048.54	 81.8490372568
1048.86	 83.4119765323
1049.17	 84.0782246816
1049.49	 83.7304418912
1049.8	 82.3725184855
1050.11	 80.140904951
1050.43	 77.2770639314
1050.74	 74.0763897331
1051.06	 70.8381121001
1051.37	 67.8261798591
1051.68	 65.2389661052
1052.0	 63.1875945437
1052.31	 61.6892320244
1052.62	 60.6805672677
1052.94	 60.0464728045
1053.25	 59.6508799547
1053.57	 59.359990077
1053.88	 59.0565508908
1054.19	 58.6476757725
1054.51	 58.0676313435
1054.82	 57.2778595081
1055.13	 56.2676394607
1055.45	 55.0558337314
1055.76	 53.6919568344
1056.08	 52.2558118786
1056.39	 50.853868743
1056.7	 49.6094077829
1057.02	 48.6481573018
1057.33	 48.0867459016
1057.64	 48.0288239907
1057.96	 48.5654127399
1058.27	 49.7722047686
1058.58	 51.6999248183
1058.9	 54.3578104752
1059.21	 57.6910814588
1059.52	 61.5549645997
1059.84	 65.6953028417
1060.15	 69.752538464
1060.46	 73.2984910414
1060.78	 75.900522987
1061.09	 77.2015279022
1061.4	 76.9961660577
1061.72	 75.2704674747
1062.03	 72.184655169
1062.34	 68.0162784072
1062.66	 63.0963927997
1062.97	 57.7575114075
1063.28	 52.2988466073
1063.6	 46.9697028492
1063.91	 41.9676820202
1064.22	 37.4450213939
1064.54	 33.5132921938
1064.85	 30.237646824
1065.16	 27.6272071963
1065.48	 25.6437010578
1065.79	 24.2357337743
1066.1	 23.3741987848
1066.42	 23.059428059
1066.73	 23.2957914538
1067.04	 24.0543810518
1067.36	 25.2523649243
1067.67	 26.7633914947
1067.98	 28.4481643554
1068.29	 30.1844338575
1068.61	 31.885126303
1068.92	 33.5037494181
1069.23	 35.0297799915
1069.55	 36.4767360766
1069.86	 37.8651544172
1070.17	 39.2044976906
1070.49	 40.4799739066
1070.8	 41.6471351037
1071.11	 42.6329714144
1071.42	 43.3436003832
1071.74	 43.678922248
1072.05	 43.5486090539
1072.36	 42.882680473
1072.68	 41.6376226515
1072.99	 39.8023582866
1073.3	 37.4039063135
1073.61	 34.5098661498
1073.93	 31.2261248586
1074.24	 27.6896911506
1074.55	 24.0574755918
1074.86	 20.4916934402
1075.18	 17.1426397868
1075.49	 14.1325951052
1075.8	 11.5468788886
1076.11	 9.43375610086
1076.43	 7.80912258315
1076.74	 6.66391916403
1077.05	 5.97640343254
1077.37	 5.72657208492
1077.68	 5.90345920921
1077.99	 6.50172977965
1078.3	 7.51560549175
1078.62	 8.93829722532
1078.93	 10.7647162024
1079.24	 12.9902682324
1079.55	 15.602182882
1079.86	 18.5627877408
1080.18	 21.7857206459
1080.49	 25.1126063431
1080.8	 28.3038765662
1081.11	 31.0514432936
1081.43	 33.0088062896
1081.74	 33.8302176111
1082.05	 33.2129509839
1082.36	 30.9380096232
1082.68	 26.9058828681
1082.99	 21.1664253254
1083.3	 13.9408975572
1083.61	 5.62932451422
1083.92	 -3.20408549676
1084.24	 -11.8699126075
1084.55	 -19.6181829088
1084.86	 -25.7337124728
1085.17	 -29.6633646258
1085.49	 -31.1461944409
1085.8	 -30.2797149987
1086.11	 -27.4766182548
1086.42	 -23.3428354718
1086.73	 -18.5445274499
1087.05	 -13.7004277344
1087.36	 -9.30342075845
1087.67	 -5.67315944002
1087.98	 -2.94306211036
1088.29	 -1.07760572252
1088.61	 0.0863658091943
1088.92	 0.780100085489
1089.23	 1.24018572582
1089.54	 1.66390757047
1089.85	 2.19317081955
1090.17	 2.91957198326
1090.48	 3.89310081789
1090.79	 5.12286371477
1091.1	 6.57507024667
1091.41	 8.18016150392
1091.72	 9.85000701611
1092.04	 11.4946922756
1092.35	 13.0292939968
1092.66	 14.3698985918
1092.97	 15.4250316677
1093.28	 16.0903493952
1093.59	 16.2538303933
1093.91	 15.8144999339
1094.22	 14.7087186911
1094.53	 12.9322057535
1094.84	 10.5497156963
1095.15	 7.69263618725
1095.46	 4.54926243786
1095.78	 1.35093692804
1096.09	 -1.64572904259
1096.4	 -4.1787534329
1096.71	 -5.99763504825
1097.02	 -6.87610445366
1097.33	 -6.62695613272
1097.65	 -5.12225247663
1097.96	 -2.31398847177
1098.27	 1.75267005346
1098.58	 6.94127933409
1098.89	 13.0438287229
1099.2	 19.8114556913
1099.51	 26.9859733659
1099.83	 34.3242901592
1100.14	 41.6103018301
