# #1 Wavelength (nm) #2 Transmittance ()
2.801999999999999886e+02 1.273646948059999930e-02
2.805400000000000205e+02 7.520089021910000490e-03
2.808799999999999955e+02 6.232004337560000107e-03
2.812300000000000182e+02 8.506915809299998854e-03
2.815699999999999932e+02 1.237111589970000050e-02
2.819100000000000250e+02 1.680092622529999816e-02
2.822599999999999909e+02 2.456756246019999729e-02
2.826000000000000227e+02 2.091583461549999939e-02
2.829399999999999977e+02 2.171883862400000170e-02
2.832799999999999727e+02 9.971403974239999649e-03
2.836299999999999955e+02 8.330321817760000247e-03
2.839700000000000273e+02 4.125177454060000373e-03
2.843100000000000023e+02 9.590363275280001237e-03
2.846600000000000250e+02 7.924289197999999368e-03
2.850000000000000000e+02 7.612866453290000404e-03
2.853399999999999750e+02 1.097246655899999966e-03
2.856899999999999977e+02 3.129147559780000223e-03
2.860299999999999727e+02 4.953024059979999581e-04
2.863700000000000045e+02 1.370673171090000010e-02
2.867099999999999795e+02 2.318084979660000114e-02
2.870600000000000023e+02 2.529774844099999878e-02
2.873999999999999773e+02 2.748644853749999950e-02
2.877400000000000091e+02 2.447740073239999814e-02
2.880899999999999750e+02 2.219156666400000019e-02
2.884300000000000068e+02 1.639379546830000214e-02
2.887699999999999818e+02 2.284496715920000115e-02
2.891100000000000136e+02 3.519400422179999599e-02
2.894599999999999795e+02 3.051345608070000007e-02
2.898000000000000114e+02 3.248135332100000189e-02
2.901399999999999864e+02 2.640136362780000009e-02
2.904900000000000091e+02 3.426748595959999699e-02
2.908299999999999841e+02 2.543437214489999848e-02
2.911700000000000159e+02 2.087120987119999924e-02
2.915099999999999909e+02 2.099139903419999786e-02
2.918600000000000136e+02 2.201978998960000058e-02
2.921999999999999886e+02 3.373252615419999878e-02
2.925400000000000205e+02 3.538171963819999877e-02
2.928799999999999955e+02 4.006301162009999473e-02
2.932300000000000182e+02 3.764102576239999887e-02
2.935699999999999932e+02 3.966368144560000059e-02
2.939100000000000250e+02 3.950995211459999712e-02
2.942599999999999909e+02 3.603537227260000114e-02
2.946000000000000227e+02 3.020362846139999780e-02
2.949399999999999977e+02 2.658286080389999848e-02
2.952799999999999727e+02 2.512713140829999844e-02
2.956299999999999955e+02 2.852881089539999887e-02
2.959700000000000273e+02 2.639673230529999970e-02
2.963100000000000023e+02 2.382106969429999971e-02
2.966499999999999773e+02 2.277600648640000155e-02
2.970000000000000000e+02 3.159629017920000116e-02
2.973399999999999750e+02 3.676662109730000072e-02
2.976800000000000068e+02 4.457092408540000439e-02
2.980199999999999818e+02 4.263230990350000416e-02
2.983700000000000045e+02 4.166906784930000246e-02
2.987099999999999795e+02 3.066714053060000042e-02
2.990500000000000114e+02 2.634361130989999744e-02
2.993899999999999864e+02 2.412213301149999933e-02
2.997400000000000091e+02 2.263817641909999720e-02
3.000799999999999841e+02 2.304844511729999684e-02
3.004200000000000159e+02 2.590550630300000184e-02
3.007699999999999818e+02 2.690792391660000102e-02
3.011100000000000136e+02 3.086890900459999740e-02
3.014499999999999886e+02 2.597446014420000046e-02
3.017900000000000205e+02 2.348177918529999880e-02
3.021399999999999864e+02 1.320886192119999879e-02
3.024800000000000182e+02 1.816248400419999756e-02
3.028199999999999932e+02 1.971975532300000028e-02
3.031600000000000250e+02 2.223493939249999995e-02
3.035000000000000000e+02 1.303915213490000093e-02
3.038500000000000227e+02 1.349269366279999896e-02
3.041899999999999977e+02 1.088848886739999904e-02
3.045299999999999727e+02 1.708982449060000158e-02
3.048700000000000045e+02 1.950890286349999878e-02
3.052200000000000273e+02 2.238951937910000148e-02
3.055600000000000023e+02 1.768066870739999977e-02
3.058999999999999773e+02 1.640737163440000174e-02
3.062400000000000091e+02 1.512645888540000046e-02
3.065899999999999750e+02 1.131610792580000149e-02
3.069300000000000068e+02 1.613454887769999804e-02
3.072699999999999818e+02 1.794480898079999984e-02
3.076100000000000136e+02 3.124572001229999896e-02
3.079599999999999795e+02 2.475200270859999677e-02
3.083000000000000114e+02 2.386137899040000065e-02
3.086399999999999864e+02 1.518692797919999997e-02
3.089800000000000182e+02 1.070812084009999977e-02
3.093299999999999841e+02 1.359084925719999948e-02
3.096700000000000159e+02 2.178405919569999932e-02
3.100099999999999909e+02 2.495392045790000013e-02
3.103500000000000227e+02 1.672546093659999997e-02
3.106899999999999977e+02 1.348798240410000078e-02
3.110400000000000205e+02 7.999163404460000321e-03
3.113799999999999955e+02 1.886353503839999918e-02
3.117200000000000273e+02 7.135530147640000223e-03
3.120600000000000023e+02 9.712765991929999884e-03
3.124100000000000250e+02 0.000000000000000000e+00
3.127500000000000000e+02 1.222025592000000084e-02
3.130899999999999750e+02 1.470453848249999966e-02
3.134300000000000068e+02 3.133256695770000183e-02
3.137699999999999818e+02 2.967255594960000256e-02
3.141200000000000045e+02 2.889955565629999737e-02
3.144599999999999795e+02 2.574828468739999779e-02
3.148000000000000114e+02 3.658483399920000462e-02
3.151399999999999864e+02 5.700485112920000014e-02
3.154800000000000182e+02 7.554140363479999731e-02
3.158299999999999841e+02 9.330554088579999517e-02
3.161700000000000159e+02 1.142741314330000119e-01
3.165099999999999909e+02 1.236718879430000056e-01
3.168500000000000227e+02 1.421276366760000076e-01
3.171999999999999886e+02 1.570529243129999974e-01
3.175400000000000205e+02 1.837131963330000117e-01
3.178799999999999955e+02 2.038629803750000025e-01
3.182200000000000273e+02 2.384547884939999807e-01
3.185600000000000023e+02 2.719319911810000323e-01
3.189100000000000250e+02 3.060869587439999928e-01
3.192500000000000000e+02 3.187366240039999910e-01
3.195899999999999750e+02 3.326011516980000304e-01
3.199300000000000068e+02 3.489646477710000028e-01
3.202699999999999818e+02 3.734305389029999867e-01
3.206200000000000045e+02 3.932537222300000468e-01
3.209599999999999795e+02 4.119439892190000507e-01
3.213000000000000114e+02 4.317015644839999888e-01
3.216399999999999864e+02 4.605819076909999921e-01
3.219800000000000182e+02 4.925779804930000005e-01
3.223299999999999841e+02 5.155180228030000755e-01
3.226700000000000159e+02 5.320820150470000343e-01
3.230099999999999909e+02 5.380208712130000182e-01
3.233500000000000227e+02 5.587740618040000218e-01
3.236899999999999977e+02 5.746420048699999450e-01
3.240400000000000205e+02 5.942751364960000560e-01
3.243799999999999955e+02 6.052570443679999856e-01
3.247200000000000273e+02 6.180609084689999699e-01
3.250600000000000023e+02 6.339174715579999342e-01
3.253999999999999773e+02 6.504224723529999919e-01
3.257400000000000091e+02 6.660692326490000870e-01
3.260899999999999750e+02 6.730696644750000512e-01
3.264300000000000068e+02 6.780084928030000180e-01
3.267699999999999818e+02 6.884458262100000558e-01
3.271100000000000136e+02 6.948358327859999184e-01
3.274499999999999886e+02 7.055016125980000385e-01
3.278000000000000114e+02 7.159857316880000599e-01
3.281399999999999864e+02 7.289724573579999811e-01
3.284800000000000182e+02 7.338302776470000399e-01
3.288199999999999932e+02 7.409838962889999658e-01
3.291600000000000250e+02 7.448362777970000126e-01
3.295000000000000000e+02 7.505932355589999272e-01
3.298500000000000227e+02 7.507533934000000242e-01
3.301899999999999977e+02 7.551272830000000935e-01
3.305299999999999727e+02 7.558105691630000456e-01
3.308700000000000045e+02 7.579407812380000165e-01
3.312099999999999795e+02 7.513459758359999352e-01
3.315500000000000114e+02 7.543425151149999452e-01
3.318999999999999773e+02 7.513050499809998950e-01
3.322400000000000091e+02 7.483077790279999419e-01
3.325799999999999841e+02 7.408888973539999867e-01
3.329200000000000159e+02 7.404220231649999429e-01
3.332599999999999909e+02 7.495573964589999916e-01
3.336000000000000227e+02 7.526662605670000339e-01
3.339499999999999886e+02 7.445282736639999843e-01
3.342900000000000205e+02 7.407802225840000032e-01
3.346299999999999955e+02 7.411217859259999763e-01
3.349700000000000273e+02 7.439511302069999887e-01
3.353100000000000023e+02 7.486019829879999588e-01
3.356499999999999773e+02 7.483161211079999431e-01
3.360000000000000000e+02 7.482258650230000363e-01
3.363399999999999750e+02 7.476300590100000143e-01
3.366800000000000068e+02 7.521879231440000702e-01
3.370199999999999818e+02 7.547349334659999576e-01
3.373600000000000136e+02 7.511930077930000227e-01
3.376999999999999886e+02 7.495111281649999846e-01
3.380400000000000205e+02 7.580866334920000060e-01
3.383899999999999864e+02 7.628268969170000080e-01
3.387300000000000182e+02 7.683206513429999829e-01
3.390699999999999932e+02 7.705432897949999749e-01
3.394100000000000250e+02 7.716536731190000165e-01
3.397500000000000000e+02 7.790161746840000845e-01
3.400899999999999750e+02 7.794634456640000542e-01
3.404399999999999977e+02 7.867989126489999263e-01
3.407799999999999727e+02 7.847303128329999877e-01
3.411200000000000045e+02 8.012060811129999571e-01
3.414599999999999795e+02 8.166891640100000238e-01
3.418000000000000114e+02 8.246278515139999765e-01
3.421399999999999864e+02 8.190075693769999221e-01
3.424800000000000182e+02 8.110636034959999296e-01
3.428299999999999841e+02 8.098783282260000327e-01
3.431700000000000159e+02 8.078711735669998895e-01
3.435099999999999909e+02 8.102001921079999835e-01
3.438500000000000227e+02 8.095557022960000459e-01
3.441899999999999977e+02 8.082438464109999998e-01
3.445299999999999727e+02 8.049109787749999523e-01
3.448700000000000045e+02 8.049596478009999334e-01
3.452099999999999795e+02 8.057336044199999714e-01
3.455600000000000023e+02 8.013165066919999413e-01
3.458999999999999773e+02 7.994921301860000717e-01
3.462400000000000091e+02 7.960342829709999846e-01
3.465799999999999841e+02 7.957232157529999794e-01
3.469200000000000159e+02 7.927958191650000819e-01
3.472599999999999909e+02 7.929442181979999837e-01
3.476000000000000227e+02 7.943573570030000308e-01
3.479399999999999977e+02 7.950240090740000598e-01
3.482900000000000205e+02 8.010723663180000509e-01
3.486299999999999955e+02 8.078139017909999886e-01
3.489700000000000273e+02 8.131158910240000592e-01
3.493100000000000023e+02 8.132622886770000115e-01
3.496499999999999773e+02 8.105112417650000012e-01
3.499900000000000091e+02 8.108182034740000210e-01
3.503299999999999841e+02 8.076755652379999928e-01
3.506700000000000159e+02 8.076070645560000649e-01
3.510199999999999818e+02 8.100312416110000413e-01
3.513600000000000136e+02 8.120983719700000103e-01
3.516999999999999886e+02 8.125801509090000430e-01
3.520400000000000205e+02 8.079729793440000307e-01
3.523799999999999955e+02 8.108991079550000869e-01
3.527200000000000273e+02 8.168443213630000033e-01
3.530600000000000023e+02 8.236053410460000279e-01
3.533999999999999773e+02 8.308130166140000883e-01
3.537400000000000091e+02 8.328101422029999812e-01
3.540899999999999750e+02 8.284669054950000167e-01
3.544300000000000068e+02 8.168570324639999880e-01
3.547699999999999818e+02 8.078642417379999774e-01
3.551100000000000136e+02 8.172346719680000371e-01
3.554499999999999886e+02 8.178646679109999873e-01
3.557900000000000205e+02 8.293194608170000315e-01
3.561299999999999955e+02 8.235385530040000290e-01
3.564700000000000273e+02 8.342969041459999957e-01
3.568100000000000023e+02 8.279922618509999444e-01
3.571499999999999773e+02 8.267379806729999725e-01
3.575000000000000000e+02 8.182893635339999472e-01
3.578399999999999750e+02 8.269251497419999319e-01
3.581800000000000068e+02 8.423297683600000640e-01
3.585199999999999818e+02 8.454616426920000816e-01
3.588600000000000136e+02 8.338912405259999439e-01
3.591999999999999886e+02 8.238037766769999992e-01
3.595400000000000205e+02 8.274519740769999965e-01
3.598799999999999955e+02 8.287400106440000469e-01
3.602200000000000273e+02 8.287342384820000074e-01
3.605600000000000023e+02 8.240405247409999800e-01
3.608999999999999773e+02 8.237163949829999776e-01
3.612500000000000000e+02 8.233159165249999134e-01
3.615899999999999750e+02 8.268454933149999020e-01
3.619300000000000068e+02 8.300264135930000009e-01
3.622699999999999818e+02 8.261653092059999537e-01
3.626100000000000136e+02 8.314055637769999230e-01
3.629499999999999886e+02 8.412757447449998871e-01
3.632900000000000205e+02 8.545636198159999308e-01
3.636299999999999955e+02 8.579119742410000748e-01
3.639700000000000273e+02 8.522081805060000015e-01
3.643100000000000023e+02 8.425226552369999844e-01
3.646499999999999773e+02 8.382198535390000815e-01
3.649900000000000091e+02 8.433840547259999765e-01
3.653299999999999841e+02 8.499613721379999376e-01
3.656800000000000068e+02 8.495004979440000659e-01
3.660199999999999818e+02 8.418829546210000458e-01
3.663600000000000136e+02 8.344271667809999293e-01
3.666999999999999886e+02 8.317293309570000792e-01
3.670400000000000205e+02 8.347481283650001194e-01
3.673799999999999955e+02 8.347528557539999339e-01
3.677200000000000273e+02 8.359883958899999579e-01
3.680600000000000023e+02 8.311512289429999756e-01
3.683999999999999773e+02 8.362192589849999358e-01
3.687400000000000091e+02 8.413736856049999213e-01
3.690799999999999841e+02 8.434973708249999813e-01
3.694200000000000159e+02 8.394930155890000245e-01
3.697599999999999909e+02 8.316529012879999572e-01
3.701000000000000227e+02 8.353112261980000230e-01
3.704399999999999977e+02 8.342838261470000294e-01
3.707900000000000205e+02 8.292624442310000399e-01
3.711299999999999955e+02 8.234422258710000220e-01
3.714700000000000273e+02 8.195595975000000699e-01
3.718100000000000023e+02 8.301965392680000777e-01
3.721499999999999773e+02 8.348146692260001167e-01
3.724900000000000091e+02 8.443415720810000247e-01
3.728299999999999841e+02 8.482024776170000724e-01
3.731700000000000159e+02 8.466311043979999340e-01
3.735099999999999909e+02 8.451837016810000991e-01
3.738500000000000227e+02 8.462730047340000228e-01
3.741899999999999977e+02 8.548988388220000179e-01
3.745299999999999727e+02 8.512409960989999469e-01
3.748700000000000045e+02 8.543826446500000227e-01
3.752099999999999795e+02 8.524794767679999552e-01
3.755500000000000114e+02 8.669916153740000464e-01
3.758899999999999864e+02 8.686087747720000474e-01
3.762300000000000182e+02 8.753406016949999424e-01
3.765699999999999932e+02 8.689056504580000562e-01
3.769100000000000250e+02 8.648764326639999389e-01
3.772500000000000000e+02 8.639323855680000053e-01
3.776000000000000227e+02 8.582021445159999651e-01
3.779399999999999977e+02 8.556106395210000271e-01
3.782799999999999727e+02 8.485667505419999257e-01
3.786200000000000045e+02 8.557314188669999933e-01
3.789599999999999795e+02 8.565829823970000367e-01
3.793000000000000114e+02 8.578060101259999959e-01
3.796399999999999864e+02 8.566816449760000785e-01
3.799800000000000182e+02 8.581223370239999815e-01
3.803199999999999932e+02 8.615844227009999967e-01
3.806600000000000250e+02 8.628147953309999174e-01
3.810000000000000000e+02 8.751034395290000489e-01
3.813399999999999750e+02 8.781903627360000408e-01
3.816800000000000068e+02 8.916891742549999389e-01
3.820199999999999818e+02 8.949316993479999871e-01
3.823600000000000136e+02 9.048397188600000307e-01
3.826999999999999886e+02 8.964614383789999419e-01
3.830400000000000205e+02 8.923429836480000210e-01
3.833799999999999955e+02 8.942756351410000581e-01
3.837200000000000273e+02 8.919762948519999179e-01
3.840600000000000023e+02 8.931421558990000342e-01
3.843999999999999773e+02 8.850088578449999410e-01
3.847400000000000091e+02 8.875800432360000380e-01
3.850799999999999841e+02 8.889695961389999512e-01
3.854200000000000159e+02 8.920800154629999756e-01
3.857599999999999909e+02 8.960079479679999848e-01
3.861000000000000227e+02 8.962859658520000439e-01
3.864399999999999977e+02 8.942619694360000038e-01
3.867799999999999727e+02 8.995261535219999383e-01
3.871200000000000045e+02 8.941996523080000259e-01
3.874599999999999795e+02 9.048462096190000858e-01
3.878000000000000114e+02 9.002745540559999871e-01
3.881399999999999864e+02 8.989162795670000428e-01
3.884800000000000182e+02 8.915044018200000142e-01
3.888199999999999932e+02 8.903030164609999630e-01
3.891600000000000250e+02 9.234861355300000296e-01
3.895000000000000000e+02 9.332682993740000210e-01
3.898399999999999750e+02 9.399440445460000015e-01
3.901800000000000068e+02 9.132631301210000219e-01
3.905199999999999818e+02 9.087901744490000100e-01
3.908600000000000136e+02 9.080759309879999908e-01
3.911999999999999886e+02 9.047839827440000704e-01
3.915400000000000205e+02 8.999025407280000222e-01
3.918799999999999955e+02 8.994840176290000988e-01
3.922200000000000273e+02 9.006715950650000524e-01
3.925600000000000023e+02 9.164721748280000302e-01
3.928999999999999773e+02 9.133126803829999529e-01
3.932400000000000091e+02 9.120426347439999359e-01
3.935799999999999841e+02 8.944470664120000025e-01
3.939200000000000159e+02 9.007703662199999517e-01
3.942599999999999909e+02 9.021402135120000221e-01
3.946000000000000227e+02 9.049772621820000307e-01
3.949399999999999977e+02 8.970946649719999666e-01
3.952799999999999727e+02 8.994773509600000327e-01
3.956200000000000045e+02 9.011725485889999776e-01
3.959599999999999795e+02 9.030806410399999651e-01
3.963000000000000114e+02 9.019198182210000914e-01
3.966399999999999864e+02 9.087530384810000861e-01
3.969800000000000182e+02 9.054452066419999001e-01
3.973199999999999932e+02 9.121747494299999870e-01
3.976600000000000250e+02 9.051141618399999311e-01
3.980000000000000000e+02 9.064271278699999046e-01
3.983399999999999750e+02 8.986306787620000902e-01
3.986800000000000068e+02 8.963055703240000449e-01
3.990199999999999818e+02 8.917822235890000560e-01
3.993600000000000136e+02 8.944620482259999505e-01
3.996999999999999886e+02 8.895809273080000912e-01
4.000400000000000205e+02 9.111628380320000442e-01
4.003799999999999955e+02 9.016505233540000885e-01
4.007200000000000273e+02 9.080325559540000091e-01
4.010600000000000023e+02 8.994059780829999351e-01
4.013999999999999773e+02 9.182707690450000459e-01
4.017400000000000091e+02 9.240299903699999984e-01
4.020799999999999841e+02 9.156012094219999620e-01
4.024200000000000159e+02 8.997920181259999595e-01
4.027599999999999909e+02 8.886235387540000197e-01
4.031000000000000227e+02 8.870477524160000904e-01
4.034399999999999977e+02 8.804126034009999158e-01
4.037799999999999727e+02 8.856210719320000146e-01
4.041200000000000045e+02 8.898241917149999347e-01
4.044599999999999795e+02 8.895302218070000322e-01
4.047900000000000205e+02 8.799246843619999980e-01
4.051299999999999955e+02 8.669993819859999062e-01
4.054700000000000273e+02 8.758561881219999457e-01
4.058100000000000023e+02 8.862147616910001080e-01
4.061499999999999773e+02 8.939663217640000381e-01
4.064900000000000091e+02 8.902430944380000932e-01
4.068299999999999841e+02 8.897635678470000586e-01
4.071700000000000159e+02 8.856742588800000648e-01
4.075099999999999909e+02 8.826206236320000009e-01
4.078500000000000227e+02 8.732874526269999160e-01
4.081899999999999977e+02 8.646954501109999081e-01
4.085299999999999727e+02 8.615515507959998764e-01
4.088700000000000045e+02 8.677531368990000216e-01
4.092099999999999795e+02 8.755110157420000760e-01
4.095500000000000114e+02 8.816950538600000220e-01
4.098899999999999864e+02 8.729666665540000148e-01
4.102300000000000182e+02 8.697902068950000842e-01
4.105699999999999932e+02 8.728361731670000179e-01
4.109100000000000250e+02 8.806844087410000688e-01
4.112500000000000000e+02 8.834819308640000646e-01
4.115799999999999841e+02 8.816440900710000861e-01
4.119200000000000159e+02 8.725751442860000262e-01
4.122599999999999909e+02 8.730687170209999737e-01
4.126000000000000227e+02 8.871775146849999460e-01
4.129399999999999977e+02 8.913391881130000582e-01
4.132799999999999727e+02 8.828122725980001029e-01
4.136200000000000045e+02 8.609545525180000158e-01
4.139599999999999795e+02 8.586433672629999458e-01
4.143000000000000114e+02 8.703273211110000851e-01
4.146399999999999864e+02 8.735072566339999733e-01
4.149800000000000182e+02 8.740058825830000488e-01
4.153199999999999932e+02 8.769715246539999676e-01
4.156600000000000250e+02 8.776634924439999930e-01
4.160000000000000000e+02 8.718388407010000396e-01
4.163299999999999841e+02 8.573708272230000649e-01
4.166700000000000159e+02 8.502250071079999749e-01
4.170099999999999909e+02 8.528623633359999623e-01
4.173500000000000227e+02 8.506649702230000276e-01
4.176899999999999977e+02 8.439672290999999937e-01
4.180299999999999727e+02 8.349398539669999897e-01
4.183700000000000045e+02 8.412128642530000144e-01
4.187099999999999795e+02 8.327627974630000818e-01
4.190500000000000114e+02 8.397539443879999954e-01
4.193899999999999864e+02 8.205040756970000126e-01
4.197300000000000182e+02 8.298868798130000224e-01
4.200699999999999932e+02 8.150409102800000305e-01
4.204100000000000250e+02 8.238613909140000136e-01
4.207400000000000091e+02 8.155914079660000482e-01
4.210799999999999841e+02 8.164127426459999448e-01
4.214200000000000159e+02 8.220683432580000449e-01
4.217599999999999909e+02 8.128662689150000231e-01
4.221000000000000227e+02 8.175191499979999055e-01
4.224399999999999977e+02 8.226716519820000961e-01
4.227799999999999727e+02 8.313092898470000325e-01
4.231200000000000045e+02 8.345956372720000349e-01
4.234599999999999795e+02 8.196755051549999838e-01
4.238000000000000114e+02 8.308200075390000938e-01
4.241299999999999955e+02 8.357397298830000487e-01
4.244700000000000273e+02 8.421721344489999650e-01
4.248100000000000023e+02 8.364837704030000376e-01
4.251499999999999773e+02 8.307729681070000760e-01
4.254900000000000091e+02 8.407434025400000177e-01
4.258299999999999841e+02 8.432537396529999896e-01
4.261700000000000159e+02 8.557240652279999304e-01
4.265099999999999909e+02 8.518446935090000505e-01
4.268500000000000227e+02 8.663654311689999998e-01
4.271899999999999977e+02 8.520137551780000429e-01
4.275199999999999818e+02 8.496078445240000665e-01
4.278600000000000136e+02 8.501144173820001093e-01
4.281999999999999886e+02 8.568412907130000811e-01
4.285400000000000205e+02 8.566084359510000024e-01
4.288799999999999955e+02 8.497088986090000073e-01
4.292200000000000273e+02 8.610158232409999002e-01
4.295600000000000023e+02 8.641104566570000367e-01
4.298999999999999773e+02 8.671756669579999688e-01
4.302400000000000091e+02 8.599821883799999567e-01
4.305699999999999932e+02 8.639174269670000239e-01
4.309100000000000250e+02 8.576046253379999706e-01
4.312500000000000000e+02 8.652930345609999296e-01
4.315899999999999750e+02 8.644106412600000011e-01
4.319300000000000068e+02 8.654051166419999275e-01
4.322699999999999818e+02 8.549046849179999796e-01
4.326100000000000136e+02 8.422095900120000200e-01
4.329499999999999886e+02 8.337131169430000988e-01
4.332799999999999727e+02 8.280023513840000238e-01
4.336200000000000045e+02 8.408647748570000635e-01
4.339599999999999795e+02 8.697976192619999436e-01
4.343000000000000114e+02 8.733038298120000542e-01
4.346399999999999864e+02 8.602573799249999542e-01
4.349800000000000182e+02 8.354694258339999680e-01
4.353199999999999932e+02 8.419812016829999468e-01
4.356600000000000250e+02 8.508756404389999917e-01
4.359900000000000091e+02 8.566912525109999788e-01
4.363299999999999841e+02 8.401186306370000967e-01
4.366700000000000159e+02 8.408972859840000424e-01
4.370099999999999909e+02 8.384263899859999425e-01
4.373500000000000227e+02 8.434447385830000643e-01
4.376899999999999977e+02 8.385136557200000285e-01
4.380299999999999727e+02 8.502838627709999875e-01
4.383600000000000136e+02 8.571346792010000604e-01
4.386999999999999886e+02 8.526625696019999312e-01
4.390400000000000205e+02 8.431638351850000435e-01
4.393799999999999955e+02 8.473635232889999980e-01
4.397200000000000273e+02 8.735592662359999983e-01
4.400600000000000023e+02 8.792667203130000164e-01
4.403999999999999773e+02 8.814697841080000318e-01
4.407300000000000182e+02 8.715206618509999670e-01
4.410699999999999932e+02 8.670631652299999326e-01
4.414100000000000250e+02 8.605315539999999208e-01
4.417500000000000000e+02 8.595731207389999406e-01
4.420899999999999750e+02 8.695609821830000419e-01
4.424300000000000068e+02 8.852591460419999558e-01
4.427699999999999818e+02 9.009572694320000519e-01
4.431000000000000227e+02 9.002172978030000827e-01
4.434399999999999977e+02 8.967332105059999670e-01
4.437799999999999727e+02 8.808540913240000547e-01
4.441200000000000045e+02 8.890755989549999905e-01
4.444599999999999795e+02 9.017130648819999816e-01
4.448000000000000114e+02 9.107253206039999105e-01
4.451299999999999955e+02 9.076113485790000546e-01
4.454700000000000273e+02 9.077489206680000589e-01
4.458100000000000023e+02 9.018258443219999698e-01
4.461499999999999773e+02 8.976941693209999906e-01
4.464900000000000091e+02 9.059968878030000283e-01
4.468299999999999841e+02 9.126005775880000614e-01
4.471600000000000250e+02 9.237003821449999430e-01
4.475000000000000000e+02 9.207076080199999568e-01
4.478399999999999750e+02 9.168816322109999417e-01
4.481800000000000068e+02 9.096278630729999204e-01
4.485199999999999818e+02 9.071575263409999978e-01
4.488600000000000136e+02 9.065322615590000188e-01
4.491899999999999977e+02 9.058713337610000416e-01
4.495299999999999727e+02 8.893354848600000251e-01
4.498700000000000045e+02 8.947551814380000357e-01
4.502099999999999795e+02 9.028702118130000898e-01
4.505500000000000114e+02 9.046291163310000716e-01
4.508799999999999955e+02 8.981995908919999660e-01
4.512200000000000273e+02 8.789577421920000688e-01
4.515600000000000023e+02 8.885437561839999443e-01
4.518999999999999773e+02 8.963145045679999923e-01
4.522400000000000091e+02 9.206881672319999765e-01
4.525799999999999841e+02 9.076530252589999348e-01
4.529100000000000250e+02 9.047709759950000041e-01
4.532500000000000000e+02 8.823704674079999588e-01
4.535899999999999750e+02 8.899478200110000348e-01
4.539300000000000068e+02 8.983537206450000756e-01
4.542699999999999818e+02 9.071572017600000315e-01
4.546000000000000227e+02 9.029072036590000128e-01
4.549399999999999977e+02 8.744720576989999383e-01
4.552799999999999727e+02 8.725405281850000527e-01
4.556200000000000045e+02 8.746697228009999714e-01
4.559599999999999795e+02 9.165804297680000268e-01
4.562900000000000205e+02 9.090242743359999711e-01
4.566299999999999955e+02 9.076677037589999664e-01
4.569700000000000273e+02 8.779193902449999865e-01
4.573100000000000023e+02 8.760506082610000078e-01
4.576499999999999773e+02 8.782262849949999950e-01
4.579800000000000182e+02 8.395037061729999639e-01
4.583199999999999932e+02 8.366550297819999038e-01
4.586600000000000250e+02 8.333532713250000334e-01
4.590000000000000000e+02 8.621450565999999593e-01
4.593399999999999750e+02 8.619121142900000310e-01
4.596700000000000159e+02 8.717482668429999970e-01
4.600099999999999909e+02 8.770287627770000372e-01
4.603500000000000227e+02 8.767823518489999968e-01
4.606899999999999977e+02 8.548862386759999987e-01
4.610299999999999727e+02 8.554004525870000375e-01
4.613600000000000136e+02 8.482619645239999340e-01
4.616999999999999886e+02 8.578417077790000400e-01
4.620400000000000205e+02 8.620499838819999372e-01
4.623799999999999955e+02 8.688990579099999945e-01
4.627200000000000273e+02 8.634512415130000118e-01
4.630500000000000114e+02 8.561799848610001096e-01
4.633899999999999864e+02 8.739144487619999735e-01
4.637300000000000182e+02 8.664215631880000101e-01
4.640699999999999932e+02 8.791861219140000294e-01
4.643999999999999773e+02 8.714971421470000257e-01
4.647400000000000091e+02 8.776415828589999579e-01
4.650799999999999841e+02 8.632447212730000041e-01
4.654200000000000159e+02 8.647511277149999565e-01
4.657599999999999909e+02 8.563904444419999651e-01
4.660899999999999750e+02 8.575643970749999845e-01
4.664300000000000068e+02 8.392888202839999812e-01
4.667699999999999818e+02 8.475329320459999982e-01
4.671100000000000136e+02 8.428637330679999984e-01
4.674399999999999977e+02 8.500942547199999977e-01
4.677799999999999727e+02 8.512351060330000108e-01
4.681200000000000045e+02 8.550552029639999496e-01
4.684599999999999795e+02 8.558036864689999579e-01
4.687900000000000205e+02 8.511628158930000243e-01
4.691299999999999955e+02 8.471131665740000427e-01
4.694700000000000273e+02 8.382217909200000427e-01
4.698100000000000023e+02 8.391435564570000061e-01
4.701499999999999773e+02 8.305529196190000185e-01
4.704800000000000182e+02 8.245557876559999055e-01
4.708199999999999932e+02 8.124300609310001198e-01
4.711600000000000250e+02 8.108258332079999464e-01
4.715000000000000000e+02 8.202793838520000547e-01
4.718299999999999841e+02 8.270279250540000238e-01
4.721700000000000159e+02 8.328036506409999262e-01
4.725099999999999909e+02 8.335092023800000360e-01
4.728500000000000227e+02 8.281883631580000404e-01
4.731800000000000068e+02 8.437223148479999768e-01
4.735199999999999818e+02 8.357805995889999728e-01
4.738600000000000136e+02 8.523102406010000243e-01
4.741999999999999886e+02 8.403048159569999065e-01
4.745299999999999727e+02 8.456711915110000088e-01
4.748700000000000045e+02 8.320630242640000285e-01
4.752099999999999795e+02 8.244948546360000297e-01
4.755500000000000114e+02 8.215507789370000147e-01
4.758799999999999955e+02 8.285070260439999501e-01
4.762200000000000273e+02 8.428655786580000475e-01
4.765600000000000023e+02 8.550334171210000056e-01
4.768899999999999864e+02 8.741003398949999115e-01
4.772300000000000182e+02 8.678431515520000916e-01
4.775699999999999932e+02 8.599224856820000262e-01
4.779100000000000250e+02 8.364975244629999640e-01
4.782400000000000091e+02 8.436991213119999777e-01
4.785799999999999841e+02 8.503893545659999553e-01
4.789200000000000159e+02 8.529257481499999960e-01
4.792599999999999909e+02 8.532918209979999391e-01
4.795899999999999750e+02 8.488776777389999140e-01
4.799300000000000068e+02 8.505098982009999808e-01
4.802699999999999818e+02 8.552430539549998878e-01
4.806100000000000136e+02 8.549697473550000870e-01
4.809399999999999977e+02 8.580393266389999551e-01
4.812799999999999727e+02 8.497802579810000978e-01
4.816200000000000045e+02 8.595858707460000137e-01
4.819499999999999886e+02 8.564507494980000413e-01
4.822900000000000205e+02 8.581525509719999389e-01
4.826299999999999955e+02 8.537602761889999670e-01
4.829700000000000273e+02 8.575488340519999975e-01
4.833000000000000114e+02 8.627839293089999417e-01
4.836399999999999864e+02 8.722564355359999633e-01
4.839800000000000182e+02 8.881402244900000742e-01
4.843100000000000023e+02 9.018722973880000104e-01
4.846499999999999773e+02 9.010675525460000168e-01
4.849900000000000091e+02 9.047359917750000813e-01
4.853299999999999841e+02 8.998560132619999319e-01
4.856600000000000250e+02 8.988188527210000389e-01
4.860000000000000000e+02 8.957909528849999914e-01
4.863399999999999750e+02 8.989040342600000955e-01
4.866700000000000159e+02 9.047979684339999551e-01
4.870099999999999909e+02 8.989807963379999878e-01
4.873500000000000227e+02 8.928749784139999868e-01
4.876899999999999977e+02 8.878339898839999744e-01
4.880199999999999818e+02 8.748764663999999414e-01
4.883600000000000136e+02 8.630400332579999390e-01
4.886999999999999886e+02 8.456318251570000832e-01
4.890299999999999727e+02 8.366051032810000176e-01
4.893700000000000045e+02 8.308058812500001000e-01
4.897099999999999795e+02 8.283608401969999591e-01
4.900400000000000205e+02 8.338492468020000103e-01
4.903799999999999955e+02 8.285188694289999933e-01
4.907200000000000273e+02 8.419911071160000038e-01
4.910600000000000023e+02 8.291780711219999267e-01
4.913899999999999864e+02 8.183502387420000801e-01
4.917300000000000182e+02 7.986909758000000359e-01
4.920699999999999932e+02 8.179168479080000109e-01
4.923999999999999773e+02 8.294250202169999309e-01
4.927400000000000091e+02 8.350116579129999161e-01
4.930799999999999841e+02 8.144331754729999817e-01
4.934100000000000250e+02 8.178167831039999669e-01
4.937500000000000000e+02 8.123495655660000203e-01
4.940899999999999750e+02 8.213696358049999979e-01
4.944200000000000159e+02 8.180505108259999991e-01
4.947599999999999909e+02 8.095079568009999615e-01
4.951000000000000227e+02 8.097435181700000095e-01
4.954300000000000068e+02 8.072905654359999739e-01
4.957699999999999818e+02 8.253815791620000564e-01
4.961100000000000136e+02 8.234442656379999947e-01
4.964399999999999977e+02 8.163538141780000146e-01
4.967799999999999727e+02 8.175671292299999671e-01
4.971200000000000045e+02 8.246930415600001174e-01
4.974599999999999795e+02 8.315178310279999208e-01
4.977900000000000205e+02 8.263454411109999453e-01
4.981299999999999955e+02 8.166190654530000037e-01
4.984700000000000273e+02 8.148224385760000077e-01
4.988000000000000114e+02 8.106939956390000201e-01
4.991399999999999864e+02 8.170785791469999948e-01
4.994800000000000182e+02 8.318226990349999461e-01
4.998100000000000023e+02 8.301719057340000152e-01
5.001499999999999773e+02 8.365514112949999914e-01
5.004900000000000091e+02 8.319277767200000673e-01
5.008199999999999932e+02 8.414192338639999713e-01
5.011600000000000250e+02 8.329869736320000273e-01
5.015000000000000000e+02 8.231815737070000694e-01
5.018299999999999841e+02 8.140464922350000299e-01
5.021700000000000159e+02 8.134871515819999122e-01
5.025000000000000000e+02 8.309335420719999865e-01
5.028399999999999750e+02 8.330396630299999883e-01
5.031800000000000068e+02 8.341531852699999305e-01
5.035099999999999909e+02 8.145577195040000218e-01
5.038500000000000227e+02 8.126393337339998801e-01
5.041899999999999977e+02 8.126130631389999470e-01
5.045199999999999818e+02 8.144841421629999134e-01
5.048600000000000136e+02 8.094281953340000113e-01
5.051999999999999886e+02 8.044520506200000254e-01
5.055299999999999727e+02 8.160713539050000742e-01
5.058700000000000045e+02 8.262216704529999900e-01
5.062099999999999795e+02 8.327501616369999971e-01
5.065400000000000205e+02 8.304211046080000047e-01
5.068799999999999955e+02 8.439985683280000206e-01
5.072200000000000273e+02 8.448674676080000223e-01
5.075500000000000114e+02 8.256337811880000155e-01
5.078899999999999864e+02 8.035036424839999691e-01
5.082200000000000273e+02 7.963983712200000120e-01
5.085600000000000023e+02 7.916620251620000159e-01
5.088999999999999773e+02 7.868767160650000925e-01
5.092300000000000182e+02 7.674536793630000187e-01
5.095699999999999932e+02 7.647040101630000475e-01
5.099100000000000250e+02 7.765811485360000210e-01
5.102400000000000091e+02 7.748913703190000168e-01
5.105799999999999841e+02 7.699150400380000425e-01
5.109200000000000159e+02 7.371682521789999498e-01
5.112500000000000000e+02 7.358530304549999457e-01
5.115899999999999750e+02 7.097429755059999623e-01
5.119200000000000159e+02 6.859051979839999591e-01
5.122599999999999909e+02 6.565724584609999859e-01
5.126000000000000227e+02 6.557962313929999176e-01
5.129299999999999500e+02 6.488098325619999773e-01
5.132699999999999818e+02 6.287659480689999913e-01
5.136100000000000136e+02 6.108116446560000190e-01
5.139400000000000546e+02 5.812083649809999253e-01
5.142799999999999727e+02 5.621846371120000629e-01
5.146100000000000136e+02 5.516070331619999934e-01
5.149500000000000455e+02 5.492313987949999365e-01
5.152899999999999636e+02 5.341900983680000214e-01
5.156200000000000045e+02 5.039752938329999932e-01
5.159600000000000364e+02 4.838683777300000211e-01
5.162899999999999636e+02 4.688389320540000127e-01
5.166299999999999955e+02 4.499734673069999968e-01
5.169700000000000273e+02 4.242362889669999970e-01
5.172999999999999545e+02 4.128408534690000131e-01
5.176399999999999864e+02 3.960792657759999447e-01
5.179700000000000273e+02 3.767806933910000100e-01
5.183099999999999454e+02 3.506943578829999630e-01
5.186499999999999773e+02 3.335819607100000139e-01
5.189800000000000182e+02 3.195333699010000084e-01
5.193200000000000500e+02 3.138756905949999787e-01
5.196599999999999682e+02 3.028254392420000052e-01
5.199900000000000091e+02 2.814094189999999940e-01
5.203300000000000409e+02 2.721584859939999990e-01
5.206599999999999682e+02 2.468550251620000024e-01
5.210000000000000000e+02 2.343277331990000212e-01
5.213300000000000409e+02 1.946523297490000137e-01
5.216699999999999591e+02 1.878901506309999803e-01
5.220099999999999909e+02 1.797008444990000064e-01
5.223400000000000318e+02 1.869836006410000029e-01
5.226799999999999500e+02 1.806345210450000238e-01
5.230099999999999909e+02 1.698651398839999827e-01
5.233500000000000227e+02 1.580576604030000110e-01
5.236900000000000546e+02 1.550177615970000089e-01
5.240199999999999818e+02 1.313939421009999997e-01
5.243600000000000136e+02 1.243548879590000017e-01
5.246900000000000546e+02 1.077753158690000074e-01
5.250299999999999727e+02 1.118662327490000108e-01
5.253700000000000045e+02 1.181263900569999997e-01
5.257000000000000455e+02 1.108772085480000114e-01
5.260399999999999636e+02 1.256909867319999929e-01
5.263700000000000045e+02 1.012667225200000048e-01
5.267100000000000364e+02 1.005543182649999978e-01
5.270399999999999636e+02 9.039808437139999764e-02
5.273799999999999955e+02 9.229963663130000273e-02
5.277200000000000273e+02 7.197901749519999837e-02
5.280499999999999545e+02 5.724402363980000269e-02
5.283899999999999864e+02 6.308433104879999920e-02
5.287200000000000273e+02 6.426412196040000302e-02
5.290599999999999454e+02 4.901470154859999956e-02
5.293899999999999864e+02 5.487584722110000479e-02
5.297300000000000182e+02 5.128708471280000319e-02
5.300700000000000500e+02 5.106758301849999987e-02
5.303999999999999773e+02 1.989497792929999925e-02
5.307400000000000091e+02 2.883587895309999705e-02
5.310700000000000500e+02 3.028994287310000227e-02
5.314099999999999682e+02 2.951359783310000123e-02
5.317400000000000091e+02 3.503331248830000161e-02
5.320800000000000409e+02 3.723192735599999831e-02
5.324099999999999682e+02 4.169954868089999905e-02
5.327500000000000000e+02 1.380794133910000047e-02
5.330900000000000318e+02 2.517908167700000019e-02
5.334199999999999591e+02 1.044252522180000135e-02
5.337599999999999909e+02 2.231710510340000064e-02
5.340900000000000318e+02 5.687400393310000461e-03
5.344299999999999500e+02 2.357630502380000243e-02
5.347599999999999909e+02 2.906330499620000257e-02
5.351000000000000227e+02 6.823118342480000154e-02
5.354299999999999500e+02 5.602768320379999945e-02
5.357699999999999818e+02 5.147696275660000598e-02
5.361100000000000136e+02 1.075951272930000119e-02
5.364400000000000546e+02 1.112893346099999917e-02
5.367799999999999727e+02 3.690138228340000132e-02
5.371100000000000136e+02 2.963374522299999994e-02
5.374500000000000455e+02 3.516009614229999997e-02
5.377799999999999727e+02 6.394233592850000897e-03
5.381200000000000045e+02 1.597097254480000020e-02
5.384500000000000455e+02 1.217812579739999818e-02
5.387899999999999636e+02 9.163792133410000526e-03
5.391200000000000045e+02 1.630052669669999899e-02
5.394600000000000364e+02 2.425652791580000175e-02
5.397899999999999636e+02 3.674085509569999936e-02
5.401299999999999955e+02 2.215659457049999961e-02
5.404700000000000273e+02 2.101641374200000079e-02
5.407999999999999545e+02 1.338819250710000103e-02
5.411399999999999864e+02 1.957300129799999927e-02
5.414700000000000273e+02 1.662011303419999933e-02
5.418099999999999454e+02 1.799060242409999955e-02
5.421399999999999864e+02 2.998093448330000146e-02
5.424800000000000182e+02 5.010499678510000471e-02
5.428099999999999454e+02 6.287385085200000723e-02
5.431499999999999773e+02 8.452380763170000422e-02
5.434800000000000182e+02 7.604759869169999686e-02
5.438200000000000500e+02 6.159189253479999820e-02
5.441499999999999773e+02 3.995000125909999728e-02
5.444900000000000091e+02 3.673171336489999828e-02
5.448200000000000500e+02 5.832288040749999958e-02
5.451599999999999682e+02 5.083643115990000433e-02
5.454900000000000091e+02 5.514782025569999607e-02
5.458300000000000409e+02 3.658768977319999671e-02
5.461599999999999682e+02 3.237065841910000130e-02
5.465000000000000000e+02 3.231420177469999933e-02
5.468300000000000409e+02 3.569785453130000508e-02
5.471699999999999591e+02 3.477354368010000113e-02
5.475000000000000000e+02 2.020093801079999793e-02
5.478400000000000318e+02 1.749728449790000084e-02
5.481699999999999591e+02 1.035009470359999836e-02
5.485099999999999909e+02 1.312766772930000145e-02
5.488400000000000318e+02 1.227860130720000035e-03
5.491799999999999500e+02 6.958840690890000583e-03
5.495099999999999909e+02 0.000000000000000000e+00
5.498500000000000227e+02 1.061925688240000082e-02
5.501799999999999500e+02 7.724361852360000190e-03
5.505199999999999818e+02 1.261022011000000054e-02
5.508500000000000227e+02 8.928681233370001219e-03
5.511900000000000546e+02 8.051489698189999086e-03
5.515199999999999818e+02 1.243441437290000035e-02
5.518600000000000136e+02 4.524351202610000199e-03
5.521900000000000546e+02 1.763300091959999968e-02
5.525299999999999727e+02 7.930644540180000271e-03
5.528600000000000136e+02 5.118395377159999822e-03
5.532000000000000455e+02 8.238837041139999984e-03
5.535299999999999727e+02 1.005700725759999838e-02
5.538700000000000045e+02 2.495829838790000060e-02
5.542000000000000455e+02 1.581956209499999974e-02
5.545399999999999636e+02 1.439300242749999917e-02
5.548700000000000045e+02 4.740683725109999698e-03
5.552100000000000364e+02 0.000000000000000000e+00
5.555399999999999636e+02 1.154912315110000025e-02
5.558799999999999955e+02 1.346731168550000142e-02
5.562100000000000364e+02 2.289520164939999949e-02
5.565499999999999545e+02 1.365523355630000012e-02
5.568799999999999955e+02 3.965809907500000148e-02
5.572200000000000273e+02 3.985635832719999772e-02
5.575499999999999545e+02 5.374288771429999723e-02
5.578899999999999864e+02 2.347809654629999868e-02
5.582200000000000273e+02 1.285949996390000141e-02
5.585599999999999454e+02 1.134617660400000054e-02
5.588899999999999864e+02 1.629899284429999970e-02
5.592200000000000273e+02 1.133292564320000084e-02
5.595599999999999454e+02 4.775009923489999947e-03
5.598899999999999864e+02 1.689857615529999921e-03
5.602300000000000182e+02 9.842715527869999592e-03
5.605599999999999454e+02 6.099924771239999439e-03
5.608999999999999773e+02 3.230140622839999896e-03
5.612300000000000182e+02 9.647546633600000490e-03
5.615700000000000500e+02 1.314941106379999974e-02
5.618999999999999773e+02 2.363189162399999960e-02
5.622400000000000091e+02 2.278826819920000066e-02
5.625700000000000500e+02 2.461932506000000243e-02
5.629099999999999682e+02 3.318971626449999934e-02
5.632400000000000091e+02 3.163200989659999823e-02
5.635700000000000500e+02 3.558627031219999820e-02
5.639099999999999682e+02 2.932426229569999945e-02
5.642400000000000091e+02 3.001085526569999967e-02
5.645800000000000409e+02 3.215606527099999778e-02
5.649099999999999682e+02 2.116264247140000124e-02
5.652500000000000000e+02 1.623309557860000071e-02
5.655800000000000409e+02 1.880891158480000117e-02
5.659199999999999591e+02 1.625147556289999878e-02
5.662500000000000000e+02 1.424234881200000039e-02
5.665800000000000409e+02 9.554406743559999693e-03
5.669199999999999591e+02 2.224096201960000171e-02
5.672500000000000000e+02 3.430185715069999919e-02
5.675900000000000318e+02 2.988296946909999724e-02
5.679199999999999591e+02 1.774524776120000105e-02
5.682599999999999909e+02 1.474176773389999917e-02
5.685900000000000318e+02 7.778365382929999967e-03
5.689299999999999500e+02 1.008213217489999959e-02
5.692599999999999909e+02 1.140937110569999885e-02
5.695900000000000318e+02 9.241116348329999133e-03
5.699299999999999500e+02 8.674582006919999422e-03
5.702599999999999909e+02 0.000000000000000000e+00
5.706000000000000227e+02 0.000000000000000000e+00
5.709299999999999500e+02 0.000000000000000000e+00
5.712699999999999818e+02 1.165036774319999982e-03
5.716000000000000227e+02 8.505972997309999006e-03
5.719299999999999500e+02 1.281436858089999957e-02
5.722699999999999818e+02 2.503988417920000216e-03
5.726000000000000227e+02 1.109106392199999888e-02
5.729400000000000546e+02 7.598580820070000366e-03
5.732699999999999818e+02 6.424467961549999891e-03
5.736000000000000227e+02 0.000000000000000000e+00
5.739400000000000546e+02 1.340280996539999943e-03
5.742699999999999818e+02 1.477426496000000013e-02
5.746100000000000136e+02 1.264851215990000013e-02
5.749400000000000546e+02 1.645322478240000136e-02
5.752799999999999727e+02 7.337414960400000415e-03
5.756100000000000136e+02 7.329975916190000461e-03
5.759400000000000546e+02 4.374711827369999646e-03
5.762799999999999727e+02 8.416479147249999668e-03
5.766100000000000136e+02 8.265624371400000225e-03
5.769500000000000455e+02 1.171555626950000067e-02
5.772799999999999727e+02 8.029308412150000518e-03
5.776100000000000136e+02 1.413121503880000046e-02
5.779500000000000455e+02 2.004562754590000218e-02
5.782799999999999727e+02 3.026680349289999697e-02
5.786200000000000045e+02 3.797887141059999583e-02
5.789500000000000455e+02 2.244272055060000243e-02
5.792799999999999727e+02 8.193074420609999797e-03
5.796200000000000045e+02 0.000000000000000000e+00
5.799500000000000455e+02 9.290196635909999702e-04
5.802899999999999636e+02 6.860418755860000530e-03
5.806200000000000045e+02 1.218674989850000029e-02
5.809500000000000455e+02 1.111795907729999991e-02
5.812899999999999636e+02 8.005467943870000005e-03
5.816200000000000045e+02 7.057275940789999730e-03
5.819600000000000364e+02 1.108200613459999970e-02
5.822899999999999636e+02 5.856677021149999524e-03
5.826200000000000045e+02 1.018042137409999950e-02
5.829600000000000364e+02 2.671615798150000099e-03
5.832899999999999636e+02 8.115601174549999519e-03
5.836299999999999955e+02 5.741740578620000389e-03
5.839600000000000364e+02 1.115702784809999987e-02
5.842899999999999636e+02 2.751547027340000076e-02
5.846299999999999955e+02 3.501933343560000023e-02
5.849600000000000364e+02 2.917014101879999988e-02
5.852899999999999636e+02 1.225607856939999948e-02
5.856299999999999955e+02 0.000000000000000000e+00
5.859600000000000364e+02 2.554574897349999856e-03
5.862999999999999545e+02 4.344408848899999898e-03
5.866299999999999955e+02 1.481214399920000035e-02
5.869600000000000364e+02 1.311139523800000130e-02
5.872999999999999545e+02 1.106029474160000019e-02
5.876299999999999955e+02 7.868185037289998976e-03
5.879600000000000364e+02 6.083536903879999992e-03
5.882999999999999545e+02 1.702023908539999908e-02
5.886299999999999955e+02 2.453538651630000206e-02
5.889600000000000364e+02 2.753260864669999919e-02
5.892999999999999545e+02 2.360720280619999986e-02
5.896299999999999955e+02 1.719826790729999874e-02
5.899700000000000273e+02 9.816025284120000888e-03
5.902999999999999545e+02 1.469299439750000082e-02
5.906299999999999955e+02 1.370548762090000039e-02
5.909700000000000273e+02 2.417558180779999857e-02
5.912999999999999545e+02 1.534024639479999834e-02
5.916299999999999955e+02 1.906840386929999770e-02
5.919700000000000273e+02 1.027314345830000059e-02
5.922999999999999545e+02 1.229480125140000081e-02
5.926299999999999955e+02 8.862744763169999943e-03
5.929700000000000273e+02 1.319444682779999899e-02
5.932999999999999545e+02 3.148983861590000377e-02
5.936299999999999955e+02 2.395540435599999990e-02
5.939700000000000273e+02 3.396997281510000244e-02
5.942999999999999545e+02 7.252333414839999721e-03
5.946299999999999955e+02 1.865955519760000014e-02
5.949700000000000273e+02 4.160141420989999818e-03
5.952999999999999545e+02 2.708196131829999909e-02
5.956399999999999864e+02 2.872568115260000152e-02
5.959700000000000273e+02 2.348743455979999777e-03
5.962999999999999545e+02 0.000000000000000000e+00
5.966399999999999864e+02 0.000000000000000000e+00
5.969700000000000273e+02 1.803030461509999918e-02
5.972999999999999545e+02 4.234889627449999437e-03
5.976399999999999864e+02 1.440831314189999941e-02
5.979700000000000273e+02 1.724978695039999788e-02
5.982999999999999545e+02 2.471134951600000018e-02
5.986399999999999864e+02 7.558298228759999411e-03
5.989700000000000273e+02 5.674711632829999158e-03
5.992999999999999545e+02 3.986376474430000085e-04
5.996399999999999864e+02 1.300307883010000040e-02
5.999700000000000273e+02 3.921629036140000107e-03
6.002999999999999545e+02 5.431306132640000006e-03
6.006299999999999955e+02 0.000000000000000000e+00
6.009700000000000273e+02 1.058681655900000143e-02
6.012999999999999545e+02 1.371935146369999969e-02
6.016299999999999955e+02 1.544825765510000025e-02
6.019700000000000273e+02 2.700353697810000276e-03
6.022999999999999545e+02 8.326259568239999243e-03
6.026299999999999955e+02 2.606210836369999770e-02
6.029700000000000273e+02 2.063190780079999717e-02
6.032999999999999545e+02 3.483639705880000031e-03
6.036299999999999955e+02 0.000000000000000000e+00
6.039700000000000273e+02 5.354787658589999985e-03
6.042999999999999545e+02 2.031048108799999793e-02
6.046299999999999955e+02 3.405820673970000323e-02
6.049700000000000273e+02 3.681807288620000257e-02
6.052999999999999545e+02 3.090498764900000139e-02
6.056299999999999955e+02 2.743352715759999824e-02
6.059700000000000273e+02 9.296324983079999257e-03
6.062999999999999545e+02 1.598780920030000094e-02
6.066299999999999955e+02 1.031671411110000013e-02
6.069600000000000364e+02 2.232095668700000146e-02
6.072999999999999545e+02 1.751071138600000104e-02
6.076299999999999955e+02 2.970664446059999644e-02
6.079600000000000364e+02 2.717495784930000144e-02
6.082999999999999545e+02 3.324866948139999778e-02
6.086299999999999955e+02 2.983591067319999943e-02
6.089600000000000364e+02 3.515216395919999737e-02
6.092899999999999636e+02 3.553680625220000111e-02
6.096299999999999955e+02 2.645479441789999955e-02
6.099600000000000364e+02 2.957180900879999991e-02
6.102899999999999636e+02 1.945437238020000098e-02
6.106299999999999955e+02 2.273322892810000079e-02
6.109600000000000364e+02 1.026381969280000007e-02
6.112899999999999636e+02 9.679789810460000601e-03
6.116200000000000045e+02 0.000000000000000000e+00
6.119600000000000364e+02 1.290781585199999963e-02
6.122899999999999636e+02 3.665918125140000400e-02
6.126200000000000045e+02 6.240108693390000044e-02
6.129600000000000364e+02 6.193521311839999405e-02
6.132899999999999636e+02 3.625493205650000272e-02
6.136200000000000045e+02 2.204271800379999785e-02
6.139500000000000455e+02 2.000849717109999884e-02
6.142899999999999636e+02 2.253619661090000212e-02
6.146200000000000045e+02 1.735947311459999989e-02
6.149500000000000455e+02 2.576689342249999931e-02
6.152899999999999636e+02 3.387482318070000192e-02
6.156200000000000045e+02 3.111123188310000245e-02
6.159500000000000455e+02 1.664230465169999965e-02
6.162799999999999727e+02 0.000000000000000000e+00
6.166200000000000045e+02 0.000000000000000000e+00
6.169500000000000455e+02 0.000000000000000000e+00
6.172799999999999727e+02 0.000000000000000000e+00
6.176100000000000136e+02 5.490994663589999700e-03
6.179500000000000455e+02 1.987704759589999787e-02
6.182799999999999727e+02 1.789355418220000063e-02
6.186100000000000136e+02 2.637957733560000306e-03
6.189400000000000546e+02 0.000000000000000000e+00
6.192799999999999727e+02 1.235458983080000043e-03
6.196100000000000136e+02 1.227276664629999882e-02
6.199400000000000546e+02 5.121228342560000570e-03
6.202699999999999818e+02 9.551336274890000200e-03
6.206100000000000136e+02 6.606170649749999431e-04
6.209400000000000546e+02 1.494000872900000040e-02
6.212699999999999818e+02 8.484582471360000572e-03
6.216000000000000227e+02 2.740437754709999871e-05
6.219400000000000546e+02 0.000000000000000000e+00
6.222699999999999818e+02 5.289993673589999529e-03
6.226000000000000227e+02 2.116491707609999967e-02
6.229299999999999500e+02 1.406656767090000079e-02
6.232699999999999818e+02 7.663535844679999522e-03
6.236000000000000227e+02 0.000000000000000000e+00
6.239299999999999500e+02 0.000000000000000000e+00
6.242599999999999909e+02 0.000000000000000000e+00
6.246000000000000227e+02 0.000000000000000000e+00
6.249299999999999500e+02 4.588984218379999792e-03
6.252599999999999909e+02 8.419995780470000690e-03
6.255900000000000318e+02 3.945853972700000441e-03
6.259299999999999500e+02 0.000000000000000000e+00
6.262599999999999909e+02 0.000000000000000000e+00
6.265900000000000318e+02 6.311718967320000158e-03
6.269199999999999591e+02 0.000000000000000000e+00
6.272599999999999909e+02 0.000000000000000000e+00
6.275900000000000318e+02 1.009981785079999998e-03
6.279199999999999591e+02 1.275295353169999917e-02
6.282500000000000000e+02 1.398322794929999884e-02
6.285800000000000409e+02 2.445101901190000100e-03
6.289199999999999591e+02 0.000000000000000000e+00
6.292500000000000000e+02 0.000000000000000000e+00
6.295800000000000409e+02 0.000000000000000000e+00
6.299099999999999682e+02 0.000000000000000000e+00
6.302400000000000091e+02 0.000000000000000000e+00
6.305800000000000409e+02 8.497094778930000536e-03
6.309099999999999682e+02 3.484441255790000219e-02
6.312400000000000091e+02 5.605516893689999752e-02
6.315700000000000500e+02 4.754129109960000127e-02
6.319099999999999682e+02 1.335074013070000100e-02
6.322400000000000091e+02 3.079437903500000049e-03
6.325700000000000500e+02 1.411411483309999923e-02
6.328999999999999773e+02 3.010154118029999964e-03
6.332300000000000182e+02 2.201629254939999752e-02
6.335700000000000500e+02 1.411263710500000081e-02
6.338999999999999773e+02 2.183822879930000238e-02
6.342300000000000182e+02 0.000000000000000000e+00
6.345599999999999454e+02 0.000000000000000000e+00
6.348899999999999864e+02 1.482584670199999996e-02
6.352300000000000182e+02 1.214088630680000037e-02
6.355599999999999454e+02 8.415951955790000605e-03
6.358899999999999864e+02 0.000000000000000000e+00
6.362200000000000273e+02 1.482728717029999825e-03
6.365499999999999545e+02 3.407840831599999887e-03
6.368899999999999864e+02 8.160361963860000151e-03
6.372200000000000273e+02 8.833666113029998990e-03
6.375499999999999545e+02 1.238057142179999938e-02
6.378799999999999955e+02 6.568008159939999792e-03
6.382100000000000364e+02 2.225839558360000192e-02
6.385499999999999545e+02 2.064451602500000024e-02
6.388799999999999955e+02 2.688808468550000011e-02
6.392100000000000364e+02 1.115985560359999962e-02
6.395399999999999636e+02 2.403743461279999813e-02
6.398700000000000045e+02 2.113980482470000088e-02
6.402000000000000455e+02 2.762668479890000028e-02
6.405399999999999636e+02 2.655687063089999869e-02
6.408700000000000045e+02 1.383059794690000115e-02
6.412000000000000455e+02 1.339921008109999992e-02
6.415299999999999727e+02 1.240814075739999842e-02
6.418600000000000136e+02 2.015380689390000243e-02
6.422000000000000455e+02 1.593660889579999809e-02
6.425299999999999727e+02 2.478314852440000049e-02
6.428600000000000136e+02 3.428688281279999861e-02
6.431900000000000546e+02 4.685165687349999303e-02
6.435199999999999818e+02 5.615836083279999308e-02
6.438500000000000227e+02 5.801109748210000333e-02
6.441900000000000546e+02 3.890394706190000024e-02
6.445199999999999818e+02 9.317497291040000365e-03
6.448500000000000227e+02 5.536218235290000025e-04
6.451799999999999500e+02 6.631424249129999962e-03
6.455099999999999909e+02 2.591234161820000007e-02
6.458400000000000318e+02 1.854699599880000119e-02
6.461699999999999591e+02 3.771434638990000393e-02
6.465099999999999909e+02 2.195115226910000078e-02
6.468400000000000318e+02 3.162412506569999698e-02
6.471699999999999591e+02 1.473517939520000049e-02
6.475000000000000000e+02 2.604365973050000102e-02
6.478300000000000409e+02 2.019854424030000095e-02
6.481599999999999682e+02 2.057120877090000063e-02
6.485000000000000000e+02 2.147914170700000042e-02
6.488300000000000409e+02 2.962789496040000095e-02
6.491599999999999682e+02 3.700065785969999799e-02
6.494900000000000091e+02 2.737847822650000054e-02
6.498200000000000500e+02 2.602342172470000284e-02
6.501499999999999773e+02 1.512787120070000109e-02
6.504800000000000182e+02 2.038368828799999935e-02
6.508200000000000500e+02 1.598856621680000076e-02
6.511499999999999773e+02 2.003244019839999987e-02
6.514800000000000182e+02 1.721888811760000082e-02
6.518099999999999454e+02 2.148647795620000148e-02
6.521399999999999864e+02 1.728901999270000128e-02
6.524700000000000273e+02 1.401986674359999990e-02
6.527999999999999545e+02 1.424873123380000078e-02
6.531399999999999864e+02 1.093553807729999959e-02
6.534700000000000273e+02 3.711615103809999799e-03
6.537999999999999545e+02 3.515929502879999898e-03
6.541299999999999955e+02 8.654642016920000708e-03
6.544600000000000364e+02 1.301846894659999983e-02
6.547899999999999636e+02 1.666388114799999959e-02
6.551200000000000045e+02 1.367788477430000038e-02
6.554500000000000455e+02 1.927916657749999957e-02
6.557899999999999636e+02 1.705584727599999961e-02
6.561200000000000045e+02 2.091198380849999816e-02
6.564500000000000455e+02 1.879359494459999919e-02
6.567799999999999727e+02 1.437251153290000118e-02
6.571100000000000136e+02 1.019508890660000139e-02
6.574400000000000546e+02 1.337730033759999999e-02
6.577699999999999818e+02 1.588996222720000240e-02
6.581000000000000227e+02 2.679389769169999991e-02
6.584299999999999500e+02 1.925658117219999910e-02
6.587699999999999818e+02 1.911195826029999864e-02
6.591000000000000227e+02 2.918251049600000067e-04
6.594299999999999500e+02 1.545737317609999911e-02
6.597599999999999909e+02 1.596632690969999879e-02
6.600900000000000318e+02 2.260225910230000135e-02
6.604199999999999591e+02 1.008201084239999934e-02
6.607500000000000000e+02 9.989147575550000324e-03
6.610800000000000409e+02 1.325427039290000102e-02
6.614099999999999682e+02 3.100801475319999931e-02
6.617500000000000000e+02 4.410345351980000245e-02
6.620800000000000409e+02 4.989328725259999792e-02
6.624099999999999682e+02 4.411748333760000251e-02
6.627400000000000091e+02 3.167870312300000157e-02
6.630700000000000500e+02 2.561868455940000122e-02
6.633999999999999773e+02 2.421053039949999999e-02
6.637300000000000182e+02 2.407069341290000303e-02
6.640599999999999454e+02 2.412923657020000015e-02
6.643899999999999864e+02 2.118161043180000203e-02
6.647200000000000273e+02 2.580091260320000260e-02
6.650499999999999545e+02 2.264549477930000165e-02
6.653899999999999864e+02 2.017061337519999997e-02
6.657200000000000273e+02 2.175136715839999860e-02
6.660499999999999545e+02 2.892882350019999882e-02
6.663799999999999955e+02 3.427601776389999771e-02
6.667100000000000364e+02 3.137293143099999931e-02
6.670399999999999636e+02 3.294490856860000233e-02
6.673700000000000045e+02 2.379666008069999950e-02
6.677000000000000455e+02 3.256790286849999688e-02
6.680299999999999727e+02 3.362207340830000030e-02
6.683600000000000136e+02 4.129332499460000583e-02
6.686900000000000546e+02 3.895705934060000181e-02
6.690199999999999818e+02 3.778345590429999651e-02
6.693600000000000136e+02 3.636987848829999898e-02
6.696900000000000546e+02 2.610208718879999945e-02
6.700199999999999818e+02 2.356859557170000105e-02
6.703500000000000227e+02 1.598159701649999945e-02
6.706799999999999500e+02 2.501694000080000035e-02
6.710099999999999909e+02 2.543365817949999955e-02
6.713400000000000318e+02 3.070526246170000167e-02
6.716699999999999591e+02 2.867574924029999903e-02
6.720000000000000000e+02 3.332107098769999942e-02
6.723300000000000409e+02 3.003271903880000079e-02
6.726599999999999682e+02 3.449445871239999878e-02
6.729900000000000091e+02 3.170633658819999728e-02
6.733200000000000500e+02 2.758593174390000166e-02
6.736499999999999773e+02 1.246135138679999900e-02
6.739800000000000182e+02 8.769109204149999615e-03
6.743099999999999454e+02 1.514198640410000136e-02
6.746499999999999773e+02 2.474111670590000214e-02
6.749800000000000182e+02 3.233756333289999896e-02
6.753099999999999454e+02 2.115537823990000163e-02
6.756399999999999864e+02 3.149431834719999823e-02
6.759700000000000273e+02 2.828366083080000037e-02
6.762999999999999545e+02 4.522947770700000425e-02
6.766299999999999955e+02 3.966416651290000095e-02
6.769600000000000364e+02 4.033996291850000526e-02
6.772899999999999636e+02 3.309310743640000302e-02
6.776200000000000045e+02 2.751756789579999987e-02
6.779500000000000455e+02 1.648172022150000068e-02
6.782799999999999727e+02 2.669822561360000318e-02
6.786100000000000136e+02 2.338763061979999905e-02
6.789400000000000546e+02 2.167683156819999804e-02
6.792699999999999818e+02 1.418146819070000009e-02
6.796000000000000227e+02 9.006360119949999299e-03
6.799299999999999500e+02 1.350819416960000012e-02
6.802599999999999909e+02 3.028112873130000063e-03
6.805900000000000318e+02 2.305724308799999775e-02
6.809199999999999591e+02 1.870878348099999991e-02
6.812500000000000000e+02 2.925618517609999969e-02
6.815800000000000409e+02 8.806638716259999541e-03
6.819099999999999682e+02 1.128595676319999949e-02
6.822400000000000091e+02 5.851248509030000308e-03
6.825700000000000500e+02 1.526175933600000013e-02
6.828999999999999773e+02 2.602311335600000081e-02
6.832300000000000182e+02 2.458926927339999749e-02
6.835599999999999454e+02 1.840158400420000007e-02
6.838899999999999864e+02 6.580839710110000101e-03
6.842200000000000273e+02 1.833922225870000117e-02
6.845599999999999454e+02 1.661095321149999929e-02
6.848899999999999864e+02 2.961975019070000117e-02
6.852200000000000273e+02 2.255997103689999853e-02
6.855499999999999545e+02 2.679538272739999741e-02
6.858799999999999955e+02 1.507166757170000024e-02
6.862100000000000364e+02 1.575974815839999849e-02
6.865399999999999636e+02 2.009558545060000090e-02
6.868700000000000045e+02 2.529166796730000083e-02
6.872000000000000455e+02 3.165469396230000121e-02
6.875299999999999727e+02 3.221093924029999611e-02
6.878600000000000136e+02 3.368626316379999541e-02
6.881900000000000546e+02 2.217713536179999681e-02
6.885199999999999818e+02 1.406043053980000034e-02
6.888500000000000227e+02 1.611317364630000110e-02
6.891799999999999500e+02 1.669277376699999926e-02
6.895099999999999909e+02 2.442479781309999862e-02
6.898400000000000318e+02 1.028538520149999830e-02
6.901699999999999591e+02 1.222069732450000064e-02
6.905000000000000000e+02 4.021017985390000493e-03
6.908300000000000409e+02 1.058345079700000017e-02
6.911599999999999682e+02 1.144052455129999923e-02
6.914900000000000091e+02 7.793917007689999711e-03
6.918200000000000500e+02 8.511007787000000879e-03
6.921499999999999773e+02 7.784655186079999199e-03
6.924700000000000273e+02 2.736718536830000381e-02
6.927999999999999545e+02 3.093604607500000103e-02
6.931299999999999955e+02 3.009496693000000139e-02
6.934600000000000364e+02 2.417571395770000062e-02
6.937899999999999636e+02 2.118633186159999890e-02
6.941200000000000045e+02 2.643570352289999897e-02
6.944500000000000455e+02 1.547604741599999979e-02
6.947799999999999727e+02 1.056747917420000106e-02
6.951100000000000136e+02 1.177817687579999981e-02
6.954400000000000546e+02 1.940406791890000177e-02
6.957699999999999818e+02 3.371096526910000168e-02
6.961000000000000227e+02 2.979088018690000117e-02
6.964299999999999500e+02 3.855459778350000394e-02
6.967599999999999909e+02 2.542305438329999986e-02
6.970900000000000318e+02 1.639593992350000043e-02
6.974199999999999591e+02 1.517352625340000032e-02
6.977500000000000000e+02 2.005984541180000011e-02
6.980800000000000409e+02 2.352566922179999756e-02
6.984099999999999682e+02 1.479969981579999996e-02
6.987400000000000091e+02 1.520108240409999943e-02
6.990700000000000500e+02 1.761808061630000186e-02
6.993999999999999773e+02 1.888039725839999947e-02
6.997300000000000182e+02 1.919640666280000157e-02
7.000599999999999454e+02 2.385467797580000104e-02
7.003899999999999864e+02 2.820095804610000048e-02
7.007200000000000273e+02 2.769909143249999969e-02
7.010499999999999545e+02 4.784222339599999985e-02
7.013799999999999955e+02 3.716331258089999867e-02
7.017100000000000364e+02 3.231871057479999976e-02
7.020299999999999727e+02 9.683419234140001192e-03
7.023600000000000136e+02 1.379713505960000058e-02
7.026900000000000546e+02 2.006433553209999859e-02
7.030199999999999818e+02 3.639128983119999800e-02
7.033500000000000227e+02 3.620414959320000098e-02
7.036799999999999500e+02 4.475664859129999812e-02
7.040099999999999909e+02 2.454961132139999933e-02
7.043400000000000318e+02 2.013209999039999865e-02
7.046699999999999591e+02 1.190267267010000109e-02
7.050000000000000000e+02 3.357054528450000019e-02
7.053300000000000409e+02 4.351831706919999376e-02
7.056599999999999682e+02 3.787654330830000221e-02
7.059900000000000091e+02 2.741026477119999985e-02
7.063200000000000500e+02 3.316288322910000003e-02
7.066499999999999773e+02 3.924442985699999609e-02
7.069800000000000182e+02 3.272004285470000301e-02
7.072999999999999545e+02 2.887043448169999971e-02
7.076299999999999955e+02 3.955029176049999762e-02
7.079600000000000364e+02 4.910278718799999942e-02
7.082899999999999636e+02 4.851161759520000033e-02
7.086200000000000045e+02 4.417695270010000425e-02
7.089500000000000455e+02 4.385137968819999288e-02
7.092799999999999727e+02 4.815009475890000279e-02
7.096100000000000136e+02 4.876959471900000481e-02
7.099400000000000546e+02 4.757686097809999543e-02
7.102699999999999818e+02 3.972904634450000194e-02
7.106000000000000227e+02 3.076295507189999792e-02
7.109299999999999500e+02 3.489133720260000071e-02
7.112599999999999909e+02 3.737218064819999852e-02
7.115800000000000409e+02 4.121832245480000489e-02
7.119099999999999682e+02 3.798928645869999871e-02
7.122400000000000091e+02 4.189835791930000136e-02
7.125700000000000500e+02 5.454015843439999345e-02
7.128999999999999773e+02 5.621835266549999460e-02
7.132300000000000182e+02 4.284753355820000720e-02
7.135599999999999454e+02 3.613248506109999897e-02
7.138899999999999864e+02 3.268072664240000147e-02
7.142200000000000273e+02 3.587935138750000114e-02
7.145499999999999545e+02 2.935463850250000228e-02
7.148700000000000045e+02 4.579925168320000267e-02
7.152000000000000455e+02 5.533097548140000072e-02
7.155299999999999727e+02 7.175861591040000320e-02
7.158600000000000136e+02 6.274251751359999352e-02
7.161900000000000546e+02 6.787624461900000628e-02
7.165199999999999818e+02 6.552052428369999071e-02
7.168500000000000227e+02 6.942851685619999547e-02
7.171799999999999500e+02 7.173954451630000506e-02
7.175099999999999909e+02 5.494503301880000051e-02
7.178300000000000409e+02 4.779849274010000010e-02
7.181599999999999682e+02 3.550007677889999852e-02
7.184900000000000091e+02 4.463331547640000257e-02
7.188200000000000500e+02 4.861050740099999434e-02
7.191499999999999773e+02 8.299151620759999404e-02
7.194800000000000182e+02 8.665083544599999632e-02
7.198099999999999454e+02 8.487273472929998674e-02
7.201399999999999864e+02 5.738406090849999808e-02
7.204700000000000273e+02 6.594453896190000108e-02
7.207899999999999636e+02 8.001708252789999087e-02
7.211200000000000045e+02 7.998200441179999232e-02
7.214500000000000455e+02 6.599679238560000882e-02
7.217799999999999727e+02 6.925219098230001036e-02
7.221100000000000136e+02 6.352262622149999760e-02
7.224400000000000546e+02 1.040797414610000055e-01
7.227699999999999818e+02 1.026608216620000097e-01
7.230900000000000318e+02 1.018568624369999981e-01
7.234199999999999591e+02 8.691849180820000742e-02
7.237500000000000000e+02 7.223504443139999731e-02
7.240800000000000409e+02 8.220054364359999366e-02
7.244099999999999682e+02 7.076407203229999332e-02
7.247400000000000091e+02 6.820458088969999499e-02
7.250700000000000500e+02 8.027518712690000224e-02
7.253899999999999864e+02 6.812966515840000736e-02
7.257200000000000273e+02 6.791152361049999919e-02
7.260499999999999545e+02 5.264587355519999984e-02
7.263799999999999955e+02 6.444365255520000113e-02
7.267100000000000364e+02 6.249390209110000649e-02
7.270399999999999636e+02 6.794885131410000056e-02
7.273700000000000045e+02 5.753519144020000087e-02
7.276900000000000546e+02 7.715903578509999972e-02
7.280199999999999818e+02 7.073920251130000336e-02
7.283500000000000227e+02 7.666113590890000218e-02
7.286799999999999500e+02 5.798812651899999671e-02
7.290099999999999909e+02 6.237688008799999878e-02
7.293400000000000318e+02 5.195358973090000165e-02
7.296699999999999591e+02 5.058098847169999884e-02
7.299900000000000091e+02 5.785459753749999656e-02
7.303200000000000500e+02 5.913925179579999913e-02
7.306499999999999773e+02 6.818133814840000861e-02
7.309800000000000182e+02 7.368089995460000430e-02
7.313099999999999454e+02 8.756980668200001205e-02
7.316399999999999864e+02 8.810617173160001370e-02
7.319600000000000364e+02 8.643504704150001272e-02
7.322899999999999636e+02 8.570280575510000332e-02
7.326200000000000045e+02 8.059046297729999253e-02
7.329500000000000455e+02 6.430499134530000271e-02
7.332799999999999727e+02 5.315803789700000032e-02
7.336000000000000227e+02 6.239607013609999725e-02
7.339299999999999500e+02 6.040969975700000161e-02
7.342599999999999909e+02 6.683243744180000778e-02
7.345900000000000318e+02 6.450619389770000101e-02
7.349199999999999591e+02 7.100855126029999298e-02
7.352500000000000000e+02 5.829726834179999734e-02
7.355700000000000500e+02 5.003403680349999966e-02
7.358999999999999773e+02 4.668948652899999885e-02
7.362300000000000182e+02 6.174322600689999968e-02
7.365599999999999454e+02 6.117789250829999692e-02
7.368899999999999864e+02 7.374390839290000110e-02
7.372100000000000364e+02 6.046496453559999790e-02
7.375399999999999636e+02 7.343012511000000797e-02
7.378700000000000045e+02 6.818073624030000779e-02
7.382000000000000455e+02 7.657279650369999691e-02
7.385299999999999727e+02 6.854155671860000243e-02
7.388500000000000227e+02 5.707456068200000149e-02
7.391799999999999500e+02 5.384833713840000285e-02
7.395099999999999909e+02 4.897522843330000264e-02
7.398400000000000318e+02 5.622200630989999948e-02
7.401699999999999591e+02 5.536715567670000282e-02
7.404900000000000091e+02 4.735306186539999657e-02
7.408200000000000500e+02 4.573955394390000206e-02
7.411499999999999773e+02 4.806926469699999288e-02
7.414800000000000182e+02 6.412568793540000811e-02
7.418099999999999454e+02 6.857951179200000302e-02
7.421299999999999955e+02 6.553144929220000581e-02
7.424600000000000364e+02 6.163591131449999705e-02
7.427899999999999636e+02 6.371780038949999281e-02
7.431200000000000045e+02 6.857659612029999574e-02
7.434500000000000455e+02 8.502588141950000178e-02
7.437699999999999818e+02 8.464819456900000982e-02
7.441000000000000227e+02 7.698887467090000103e-02
7.444299999999999500e+02 6.986568781389999871e-02
7.447599999999999909e+02 6.817060703839999958e-02
7.450900000000000318e+02 8.094936329870000558e-02
7.454099999999999682e+02 6.486476270360000407e-02
7.457400000000000091e+02 6.837145215800000120e-02
7.460700000000000500e+02 5.938067249330000741e-02
7.463999999999999773e+02 7.162035253210000119e-02
7.467200000000000273e+02 6.792344631299999935e-02
7.470499999999999545e+02 6.657857396079999712e-02
7.473799999999999955e+02 6.743139738870000677e-02
7.477100000000000364e+02 6.686435899879999978e-02
7.480299999999999727e+02 9.094924651399999282e-02
7.483600000000000136e+02 8.685958877119999422e-02
7.486900000000000546e+02 8.115620514730000068e-02
7.490199999999999818e+02 6.790099281160000277e-02
7.493400000000000318e+02 5.793662081469999614e-02
7.496699999999999591e+02 7.796627500580000092e-02
7.500000000000000000e+02 8.271433689429999458e-02
7.503300000000000409e+02 1.073092323620000038e-01
7.506599999999999682e+02 1.002124585940000062e-01
7.509800000000000182e+02 9.067648347369999806e-02
7.513099999999999454e+02 7.355377511230000442e-02
7.516399999999999864e+02 6.383161623840000187e-02
7.519700000000000273e+02 6.012907341789999749e-02
7.522899999999999636e+02 6.727799486620000824e-02
7.526200000000000045e+02 6.678774837989999436e-02
7.529500000000000455e+02 7.271176735520000489e-02
7.532799999999999727e+02 5.948896520880000288e-02
7.536000000000000227e+02 7.127207229139999323e-02
7.539299999999999500e+02 6.294518780159999438e-02
7.542599999999999909e+02 7.432796967900000273e-02
7.545800000000000409e+02 6.557034050370000311e-02
7.549099999999999682e+02 7.090360018760000216e-02
7.552400000000000091e+02 5.871526215610000515e-02
7.555700000000000500e+02 6.304725304040000033e-02
7.558899999999999864e+02 5.819866729220000284e-02
7.562200000000000273e+02 6.412861566440000716e-02
7.565499999999999545e+02 7.146961616489999614e-02
7.568799999999999955e+02 7.560799680969999825e-02
7.572000000000000455e+02 6.800175736989999553e-02
7.575299999999999727e+02 5.351825377470000034e-02
7.578600000000000136e+02 4.885882886390000013e-02
7.581900000000000546e+02 5.304223606039999706e-02
7.585099999999999909e+02 5.195802723069999768e-02
7.588400000000000318e+02 5.827605258290000090e-02
7.591699999999999591e+02 6.431016696039999758e-02
7.594900000000000091e+02 6.101010616460000174e-02
7.598200000000000500e+02 6.925216822990000465e-02
7.601499999999999773e+02 6.075903061980000158e-02
7.604800000000000182e+02 8.069917324140001014e-02
7.607999999999999545e+02 5.542998142560000285e-02
7.611299999999999955e+02 7.058256245749999769e-02
7.614600000000000364e+02 5.571567936760000311e-02
7.617799999999999727e+02 7.183127586540000165e-02
7.621100000000000136e+02 5.813336922300000459e-02
7.624400000000000546e+02 6.697522744559999963e-02
7.627699999999999818e+02 5.934725977510000444e-02
7.630900000000000318e+02 6.977738232030000765e-02
7.634199999999999591e+02 5.212422267629999995e-02
7.637500000000000000e+02 5.582771894460000772e-02
7.640700000000000500e+02 3.519466601849999959e-02
7.643999999999999773e+02 3.713589597150000060e-02
7.647300000000000182e+02 2.984807369239999772e-02
7.650499999999999545e+02 3.264226542140000187e-02
7.653799999999999955e+02 3.385907049020000364e-02
7.657100000000000364e+02 3.200441457979999460e-02
7.660399999999999636e+02 4.643250939139999950e-02
7.663600000000000136e+02 4.269345010530000567e-02
7.666900000000000546e+02 3.647015698500000180e-02
7.670199999999999818e+02 3.034245754519999949e-02
7.673400000000000318e+02 2.527410441059999707e-02
7.676699999999999591e+02 4.322785929640000219e-02
7.680000000000000000e+02 3.804603593349999840e-02
7.683200000000000500e+02 4.837594976279999820e-02
7.686499999999999773e+02 4.762507476550000007e-02
7.689800000000000182e+02 5.766196466130000392e-02
7.692999999999999545e+02 4.226644243940000378e-02
7.696299999999999955e+02 2.435047192890000059e-02
7.699600000000000364e+02 1.185960948790000004e-02
7.702799999999999727e+02 3.278070799079999681e-02
7.706100000000000136e+02 3.736148997850000097e-02
7.709400000000000546e+02 3.290540523179999455e-02
7.712599999999999909e+02 1.556804482159999947e-02
7.715900000000000318e+02 2.317037097039999910e-02
7.719199999999999591e+02 3.317933919419999850e-02
7.722400000000000091e+02 3.309415369399999751e-02
7.725700000000000500e+02 3.707299148829999724e-02
7.728999999999999773e+02 2.474219149020000230e-02
7.732200000000000273e+02 1.930088948369999835e-02
7.735499999999999545e+02 1.375913585119999984e-02
7.738799999999999955e+02 7.596957157629999867e-03
7.742000000000000455e+02 1.943099374049999870e-02
7.745299999999999727e+02 1.861602581050000177e-02
7.748600000000000136e+02 2.837167972200000179e-02
7.751799999999999500e+02 2.687305386429999707e-02
7.755099999999999909e+02 2.567502271009999837e-02
7.758400000000000318e+02 1.798283108040000036e-02
7.761599999999999682e+02 1.819209139330000072e-02
7.764900000000000091e+02 1.951307654250000051e-02
7.768200000000000500e+02 2.488430201039999734e-02
7.771399999999999864e+02 3.222513686810000305e-02
7.774700000000000273e+02 2.068895499419999909e-02
7.777999999999999545e+02 1.471074005270000054e-02
7.781200000000000045e+02 0.000000000000000000e+00
7.784500000000000455e+02 0.000000000000000000e+00
7.787799999999999727e+02 0.000000000000000000e+00
7.791000000000000227e+02 4.883359590929999688e-03
7.794299999999999500e+02 1.943718401109999910e-02
7.797500000000000000e+02 2.258646631330000001e-02
7.800800000000000409e+02 2.736087163860000115e-02
7.804099999999999682e+02 1.542722808879999977e-02
7.807300000000000182e+02 2.164302900419999912e-02
7.810599999999999454e+02 1.857379362170000214e-02
7.813899999999999864e+02 3.773514483510000128e-02
7.817100000000000364e+02 1.956920575010000218e-02
7.820399999999999636e+02 2.646632404769999961e-02
7.823700000000000045e+02 2.226367658209999888e-03
7.826900000000000546e+02 1.270129060439999930e-02
7.830199999999999818e+02 1.556093173929999976e-02
7.833400000000000318e+02 2.361966736450000007e-02
7.836699999999999591e+02 2.091481396579999985e-02
7.840000000000000000e+02 2.564293796189999822e-02
7.843200000000000500e+02 3.057888090540000076e-02
7.846499999999999773e+02 2.402618976699999812e-02
7.849700000000000273e+02 2.093498817340000082e-02
7.852999999999999545e+02 1.961749234329999980e-02
7.856299999999999955e+02 1.755167146639999981e-02
7.859500000000000455e+02 1.886001443910000075e-02
7.862799999999999727e+02 2.310690639909999955e-02
7.866100000000000136e+02 3.564230466630000094e-02
7.869299999999999500e+02 3.784291750060000264e-02
7.872599999999999909e+02 4.109029248369999721e-02
7.875800000000000409e+02 4.552053516690000162e-02
7.879099999999999682e+02 3.418611335289999803e-02
7.882400000000000091e+02 2.363016988660000123e-02
7.885599999999999454e+02 2.590774230570000100e-02
7.888899999999999864e+02 3.573999179319999747e-02
7.892100000000000364e+02 3.854781479080000156e-02
7.895399999999999636e+02 2.825066609610000015e-02
7.898700000000000045e+02 2.513654759519999907e-02
7.901900000000000546e+02 2.113375531330000112e-02
7.905199999999999818e+02 1.685012935600000220e-02
7.908400000000000318e+02 5.943065898120000225e-03
7.911699999999999591e+02 1.515091387390000120e-02
7.915000000000000000e+02 1.043915100880000134e-02
7.918200000000000500e+02 8.937569656670000737e-03
7.921499999999999773e+02 4.040904164550000038e-03
7.924700000000000273e+02 6.338552706650000569e-03
7.927999999999999545e+02 0.000000000000000000e+00
7.931200000000000045e+02 0.000000000000000000e+00
7.934500000000000455e+02 0.000000000000000000e+00
7.937799999999999727e+02 4.815342372820000105e-02
7.941000000000000227e+02 3.735549108039999677e-02
7.944299999999999500e+02 2.304691255899999833e-02
7.947500000000000000e+02 7.568324444439999748e-04
7.950800000000000409e+02 1.555556430330000059e-02
7.953999999999999773e+02 2.562664347870000081e-02
7.957300000000000182e+02 2.107239750599999850e-02
7.960599999999999454e+02 3.534295247830000070e-02
7.963799999999999955e+02 3.766237690540000238e-02
7.967100000000000364e+02 4.812971049709999921e-02
7.970299999999999727e+02 3.326856370129999824e-02
7.973600000000000136e+02 3.159231558520000233e-02
7.976799999999999500e+02 1.659314820719999875e-02
7.980099999999999909e+02 2.095719947140000164e-02
7.983400000000000318e+02 1.694593310459999863e-02
7.986599999999999682e+02 1.589830410650000178e-02
7.989900000000000091e+02 3.748994291810000060e-03
7.993099999999999454e+02 1.532823815220000011e-02
7.996399999999999864e+02 1.516405331260000169e-02
7.999600000000000364e+02 2.195593629909999706e-02
