# #1 Wavelength (nm) #2 Transmittance ()
2.801999999999999886e+02 0.000000000000000000e+00
2.805400000000000205e+02 0.000000000000000000e+00
2.808799999999999955e+02 0.000000000000000000e+00
2.812300000000000182e+02 0.000000000000000000e+00
2.815699999999999932e+02 0.000000000000000000e+00
2.819100000000000250e+02 0.000000000000000000e+00
2.822599999999999909e+02 0.000000000000000000e+00
2.826000000000000227e+02 0.000000000000000000e+00
2.829399999999999977e+02 0.000000000000000000e+00
2.832799999999999727e+02 4.977437731399999730e-04
2.836299999999999955e+02 1.130596780630000082e-03
2.839700000000000273e+02 1.774009189760000034e-03
2.843100000000000023e+02 2.559270990440000188e-03
2.846600000000000250e+02 3.620065305710000285e-03
2.850000000000000000e+02 5.072710927400000784e-03
2.853399999999999750e+02 6.999318239809999148e-03
2.856899999999999977e+02 9.435708550490000054e-03
2.860299999999999727e+02 1.236718752070000045e-02
2.863700000000000045e+02 1.573490076419999800e-02
2.867099999999999795e+02 1.945263384830000011e-02
2.870600000000000023e+02 2.342863144409999820e-02
2.873999999999999773e+02 2.758323277580000329e-02
2.877400000000000091e+02 3.185644252819999633e-02
2.880899999999999750e+02 3.620689753170000524e-02
2.884300000000000068e+02 4.060699082490000500e-02
2.887699999999999818e+02 4.503842838789999525e-02
2.891100000000000136e+02 4.949172114029999625e-02
2.894599999999999795e+02 5.396962757129999955e-02
2.898000000000000114e+02 5.848975645380000143e-02
2.901399999999999864e+02 6.308282860170000284e-02
2.904900000000000091e+02 6.778825329950000089e-02
2.908299999999999841e+02 7.264878239180000419e-02
2.911700000000000159e+02 7.770380082660000021e-02
2.915099999999999909e+02 8.298340221049999021e-02
2.918600000000000136e+02 8.850779994130000827e-02
2.921999999999999886e+02 9.429313483530001039e-02
2.925400000000000205e+02 1.003607414490000072e-01
2.928799999999999955e+02 1.067468659700000072e-01
2.932300000000000182e+02 1.135102907269999878e-01
2.935699999999999932e+02 1.207347606460000000e-01
2.939100000000000250e+02 1.285243078609999978e-01
2.942599999999999909e+02 1.369920267630000132e-01
2.946000000000000227e+02 1.462443467919999907e-01
2.949399999999999977e+02 1.563642604250000123e-01
2.952799999999999727e+02 1.673976982300000027e-01
2.956299999999999955e+02 1.793455940859999820e-01
2.959700000000000273e+02 1.921623042939999970e-01
2.963100000000000023e+02 2.057603581570000006e-01
2.966499999999999773e+02 2.200203799399999827e-01
2.970000000000000000e+02 2.348041391219999885e-01
2.973399999999999750e+02 2.499695137819999968e-01
2.976800000000000068e+02 2.653860789399999920e-01
2.980199999999999818e+02 2.809473834969999917e-01
2.983700000000000045e+02 2.965750439110000358e-01
2.987099999999999795e+02 3.122134932930000217e-01
2.990500000000000114e+02 3.278187424149999751e-01
2.993899999999999864e+02 3.433462061720000125e-01
2.997400000000000091e+02 3.587419363989999832e-01
3.000799999999999841e+02 3.739393627879999960e-01
3.004200000000000159e+02 3.888610356649999655e-01
3.007699999999999818e+02 4.034238343770000235e-01
3.011100000000000136e+02 4.175463925959999600e-01
3.014499999999999886e+02 4.311569697619999642e-01
3.017900000000000205e+02 4.441994976509999749e-01
3.021399999999999864e+02 4.566373933250000294e-01
3.024800000000000182e+02 4.684566788659999537e-01
3.028199999999999932e+02 4.796688102200000192e-01
3.031600000000000250e+02 4.903114058799999952e-01
3.035000000000000000e+02 5.004449212549999526e-01
3.038500000000000227e+02 5.101456669130000066e-01
3.041899999999999977e+02 5.194980921669999363e-01
3.045299999999999727e+02 5.285885140439999796e-01
3.048700000000000045e+02 5.374999271470000117e-01
3.052200000000000273e+02 5.463073216499999551e-01
3.055600000000000023e+02 5.550736612750000187e-01
3.058999999999999773e+02 5.638460744030000527e-01
3.062400000000000091e+02 5.726520282349999436e-01
3.065899999999999750e+02 5.814965702119999635e-01
3.069300000000000068e+02 5.903619094099999964e-01
3.072699999999999818e+02 5.992103157489999665e-01
3.076100000000000136e+02 6.079909230290000410e-01
3.079599999999999795e+02 6.166485002710000440e-01
3.083000000000000114e+02 6.251294618059999308e-01
3.086399999999999864e+02 6.333820102780000072e-01
3.089800000000000182e+02 6.413524230870000231e-01
3.093299999999999841e+02 6.489823379000000392e-01
3.096700000000000159e+02 6.562099011019999484e-01
3.100099999999999909e+02 6.629739729439999563e-01
3.103500000000000227e+02 6.692188081339999206e-01
3.106899999999999977e+02 6.748969454159999826e-01
3.110400000000000205e+02 6.799698045549998904e-01
3.113799999999999955e+02 6.844078149840000513e-01
3.117200000000000273e+02 6.881921584190000551e-01
3.120600000000000023e+02 6.913175639879999279e-01
3.124100000000000250e+02 6.937932988459999395e-01
3.127500000000000000e+02 6.956406064050000282e-01
3.130899999999999750e+02 6.968881250959999551e-01
3.134300000000000068e+02 6.975685050890000349e-01
3.137699999999999818e+02 6.977181951319999520e-01
3.141200000000000045e+02 6.973797603179999749e-01
3.144599999999999795e+02 6.966039397190000315e-01
3.148000000000000114e+02 6.954494171939999969e-01
3.151399999999999864e+02 6.939822180509999106e-01
3.154800000000000182e+02 6.922786125769999632e-01
3.158299999999999841e+02 6.904322915669999228e-01
3.161700000000000159e+02 6.885623722249999412e-01
3.165099999999999909e+02 6.868175810729999498e-01
3.168500000000000227e+02 6.853732465829999176e-01
3.171999999999999886e+02 6.844197289519999838e-01
3.175400000000000205e+02 6.841428017239999937e-01
3.178799999999999955e+02 6.846984457799999424e-01
3.182200000000000273e+02 6.861887383590000722e-01
3.185600000000000023e+02 6.886498479639999726e-01
3.189100000000000250e+02 6.920578150990001065e-01
3.192500000000000000e+02 6.963445595500000751e-01
3.195899999999999750e+02 7.014121499060000930e-01
3.199300000000000068e+02 7.071415332980000024e-01
3.202699999999999818e+02 7.133993585860000097e-01
3.206200000000000045e+02 7.200457426970000574e-01
3.209599999999999795e+02 7.269415504350000834e-01
3.213000000000000114e+02 7.339530257409999647e-01
3.216399999999999864e+02 7.409547474150000035e-01
3.219800000000000182e+02 7.478334644799999875e-01
3.223299999999999841e+02 7.544934229080000332e-01
3.226700000000000159e+02 7.608615460959999854e-01
3.230099999999999909e+02 7.668906595409999971e-01
3.233500000000000227e+02 7.725605312749999065e-01
3.236899999999999977e+02 7.778778128070000797e-01
3.240400000000000205e+02 7.828747726689999631e-01
3.243799999999999955e+02 7.876042422289999401e-01
3.247200000000000273e+02 7.921285875970000001e-01
3.250600000000000023e+02 7.965044950649999844e-01
3.253999999999999773e+02 8.007689433939999546e-01
3.257400000000000091e+02 8.049315118040000216e-01
3.260899999999999750e+02 8.089741694500000024e-01
3.264300000000000068e+02 8.128553781819999324e-01
3.267699999999999818e+02 8.165146673809999811e-01
3.271100000000000136e+02 8.198764265469999923e-01
3.274499999999999886e+02 8.228539772409999564e-01
3.278000000000000114e+02 8.253551428140000201e-01
3.281399999999999864e+02 8.272894199440000707e-01
3.284800000000000182e+02 8.285760499059999784e-01
3.288199999999999932e+02 8.291518309929999386e-01
3.291600000000000250e+02 8.289770859360000577e-01
3.295000000000000000e+02 8.280385789549999931e-01
3.298500000000000227e+02 8.263492635839999600e-01
3.301899999999999977e+02 8.239455235459999249e-01
3.305299999999999727e+02 8.208828644860000079e-01
3.308700000000000045e+02 8.172308091550000153e-01
3.312099999999999795e+02 8.130673492750000175e-01
3.315500000000000114e+02 8.084736681559999694e-01
3.318999999999999773e+02 8.035305832519999969e-01
3.322400000000000091e+02 7.983176376900000815e-01
3.325799999999999841e+02 7.929140395759999294e-01
3.329200000000000159e+02 7.873999969179998892e-01
3.332599999999999909e+02 7.818582958859999765e-01
3.336000000000000227e+02 7.763768163929999355e-01
3.339499999999999886e+02 7.710515398959999489e-01
3.342900000000000205e+02 7.659881979850000633e-01
3.346299999999999955e+02 7.613008017680000794e-01
3.349700000000000273e+02 7.571069008140000056e-01
3.353100000000000023e+02 7.535213231070000406e-01
3.356499999999999773e+02 7.506503052380000263e-01
3.360000000000000000e+02 7.485859997699999546e-01
3.363399999999999750e+02 7.474003332469999483e-01
3.366800000000000068e+02 7.471391725439999743e-01
3.370199999999999818e+02 7.478193485049999811e-01
3.373600000000000136e+02 7.494283770099999797e-01
3.376999999999999886e+02 7.519235836719999622e-01
3.380400000000000205e+02 7.552296420339998928e-01
3.383899999999999864e+02 7.592379929249999382e-01
3.387300000000000182e+02 7.638113257099999887e-01
3.390699999999999932e+02 7.687919626939999640e-01
3.394100000000000250e+02 7.740104576949999871e-01
3.397500000000000000e+02 7.792924057349999156e-01
3.400899999999999750e+02 7.844643598449999589e-01
3.404399999999999977e+02 7.893604773969999933e-01
3.407799999999999727e+02 7.938302758049999852e-01
3.411200000000000045e+02 7.977468800729999865e-01
3.414599999999999795e+02 8.010157759529999977e-01
3.418000000000000114e+02 8.035846337409999762e-01
3.421399999999999864e+02 8.054517766230000486e-01
3.424800000000000182e+02 8.066671664929999652e-01
3.428299999999999841e+02 8.073227928750000837e-01
3.431700000000000159e+02 8.075368731829999369e-01
3.435099999999999909e+02 8.074390922049999864e-01
3.438500000000000227e+02 8.071609242120000305e-01
3.441899999999999977e+02 8.068305166999999445e-01
3.445299999999999727e+02 8.065686544480000775e-01
3.448700000000000045e+02 8.064831522850000045e-01
3.452099999999999795e+02 8.066626622440000727e-01
3.455600000000000023e+02 8.071722581829999799e-01
3.458999999999999773e+02 8.080510406599999973e-01
3.462400000000000091e+02 8.093104210429999945e-01
3.465799999999999841e+02 8.109323014539999708e-01
3.469200000000000159e+02 8.128671842819999993e-01
3.472599999999999909e+02 8.150328085200000405e-01
3.476000000000000227e+02 8.173146428309999711e-01
3.479399999999999977e+02 8.195694967779999507e-01
3.482900000000000205e+02 8.216323736120000332e-01
3.486299999999999955e+02 8.233259512499999655e-01
3.489700000000000273e+02 8.244721737509999038e-01
3.493100000000000023e+02 8.249051510320000169e-01
3.496499999999999773e+02 8.244836438059999217e-01
3.499900000000000091e+02 8.231010500169999577e-01
3.503299999999999841e+02 8.206915407210000346e-01
3.506700000000000159e+02 8.172320460989999091e-01
3.510199999999999818e+02 8.127405277429999853e-01
3.513600000000000136e+02 8.072715408999999731e-01
3.516999999999999886e+02 8.009102640620000546e-01
3.520400000000000205e+02 7.937656134290000942e-01
3.523799999999999955e+02 7.859628417480000184e-01
3.527200000000000273e+02 7.776365297229999030e-01
3.530600000000000023e+02 7.689240099920000571e-01
3.533999999999999773e+02 7.599576990699999923e-01
3.537400000000000091e+02 7.508576318159999596e-01
3.540899999999999750e+02 7.417301928849999726e-01
3.544300000000000068e+02 7.326752366149998918e-01
3.547699999999999818e+02 7.237947144059999616e-01
3.551100000000000136e+02 7.151959114640000781e-01
3.554499999999999886e+02 7.069901652969999839e-01
3.557900000000000205e+02 6.992908834919999705e-01
3.561299999999999955e+02 6.922117185950000806e-01
3.564700000000000273e+02 6.858640553159999209e-01
3.568100000000000023e+02 6.803535323880000041e-01
3.571499999999999773e+02 6.757755670669999271e-01
3.575000000000000000e+02 6.722101816229999471e-01
3.578399999999999750e+02 6.697171295770000254e-01
3.581800000000000068e+02 6.683323961470000185e-01
3.585199999999999818e+02 6.680666722780000955e-01
3.588600000000000136e+02 6.689055803620000962e-01
3.591999999999999886e+02 6.708110088780000480e-01
3.595400000000000205e+02 6.737238748330000027e-01
3.598799999999999955e+02 6.775691511020000002e-01
3.602200000000000273e+02 6.822621375350000905e-01
3.605600000000000023e+02 6.877131319160000311e-01
3.608999999999999773e+02 6.938285928630000265e-01
3.612500000000000000e+02 7.005093710570000631e-01
3.615899999999999750e+02 7.076483026850000080e-01
3.619300000000000068e+02 7.151293843649999538e-01
3.622699999999999818e+02 7.228293817540000221e-01
3.626100000000000136e+02 7.306217986970000577e-01
3.629499999999999886e+02 7.383832886769999826e-01
3.632900000000000205e+02 7.460025075780000181e-01
3.636299999999999955e+02 7.533898530810000382e-01
3.639700000000000273e+02 7.604843221580001034e-01
3.643100000000000023e+02 7.672535061630000319e-01
3.646499999999999773e+02 7.736858405750000056e-01
3.649900000000000091e+02 7.797783729430000088e-01
3.653299999999999841e+02 7.855253294039999945e-01
3.656800000000000068e+02 7.909113514790000465e-01
3.660199999999999818e+02 7.959093966800000475e-01
3.663600000000000136e+02 8.004808358069999130e-01
3.666999999999999886e+02 8.045768969479999422e-01
3.670400000000000205e+02 8.081428144340000452e-01
3.673799999999999955e+02 8.111254064189999946e-01
3.677200000000000273e+02 8.134828493080000777e-01
3.680600000000000023e+02 8.151941696080000632e-01
3.683999999999999773e+02 8.162662060639999106e-01
3.687400000000000091e+02 8.167372519869999792e-01
3.690799999999999841e+02 8.166775331479999567e-01
3.694200000000000159e+02 8.161862091049999490e-01
3.697599999999999909e+02 8.153838863919999902e-01
3.701000000000000227e+02 8.144003641809999250e-01
3.704399999999999977e+02 8.133595605769999848e-01
3.707900000000000205e+02 8.123653276180000660e-01
3.711299999999999955e+02 8.114915988740000197e-01
3.714700000000000273e+02 8.107785040090000894e-01
3.718100000000000023e+02 8.102342095170000924e-01
3.721499999999999773e+02 8.098414256660000365e-01
3.724900000000000091e+02 8.095671683000000840e-01
3.728299999999999841e+02 8.093729224880000794e-01
3.731700000000000159e+02 8.092210082790000092e-01
3.735099999999999909e+02 8.090748827570000135e-01
3.738500000000000227e+02 8.088956176950000687e-01
3.741899999999999977e+02 8.086391356260000940e-01
3.745299999999999727e+02 8.082565348890000667e-01
3.748700000000000045e+02 8.076963700929999934e-01
3.752099999999999795e+02 8.069081634239999579e-01
3.755500000000000114e+02 8.058491502299999221e-01
3.758899999999999864e+02 8.044948834070000387e-01
3.762300000000000182e+02 8.028496694710000048e-01
3.765699999999999932e+02 8.009519119639999518e-01
3.769100000000000250e+02 7.988729559780000100e-01
3.772500000000000000e+02 7.967112364490001042e-01
3.776000000000000227e+02 7.945844381070000795e-01
3.779399999999999977e+02 7.926209874270000455e-01
3.782799999999999727e+02 7.909500141559999697e-01
3.786200000000000045e+02 7.896893583440000031e-01
3.789599999999999795e+02 7.889340499110000238e-01
3.793000000000000114e+02 7.887487122810000750e-01
3.796399999999999864e+02 7.891655704849999120e-01
3.799800000000000182e+02 7.901879317850000195e-01
3.803199999999999932e+02 7.917974423309999121e-01
3.806600000000000250e+02 7.939614622080000128e-01
3.810000000000000000e+02 7.966376790760000270e-01
3.813399999999999750e+02 7.997770663020000725e-01
3.816800000000000068e+02 8.033275469410000591e-01
3.820199999999999818e+02 8.072378841399999727e-01
3.823600000000000136e+02 8.114601698539999353e-01
3.826999999999999886e+02 8.159508183820000093e-01
3.830400000000000205e+02 8.206702266000001078e-01
3.833799999999999955e+02 8.255810482120000682e-01
3.837200000000000273e+02 8.306463329330000533e-01
3.840600000000000023e+02 8.358287140610000110e-01
3.843999999999999773e+02 8.410899781169999256e-01
3.847400000000000091e+02 8.463906557620000104e-01
3.850799999999999841e+02 8.516907240380000577e-01
3.854200000000000159e+02 8.569514744990001098e-01
3.857599999999999909e+02 8.621369591390000142e-01
3.861000000000000227e+02 8.672138217970000174e-01
3.864399999999999977e+02 8.721496941329999197e-01
3.867799999999999727e+02 8.769115341910000971e-01
3.871200000000000045e+02 8.814657668639999111e-01
3.874599999999999795e+02 8.857810540980000091e-01
3.878000000000000114e+02 8.898322970789999120e-01
3.881399999999999864e+02 8.936028079119999745e-01
3.884800000000000182e+02 8.970824723470000039e-01
3.888199999999999932e+02 9.002629639520001170e-01
3.891600000000000250e+02 9.031338326549999129e-01
3.895000000000000000e+02 9.056833113000000157e-01
3.898399999999999750e+02 9.079045175790000366e-01
3.901800000000000068e+02 9.098032157519999608e-01
3.905199999999999818e+02 9.114022304389999274e-01
3.908600000000000136e+02 9.127412810469999194e-01
3.911999999999999886e+02 9.138738293020000070e-01
3.915400000000000205e+02 9.148617533330000162e-01
3.918799999999999955e+02 9.157682927739999590e-01
3.922200000000000273e+02 9.166513556280000419e-01
3.925600000000000023e+02 9.175595618399999820e-01
3.928999999999999773e+02 9.185310538100001088e-01
3.932400000000000091e+02 9.195929637690000158e-01
3.935799999999999841e+02 9.207596185990000182e-01
3.939200000000000159e+02 9.220291732950000041e-01
3.942599999999999909e+02 9.233796742240000244e-01
3.946000000000000227e+02 9.247662064589999842e-01
3.949399999999999977e+02 9.261211947629999219e-01
3.952799999999999727e+02 9.273595097219999861e-01
3.956200000000000045e+02 9.283881015160000416e-01
3.959599999999999795e+02 9.291179398539999301e-01
3.963000000000000114e+02 9.294758180469999687e-01
3.966399999999999864e+02 9.294142881099999309e-01
3.969800000000000182e+02 9.289182655109999853e-01
3.973199999999999932e+02 9.280068736689999209e-01
3.976600000000000250e+02 9.267297972679999774e-01
3.980000000000000000e+02 9.251591499079999670e-01
3.983399999999999750e+02 9.233794891860001020e-01
3.986800000000000068e+02 9.214785737970000445e-01
3.990199999999999818e+02 9.195399475950000179e-01
3.993600000000000136e+02 9.176368832660000141e-01
3.996999999999999886e+02 9.158271852629999987e-01
4.000400000000000205e+02 9.141500381560000443e-01
4.003799999999999955e+02 9.126269352239999577e-01
4.007200000000000273e+02 9.112666749529999555e-01
4.010600000000000023e+02 9.100715029689999680e-01
4.013999999999999773e+02 9.090414671429999371e-01
4.017400000000000091e+02 9.081770162620000919e-01
4.020799999999999841e+02 9.074814217819999751e-01
4.024200000000000159e+02 9.069625927169999713e-01
4.027599999999999909e+02 9.066319890170000395e-01
4.031000000000000227e+02 9.064999194719999265e-01
4.034399999999999977e+02 9.065693429650000246e-01
4.037799999999999727e+02 9.068309235360000331e-01
4.041200000000000045e+02 9.072610009839999767e-01
4.044599999999999795e+02 9.078229178860000026e-01
4.047900000000000205e+02 9.084702869870000530e-01
4.051299999999999955e+02 9.091495691809999835e-01
4.054700000000000273e+02 9.098015117110000993e-01
4.058100000000000023e+02 9.103643859519999770e-01
4.061499999999999773e+02 9.107815982389999565e-01
4.064900000000000091e+02 9.110122746219999623e-01
4.068299999999999841e+02 9.110407278109999840e-01
4.071700000000000159e+02 9.108815339550000445e-01
4.075099999999999909e+02 9.105787532249999261e-01
4.078500000000000227e+02 9.101990359089999760e-01
4.081899999999999977e+02 9.098198812389999279e-01
4.085299999999999727e+02 9.095155166399999658e-01
4.088700000000000045e+02 9.093429593299999780e-01
4.092099999999999795e+02 9.093313614060000161e-01
4.095500000000000114e+02 9.094780043689999482e-01
4.098899999999999864e+02 9.097517072049999820e-01
4.102300000000000182e+02 9.101011934829998928e-01
4.105699999999999932e+02 9.104656458329999369e-01
4.109100000000000250e+02 9.107857229519999986e-01
4.112500000000000000e+02 9.110133918399999642e-01
4.115799999999999841e+02 9.111188357689999906e-01
4.119200000000000159e+02 9.110936347770000054e-01
4.122599999999999909e+02 9.109506828819999846e-01
4.126000000000000227e+02 9.107217469239999863e-01
4.129399999999999977e+02 9.104532590639999867e-01
4.132799999999999727e+02 9.102001487859999740e-01
4.136200000000000045e+02 9.100169569150000637e-01
4.139599999999999795e+02 9.099470256270000279e-01
4.143000000000000114e+02 9.100134930379999432e-01
4.146399999999999864e+02 9.102161137269999536e-01
4.149800000000000182e+02 9.105345608339999730e-01
4.153199999999999932e+02 9.109354815689999496e-01
4.156600000000000250e+02 9.113804214840000029e-01
4.160000000000000000e+02 9.118334803870000727e-01
4.163299999999999841e+02 9.122673005740000729e-01
4.166700000000000159e+02 9.126645373930000193e-01
4.170099999999999909e+02 9.130139337820000200e-01
4.173500000000000227e+02 9.133044163949999295e-01
4.176899999999999977e+02 9.135219145749999825e-01
4.180299999999999727e+02 9.136510463989999664e-01
4.183700000000000045e+02 9.136803737329999286e-01
4.187099999999999795e+02 9.136078653350000467e-01
4.190500000000000114e+02 9.134437565829999217e-01
4.193899999999999864e+02 9.132109658789999695e-01
4.197300000000000182e+02 9.129455834540000092e-01
4.200699999999999932e+02 9.126981855819999989e-01
4.204100000000000250e+02 9.125328124809999331e-01
4.207400000000000091e+02 9.125203464070000825e-01
4.210799999999999841e+02 9.127273056369999971e-01
4.214200000000000159e+02 9.132042380900000644e-01
4.217599999999999909e+02 9.139767623160000021e-01
4.221000000000000227e+02 9.150394151570000467e-01
4.224399999999999977e+02 9.163527483039999311e-01
4.227799999999999727e+02 9.178470041219999320e-01
4.231200000000000045e+02 9.194336572950000397e-01
4.234599999999999795e+02 9.210193423900000509e-01
4.238000000000000114e+02 9.225159477980000577e-01
4.241299999999999955e+02 9.238469228060001148e-01
4.244700000000000273e+02 9.249529832549999719e-01
4.248100000000000023e+02 9.257978694690000010e-01
4.251499999999999773e+02 9.263721499070000087e-01
4.254900000000000091e+02 9.266932871480000333e-01
4.258299999999999841e+02 9.268021665669999853e-01
4.261700000000000159e+02 9.267574082289999904e-01
4.265099999999999909e+02 9.266282211499999866e-01
4.268500000000000227e+02 9.264862955899999530e-01
4.271899999999999977e+02 9.263976701510000522e-01
4.275199999999999818e+02 9.264150023060000461e-01
4.278600000000000136e+02 9.265702495680000483e-01
4.281999999999999886e+02 9.268692816070001061e-01
4.285400000000000205e+02 9.272910840550000477e-01
4.288799999999999955e+02 9.277923859679999552e-01
4.292200000000000273e+02 9.283159505039999537e-01
4.295600000000000023e+02 9.288002401919999151e-01
4.298999999999999773e+02 9.291887621269999675e-01
4.302400000000000091e+02 9.294374810119999664e-01
4.305699999999999932e+02 9.295189184170000729e-01
4.309100000000000250e+02 9.294229335839999662e-01
4.312500000000000000e+02 9.291558463190000561e-01
4.315899999999999750e+02 9.287396818800001119e-01
4.319300000000000068e+02 9.282113640839999569e-01
4.322699999999999818e+02 9.276196872129999216e-01
4.326100000000000136e+02 9.270186796299999532e-01
4.329499999999999886e+02 9.264591757309998954e-01
4.332799999999999727e+02 9.259820851649999129e-01
4.336200000000000045e+02 9.256150847659999625e-01
4.339599999999999795e+02 9.253724068740000197e-01
4.343000000000000114e+02 9.252572912830000496e-01
4.346399999999999864e+02 9.252660147570000992e-01
4.349800000000000182e+02 9.253906848559999565e-01
4.353199999999999932e+02 9.256194379550000129e-01
4.356600000000000250e+02 9.259368007720000238e-01
4.359900000000000091e+02 9.263268029030000683e-01
4.363299999999999841e+02 9.267767048659999451e-01
4.366700000000000159e+02 9.272778784759999615e-01
4.370099999999999909e+02 9.278243788100000167e-01
4.373500000000000227e+02 9.284122658329999611e-01
4.376899999999999977e+02 9.290400501059999927e-01
4.380299999999999727e+02 9.297074045550001165e-01
4.383600000000000136e+02 9.304107238570000771e-01
4.386999999999999886e+02 9.311378548780000486e-01
4.390400000000000205e+02 9.318648707550000188e-01
4.393799999999999955e+02 9.325561997179999674e-01
4.397200000000000273e+02 9.331695420719999801e-01
4.400600000000000023e+02 9.336664726870000930e-01
4.403999999999999773e+02 9.340256911439999143e-01
4.407300000000000182e+02 9.342521605710000232e-01
4.410699999999999932e+02 9.343762198710000577e-01
4.414100000000000250e+02 9.344422493310000633e-01
4.417500000000000000e+02 9.344926818709999861e-01
4.420899999999999750e+02 9.345549015189998920e-01
4.424300000000000068e+02 9.346351015539999807e-01
4.427699999999999818e+02 9.347187524760000032e-01
4.431000000000000227e+02 9.347752212869999688e-01
4.434399999999999977e+02 9.347637505810000302e-01
4.437799999999999727e+02 9.346382812029999654e-01
4.441200000000000045e+02 9.343501092979999978e-01
4.444599999999999795e+02 9.338499083480000795e-01
4.448000000000000114e+02 9.330916614909999796e-01
4.451299999999999955e+02 9.320393865849999626e-01
4.454700000000000273e+02 9.306750588670000823e-01
4.458100000000000023e+02 9.290043996030000750e-01
4.461499999999999773e+02 9.270569578900000884e-01
4.464900000000000091e+02 9.248795683039999771e-01
4.468299999999999841e+02 9.225264121799999772e-01
4.471600000000000250e+02 9.200502055990000816e-01
4.475000000000000000e+02 9.174971941110000584e-01
4.478399999999999750e+02 9.149065916179999203e-01
4.481800000000000068e+02 9.123130103980000571e-01
4.485199999999999818e+02 9.097487327529999446e-01
4.488600000000000136e+02 9.072438786230000440e-01
4.491899999999999977e+02 9.048251560600000243e-01
4.495299999999999727e+02 9.025142715849999719e-01
4.498700000000000045e+02 9.003260741040000070e-01
4.502099999999999795e+02 8.982665367129999412e-01
4.505500000000000114e+02 8.963313264910000022e-01
4.508799999999999955e+02 8.945057198969998957e-01
4.512200000000000273e+02 8.927658844520000025e-01
4.515600000000000023e+02 8.910811061259999999e-01
4.518999999999999773e+02 8.894170837270000129e-01
4.522400000000000091e+02 8.877404746839999694e-01
4.525799999999999841e+02 8.860234573420000537e-01
4.529100000000000250e+02 8.842463218589999840e-01
4.532500000000000000e+02 8.823973395909999740e-01
4.535899999999999750e+02 8.804704766390000215e-01
4.539300000000000068e+02 8.784620139709999886e-01
4.542699999999999818e+02 8.763675171190000723e-01
4.546000000000000227e+02 8.741800042940000015e-01
4.549399999999999977e+02 8.718887076810000192e-01
4.552799999999999727e+02 8.694782600569999076e-01
4.556200000000000045e+02 8.669305593100000706e-01
4.559599999999999795e+02 8.642322958850000569e-01
4.562900000000000205e+02 8.613880601669999804e-01
4.566299999999999955e+02 8.584340717860000636e-01
4.569700000000000273e+02 8.554456520259999808e-01
4.573100000000000023e+02 8.525349161849998803e-01
4.576499999999999773e+02 8.498391946259999941e-01
4.579800000000000182e+02 8.475007733680000044e-01
4.583199999999999932e+02 8.456389150980000435e-01
4.586600000000000250e+02 8.443220362259999945e-01
4.590000000000000000e+02 8.435548415709999137e-01
4.593399999999999750e+02 8.432881203979999407e-01
4.596700000000000159e+02 8.434422681969999669e-01
4.600099999999999909e+02 8.439298887709999475e-01
4.603500000000000227e+02 8.446708979160000297e-01
4.606899999999999977e+02 8.456005779580000326e-01
4.610299999999999727e+02 8.466719239000000119e-01
4.613600000000000136e+02 8.478535627909999928e-01
4.616999999999999886e+02 8.491250564179999571e-01
4.620400000000000205e+02 8.504713949640000381e-01
4.623799999999999955e+02 8.518784356880000352e-01
4.627200000000000273e+02 8.533305152600000332e-01
4.630500000000000114e+02 8.548100133149999502e-01
4.633899999999999864e+02 8.562979969129999036e-01
4.637300000000000182e+02 8.577756558119999930e-01
4.640699999999999932e+02 8.592263384160000461e-01
4.643999999999999773e+02 8.606376125049999271e-01
4.647400000000000091e+02 8.620032078799999553e-01
4.650799999999999841e+02 8.633250224859999600e-01
4.654200000000000159e+02 8.646142869790000018e-01
4.657599999999999909e+02 8.658903013650000036e-01
4.660899999999999750e+02 8.671761859409999884e-01
4.664300000000000068e+02 8.684923317739999815e-01
4.667699999999999818e+02 8.698492113519999958e-01
4.671100000000000136e+02 8.712419791809999925e-01
4.674399999999999977e+02 8.726486703330000871e-01
4.677799999999999727e+02 8.740323947849999442e-01
4.681200000000000045e+02 8.753475641479999680e-01
4.684599999999999795e+02 8.765497998029999627e-01
4.687900000000000205e+02 8.776071035260000208e-01
4.691299999999999955e+02 8.785083172759999837e-01
4.694700000000000273e+02 8.792663319170000991e-01
4.698100000000000023e+02 8.799163532859999304e-01
4.701499999999999773e+02 8.805109133870000493e-01
4.704800000000000182e+02 8.811125555370000750e-01
4.708199999999999932e+02 8.817841298590000099e-01
4.711600000000000250e+02 8.825774563539999784e-01
4.715000000000000000e+02 8.835232788659999059e-01
4.718299999999999841e+02 8.846266181080000290e-01
4.721700000000000159e+02 8.858697668039999806e-01
4.725099999999999909e+02 8.872210663399999753e-01
4.728500000000000227e+02 8.886448944279998763e-01
4.731800000000000068e+02 8.901088214310000080e-01
4.735199999999999818e+02 8.915864343649999579e-01
4.738600000000000136e+02 8.930568409490000636e-01
4.741999999999999886e+02 8.945025817149999670e-01
4.745299999999999727e+02 8.959067499770000387e-01
4.748700000000000045e+02 8.972495677950000914e-01
4.752099999999999795e+02 8.985053283240000965e-01
4.755500000000000114e+02 8.996410847710000214e-01
4.758799999999999955e+02 9.006177942199999897e-01
4.762200000000000273e+02 9.013939029719999496e-01
4.765600000000000023e+02 9.019310245789999847e-01
4.768899999999999864e+02 9.022005831369999118e-01
4.772300000000000182e+02 9.021895823590000418e-01
4.775699999999999932e+02 9.019036164540000788e-01
4.779100000000000250e+02 9.013655972620000512e-01
4.782400000000000091e+02 9.006103378769999557e-01
4.785799999999999841e+02 8.996779523210000074e-01
4.789200000000000159e+02 8.986100854170000485e-01
4.792599999999999909e+02 8.974506629430000215e-01
4.795899999999999750e+02 8.962491086070000224e-01
4.799300000000000068e+02 8.950624025119999772e-01
4.802699999999999818e+02 8.939542799880000334e-01
4.806100000000000136e+02 8.929923960739999389e-01
4.809399999999999977e+02 8.922446192549999822e-01
4.812799999999999727e+02 8.917747548849999095e-01
4.816200000000000045e+02 8.916377913680000322e-01
4.819499999999999886e+02 8.918750670059999441e-01
4.822900000000000205e+02 8.925096924359999795e-01
4.826299999999999955e+02 8.935421227900000041e-01
4.829700000000000273e+02 8.949457820959999532e-01
4.833000000000000114e+02 8.966635605139999798e-01
4.836399999999999864e+02 8.986070960009999720e-01
4.839800000000000182e+02 9.006611821219999703e-01
4.843100000000000023e+02 9.026945454190000717e-01
4.846499999999999773e+02 9.045749509589999793e-01
4.849900000000000091e+02 9.061836501129999499e-01
4.853299999999999841e+02 9.074250667120000724e-01
4.856600000000000250e+02 9.082309859549999587e-01
4.860000000000000000e+02 9.085608209439999250e-01
4.863399999999999750e+02 9.084002381329999709e-01
4.866700000000000159e+02 9.077600963380000332e-01
4.870099999999999909e+02 9.066762554039999866e-01
4.873500000000000227e+02 9.052094244570000336e-01
4.876899999999999977e+02 9.034439335919999259e-01
4.880199999999999818e+02 9.014846526580000408e-01
4.883600000000000136e+02 8.994515291310000160e-01
4.886999999999999886e+02 8.974711398840000687e-01
4.890299999999999727e+02 8.956648907679999327e-01
4.893700000000000045e+02 8.941352952890000427e-01
4.897099999999999795e+02 8.929542553330001020e-01
4.900400000000000205e+02 8.921573519989999257e-01
4.903799999999999955e+02 8.917450496700000118e-01
4.907200000000000273e+02 8.916887772770000220e-01
4.910600000000000023e+02 8.919394334669999980e-01
4.913899999999999864e+02 8.924361602960000361e-01
4.917300000000000182e+02 8.931134851869999558e-01
4.920699999999999932e+02 8.939068697819999576e-01
4.923999999999999773e+02 8.947584713120000366e-01
4.927400000000000091e+02 8.956233332490000087e-01
4.930799999999999841e+02 8.964736609039999360e-01
4.934100000000000250e+02 8.972990264200000343e-01
4.937500000000000000e+02 8.981025600169999512e-01
4.940899999999999750e+02 8.988950538790000389e-01
4.944200000000000159e+02 8.996891375500000176e-01
4.947599999999999909e+02 9.004945753910000850e-01
4.951000000000000227e+02 9.013151281689999461e-01
4.954300000000000068e+02 9.021475459500000182e-01
4.957699999999999818e+02 9.029826519360000248e-01
4.961100000000000136e+02 9.038075419459999926e-01
4.964399999999999977e+02 9.046076727380000237e-01
4.967799999999999727e+02 9.053678700710000582e-01
4.971200000000000045e+02 9.060722991519999381e-01
4.974599999999999795e+02 9.067046551350000927e-01
4.977900000000000205e+02 9.072496644780000397e-01
4.981299999999999955e+02 9.076959553099999134e-01
4.984700000000000273e+02 9.080391458719999642e-01
4.988000000000000114e+02 9.082825923720000416e-01
4.991399999999999864e+02 9.084343532299999913e-01
4.994800000000000182e+02 9.085028368259999709e-01
4.998100000000000023e+02 9.084948223780000554e-01
5.001499999999999773e+02 9.084165711059999371e-01
5.004900000000000091e+02 9.082764141970000038e-01
5.008199999999999932e+02 9.080875925700000462e-01
5.011600000000000250e+02 9.078706169759999112e-01
5.015000000000000000e+02 9.076537747880000229e-01
5.018299999999999841e+02 9.074704093479999401e-01
5.021700000000000159e+02 9.073532337709999673e-01
5.025000000000000000e+02 9.073281126050000145e-01
5.028399999999999750e+02 9.074106033959999928e-01
5.031800000000000068e+02 9.076065561470000320e-01
5.035099999999999909e+02 9.079144401940000275e-01
5.038500000000000227e+02 9.083259953840000511e-01
5.041899999999999977e+02 9.088245664100000898e-01
5.045199999999999818e+02 9.093830273490000060e-01
5.048600000000000136e+02 9.099627143899999826e-01
5.051999999999999886e+02 9.105133489350000220e-01
5.055299999999999727e+02 9.109741568270000034e-01
5.058700000000000045e+02 9.112775712180000154e-01
5.062099999999999795e+02 9.113566601489999641e-01
5.065400000000000205e+02 9.111554384129999518e-01
5.068799999999999955e+02 9.106394780609999851e-01
5.072200000000000273e+02 9.098037047720000103e-01
5.075500000000000114e+02 9.086742778490000116e-01
5.078899999999999864e+02 9.073025542540000821e-01
5.082200000000000273e+02 9.057526278199999892e-01
5.085600000000000023e+02 9.040874356880000962e-01
5.088999999999999773e+02 9.023580164300000206e-01
5.092300000000000182e+02 9.005974544410000338e-01
5.095699999999999932e+02 8.988194226330000758e-01
5.099100000000000250e+02 8.970214043459999731e-01
5.102400000000000091e+02 8.951922571839999732e-01
5.105799999999999841e+02 8.933214756300000836e-01
5.109200000000000159e+02 8.914054994710000068e-01
5.112500000000000000e+02 8.894484792460000122e-01
5.115899999999999750e+02 8.874591730269999479e-01
5.119200000000000159e+02 8.854465789009999810e-01
5.122599999999999909e+02 8.834152078130000918e-01
5.126000000000000227e+02 8.813607586470000310e-01
5.129299999999999500e+02 8.792678016199999558e-01
5.132699999999999818e+02 8.771103705620000301e-01
5.136100000000000136e+02 8.748546152480000115e-01
5.139400000000000546e+02 8.724617655469999455e-01
5.142799999999999727e+02 8.698902609229999250e-01
5.146100000000000136e+02 8.670973303269999821e-01
5.149500000000000455e+02 8.640412433439998985e-01
5.152899999999999636e+02 8.606846453660000895e-01
5.156200000000000045e+02 8.569974317889998972e-01
5.159600000000000364e+02 8.529573428780000688e-01
5.162899999999999636e+02 8.485486293259999480e-01
5.166299999999999955e+02 8.437605748629999347e-01
5.169700000000000273e+02 8.385866205199999923e-01
5.172999999999999545e+02 8.330232559979999785e-01
5.176399999999999864e+02 8.270675175020000269e-01
5.179700000000000273e+02 8.207129251230000921e-01
5.183099999999999454e+02 8.139452897760000027e-01
5.186499999999999773e+02 8.067408504220000554e-01
5.189800000000000182e+02 7.990688282519999852e-01
5.193200000000000500e+02 7.908985824830000455e-01
5.196599999999999682e+02 7.822087435980000780e-01
5.199900000000000091e+02 7.729941749789999150e-01
5.203300000000000409e+02 7.632684990939999636e-01
5.206599999999999682e+02 7.530631896580000095e-01
5.210000000000000000e+02 7.424243523819999968e-01
5.213300000000000409e+02 7.314061325640000000e-01
5.216699999999999591e+02 7.200605928779999498e-01
5.220099999999999909e+02 7.084275043789999282e-01
5.223400000000000318e+02 6.965280664449999826e-01
5.226799999999999500e+02 6.843635139920000166e-01
5.230099999999999909e+02 6.719174899719999594e-01
5.233500000000000227e+02 6.591613137790000021e-01
5.236900000000000546e+02 6.460611395409999735e-01
5.240199999999999818e+02 6.325847375490000202e-01
5.243600000000000136e+02 6.187053891499999514e-01
5.246900000000000546e+02 6.044022258599999198e-01
5.250299999999999727e+02 5.896587484919999511e-01
5.253700000000000045e+02 5.744620746470000539e-01
5.257000000000000455e+02 5.588048305820000339e-01
5.260399999999999636e+02 5.426903382470000814e-01
5.263700000000000045e+02 5.261389903940000279e-01
5.267100000000000364e+02 5.091913294700000092e-01
5.270399999999999636e+02 4.919054916919999854e-01
5.273799999999999955e+02 4.743515076610000381e-01
5.277200000000000273e+02 4.566060949749999875e-01
5.280499999999999545e+02 4.387486715960000061e-01
5.283899999999999864e+02 4.208582521070000082e-01
5.287200000000000273e+02 4.030125339999999778e-01
5.290599999999999454e+02 3.852896363409999969e-01
5.293899999999999864e+02 3.677700243179999884e-01
5.297300000000000182e+02 3.505364589689999866e-01
5.300700000000000500e+02 3.336721282519999887e-01
5.303999999999999773e+02 3.172571845459999929e-01
5.307400000000000091e+02 3.013637137569999958e-01
5.310700000000000500e+02 2.860506319330000102e-01
5.314099999999999682e+02 2.713598247490000004e-01
5.317400000000000091e+02 2.573134974499999839e-01
5.320800000000000409e+02 2.439143256599999865e-01
5.324099999999999682e+02 2.311508239799999753e-01
5.327500000000000000e+02 2.190056672200000054e-01
5.330900000000000318e+02 2.074611413590000120e-01
5.334199999999999591e+02 1.964991709660000030e-01
5.337599999999999909e+02 1.860978738760000195e-01
5.340900000000000318e+02 1.762274445090000197e-01
5.344299999999999500e+02 1.668478084839999931e-01
5.347599999999999909e+02 1.579104221729999979e-01
5.351000000000000227e+02 1.493652490250000076e-01
5.354299999999999500e+02 1.411715959129999920e-01
5.357699999999999818e+02 1.333084875920000079e-01
5.361100000000000136e+02 1.257778863929999991e-01
5.364400000000000546e+02 1.185975123759999972e-01
5.367799999999999727e+02 1.117881645980000060e-01
5.371100000000000136e+02 1.053634643360000095e-01
5.374500000000000455e+02 9.932512229689999250e-02
5.377799999999999727e+02 9.366183090990000404e-02
5.381200000000000045e+02 8.834988964090000063e-02
5.384500000000000455e+02 8.335576630120000718e-02
5.387899999999999636e+02 7.864075751179999685e-02
5.391200000000000045e+02 7.416686064700001024e-02
5.394600000000000364e+02 6.990322560129999530e-02
5.397899999999999636e+02 6.583247198989999882e-02
5.401299999999999955e+02 6.195471262079999680e-02
5.404700000000000273e+02 5.828691391789999482e-02
5.407999999999999545e+02 5.485736493130000113e-02
5.411399999999999864e+02 5.169719041979999735e-02
5.414700000000000273e+02 4.883143207759999688e-02
5.418099999999999454e+02 4.627165789250000522e-02
5.421399999999999864e+02 4.401093978169999532e-02
5.424800000000000182e+02 4.202161285989999828e-02
5.428099999999999454e+02 4.025709839600000173e-02
5.431499999999999773e+02 3.865881509309999908e-02
5.434800000000000182e+02 3.716644806630000492e-02
5.438200000000000500e+02 3.572724191239999569e-02
5.441499999999999773e+02 3.430054946350000189e-02
5.444900000000000091e+02 3.285784148709999797e-02
5.448200000000000500e+02 3.138195145710000189e-02
5.451599999999999682e+02 2.986836377910000173e-02
5.454900000000000091e+02 2.832770908550000244e-02
5.458300000000000409e+02 2.678657533720000053e-02
5.461599999999999682e+02 2.528400151089999978e-02
5.465000000000000000e+02 2.386313918470000031e-02
5.468300000000000409e+02 2.256092679500000184e-02
5.471699999999999591e+02 2.139997776780000124e-02
5.475000000000000000e+02 2.038434167650000212e-02
5.478400000000000318e+02 1.949838050579999829e-02
5.481699999999999591e+02 1.870879945149999876e-02
5.485099999999999909e+02 1.797048969260000087e-02
5.488400000000000318e+02 1.723517768820000129e-02
5.491799999999999500e+02 1.646048921400000004e-02
5.495099999999999909e+02 1.561706663150000049e-02
5.498500000000000227e+02 1.469233245120000163e-02
5.501799999999999500e+02 1.369108652310000070e-02
5.505199999999999818e+02 1.263398200689999987e-02
5.508500000000000227e+02 1.155459458420000050e-02
5.511900000000000546e+02 1.049565348350000107e-02
5.515199999999999818e+02 9.504974802679999960e-03
5.518600000000000136e+02 8.630987580189999897e-03
5.521900000000000546e+02 7.917914961569998827e-03
5.525299999999999727e+02 7.402098688899999730e-03
5.528600000000000136e+02 7.110846258409999655e-03
5.532000000000000455e+02 7.063008745400000364e-03
5.535299999999999727e+02 7.269494000749999497e-03
5.538700000000000045e+02 7.732815128219999376e-03
5.542000000000000455e+02 8.445533026250000297e-03
5.545399999999999636e+02 9.387758365520000939e-03
5.548700000000000045e+02 1.052398287790000039e-02
5.552100000000000364e+02 1.179936580529999945e-02
5.555399999999999636e+02 1.313625076319999835e-02
5.558799999999999955e+02 1.443325674740000147e-02
5.562100000000000364e+02 1.557000399080000173e-02
5.565499999999999545e+02 1.641919710820000100e-02
5.568799999999999955e+02 1.686552766879999971e-02
5.572200000000000273e+02 1.682867135810000095e-02
5.575499999999999545e+02 1.628380365090000004e-02
5.578899999999999864e+02 1.526971577120000111e-02
5.582200000000000273e+02 1.387951356799999904e-02
5.585599999999999454e+02 1.223996854539999984e-02
5.588899999999999864e+02 1.049055289580000036e-02
5.592200000000000273e+02 8.768635364860000170e-03
5.595599999999999454e+02 7.200026205559999573e-03
5.598899999999999864e+02 5.890558408210000256e-03
5.602300000000000182e+02 4.917049808059999715e-03
5.605599999999999454e+02 4.320253819309999646e-03
5.608999999999999773e+02 4.102772381690000109e-03
5.612300000000000182e+02 4.232708386539999618e-03
5.615700000000000500e+02 4.651882115179999631e-03
5.618999999999999773e+02 5.286025580809999673e-03
5.622400000000000091e+02 6.054361511279999532e-03
5.625700000000000500e+02 6.877736919619999688e-03
5.629099999999999682e+02 7.685985414230000340e-03
5.632400000000000091e+02 8.424634742190000719e-03
5.635700000000000500e+02 9.059397563010000015e-03
5.639099999999999682e+02 9.576620057930000304e-03
5.642400000000000091e+02 9.979895102750000260e-03
5.645800000000000409e+02 1.028493620970000015e-02
5.649099999999999682e+02 1.051397609939999991e-02
5.652500000000000000e+02 1.068933490889999866e-02
5.655800000000000409e+02 1.082670494710000035e-02
5.659199999999999591e+02 1.093044154299999994e-02
5.662500000000000000e+02 1.099242653219999893e-02
5.665800000000000409e+02 1.099403027620000049e-02
5.669199999999999591e+02 1.091024133999999972e-02
5.672500000000000000e+02 1.071577695020000005e-02
5.675900000000000318e+02 1.039247294870000032e-02
5.679199999999999591e+02 9.935535454029999908e-03
5.682599999999999909e+02 9.356113403150000465e-03
5.685900000000000318e+02 8.679956059499999502e-03
5.689299999999999500e+02 7.943787740890001156e-03
5.692599999999999909e+02 7.190577654590000339e-03
5.695900000000000318e+02 6.464070625560000213e-03
5.699299999999999500e+02 5.803300748399999910e-03
5.702599999999999909e+02 5.238210073370000268e-03
5.706000000000000227e+02 4.787318047329999771e-03
5.709299999999999500e+02 4.457744581549999592e-03
5.712699999999999818e+02 4.247042859440000422e-03
5.716000000000000227e+02 4.146322307349999646e-03
5.719299999999999500e+02 4.144407774480000223e-03
5.722699999999999818e+02 4.231791704549999443e-03
5.726000000000000227e+02 4.402571812550000463e-03
5.729400000000000546e+02 4.654005971489999678e-03
5.732699999999999818e+02 4.984653595389999803e-03
5.736000000000000227e+02 5.391994376219999378e-03
5.739400000000000546e+02 5.870432993930000017e-03
5.742699999999999818e+02 6.410839924540000755e-03
5.746100000000000136e+02 7.001855917189999702e-03
5.749400000000000546e+02 7.631766945820000342e-03
5.752799999999999727e+02 8.289599860220001060e-03
5.756100000000000136e+02 8.965167636779999838e-03
5.759400000000000546e+02 9.648570475640000019e-03
5.762799999999999727e+02 1.032939029510000079e-02
5.766100000000000136e+02 1.099559401399999997e-02
5.769500000000000455e+02 1.163267191180000076e-02
5.772799999999999727e+02 1.222381275029999978e-02
5.776100000000000136e+02 1.275153015279999885e-02
5.779500000000000455e+02 1.320063037459999998e-02
5.782799999999999727e+02 1.356191729899999983e-02
5.786200000000000045e+02 1.383560654240000021e-02
5.789500000000000455e+02 1.403316823039999980e-02
5.792799999999999727e+02 1.417640994289999859e-02
5.796200000000000045e+02 1.429371444140000065e-02
5.799500000000000455e+02 1.441533708119999840e-02
5.802899999999999636e+02 1.457042055919999940e-02
5.806200000000000045e+02 1.478657936689999931e-02
5.809500000000000455e+02 1.509049426950000161e-02
5.812899999999999636e+02 1.550741839410000114e-02
5.816200000000000045e+02 1.605876693680000078e-02
5.819600000000000364e+02 1.675830993160000101e-02
5.822899999999999636e+02 1.760796312140000194e-02
5.826200000000000045e+02 1.859422812020000010e-02
5.829600000000000364e+02 1.968650545830000209e-02
5.832899999999999636e+02 2.083845464169999800e-02
5.836299999999999955e+02 2.199272496449999892e-02
5.839600000000000364e+02 2.308845622209999837e-02
5.842899999999999636e+02 2.407087916080000167e-02
5.846299999999999955e+02 2.490187297869999802e-02
5.849600000000000364e+02 2.556850085219999902e-02
5.852899999999999636e+02 2.608546048430000069e-02
5.856299999999999955e+02 2.648938825800000244e-02
5.859600000000000364e+02 2.682723596659999932e-02
5.862999999999999545e+02 2.714410436130000256e-02
5.866299999999999955e+02 2.747515249920000346e-02
5.869600000000000364e+02 2.784235533519999889e-02
5.872999999999999545e+02 2.825404651680000004e-02
5.876299999999999955e+02 2.870557026919999880e-02
5.879600000000000364e+02 2.918096171470000236e-02
5.882999999999999545e+02 2.965644749900000002e-02
5.886299999999999955e+02 3.010627265930000337e-02
5.889600000000000364e+02 3.050951042010000003e-02
5.892999999999999545e+02 3.085477725910000177e-02
5.896299999999999955e+02 3.114075329619999874e-02
5.899700000000000273e+02 3.137324582469999679e-02
5.902999999999999545e+02 3.156132724110000121e-02
5.906299999999999955e+02 3.171465235300000018e-02
5.909700000000000273e+02 3.184233195569999980e-02
5.912999999999999545e+02 3.195256498750000118e-02
5.916299999999999955e+02 3.205240048480000048e-02
5.919700000000000273e+02 3.214720412009999806e-02
5.922999999999999545e+02 3.223917664229999924e-02
5.926299999999999955e+02 3.232497962849999878e-02
5.929700000000000273e+02 3.239355837989999626e-02
5.932999999999999545e+02 3.242504225089999637e-02
5.936299999999999955e+02 3.239143972459999909e-02
5.939700000000000273e+02 3.226011700800000132e-02
5.942999999999999545e+02 3.199962745580000462e-02
5.946299999999999955e+02 3.158551682930000465e-02
5.949700000000000273e+02 3.100436251099999985e-02
5.952999999999999545e+02 3.025650913109999632e-02
5.956399999999999864e+02 2.935855396670000034e-02
5.959700000000000273e+02 2.834492294599999865e-02
5.962999999999999545e+02 2.726597386429999853e-02
5.966399999999999864e+02 2.618074725140000225e-02
5.969700000000000273e+02 2.514634142769999955e-02
5.972999999999999545e+02 2.420914022900000004e-02
5.976399999999999864e+02 2.340151691870000217e-02
5.979700000000000273e+02 2.274298876600000172e-02
5.982999999999999545e+02 2.224224544040000195e-02
5.986399999999999864e+02 2.189770854239999828e-02
5.989700000000000273e+02 2.169716472280000183e-02
5.992999999999999545e+02 2.161823840549999959e-02
5.996399999999999864e+02 2.163033177440000163e-02
5.999700000000000273e+02 2.169753049189999949e-02
6.002999999999999545e+02 2.178161225879999760e-02
6.006299999999999955e+02 2.184441390320000093e-02
6.009700000000000273e+02 2.185008433730000268e-02
6.012999999999999545e+02 2.176875276920000116e-02
6.016299999999999955e+02 2.158177054409999782e-02
6.019700000000000273e+02 2.128638595889999902e-02
6.022999999999999545e+02 2.089746744040000062e-02
6.026299999999999955e+02 2.044595896230000029e-02
6.029700000000000273e+02 1.997499759630000024e-02
6.032999999999999545e+02 1.953317061369999955e-02
6.036299999999999955e+02 1.916403392019999999e-02
6.039700000000000273e+02 1.889487705839999754e-02
6.042999999999999545e+02 1.873078955290000125e-02
6.046299999999999955e+02 1.865715780609999985e-02
6.049700000000000273e+02 1.864838871580000099e-02
6.052999999999999545e+02 1.867832749179999807e-02
6.056299999999999955e+02 1.872816972510000025e-02
6.059700000000000273e+02 1.878884683129999900e-02
6.062999999999999545e+02 1.885734118389999908e-02
6.066299999999999955e+02 1.892974140640000039e-02
6.069600000000000364e+02 1.899531416030000169e-02
6.072999999999999545e+02 1.903412208010000009e-02
6.076299999999999955e+02 1.901846491469999859e-02
6.079600000000000364e+02 1.891788621719999938e-02
6.082999999999999545e+02 1.870682112910000000e-02
6.086299999999999955e+02 1.837248786560000124e-02
6.089600000000000364e+02 1.792070361699999934e-02
6.092899999999999636e+02 1.737847294849999974e-02
6.096299999999999955e+02 1.679235504760000219e-02
6.099600000000000364e+02 1.622209229449999776e-02
6.102899999999999636e+02 1.573089851000000067e-02
6.106299999999999955e+02 1.537483016780000038e-02
6.109600000000000364e+02 1.519284646530000109e-02
6.112899999999999636e+02 1.519896026709999931e-02
6.116200000000000045e+02 1.537883943470000001e-02
6.119600000000000364e+02 1.569260451359999822e-02
6.122899999999999636e+02 1.608320801280000226e-02
6.126200000000000045e+02 1.648810210499999929e-02
6.129600000000000364e+02 1.685078055809999947e-02
6.132899999999999636e+02 1.712819640379999869e-02
6.136200000000000045e+02 1.729237701179999961e-02
6.139500000000000455e+02 1.732849524620000067e-02
6.142899999999999636e+02 1.723248369419999940e-02
6.146200000000000045e+02 1.700878065890000165e-02
6.149500000000000455e+02 1.666772110749999841e-02
6.152899999999999636e+02 1.622414702539999934e-02
6.156200000000000045e+02 1.569915123930000142e-02
6.159500000000000455e+02 1.512270698900000133e-02
6.162799999999999727e+02 1.453227756710000033e-02
6.166200000000000045e+02 1.396616419839999922e-02
6.169500000000000455e+02 1.345559342550000162e-02
6.172799999999999727e+02 1.302034332080000134e-02
6.176100000000000136e+02 1.266927601669999917e-02
6.179500000000000455e+02 1.240359599090000084e-02
6.182799999999999727e+02 1.222015713650000113e-02
6.186100000000000136e+02 1.211360970659999987e-02
6.189400000000000546e+02 1.207710329339999923e-02
6.192799999999999727e+02 1.210192692229999922e-02
6.196100000000000136e+02 1.217737726209999934e-02
6.199400000000000546e+02 1.229207920479999903e-02
6.202699999999999818e+02 1.243647544739999965e-02
6.206100000000000136e+02 1.260453296079999848e-02
6.209400000000000546e+02 1.279300660349999910e-02
6.212699999999999818e+02 1.299913717219999994e-02
6.216000000000000227e+02 1.321901527709999982e-02
6.219400000000000546e+02 1.344730561039999932e-02
6.222699999999999818e+02 1.367827834400000067e-02
6.226000000000000227e+02 1.390914610710000145e-02
6.229299999999999500e+02 1.414521882280000108e-02
6.232699999999999818e+02 1.440313988300000007e-02
6.236000000000000227e+02 1.470916385429999959e-02
6.239299999999999500e+02 1.509316086969999908e-02
6.242599999999999909e+02 1.558062906159999976e-02
6.246000000000000227e+02 1.618470975699999939e-02
6.249299999999999500e+02 1.690070499280000096e-02
6.252599999999999909e+02 1.770593102280000261e-02
6.255900000000000318e+02 1.856556969569999813e-02
6.259299999999999500e+02 1.944144253729999938e-02
6.262599999999999909e+02 2.029952085890000119e-02
6.265900000000000318e+02 2.111482877369999858e-02
6.269199999999999591e+02 2.187476889549999984e-02
6.272599999999999909e+02 2.258118457960000061e-02
6.275900000000000318e+02 2.325092211729999983e-02
6.279199999999999591e+02 2.391579555419999850e-02
6.282500000000000000e+02 2.462235037400000229e-02
6.285800000000000409e+02 2.542899397379999940e-02
6.289199999999999591e+02 2.639749618529999703e-02
6.292500000000000000e+02 2.757966952519999917e-02
6.295800000000000409e+02 2.900389950520000301e-02
6.299099999999999682e+02 3.066609623560000164e-02
6.302400000000000091e+02 3.252721730260000471e-02
6.305800000000000409e+02 3.451763082610000144e-02
6.309099999999999682e+02 3.654704139579999927e-02
6.312400000000000091e+02 3.851727785709999768e-02
6.315700000000000500e+02 4.033502501169999865e-02
6.319099999999999682e+02 4.192214647280000095e-02
6.322400000000000091e+02 4.322197376260000085e-02
6.325700000000000500e+02 4.420168012469999352e-02
6.328999999999999773e+02 4.485273498239999990e-02
6.332300000000000182e+02 4.519109876509999624e-02
6.335700000000000500e+02 4.525677835239999558e-02
6.338999999999999773e+02 4.511090048830000004e-02
6.342300000000000182e+02 4.482882655590000182e-02
6.345599999999999454e+02 4.449034699510000246e-02
6.348899999999999864e+02 4.417052343169999840e-02
6.352300000000000182e+02 4.393386229969999807e-02
6.355599999999999454e+02 4.383091845550000226e-02
6.358899999999999864e+02 4.389486405090000515e-02
6.362200000000000273e+02 4.413797679660000362e-02
6.365499999999999545e+02 4.455028419619999625e-02
6.368899999999999864e+02 4.510130136220000252e-02
6.372200000000000273e+02 4.574395701420000404e-02
6.375499999999999545e+02 4.642017080279999680e-02
6.378799999999999955e+02 4.706786612549999915e-02
6.382100000000000364e+02 4.762843372140000003e-02
6.385499999999999545e+02 4.805342546520000035e-02
6.388799999999999955e+02 4.830946056770000357e-02
6.392100000000000364e+02 4.838055732580000268e-02
6.395399999999999636e+02 4.826808013129999658e-02
6.398700000000000045e+02 4.798924715129999907e-02
6.402000000000000455e+02 4.757438155689999726e-02
6.405399999999999636e+02 4.706223812080000124e-02
6.408700000000000045e+02 4.649340801050000360e-02
6.412000000000000455e+02 4.590299163480000139e-02
6.415299999999999727e+02 4.531416586130000007e-02
6.418600000000000136e+02 4.473416685930000497e-02
6.422000000000000455e+02 4.415354494939999902e-02
6.425299999999999727e+02 4.354890630719999989e-02
6.428600000000000136e+02 4.288960699369999408e-02
6.431900000000000546e+02 4.214800017869999721e-02
6.435199999999999818e+02 4.131009683690000517e-02
6.438500000000000227e+02 4.038252083219999455e-02
6.441900000000000546e+02 3.939344176360000394e-02
6.445199999999999818e+02 3.838688304599999906e-02
6.448500000000000227e+02 3.741156511009999935e-02
6.451799999999999500e+02 3.650839205769999818e-02
6.455099999999999909e+02 3.570144820779999617e-02
6.458400000000000318e+02 3.499404882059999750e-02
6.461699999999999591e+02 3.436845565359999966e-02
6.465099999999999909e+02 3.378838937949999593e-02
6.468400000000000318e+02 3.320451565669999688e-02
6.471699999999999591e+02 3.256200667240000124e-02
6.475000000000000000e+02 3.180794907860000353e-02
6.478300000000000409e+02 3.089695514819999766e-02
6.481599999999999682e+02 2.979485486679999892e-02
6.485000000000000000e+02 2.848146023739999907e-02
6.488300000000000409e+02 2.695366234280000342e-02
6.491599999999999682e+02 2.522883669030000220e-02
6.494900000000000091e+02 2.334675815850000002e-02
6.498200000000000500e+02 2.136830403139999834e-02
6.501499999999999773e+02 1.937079549589999783e-02
6.504800000000000182e+02 1.744090781760000014e-02
6.508200000000000500e+02 1.566609163049999948e-02
6.511499999999999773e+02 1.412502941559999961e-02
6.514800000000000182e+02 1.287754886179999850e-02
6.518099999999999454e+02 1.195482129650000079e-02
6.521399999999999864e+02 1.135214584280000091e-02
6.524700000000000273e+02 1.102845741269999937e-02
6.527999999999999545e+02 1.091471762969999960e-02
6.531399999999999864e+02 1.092773906530000033e-02
6.534700000000000273e+02 1.098374562410000047e-02
6.537999999999999545e+02 1.100871172819999945e-02
6.541299999999999955e+02 1.094535530879999982e-02
6.544600000000000364e+02 1.075719238000000071e-02
6.547899999999999636e+02 1.042929314390000049e-02
6.551200000000000045e+02 9.965512702999999514e-03
6.554500000000000455e+02 9.383646024469999639e-03
6.557899999999999636e+02 8.710573959309998726e-03
6.561200000000000045e+02 7.977998224699999960e-03
6.564500000000000455e+02 7.218479094969999614e-03
6.567799999999999727e+02 6.462170799639999769e-03
6.571100000000000136e+02 5.734804910620000876e-03
6.574400000000000546e+02 5.056841877440000285e-03
6.577699999999999818e+02 4.443737494480000036e-03
6.581000000000000227e+02 3.907255470870000212e-03
6.584299999999999500e+02 3.456923279670000033e-03
6.587699999999999818e+02 3.100305194829999604e-03
6.591000000000000227e+02 2.841388212380000118e-03
6.594299999999999500e+02 2.677632259509999963e-03
6.597599999999999909e+02 2.597402546170000243e-03
6.600900000000000318e+02 2.579269857749999853e-03
6.604199999999999591e+02 2.593090093209999766e-03
6.607500000000000000e+02 2.602044315279999995e-03
6.610800000000000409e+02 2.565835285709999747e-03
6.614099999999999682e+02 2.446028993520000042e-03
6.617500000000000000e+02 2.213402691849999764e-03
6.620800000000000409e+02 1.854959348090000175e-03
6.624099999999999682e+02 1.377271198260000004e-03
6.627400000000000091e+02 8.045407766390000369e-04
6.630700000000000500e+02 1.729697885650000044e-04
6.633999999999999773e+02 0.000000000000000000e+00
6.637300000000000182e+02 0.000000000000000000e+00
6.640599999999999454e+02 0.000000000000000000e+00
6.643899999999999864e+02 0.000000000000000000e+00
6.647200000000000273e+02 0.000000000000000000e+00
6.650499999999999545e+02 0.000000000000000000e+00
6.653899999999999864e+02 0.000000000000000000e+00
6.657200000000000273e+02 0.000000000000000000e+00
6.660499999999999545e+02 0.000000000000000000e+00
6.663799999999999955e+02 0.000000000000000000e+00
6.667100000000000364e+02 0.000000000000000000e+00
6.670399999999999636e+02 0.000000000000000000e+00
6.673700000000000045e+02 0.000000000000000000e+00
6.677000000000000455e+02 0.000000000000000000e+00
6.680299999999999727e+02 9.485448373369999796e-05
6.683600000000000136e+02 4.205201179410000302e-04
6.686900000000000546e+02 6.577723747579999588e-04
6.690199999999999818e+02 7.886736275869999898e-04
6.693600000000000136e+02 8.019586701549999289e-04
6.696900000000000546e+02 6.946566763199999881e-04
6.700199999999999818e+02 4.725346681849999916e-04
6.703500000000000227e+02 1.484825224030000010e-04
6.706799999999999500e+02 0.000000000000000000e+00
6.710099999999999909e+02 0.000000000000000000e+00
6.713400000000000318e+02 0.000000000000000000e+00
6.716699999999999591e+02 0.000000000000000000e+00
6.720000000000000000e+02 0.000000000000000000e+00
6.723300000000000409e+02 0.000000000000000000e+00
6.726599999999999682e+02 0.000000000000000000e+00
6.729900000000000091e+02 0.000000000000000000e+00
6.733200000000000500e+02 0.000000000000000000e+00
6.736499999999999773e+02 0.000000000000000000e+00
6.739800000000000182e+02 0.000000000000000000e+00
6.743099999999999454e+02 0.000000000000000000e+00
6.746499999999999773e+02 0.000000000000000000e+00
6.749800000000000182e+02 0.000000000000000000e+00
6.753099999999999454e+02 0.000000000000000000e+00
6.756399999999999864e+02 0.000000000000000000e+00
6.759700000000000273e+02 0.000000000000000000e+00
6.762999999999999545e+02 0.000000000000000000e+00
6.766299999999999955e+02 0.000000000000000000e+00
6.769600000000000364e+02 0.000000000000000000e+00
6.772899999999999636e+02 0.000000000000000000e+00
6.776200000000000045e+02 0.000000000000000000e+00
6.779500000000000455e+02 0.000000000000000000e+00
6.782799999999999727e+02 0.000000000000000000e+00
6.786100000000000136e+02 0.000000000000000000e+00
6.789400000000000546e+02 0.000000000000000000e+00
6.792699999999999818e+02 0.000000000000000000e+00
6.796000000000000227e+02 0.000000000000000000e+00
6.799299999999999500e+02 0.000000000000000000e+00
6.802599999999999909e+02 0.000000000000000000e+00
6.805900000000000318e+02 0.000000000000000000e+00
6.809199999999999591e+02 0.000000000000000000e+00
6.812500000000000000e+02 0.000000000000000000e+00
6.815800000000000409e+02 0.000000000000000000e+00
6.819099999999999682e+02 0.000000000000000000e+00
6.822400000000000091e+02 0.000000000000000000e+00
6.825700000000000500e+02 0.000000000000000000e+00
6.828999999999999773e+02 0.000000000000000000e+00
6.832300000000000182e+02 0.000000000000000000e+00
6.835599999999999454e+02 0.000000000000000000e+00
6.838899999999999864e+02 0.000000000000000000e+00
6.842200000000000273e+02 0.000000000000000000e+00
6.845599999999999454e+02 0.000000000000000000e+00
6.848899999999999864e+02 0.000000000000000000e+00
6.852200000000000273e+02 0.000000000000000000e+00
6.855499999999999545e+02 0.000000000000000000e+00
6.858799999999999955e+02 0.000000000000000000e+00
6.862100000000000364e+02 0.000000000000000000e+00
6.865399999999999636e+02 0.000000000000000000e+00
6.868700000000000045e+02 0.000000000000000000e+00
6.872000000000000455e+02 0.000000000000000000e+00
6.875299999999999727e+02 0.000000000000000000e+00
6.878600000000000136e+02 0.000000000000000000e+00
6.881900000000000546e+02 0.000000000000000000e+00
6.885199999999999818e+02 0.000000000000000000e+00
6.888500000000000227e+02 0.000000000000000000e+00
6.891799999999999500e+02 0.000000000000000000e+00
6.895099999999999909e+02 0.000000000000000000e+00
6.898400000000000318e+02 0.000000000000000000e+00
6.901699999999999591e+02 0.000000000000000000e+00
6.905000000000000000e+02 0.000000000000000000e+00
6.908300000000000409e+02 0.000000000000000000e+00
6.911599999999999682e+02 0.000000000000000000e+00
6.914900000000000091e+02 0.000000000000000000e+00
6.918200000000000500e+02 0.000000000000000000e+00
6.921499999999999773e+02 0.000000000000000000e+00
6.924700000000000273e+02 0.000000000000000000e+00
6.927999999999999545e+02 0.000000000000000000e+00
6.931299999999999955e+02 0.000000000000000000e+00
6.934600000000000364e+02 0.000000000000000000e+00
6.937899999999999636e+02 0.000000000000000000e+00
6.941200000000000045e+02 0.000000000000000000e+00
6.944500000000000455e+02 0.000000000000000000e+00
6.947799999999999727e+02 0.000000000000000000e+00
6.951100000000000136e+02 0.000000000000000000e+00
6.954400000000000546e+02 0.000000000000000000e+00
6.957699999999999818e+02 0.000000000000000000e+00
6.961000000000000227e+02 0.000000000000000000e+00
6.964299999999999500e+02 0.000000000000000000e+00
6.967599999999999909e+02 0.000000000000000000e+00
6.970900000000000318e+02 0.000000000000000000e+00
6.974199999999999591e+02 0.000000000000000000e+00
6.977500000000000000e+02 0.000000000000000000e+00
6.980800000000000409e+02 0.000000000000000000e+00
6.984099999999999682e+02 0.000000000000000000e+00
6.987400000000000091e+02 0.000000000000000000e+00
6.990700000000000500e+02 0.000000000000000000e+00
6.993999999999999773e+02 0.000000000000000000e+00
6.997300000000000182e+02 0.000000000000000000e+00
7.000599999999999454e+02 0.000000000000000000e+00
7.003899999999999864e+02 0.000000000000000000e+00
7.007200000000000273e+02 0.000000000000000000e+00
7.010499999999999545e+02 0.000000000000000000e+00
7.013799999999999955e+02 0.000000000000000000e+00
7.017100000000000364e+02 0.000000000000000000e+00
7.020299999999999727e+02 0.000000000000000000e+00
7.023600000000000136e+02 0.000000000000000000e+00
7.026900000000000546e+02 0.000000000000000000e+00
7.030199999999999818e+02 0.000000000000000000e+00
7.033500000000000227e+02 0.000000000000000000e+00
7.036799999999999500e+02 0.000000000000000000e+00
7.040099999999999909e+02 0.000000000000000000e+00
7.043400000000000318e+02 0.000000000000000000e+00
7.046699999999999591e+02 0.000000000000000000e+00
7.050000000000000000e+02 0.000000000000000000e+00
7.053300000000000409e+02 0.000000000000000000e+00
7.056599999999999682e+02 0.000000000000000000e+00
7.059900000000000091e+02 0.000000000000000000e+00
7.063200000000000500e+02 0.000000000000000000e+00
7.066499999999999773e+02 0.000000000000000000e+00
7.069800000000000182e+02 0.000000000000000000e+00
7.072999999999999545e+02 0.000000000000000000e+00
7.076299999999999955e+02 0.000000000000000000e+00
7.079600000000000364e+02 0.000000000000000000e+00
7.082899999999999636e+02 0.000000000000000000e+00
7.086200000000000045e+02 0.000000000000000000e+00
7.089500000000000455e+02 0.000000000000000000e+00
7.092799999999999727e+02 0.000000000000000000e+00
7.096100000000000136e+02 0.000000000000000000e+00
7.099400000000000546e+02 0.000000000000000000e+00
7.102699999999999818e+02 0.000000000000000000e+00
7.106000000000000227e+02 0.000000000000000000e+00
7.109299999999999500e+02 0.000000000000000000e+00
7.112599999999999909e+02 0.000000000000000000e+00
7.115800000000000409e+02 0.000000000000000000e+00
7.119099999999999682e+02 0.000000000000000000e+00
7.122400000000000091e+02 0.000000000000000000e+00
7.125700000000000500e+02 0.000000000000000000e+00
7.128999999999999773e+02 0.000000000000000000e+00
7.132300000000000182e+02 0.000000000000000000e+00
7.135599999999999454e+02 0.000000000000000000e+00
7.138899999999999864e+02 0.000000000000000000e+00
7.142200000000000273e+02 0.000000000000000000e+00
7.145499999999999545e+02 0.000000000000000000e+00
7.148700000000000045e+02 0.000000000000000000e+00
7.152000000000000455e+02 0.000000000000000000e+00
7.155299999999999727e+02 0.000000000000000000e+00
7.158600000000000136e+02 0.000000000000000000e+00
7.161900000000000546e+02 0.000000000000000000e+00
7.165199999999999818e+02 0.000000000000000000e+00
7.168500000000000227e+02 4.324966235870000446e-05
7.171799999999999500e+02 1.247975281239999948e-03
7.175099999999999909e+02 2.370263048150000103e-03
7.178300000000000409e+02 3.409302495079999905e-03
7.181599999999999682e+02 4.372825353470000120e-03
7.184900000000000091e+02 5.272236091400000005e-03
7.188200000000000500e+02 6.116440376109999813e-03
7.191499999999999773e+02 6.907779195099999700e-03
7.194800000000000182e+02 7.642347450319999895e-03
7.198099999999999454e+02 8.313224796050001225e-03
7.201399999999999864e+02 8.913449085410000625e-03
7.204700000000000273e+02 9.437547367790000835e-03
7.207899999999999636e+02 9.882787015900000582e-03
7.211200000000000045e+02 1.025070802499999933e-02
7.214500000000000455e+02 1.054720243639999978e-02
7.217799999999999727e+02 1.077947270219999955e-02
7.221100000000000136e+02 1.095140851520000000e-02
7.224400000000000546e+02 1.106105489939999964e-02
7.227699999999999818e+02 1.110209704999999894e-02
7.230900000000000318e+02 1.106808952800000106e-02
7.234199999999999591e+02 1.095646460860000108e-02
7.237500000000000000e+02 1.077000501309999941e-02
7.240800000000000409e+02 1.051587934170000044e-02
7.244099999999999682e+02 1.020407273620000006e-02
7.247400000000000091e+02 9.846568916550000813e-03
7.250700000000000500e+02 9.457417178980000172e-03
7.253899999999999864e+02 9.053275446209999022e-03
7.257200000000000273e+02 8.653758798829999654e-03
7.260499999999999545e+02 8.280701427980000084e-03
7.263799999999999955e+02 7.956357820689999305e-03
7.267100000000000364e+02 7.702061224809999239e-03
7.270399999999999636e+02 7.538053688270000309e-03
7.273700000000000045e+02 7.482809121929999939e-03
7.276900000000000546e+02 7.550353844529999851e-03
7.280199999999999818e+02 7.746646523119999836e-03
7.283500000000000227e+02 8.067162409860001090e-03
7.286799999999999500e+02 8.496933700499999936e-03
7.290099999999999909e+02 9.013165038619999625e-03
7.293400000000000318e+02 9.589375071400001171e-03
7.296699999999999591e+02 1.019921982180000027e-02
7.299900000000000091e+02 1.081878907980000047e-02
7.303200000000000500e+02 1.142756663969999968e-02
7.306499999999999773e+02 1.200878247910000009e-02
7.309800000000000182e+02 1.254949607779999934e-02
7.313099999999999454e+02 1.304050017610000091e-02
7.316399999999999864e+02 1.347596824490000095e-02
7.319600000000000364e+02 1.385250709849999984e-02
7.322899999999999636e+02 1.416805138639999975e-02
7.326200000000000045e+02 1.442204959789999963e-02
7.329500000000000455e+02 1.461702479660000054e-02
7.332799999999999727e+02 1.475929016790000076e-02
7.336000000000000227e+02 1.485731004610000086e-02
7.339299999999999500e+02 1.491908558830000106e-02
7.342599999999999909e+02 1.495100087039999935e-02
7.345900000000000318e+02 1.495904008149999929e-02
7.349199999999999591e+02 1.495125141079999866e-02
7.352500000000000000e+02 1.493923852920000031e-02
7.355700000000000500e+02 1.493681482720000085e-02
7.358999999999999773e+02 1.495562288679999977e-02
7.362300000000000182e+02 1.499960752200000039e-02
7.365599999999999454e+02 1.506145112720000054e-02
7.368899999999999864e+02 1.512317125590000033e-02
7.372100000000000364e+02 1.516044635919999890e-02
7.375399999999999636e+02 1.514842382849999891e-02
7.378700000000000045e+02 1.506721625039999894e-02
7.382000000000000455e+02 1.490648593460000039e-02
7.385299999999999727e+02 1.466852609340000071e-02
7.388500000000000227e+02 1.436881898139999968e-02
7.391799999999999500e+02 1.403395990589999948e-02
7.395099999999999909e+02 1.369804870160000118e-02
7.398400000000000318e+02 1.339845946699999915e-02
7.401699999999999591e+02 1.317110290960000173e-02
7.404900000000000091e+02 1.304503058339999931e-02
7.408200000000000500e+02 1.303680962650000108e-02
7.411499999999999773e+02 1.314629143279999988e-02
7.414800000000000182e+02 1.335552053060000063e-02
7.418099999999999454e+02 1.363073678129999959e-02
7.421299999999999955e+02 1.392602158569999915e-02
7.424600000000000364e+02 1.418782971869999958e-02
7.427899999999999636e+02 1.436086107230000013e-02
7.431200000000000045e+02 1.439563508400000004e-02
7.434500000000000455e+02 1.425677306120000029e-02
7.437699999999999818e+02 1.392992014709999900e-02
7.441000000000000227e+02 1.342553420100000075e-02
7.444299999999999500e+02 1.277849648959999973e-02
7.447599999999999909e+02 1.204347670240000015e-02
7.450900000000000318e+02 1.128755053489999965e-02
7.454099999999999682e+02 1.058165819250000105e-02
7.457400000000000091e+02 9.991241165630000698e-03
7.460700000000000500e+02 9.567263298150000678e-03
7.463999999999999773e+02 9.340597221109999196e-03
7.467200000000000273e+02 9.321174950239999313e-03
7.470499999999999545e+02 9.500130964370001249e-03
7.473799999999999955e+02 9.852796352059999679e-03
7.477100000000000364e+02 1.034211732339999912e-02
7.480299999999999727e+02 1.092325188910000036e-02
7.483600000000000136e+02 1.154985180449999947e-02
7.486900000000000546e+02 1.218036355069999910e-02
7.490199999999999818e+02 1.278059110829999831e-02
7.493400000000000318e+02 1.332095652129999981e-02
7.496699999999999591e+02 1.377213484100000065e-02
7.500000000000000000e+02 1.410430431249999964e-02
7.503300000000000409e+02 1.429168013360000017e-02
7.506599999999999682e+02 1.432035821660000013e-02
7.509800000000000182e+02 1.419592079340000097e-02
7.513099999999999454e+02 1.394662670310000026e-02
7.516399999999999864e+02 1.361935941400000023e-02
7.519700000000000273e+02 1.326925750930000106e-02
7.522899999999999636e+02 1.294721639510000057e-02
7.526200000000000045e+02 1.268995337340000050e-02
7.529500000000000455e+02 1.251524626839999911e-02
7.532799999999999727e+02 1.242201540520000008e-02
7.536000000000000227e+02 1.239360434359999992e-02
7.539299999999999500e+02 1.240309103349999942e-02
7.542599999999999909e+02 1.241961632939999997e-02
7.545800000000000409e+02 1.241438233710000054e-02
7.549099999999999682e+02 1.236512574590000087e-02
7.552400000000000091e+02 1.225816727439999962e-02
7.555700000000000500e+02 1.208789483949999910e-02
7.558899999999999864e+02 1.185512440499999869e-02
7.562200000000000273e+02 1.156621199010000010e-02
7.565499999999999545e+02 1.123330869239999932e-02
7.568799999999999955e+02 1.087503947270000021e-02
7.572000000000000455e+02 1.051663485779999983e-02
7.575299999999999727e+02 1.018827805399999918e-02
7.578600000000000136e+02 9.921314590159999516e-03
7.581900000000000546e+02 9.743720041040000376e-03
7.585099999999999909e+02 9.676491151090000492e-03
7.588400000000000318e+02 9.731552989300000511e-03
7.591699999999999591e+02 9.910979767109999103e-03
7.594900000000000091e+02 1.020724461059999838e-02
7.598200000000000500e+02 1.060439753590000124e-02
7.601499999999999773e+02 1.107979481010000142e-02
7.604800000000000182e+02 1.160569104549999918e-02
7.607999999999999545e+02 1.215055676540000018e-02
7.611299999999999955e+02 1.268045999849999952e-02
7.614600000000000364e+02 1.316090237989999898e-02
7.617799999999999727e+02 1.356008364580000083e-02
7.621100000000000136e+02 1.385413194280000170e-02
7.624400000000000546e+02 1.403259635379999933e-02
7.627699999999999818e+02 1.410159028969999902e-02
7.630900000000000318e+02 1.408342111040000039e-02
7.634199999999999591e+02 1.401306451749999987e-02
7.637500000000000000e+02 1.393243859670000029e-02
7.640700000000000500e+02 1.388350546679999881e-02
7.643999999999999773e+02 1.390130759240000048e-02
7.647300000000000182e+02 1.400833590880000076e-02
7.650499999999999545e+02 1.421153749369999907e-02
7.653799999999999955e+02 1.450240051379999943e-02
7.657100000000000364e+02 1.485969535969999984e-02
7.660399999999999636e+02 1.525429699420000063e-02
7.663600000000000136e+02 1.565530762460000044e-02
7.666900000000000546e+02 1.603572337870000017e-02
7.670199999999999818e+02 1.637545302220000040e-02
7.673400000000000318e+02 1.666129720639999978e-02
7.676699999999999591e+02 1.688579970279999870e-02
7.680000000000000000e+02 1.704659110020000090e-02
7.683200000000000500e+02 1.714605813400000081e-02
7.686499999999999773e+02 1.719059095659999925e-02
7.689800000000000182e+02 1.718922681460000046e-02
7.692999999999999545e+02 1.715206598299999843e-02
7.696299999999999955e+02 1.708852144849999991e-02
7.699600000000000364e+02 1.700516214769999881e-02
7.702799999999999727e+02 1.690427545630000111e-02
7.706100000000000136e+02 1.678497597369999969e-02
7.709400000000000546e+02 1.664630450710000154e-02
7.712599999999999909e+02 1.648976887629999971e-02
7.715900000000000318e+02 1.632024487900000237e-02
7.719199999999999591e+02 1.614646740779999978e-02
7.722400000000000091e+02 1.598247381169999939e-02
7.725700000000000500e+02 1.584952588700000095e-02
7.728999999999999773e+02 1.577620770019999910e-02
7.732200000000000273e+02 1.579484034710000248e-02
7.735499999999999545e+02 1.593497884489999961e-02
7.738799999999999955e+02 1.621664696729999827e-02
7.742000000000000455e+02 1.664557827470000001e-02
7.745299999999999727e+02 1.721122030039999931e-02
7.748600000000000136e+02 1.788729979469999912e-02
7.751799999999999500e+02 1.863472088780000063e-02
7.755099999999999909e+02 1.940626507149999930e-02
7.758400000000000318e+02 2.015187606540000051e-02
7.761599999999999682e+02 2.082373199130000199e-02
7.764900000000000091e+02 2.138153578549999850e-02
7.768200000000000500e+02 2.179844729530000177e-02
7.771399999999999864e+02 2.206639258950000154e-02
7.774700000000000273e+02 2.219805375070000100e-02
7.777999999999999545e+02 2.222342176799999708e-02
7.781200000000000045e+02 2.218125567780000057e-02
7.784500000000000455e+02 2.210872591079999713e-02
7.787799999999999727e+02 2.203371534829999881e-02
7.791000000000000227e+02 2.197240204839999780e-02
7.794299999999999500e+02 2.193155770849999908e-02
7.797500000000000000e+02 2.191312902050000094e-02
7.800800000000000409e+02 2.191866576829999691e-02
7.804099999999999682e+02 2.195189810820000198e-02
7.807300000000000182e+02 2.201873482470000087e-02
7.810599999999999454e+02 2.212509866159999977e-02
7.813899999999999864e+02 2.227361434040000046e-02
7.817100000000000364e+02 2.246042979389999833e-02
7.820399999999999636e+02 2.267370003879999943e-02
7.823700000000000045e+02 2.289446174120000205e-02
7.826900000000000546e+02 2.309931549049999699e-02
7.830199999999999818e+02 2.326404404639999951e-02
7.833400000000000318e+02 2.336753246839999923e-02
7.836699999999999591e+02 2.339500782349999974e-02
7.840000000000000000e+02 2.333931463399999823e-02
7.843200000000000500e+02 2.320026747580000021e-02
7.846499999999999773e+02 2.298376515679999635e-02
7.849700000000000273e+02 2.270141606510000035e-02
7.852999999999999545e+02 2.236977430070000161e-02
7.856299999999999955e+02 2.200900904990000032e-02
7.859500000000000455e+02 2.164171646009999811e-02
7.862799999999999727e+02 2.129174162430000003e-02
7.866100000000000136e+02 2.098228903349999910e-02
7.869299999999999500e+02 2.073314052739999927e-02
7.872599999999999909e+02 2.055795535910000249e-02
7.875800000000000409e+02 2.046325555080000247e-02
7.879099999999999682e+02 2.044916841680000097e-02
7.882400000000000091e+02 2.051006661310000173e-02
7.885599999999999454e+02 2.063409126349999984e-02
7.888899999999999864e+02 2.080332909150000090e-02
7.892100000000000364e+02 2.099697995420000268e-02
7.895399999999999636e+02 2.119632138389999920e-02
7.898700000000000045e+02 2.138767402309999996e-02
7.901900000000000546e+02 2.156223452800000093e-02
7.905199999999999818e+02 2.171498129689999890e-02
7.908400000000000318e+02 2.184428619589999856e-02
7.911699999999999591e+02 2.195174590640000187e-02
7.915000000000000000e+02 2.204117743319999878e-02
7.918200000000000500e+02 2.211649104999999921e-02
7.921499999999999773e+02 2.217904408689999954e-02
7.924700000000000273e+02 2.222592741610000117e-02
7.927999999999999545e+02 2.225081425199999796e-02
7.931200000000000045e+02 2.224759981750000157e-02
7.934500000000000455e+02 2.221528431279999952e-02
7.937799999999999727e+02 2.216165723529999951e-02
7.941000000000000227e+02 2.210318958529999822e-02
7.944299999999999500e+02 2.205936651830000053e-02
7.947500000000000000e+02 2.204246964250000315e-02
7.950800000000000409e+02 2.204825847289999807e-02
7.953999999999999773e+02 2.205417724660000203e-02
7.957300000000000182e+02 2.202608439400000062e-02
7.960599999999999454e+02 2.192862334790000173e-02
7.963799999999999955e+02 2.173455430679999828e-02
7.967100000000000364e+02 2.143119582529999859e-02
7.970299999999999727e+02 2.102357617830000192e-02
7.973600000000000136e+02 2.053418139150000113e-02
7.976799999999999500e+02 1.999928181229999880e-02
7.980099999999999909e+02 1.946281159760000073e-02
7.983400000000000318e+02 1.896987470900000222e-02
7.986599999999999682e+02 1.856120714510000116e-02
7.989900000000000091e+02 1.826851776810000175e-02
7.993099999999999454e+02 1.811060424209999867e-02
7.996399999999999864e+02 1.809084392469999941e-02
7.999600000000000364e+02 1.819673675010000102e-02
