-1.598900966249080735e+00  1.495171474316842582e-165  1.495171474316842582e-165
-1.498900966249080646e+00  1.581442098536331683e-154  1.581442098536331683e-154
-1.398900966249081002e+00  6.189686701723483396e-142  6.189686701723483396e-142
-1.298900966249080469e+00  7.168074490584947704e-130  7.168074490584947704e-130
-1.198900966249080824e+00  2.415305612033241721e-118  2.415305612033241721e-118
-1.098900966249080735e+00  2.367966994749385880e-107  2.367966994749385880e-107
-9.989009662490806463e-01  6.754810535836333017e-97  6.754810535836333017e-97
-8.989009662490805574e-01  5.606407644944513554e-87  5.606407644944513554e-87
-7.989009662490806907e-01  1.353911089941489944e-77  1.353911089941489944e-77
-6.989009662490808239e-01  9.513264938715736405e-69  9.513264938715736405e-69
-5.989009662490807351e-01  1.944925681279005139e-60  1.944925681279005139e-60
-4.989009662490806463e-01  1.156938844839004294e-52  1.156938844839004294e-52
-3.989009662490805574e-01  2.002404294597677880e-45  2.002404294597677880e-45
-2.989009662490806907e-01  1.008386693241823593e-38  1.008386693241823593e-38
-1.989009662490806019e-01  1.477530372196964216e-32  1.477530372196964216e-32
-9.890096624908073508e-02  6.299117376144589881e-27  6.299117376144589881e-27
1.099033750919353736e-03  7.813704047880236616e-22  7.813704047880236616e-22
1.010990337509194426e-01  2.820123890650583720e-17  2.820123890650583720e-17
2.010990337509193093e-01  2.961511275601025372e-13  2.961511275601025372e-13
3.010990337509193981e-01  9.048832855622752300e-10  9.048832855622752300e-10
4.010990337509192649e-01  8.044623346173825569e-07  8.044623346173825569e-07
5.010990337509193537e-01  2.080907793214504392e-04  2.080907793214504392e-04
6.010990337509194426e-01  1.566152078999176467e-02  1.566152078999176467e-02
7.010990337509195314e-01  3.429643657955771530e-01  3.429643657955771530e-01
8.010990337509196202e-01  2.185234454954818162e+00  2.185234454954818162e+00
9.010990337509192649e-01  4.051175457578764849e+00  4.051175457578764849e+00
1.001099033750919354e+00  2.185234454958078665e+00  2.185234454958078665e+00
1.101099033750919443e+00  3.429643664172516981e-01  3.429643664172516981e-01
1.201099033750919531e+00  1.566158449714929665e-02  1.566158449714929665e-02
1.301099033750919620e+00  2.116122803362198879e-04  2.116122803362198879e-04
1.401099033750919265e+00  1.058032760099550070e-04  1.058032760099550070e-04
1.501099033750919354e+00  1.688722095504839203e-03  1.688722095504839203e-03
1.601099033750919443e+00  1.465036687394960686e-02  1.465036687394960686e-02
1.701099033750919531e+00  6.855766762665366221e-02  6.855766762665366221e-02
1.801099033750919620e+00  1.730535666162220654e-01  1.730535666162220654e-01
1.901099033750919265e+00  2.356253763904853360e-01  2.356253763904853360e-01
2.001099033750919354e+00  1.730535679873136112e-01  1.730535679873136112e-01
2.101099033750919443e+00  6.855771294972932972e-02  6.855771294972932972e-02
2.201099033750919531e+00  1.465135938270451486e-02  1.465135938270451486e-02
2.301099033750919620e+00  1.703123347411890235e-03  1.703123347411890235e-03
2.401099033750919265e+00  2.434824899808348203e-04  2.434824899808348203e-04
2.501099033750919798e+00  8.858851839287912441e-04  8.858851839287912441e-04
2.601099033750919443e+00  3.725478684916036162e-03  3.725478684916036162e-03
2.701099033750919087e+00  1.042268721425579532e-02  1.042268721425579532e-02
2.801099033750919620e+00  1.932247228009097151e-02  1.932247228009097151e-02
2.901099033750919265e+00  2.373688401770349121e-02  2.373688401770349121e-02
3.001099033750919798e+00  1.932248345574765977e-02  1.932248345574765977e-02
3.101099033750919443e+00  1.042284099627752668e-02  1.042284099627752668e-02
3.201099033750919975e+00  3.726978020623042485e-03  3.726978020623042485e-03
3.301099033750919620e+00  8.939846075880094299e-04  8.939846075880094299e-04
3.401099033750919265e+00  2.019391328844776651e-04  2.019391328844776651e-04
3.501099033750919798e+00  2.688833859445003511e-04  2.688833859445003511e-04
3.601099033750919443e+00  7.505432324129720058e-04  7.505432324129720058e-04
3.701099033750919975e+00  1.621499935675076469e-03  1.621499935675076469e-03
3.801099033750919620e+00  2.576127236823528774e-03  2.576127236823528774e-03
3.901099033750919265e+00  3.005993818424400506e-03  3.005993818424400506e-03
4.001099033750920242e+00  2.576145335027212740e-03  2.576145335027212740e-03
4.101099033750919887e+00  1.621614544082250128e-03  1.621614544082250128e-03
4.201099033750919531e+00  7.505697960304127860e-04  7.505697960304127860e-04
4.301099033750919176e+00  2.595537185515588976e-04  2.595537185515588976e-04
4.401099033750918821e+00  8.317985556750258434e-05  8.317985556750258434e-05
4.501099033750920242e+00  7.153835837471037875e-05  7.153835837471037875e-05
4.601099033750919887e+00  1.437531652081530025e-04  1.437531652081530025e-04
4.701099033750919531e+00  2.637586959040318329e-04  2.637586959040318329e-04
4.801099033750919176e+00  3.817818579888648876e-04  3.817818579888648876e-04
4.901099033750918821e+00  4.319383332883565321e-04  4.319383332883565321e-04
5.001099033750920242e+00  3.817865806801462808e-04  3.817865806801462808e-04
5.101099033750919887e+00  2.636971976883254734e-04  2.636971976883254734e-04
5.201099033750919531e+00  1.426249956140502098e-04  1.426249956140502098e-04
5.301099033750919176e+00  6.157400869759684569e-05  6.157400869759684569e-05
5.401099033750918821e+00  2.486124632632966586e-05  2.486124632632966586e-05
5.501099033750920242e+00  1.803894237973820857e-05  1.803894237973820857e-05
5.601099033750919887e+00  2.766217300417033657e-05  2.766217300417033657e-05
5.701099033750919531e+00  4.472428537430921976e-05  4.472428537430921976e-05
5.801099033750919176e+00  6.069751120024628277e-05  6.069751120024628277e-05
5.901099033750918821e+00  6.725613734146092520e-05  6.725613734146092520e-05
6.001099033750920242e+00  6.068653508192078288e-05  6.068653508192078288e-05
6.101099033750919887e+00  4.460350156496515857e-05  4.460350156496515857e-05
6.201099033750919531e+00  2.679017357628186337e-05  2.679017357628186337e-05
6.301099033750919176e+00  1.342927372328443025e-05  1.342927372328443025e-05
6.401099033750918821e+00  6.357765210015806629e-06  6.357765210015806629e-06
6.501099033750918466e+00  4.356580817833796480e-06  4.356580817833796480e-06
6.601099033750919887e+00  5.440380977927572611e-06  5.440380977927572611e-06
6.701099033750919531e+00  7.872168321180073651e-06  7.872168321180073651e-06
6.801099033750919176e+00  1.015143654281411271e-05  1.015143654281411271e-05
6.901099033750918821e+00  1.107257785865450873e-05  1.107257785865450873e-05
7.001099033750918466e+00  1.013903113442944010e-05  1.013903113442944010e-05
7.101099033750919887e+00  7.792835554135874425e-06  7.792835554135874425e-06
7.201099033750919531e+00  5.048777785482828303e-06  5.048777785482828303e-06
7.301099033750919176e+00  2.818000405026979741e-06  2.818000405026979741e-06
7.401099033750918821e+00  1.496644132900535353e-06  1.496644132900535353e-06
7.501099033750918466e+00  1.014989855720361461e-06  1.014989855720361461e-06
7.601099033750919887e+00  1.094721631425008613e-06  1.094721631425008613e-06
7.701099033750919531e+00  1.432984366545044228e-06  1.432984366545044228e-06
7.801099033750919176e+00  1.765653150722907233e-06  1.765653150722907233e-06
7.901099033750918821e+00  1.899734116863167105e-06  1.899734116863167105e-06
8.001099033750920242e+00  1.758374069680370353e-06  1.758374069680370353e-06
8.101099033750919887e+00  1.397983510252376963e-06  1.397983510252376963e-06
8.201099033750919531e+00  9.592951782166309514e-07  9.592951782166309514e-07
8.301099033750919176e+00  5.805839795842883125e-07  5.805839795842883125e-07
8.401099033750918821e+00  3.361503582344914670e-07  3.361503582344914670e-07
8.501099033750920242e+00  2.300147307488637728e-07  2.300147307488637728e-07
8.601099033750919887e+00  2.243273866669810776e-07  2.243273866669810776e-07
8.701099033750919531e+00  2.687249929139302230e-07  2.687249929139302230e-07
8.801099033750919176e+00  3.170974168248654572e-07  3.170974168248654572e-07
8.901099033750918821e+00  3.366211856706458169e-07  3.366211856706458169e-07
9.001099033750920242e+00  3.139764655389567919e-07  3.139764655389567919e-07
9.101099033750919887e+00  2.563147064808847659e-07  2.563147064808847659e-07
9.201099033750919531e+00  1.840109105331570108e-07  1.840109105331570108e-07
9.301099033750919176e+00  1.186134319681989125e-07  1.186134319681989125e-07
9.401099033750918821e+00  7.342627571838980863e-08  7.342627571838980863e-08
9.501099033750920242e+00  5.107706304029358058e-08  5.107706304029358058e-08
9.601099033750919887e+00  4.656054632793211097e-08  4.656054632793211097e-08
9.701099033750919531e+00  5.169984410186278889e-08  5.169984410186278889e-08
9.801099033750919176e+00  5.851258416650803178e-08  5.851258416650803178e-08
9.901099033750918821e+00  6.123824982902870490e-08  6.123824982902870490e-08
1.000109903375092024e+01  5.740527171646958201e-08  5.740527171646958201e-08
1.010109903375091989e+01  4.785961556632559932e-08  4.785961556632559932e-08
1.020109903375091953e+01  3.563239985898426699e-08  3.563239985898426699e-08
1.030109903375091918e+01  2.415431275966366856e-08  2.415431275966366856e-08
1.040109903375091882e+01  1.576875367293928226e-08  1.576875367293928226e-08
