-1.552631576118098877e+00  1.123985688901725104e-15  1.123985688901725104e-15
-1.452631576118098788e+00  1.650232885168224064e-14  1.650232885168224064e-14
-1.352631576118098700e+00  2.211967024978742068e-13  2.211967024978742068e-13
-1.252631576118099055e+00  2.675793629779057319e-12  2.675793629779057319e-12
-1.152631576118098966e+00  2.907265808989813023e-11  2.907265808989813023e-11
-1.052631576118098877e+00  2.831348339900987719e-10  2.831348339900987719e-10
-9.526315761180987884e-01  2.469406718948837411e-09  2.469406718948837411e-09
-8.526315761180986996e-01  1.928002110661502262e-08  1.928002110661502262e-08
-7.526315761180988329e-01  1.347271645457602672e-07  1.347271645457602672e-07
-6.526315761180989661e-01  8.425486047385334289e-07  8.425486047385334289e-07
-5.526315761180988773e-01  4.715265558098455917e-06  4.715265558098455917e-06
-4.526315761180987884e-01  2.361444844416175321e-05  2.361444844416175321e-05
-3.526315761180986996e-01  1.058288228037449819e-04  1.058288228037449819e-04
-2.526315761180988329e-01  4.244058312500436107e-04  4.244058312500436107e-04
-1.526315761180987440e-01  1.523028864908490803e-03  1.523028864908490803e-03
-5.263157611809887726e-02  4.890839816174206468e-03  4.890839816174206468e-03
4.736842388190121156e-02  1.405422761832534305e-02  1.405422761832534305e-02
1.473684238819013004e-01  3.613924204118510591e-02  3.613924204118510591e-02
2.473684238819011671e-01  8.315732514123841401e-02  8.315732514123841401e-02
3.473684238819012560e-01  1.712273758888713526e-01  1.712273758888713526e-01
4.473684238819011227e-01  3.155007529792578369e-01  3.155007529792578369e-01
5.473684238819012116e-01  5.202212110678898771e-01  5.202212110678898771e-01
6.473684238819013004e-01  7.676214651198575156e-01  7.676214651198575156e-01
7.473684238819013892e-01  1.013673969885073411e+00  1.013673969885073411e+00
8.473684238819014780e-01  1.198070193345064149e+00  1.198070193345064149e+00
9.473684238819011227e-01  1.267598715710166468e+00  1.267598715710166468e+00
1.047368423881901212e+00  1.201080389667319892e+00  1.201080389667319892e+00
1.147368423881901300e+00  1.020090726728542840e+00  1.020090726728542840e+00
1.247368423881901389e+00  7.781506439295716726e-01  7.781506439295716726e-01
1.347368423881901478e+00  5.357092172095916371e-01  5.357092172095916371e-01
1.447368423881901123e+00  3.367003065097185499e-01  3.367003065097185499e-01
1.547368423881901212e+00  1.985353219546270587e-01  1.985353219546270587e-01
1.647368423881901300e+00  1.163834082281123561e-01  1.163834082281123561e-01
1.747368423881901389e+00  7.437433937122711614e-02  7.437433937122711614e-02
1.847368423881901478e+00  5.569256630923397067e-02  5.569256630923397067e-02
1.947368423881901123e+00  4.782148524184038491e-02  4.782148524184038491e-02
2.047368423881901212e+00  4.345316968791072820e-02  4.345316968791072820e-02
2.147368423881901300e+00  3.925183005469087827e-02  3.925183005469087827e-02
2.247368423881901389e+00  3.424064331698908198e-02  3.424064331698908198e-02
2.347368423881901478e+00  2.857796408332222843e-02  2.857796408332222843e-02
2.447368423881901123e+00  2.281569518251784154e-02  2.281569518251784154e-02
2.547368423881901656e+00  1.750561273344732049e-02  1.750561273344732049e-02
2.647368423881901300e+00  1.302182859902217653e-02  1.302182859902217653e-02
2.747368423881900945e+00  9.515904825199456019e-03  9.515904825199456019e-03
2.847368423881901478e+00  6.950384398969843697e-03  6.950384398969843697e-03
2.947368423881901123e+00  5.168596797637372078e-03  5.168596797637372078e-03
3.047368423881901656e+00  3.967850892000016581e-03  3.967850892000016581e-03
3.147368423881901300e+00  3.155342592617682140e-03  3.155342592617682140e-03
3.247368423881901833e+00  2.579221487227659291e-03  2.579221487227659291e-03
3.347368423881901478e+00  2.137348706839254514e-03  2.137348706839254514e-03
3.447368423881901123e+00  1.771337101482288283e-03  1.771337101482288283e-03
3.547368423881901656e+00  1.454017760117626550e-03  1.454017760117626550e-03
3.647368423881901300e+00  1.176409630112685992e-03  1.176409630112685992e-03
3.747368423881901833e+00  9.374854489829427843e-04  9.374854489829427843e-04
3.847368423881901478e+00  7.377222506908024356e-04  7.377222506908024356e-04
3.947368423881901123e+00  5.760169131338470144e-04  5.760169131338470144e-04
4.047368423881901656e+00  4.489550126673439129e-04  4.489550126673439129e-04
4.147368423881901300e+00  3.513721302523736888e-04  3.513721302523736888e-04
4.247368423881901833e+00  2.773719016919364466e-04  2.773719016919364466e-04
4.347368423881901478e+00  2.212731308821049795e-04  2.212731308821049795e-04
4.447368423881901123e+00  1.782388132453270341e-04  1.782388132453270341e-04
4.547368423881901656e+00  1.445434352863797641e-04  1.445434352863797641e-04
4.647368423881901300e+00  1.175516386690236457e-04  1.175516386690236457e-04
4.747368423881901833e+00  9.552458021723158970e-05  9.552458021723158970e-05
4.847368423881901478e+00  7.736379603287054524e-05  7.736379603287054524e-05
4.947368423881901123e+00  6.237073456826251402e-05  6.237073456826251402e-05
5.047368423881901656e+00  5.006292225100196264e-05  5.006292225100196264e-05
5.147368423881901300e+00  4.005696637941915219e-05  4.005696637941915219e-05
5.247368423881901833e+00  3.200912103490657570e-05  3.200912103490657570e-05
5.347368423881901478e+00  2.559566483338691217e-05  2.559566483338691217e-05
5.447368423881901123e+00  2.051492030417595568e-05  2.051492030417595568e-05
5.547368423881901656e+00  1.649678001259136462e-05  1.649678001259136462e-05
5.647368423881901300e+00  1.331105979337580191e-05  1.331105979337580191e-05
5.747368423881901833e+00  1.077090403890465841e-05  1.077090403890465841e-05
5.847368423881901478e+00  8.730903098302552265e-06  8.730903098302552265e-06
5.947368423881901123e+00  7.081413116691582298e-06  7.081413116691582298e-06
6.047368423881901656e+00  5.741108997575903945e-06  5.741108997575903945e-06
6.147368423881901300e+00  4.649531380238341546e-06  4.649531380238341546e-06
6.247368423881901833e+00  3.760761247037014689e-06  3.760761247037014689e-06
6.347368423881901478e+00  3.038699874706518637e-06  3.038699874706518637e-06
6.447368423881901123e+00  2.453929852337862170e-06  2.453929852337862170e-06
6.547368423881900767e+00  1.981844045099224218e-06  1.981844045099224218e-06
6.647368423881902189e+00  1.601631985716731252e-06  1.601631985716731252e-06
6.747368423881901833e+00  1.295747273561860671e-06  1.295747273561860671e-06
6.847368423881901478e+00  1.049579450503428178e-06  1.049579450503428178e-06
6.947368423881901123e+00  8.511670499825009449e-07  8.511670499825009449e-07
7.047368423881900767e+00  6.908828774376248235e-07  6.908828774376248235e-07
7.147368423881902189e+00  5.610848921663238692e-07  5.610848921663238692e-07
7.247368423881901833e+00  4.557567787012694409e-07  4.557567787012694409e-07
7.347368423881901478e+00  3.701692215353012829e-07  3.701692215353012829e-07
7.447368423881901123e+00  3.005859445698862793e-07  3.005859445698862793e-07
7.547368423881900767e+00  2.440264036682767257e-07  2.440264036682767257e-07
7.647368423881902189e+00  1.980855008670656509e-07  1.980855008670656509e-07
7.747368423881901833e+00  1.608027599002713370e-07  1.608027599002713370e-07
7.847368423881901478e+00  1.305697005871464117e-07  1.305697005871464117e-07
7.947368423881901123e+00  1.060639154028014875e-07  1.060639154028014875e-07
8.047368423881902544e+00  8.620026554431853848e-08  8.620026554431853848e-08
8.147368423881902189e+00  7.009238586586411446e-08  7.009238586586411446e-08
8.247368423881901833e+00  5.702037025326655952e-08  5.702037025326655952e-08
8.347368423881901478e+00  4.640258047790269277e-08  4.640258047790269277e-08
8.447368423881901123e+00  3.777082835489352961e-08  3.777082835489352961e-08
8.547368423881902544e+00  3.074881176194818551e-08  3.074881176194818551e-08
8.647368423881902189e+00  2.503384239122866654e-08  2.503384239122866654e-08
8.747368423881901833e+00  2.038180457274978944e-08  2.038180457274978944e-08
8.847368423881901478e+00  1.659510420418938277e-08  1.659510420418938277e-08
8.947368423881901123e+00  1.351321367894819081e-08  1.351321367894819081e-08
9.047368423881902544e+00  1.100534037607522114e-08  1.100534037607522114e-08
9.147368423881902189e+00  8.964746113065246309e-09  8.964746113065246309e-09
9.247368423881901833e+00  7.304302035106231666e-09  7.304302035106231666e-09
9.347368423881901478e+00  5.952949313368096472e-09  5.952949313368096472e-09
9.447368423881901123e+00  4.852825794064377317e-09  4.852825794064377317e-09
9.547368423881902544e+00  3.956895917094063096e-09  3.956895917094063096e-09
9.647368423881902189e+00  3.226978427552773536e-09  3.226978427552773536e-09
9.747368423881901833e+00  2.632103349896726782e-09  2.632103349896726782e-09
9.847368423881901478e+00  2.147150295160062080e-09  2.147150295160062080e-09
9.947368423881901123e+00  1.751729862758596787e-09  1.751729862758596787e-09
1.004736842388190254e+01  1.429273758691096455e-09  1.429273758691096455e-09
1.014736842388190219e+01  1.166301026428586941e-09  1.166301026428586941e-09
1.024736842388190183e+01  9.518296560575539532e-10  9.518296560575539532e-10
1.034736842388190148e+01  7.769056580370102027e-10  7.769056580370102027e-10
1.044736842388190112e+01  6.342254375816497412e-10  6.342254375816497412e-10
