-1.530927835036909546e+00  3.285401095848363328e-09  3.285401095848363328e-09
-1.430927835036909457e+00  1.502709907940067454e-08  1.502709907940067454e-08
-1.330927835036909812e+00  6.484621639385936180e-08  6.484621639385936180e-08
-1.230927835036909279e+00  2.635363613285885622e-07  2.635363613285885622e-07
-1.130927835036909634e+00  1.007632372766157824e-06  1.007632372766157824e-06
-1.030927835036909546e+00  3.622556339820246339e-06  3.622556339820246339e-06
-9.309278350369094568e-01  1.224137981947646194e-05  1.224137981947646194e-05
-8.309278350369093680e-01  3.887392790023771024e-05  3.887392790023771024e-05
-7.309278350369095012e-01  1.159964719100030236e-04  1.159964719100030236e-04
-6.309278350369096344e-01  3.252037605264883400e-04  3.252037605264883400e-04
-5.309278350369095456e-01  8.565828219886885333e-04  8.565828219886885333e-04
-4.309278350369094568e-01  2.119690696917582700e-03  2.119690696917582700e-03
-3.309278350369093680e-01  4.927834868215931301e-03  4.927834868215931301e-03
-2.309278350369095012e-01  1.076253786839033097e-02  1.076253786839033097e-02
-1.309278350369094124e-01  2.208231904437507956e-02  2.208231904437507956e-02
-3.092783503690954561e-02  4.256417701830159800e-02  4.256417701830159800e-02
6.907216496309054321e-02  7.707486676096003686e-02  7.707486676096003686e-02
1.690721649630906320e-01  1.311145525835076819e-01  1.311145525835076819e-01
2.690721649630904988e-01  2.095368705141777699e-01  2.095368705141777699e-01
3.690721649630905876e-01  3.145899926498804677e-01  3.145899926498804677e-01
4.690721649630904544e-01  4.437208871807394317e-01  4.437208871807394317e-01
5.690721649630905432e-01  5.879821923725035981e-01  5.879821923725035981e-01
6.690721649630906320e-01  7.320175558627363133e-01  7.320175558627363133e-01
7.690721649630907208e-01  8.562552432043655237e-01  8.562552432043655237e-01
8.690721649630908097e-01  9.411162983302945317e-01  9.411162983302945317e-01
9.690721649630904544e-01  9.720669384963539494e-01  9.720669384963539494e-01
1.069072164963090543e+00  9.437375558169257550e-01  9.437375558169257550e-01
1.169072164963090632e+00  8.615049434612430668e-01  8.615049434612430668e-01
1.269072164963090721e+00  7.398947949693669424e-01  7.398947949693669424e-01
1.369072164963090810e+00  5.984509809581456397e-01  5.984509809581456397e-01
1.469072164963090454e+00  4.566778348411713595e-01  4.566778348411713595e-01
1.569072164963090543e+00  3.298346287392754927e-01  3.298346287392754927e-01
1.669072164963090632e+00  2.267524417682283411e-01  2.267524417682283411e-01
1.769072164963090721e+00  1.498653029266246994e-01  1.498653029266246994e-01
1.869072164963090810e+00  9.682257414018180519e-02  9.682257414018180519e-02
1.969072164963090454e+00  6.270276813430129825e-02  6.270276813430129825e-02
2.069072164963090543e+00  4.198559330872182749e-02  4.198559330872182749e-02
2.169072164963090632e+00  2.983729387712444683e-02  2.983729387712444683e-02
2.269072164963090721e+00  2.266364967182704637e-02  2.266364967182704637e-02
2.369072164963090810e+00  1.812746680153440315e-02  1.812746680153440315e-02
2.469072164963090454e+00  1.489046983928782666e-02  1.489046983928782666e-02
2.569072164963090987e+00  1.228593756932098990e-02  1.228593756932098990e-02
2.669072164963090632e+00  1.003720416187811430e-02  1.003720416187811430e-02
2.769072164963090277e+00  8.060660550812545622e-03  8.060660550812545622e-03
2.869072164963090810e+00  6.347880843609196577e-03  6.347880843609196577e-03
2.969072164963090454e+00  4.905285599458431359e-03  4.905285599458431359e-03
3.069072164963090987e+00  3.729405398422426000e-03  3.729405398422426000e-03
3.169072164963090632e+00  2.801333682728057283e-03  2.801333682728057283e-03
3.269072164963091165e+00  2.089911129660936787e-03  2.089911129660936787e-03
3.369072164963090810e+00  1.557674758765360216e-03  1.557674758765360216e-03
3.469072164963090454e+00  1.166522806111301757e-03  1.166522806111301757e-03
3.569072164963090987e+00  8.818113849949834075e-04  8.818113849949834075e-04
3.669072164963090632e+00  6.746143508714999614e-04  6.746143508714999614e-04
3.769072164963091165e+00  5.224102251520674079e-04  5.224102251520674079e-04
3.869072164963090810e+00  4.086759240535753021e-04  4.086759240535753021e-04
3.969072164963090454e+00  3.218826962776387413e-04  3.218826962776387413e-04
4.069072164963090543e+00  2.542956479574256471e-04  2.542956479574256471e-04
4.169072164963090188e+00  2.008437797106756917e-04  2.008437797106756917e-04
4.269072164963091609e+00  1.581990182049597101e-04  1.581990182049597101e-04
4.369072164963091254e+00  1.241045867909213710e-04  1.241045867909213710e-04
4.469072164963090898e+00  9.693185153425989086e-05  9.693185153425989086e-05
4.569072164963090543e+00  7.541597126265128814e-05  7.541597126265128814e-05
4.669072164963090188e+00  5.851482587447569592e-05  5.851482587447569592e-05
4.769072164963091609e+00  4.534294149100714542e-05  4.534294149100714542e-05
4.869072164963091254e+00  3.514464588489669424e-05  3.514464588489669424e-05
4.969072164963090898e+00  2.728341624563968766e-05  2.728341624563968766e-05
5.069072164963090543e+00  2.123475436617033686e-05  2.123475436617033686e-05
5.169072164963090188e+00  1.657714722320663533e-05  1.657714722320663533e-05
5.269072164963091609e+00  1.297998146983259679e-05  1.297998146983259679e-05
5.369072164963091254e+00  1.018936813337751807e-05  1.018936813337751807e-05
5.469072164963090898e+00  8.013467971081107198e-06  8.013467971081107198e-06
5.569072164963090543e+00  6.308743636897522620e-06  6.308743636897522620e-06
5.669072164963090188e+00  4.968073563071372529e-06  4.968073563071372529e-06
5.769072164963091609e+00  3.911134656710066084e-06  3.911134656710066084e-06
5.869072164963091254e+00  3.077042100569996606e-06  3.077042100569996606e-06
5.969072164963090898e+00  2.418970990278692533e-06  2.418970990278692533e-06
6.069072164963090543e+00  1.900364765932724337e-06  1.900364765932724337e-06
6.169072164963090188e+00  1.492321987053359178e-06  1.492321987053359178e-06
6.269072164963091609e+00  1.171803507924523188e-06  1.171803507924523188e-06
6.369072164963091254e+00  9.203805034532219307e-07  9.203805034532219307e-07
6.469072164963090898e+00  7.233248962730346319e-07  7.233248962730346319e-07
6.569072164963090543e+00  5.689132306034733820e-07  5.689132306034733820e-07
6.669072164963091964e+00  4.478672404870208034e-07  4.478672404870208034e-07
6.769072164963091609e+00  3.528892836117291253e-07  3.528892836117291253e-07
6.869072164963091254e+00  2.782714956562304509e-07  2.782714956562304509e-07
6.969072164963090898e+00  2.195680264951576595e-07  2.195680264951576595e-07
7.069072164963090543e+00  1.733238896877598283e-07  1.733238896877598283e-07
7.169072164963091964e+00  1.368548053126261736e-07  1.368548053126261736e-07
7.269072164963091609e+00  1.080719787219996506e-07  1.080719787219996506e-07
7.369072164963091254e+00  8.534519915062031997e-08  8.534519915062031997e-08
7.469072164963090898e+00  6.739747949745578790e-08  6.739747949745578790e-08
7.569072164963090543e+00  5.322479825207755132e-08  5.322479825207755132e-08
7.669072164963091964e+00  4.203523970360442051e-08  4.203523970360442051e-08
7.769072164963091609e+00  3.320277897924964026e-08  3.320277897924964026e-08
7.869072164963091254e+00  2.623195302804574179e-08  2.623195302804574179e-08
7.969072164963090898e+00  2.073057341660428610e-08  2.073057341660428610e-08
8.069072164963092320e+00  1.638840292568547867e-08  1.638840292568547867e-08
8.169072164963091964e+00  1.296031341782121311e-08  1.296031341782121311e-08
8.269072164963091609e+00  1.025287733045813828e-08  1.025287733045813828e-08
8.369072164963091254e+00  8.113646728721756258e-09  8.113646728721756258e-09
8.469072164963090898e+00  6.422574991462253677e-09  6.422574991462253677e-09
8.569072164963092320e+00  5.085167749382366812e-09  5.085167749382366812e-09
8.669072164963091964e+00  4.027036606830878524e-09  4.027036606830878524e-09
8.769072164963091609e+00  3.189589442538277672e-09  3.189589442538277672e-09
8.869072164963091254e+00  2.526636313278787793e-09  2.526636313278787793e-09
8.969072164963090898e+00  2.001726835310983037e-09  2.001726835310983037e-09
9.069072164963092320e+00  1.586066671460580453e-09  1.586066671460580453e-09
9.169072164963091964e+00  1.256888688995159547e-09  1.256888688995159547e-09
9.269072164963091609e+00  9.961787827829663607e-10  9.961787827829663607e-10
9.369072164963091254e+00  7.896772671255378019e-10  7.896772671255378019e-10
9.469072164963090898e+00  6.260941430254315907e-10  6.260941430254315907e-10
9.569072164963092320e+00  4.964906198246088415e-10  4.964906198246088415e-10
9.669072164963091964e+00  3.937903484763170780e-10  3.937903484763170780e-10
9.769072164963091609e+00  3.123923524909980818e-10  3.123923524909980818e-10
9.869072164963091254e+00  2.478641030434399659e-10  2.478641030434399659e-10
9.969072164963090898e+00  1.966980361343041271e-10  1.966980361343041271e-10
1.006907216496309232e+01  1.561184514944769804e-10  1.561184514944769804e-10
1.016907216496309196e+01  1.239284877438491365e-10  1.239284877438491365e-10
1.026907216496309161e+01  9.838898134255607630e-11  9.838898134255607630e-11
1.036907216496309125e+01  7.812266525045319446e-11  7.812266525045319446e-11
1.046907216496309090e+01  6.203847005854303123e-11  6.203847005854303123e-11
