-1.636361939465288184e+00  5.434341420886352615e-80  5.434341420886352615e-80
-1.536361939465288096e+00  2.770921736945570191e-74  2.770921736945570191e-74
-1.436361939465288451e+00  2.912348739363171635e-68  2.912348739363171635e-68
-1.336361939465287918e+00  1.761755566016759978e-62  1.761755566016759978e-62
-1.236361939465288273e+00  5.901818050772051040e-57  5.901818050772051040e-57
-1.136361939465288184e+00  1.094094193150037876e-51  1.094094193150037876e-51
-1.036361939465288096e+00  1.122392813447394328e-46  1.122392813447394328e-46
-9.363619394652880068e-01  6.371710994817440843e-42  6.371710994817440843e-42
-8.363619394652881400e-01  2.001650632122006632e-37  2.001650632122006632e-37
-7.363619394652882733e-01  3.479697600885375477e-33  3.479697600885375477e-33
-6.363619394652881844e-01  3.347462696633081424e-29  3.347462696633081424e-29
-5.363619394652880956e-01  1.782013562231979149e-25  1.782013562231979149e-25
-4.363619394652880068e-01  5.249612903355474962e-22  5.249612903355474962e-22
-3.363619394652881400e-01  8.557848082780398378e-19  8.557848082780398378e-19
-2.363619394652880512e-01  7.720099211458451270e-16  7.720099211458451270e-16
-1.363619394652881844e-01  3.853915666477878064e-13  3.853915666477878064e-13
-3.636193946528809562e-02  1.064639435734845333e-10  1.064639435734845333e-10
6.363806053471199320e-02  1.627510906841947359e-08  1.627510906841947359e-08
1.636380605347118600e-01  1.376785498589837967e-06  1.376785498589837967e-06
2.636380605347119488e-01  6.445100220120477774e-05  6.445100220120477774e-05
3.636380605347118156e-01  1.669606333441905725e-03  1.669606333441905725e-03
4.636380605347119044e-01  2.393423267560769105e-02  2.393423267560769105e-02
5.636380605347119932e-01  1.898654533082865803e-01  1.898654533082865803e-01
6.636380605347120820e-01  8.334765953054202869e-01  8.334765953054202869e-01
7.636380605347121708e-01  2.024705603212543004e+00  2.024705603212543004e+00
8.636380605347118156e-01  2.721769781374263619e+00  2.721769781374263619e+00
9.636380605347119044e-01  2.024706880847567447e+00  2.024706880847567447e+00
1.063638060534711993e+00  8.334924345842013027e-01  8.334924345842013027e-01
1.163638060534712082e+00  1.900111365951364928e-01  1.900111365951364928e-01
1.263638060534712171e+00  2.493099459062932816e-02  2.493099459062932816e-02
1.363638060534711816e+00  6.742825686501538809e-03  6.742825686501538809e-03
1.463638060534711904e+00  1.927263711291155035e-02  1.927263711291155035e-02
1.563638060534711993e+00  5.410166588265513665e-02  5.410166588265513665e-02
1.663638060534712082e+00  1.133504985479798777e-01  1.133504985479798777e-01
1.763638060534712171e+00  1.766680322097988753e-01  1.766680322097988753e-01
1.863638060534711816e+00  2.048355048876309148e-01  2.048355048876309148e-01
1.963638060534711904e+00  1.766769202067425271e-01  1.766769202067425271e-01
2.063638060534711993e+00  1.133989264892209387e-01  1.133989264892209387e-01
2.163638060534712082e+00  5.431302901229562857e-02  5.431302901229562857e-02
2.263638060534712171e+00  1.997491155780833569e-02  1.997491155780833569e-02
2.363638060534711816e+00  7.341872532638783928e-03  7.341872532638783928e-03
2.463638060534712348e+00  6.507841836626619865e-03  6.507841836626619865e-03
2.563638060534711993e+00  1.113690562342047226e-02  1.113690562342047226e-02
2.663638060534711638e+00  1.801271030958024807e-02  1.801271030958024807e-02
2.763638060534712171e+00  2.419452954836000258e-02  2.419452954836000258e-02
2.863638060534711816e+00  2.670291841772602995e-02  2.670291841772602995e-02
2.963638060534712348e+00  2.420362560184223522e-02  2.420362560184223522e-02
3.063638060534711993e+00  1.803524042579870632e-02  1.803524042579870632e-02
3.163638060534712526e+00  1.110788475774635194e-02  1.110788475774635194e-02
3.263638060534712171e+00  5.816276435324650024e-03  5.816276435324650024e-03
3.363638060534711816e+00  2.957193221914754689e-03  2.957193221914754689e-03
3.463638060534712348e+00  2.106501834129450614e-03  2.106501834129450614e-03
3.563638060534711993e+00  2.461245192810612454e-03  2.461245192810612454e-03
3.663638060534712526e+00  3.303229924530026729e-03  3.303229924530026729e-03
3.763638060534712171e+00  4.072870179653471055e-03  4.072870179653471055e-03
3.863638060534711816e+00  4.378680649944147359e-03  4.378680649944147359e-03
3.963638060534712348e+00  4.070091996971999387e-03  4.070091996971999387e-03
4.063638060534712437e+00  3.273059464177667695e-03  3.273059464177667695e-03
4.163638060534712082e+00  2.293253371132717312e-03  2.293253371132717312e-03
4.263638060534711727e+00  1.436420053287049354e-03  1.436420053287049354e-03
4.363638060534711371e+00  8.738439649160538664e-04  8.738439649160538664e-04
4.463638060534712793e+00  6.208273820416584108e-04  6.208273820416584108e-04
4.563638060534712437e+00  5.942998043157338714e-04  5.942998043157338714e-04
4.663638060534712082e+00  6.806113194410439490e-04  6.806113194410439490e-04
4.763638060534711727e+00  7.780711033209276309e-04  7.780711033209276309e-04
4.863638060534711371e+00  8.173130410263032986e-04  8.173130410263032986e-04
4.963638060534712793e+00  7.702967524570520285e-04  7.702967524570520285e-04
5.063638060534712437e+00  6.490887420544747552e-04  6.490887420544747552e-04
5.163638060534712082e+00  4.922266407489889282e-04  4.922266407489889282e-04
5.263638060534711727e+00  3.433924137335510351e-04  3.433924137335510351e-04
5.363638060534711371e+00  2.330754652748920331e-04  2.330754652748920331e-04
5.463638060534712793e+00  1.711138195770930406e-04  1.711138195770930406e-04
5.563638060534712437e+00  1.499590050682157499e-04  1.499590050682157499e-04
5.663638060534712082e+00  1.530607876399662983e-04  1.530607876399662983e-04
5.763638060534711727e+00  1.629482088144591041e-04  1.629482088144591041e-04
5.863638060534711371e+00  1.665813205080595284e-04  1.665813205080595284e-04
5.963638060534712793e+00  1.577662487894184492e-04  1.577662487894184492e-04
6.063638060534712437e+00  1.370416967889761183e-04  1.370416967889761183e-04
6.163638060534712082e+00  1.095833651254514641e-04  1.095833651254514641e-04
6.263638060534711727e+00  8.208418818813659169e-05  8.208418818813659169e-05
6.363638060534711371e+00  5.990622521075639423e-05  5.990622521075639423e-05
6.463638060534711016e+00  4.552540482770534318e-05  4.552540482770534318e-05
6.563638060534712437e+00  3.850256023418897390e-05  3.850256023418897390e-05
6.663638060534712082e+00  3.649317725947590085e-05  3.649317725947590085e-05
6.763638060534711727e+00  3.656559567133055912e-05  3.656559567133055912e-05
6.863638060534711371e+00  3.627732491233717977e-05  3.627732491233717977e-05
6.963638060534711016e+00  3.426526374527502107e-05  3.426526374527502107e-05
7.063638060534712437e+00  3.033480569532319017e-05  3.033480569532319017e-05
7.163638060534712082e+00  2.516304575509011875e-05  2.516304575509011875e-05
7.263638060534711727e+00  1.980435403179664833e-05  1.980435403179664833e-05
7.363638060534711371e+00  1.520795093430825479e-05  1.520795093430825479e-05
7.463638060534711016e+00  1.190954972881201410e-05  1.190954972881201410e-05
7.563638060534712437e+00  9.957144563369455342e-06  9.957144563369455342e-06
7.663638060534712082e+00  9.027350133445974294e-06  9.027350133445974294e-06
7.763638060534711727e+00  8.632269788033167709e-06  8.632269788033167709e-06
7.863638060534711371e+00  8.318290338635654966e-06  8.318290338635654966e-06
7.963638060534712793e+00  7.794745689155885534e-06  7.794745689155885534e-06
8.063638060534712437e+00  6.973318443452497593e-06  6.973318443452497593e-06
8.163638060534712082e+00  5.931998076559318224e-06  5.931998076559318224e-06
8.263638060534711727e+00  4.836103065451891820e-06  4.836103065451891820e-06
8.363638060534711371e+00  3.853566990748916617e-06  3.853566990748916617e-06
8.463638060534712793e+00  3.094018157613619518e-06  3.094018157613619518e-06
8.563638060534712437e+00  2.585447011499141498e-06  2.585447011499141498e-06
8.663638060534712082e+00  2.285507784095620534e-06  2.285507784095620534e-06
8.763638060534711727e+00  2.113363109277868597e-06  2.113363109277868597e-06
8.863638060534711371e+00  1.985211251073331783e-06  1.985211251073331783e-06
8.963638060534712793e+00  1.840624582119863657e-06  1.840624582119863657e-06
9.063638060534712437e+00  1.653819849071438815e-06  1.653819849071438815e-06
9.163638060534712082e+00  1.430595482978500754e-06  1.430595482978500754e-06
9.263638060534711727e+00  1.196015903502889443e-06  1.196015903502889443e-06
9.363638060534711371e+00  9.794471171255705399e-07  9.794471171255705399e-07
9.463638060534712793e+00  8.025851294989248536e-07  8.025851294989248536e-07
9.563638060534712437e+00  6.735821529020716111e-07  6.735821529020716111e-07
9.663638060534712082e+00  5.874750873949383588e-07  5.874750873949383588e-07
9.763638060534711727e+00  5.309444356914161692e-07  5.309444356914161692e-07
9.863638060534711371e+00  4.885500380651683818e-07  4.885500380651683818e-07
9.963638060534712793e+00  4.479378134465532623e-07  4.479378134465532623e-07
1.006363806053471244e+01  4.025932331099177007e-07  4.025932331099177007e-07
1.016363806053471208e+01  3.519401453461554293e-07  3.519401453461554293e-07
1.026363806053471173e+01  2.995072839524607070e-07  2.995072839524607070e-07
1.036363806053471137e+01  2.503078143412840607e-07  2.503078143412840607e-07
