-1.520408301503449078e+00  1.067482140396883807e-06  1.067482140396883807e-06
-1.420408301503448989e+00  3.076524373524201484e-06  3.076524373524201484e-06
-1.320408301503449344e+00  8.502923338929619613e-06  8.502923338929619613e-06
-1.220408301503448811e+00  2.252498508957055708e-05  2.252498508957055708e-05
-1.120408301503449167e+00  5.717511426672623574e-05  5.717511426672623574e-05
-1.020408301503449078e+00  1.390282063752800086e-04  1.390282063752800086e-04
-9.204083015034489890e-01  3.238102522678566741e-04  3.238102522678566741e-04
-8.204083015034489001e-01  7.223185873500077197e-04  7.223185873500077197e-04
-7.204083015034490334e-01  1.543083772800358426e-03  1.543083772800358426e-03
-6.204083015034491666e-01  3.156847056389295095e-03  3.156847056389295095e-03
-5.204083015034490778e-01  6.184543426484286066e-03  6.184543426484286066e-03
-4.204083015034489890e-01  1.160226064623439551e-02  1.160226064623439551e-02
-3.204083015034489001e-01  2.084261087171299445e-02  2.084261087171299445e-02
-2.204083015034490334e-01  3.585352474315780386e-02  3.585352474315780386e-02
-1.204083015034489446e-01  5.905804554714579740e-02  5.905804554714579740e-02
-2.040830150344907779e-02  9.315200758156425009e-02  9.315200758156425009e-02
7.959169849655101103e-02  1.406924550997147860e-01  1.406924550997147860e-01
1.795916984965510999e-01  2.034770032835194475e-01  2.034770032835194475e-01
2.795916984965509666e-01  2.817911397814976127e-01  2.817911397814976127e-01
3.795916984965510554e-01  3.736883587356851222e-01  3.736883587356851222e-01
4.795916984965509222e-01  4.745329045662521894e-01  4.745329045662521894e-01
5.795916984965510110e-01  5.770374077520158407e-01  5.770374077520158407e-01
6.795916984965510999e-01  6.719418156729316527e-01  6.719418156729316527e-01
7.795916984965511887e-01  7.493120086606739338e-01  7.493120086606739338e-01
8.795916984965512775e-01  8.002325909561744943e-01  8.002325909561744943e-01
9.795916984965509222e-01  8.185030414451515135e-01  8.185030414451515135e-01
1.079591698496551011e+00  8.018925092997362114e-01  8.018925092997362114e-01
1.179591698496551100e+00  7.526019951972684474e-01  7.526019951972684474e-01
1.279591698496551189e+00  6.768007861332075992e-01  6.768007861332075992e-01
1.379591698496551277e+00  5.833708021520900289e-01  5.833708021520900289e-01
1.479591698496550922e+00  4.822105237814209300e-01  4.822105237814209300e-01
1.579591698496551011e+00  3.825434154291640354e-01  3.825434154291640354e-01
1.679591698496551100e+00  2.916216032419205462e-01  2.916216032419205462e-01
1.779591698496551189e+00  2.140500105417112164e-01  2.140500105417112164e-01
1.879591698496551277e+00  1.517520624529761220e-01  1.517520624529761220e-01
1.979591698496550922e+00  1.044299670621703646e-01  1.044299670621703646e-01
2.079591698496551011e+00  7.028672837107412252e-02  7.028672837107412252e-02
2.179591698496551100e+00  4.677969012974182023e-02  4.677969012974182023e-02
2.279591698496551189e+00  3.124051536339311416e-02  3.124051536339311416e-02
2.379591698496551277e+00  2.128465513671662021e-02  2.128465513671662021e-02
2.479591698496550922e+00  1.501039542486604615e-02  1.501039542486604615e-02
2.579591698496551455e+00  1.103509139515278410e-02  1.103509139515278410e-02
2.679591698496551100e+00  8.432253377569714006e-03  8.432253377569714006e-03
2.779591698496550745e+00  6.626437106962765680e-03  6.626437106962765680e-03
2.879591698496551277e+00  5.285352408369510188e-03  5.285352408369510188e-03
2.979591698496550922e+00  4.230013209242477860e-03  4.230013209242477860e-03
3.079591698496551455e+00  3.369532460449618273e-03  3.369532460449618273e-03
3.179591698496551100e+00  2.658775890887568084e-03  2.658775890887568084e-03
3.279591698496551633e+00  2.073577784381594458e-03  2.073577784381594458e-03
3.379591698496551277e+00  1.597796958672233246e-03  1.597796958672233246e-03
3.479591698496550922e+00  1.217519319856492010e-03  1.217519319856492010e-03
3.579591698496551455e+00  9.191146109631003792e-04  9.191146109631003792e-04
3.679591698496551100e+00  6.890909224752415430e-04  6.890909224752415430e-04
3.779591698496551633e+00  5.145903965897886696e-04  5.145903965897886696e-04
3.879591698496551277e+00  3.839495019328674139e-04  3.839495019328674139e-04
3.979591698496550922e+00  2.870872696325582488e-04  2.870872696325582488e-04
4.079591698496551899e+00  2.156666261284918460e-04  2.156666261284918460e-04
4.179591698496551544e+00  1.630595442103605444e-04  1.630595442103605444e-04
4.279591698496551189e+00  1.241774918673148635e-04  1.241774918673148635e-04
4.379591698496550833e+00  9.523034456996439326e-05  9.523034456996439326e-05
4.479591698496550478e+00  7.346510962376422420e-05  7.346510962376422420e-05
4.579591698496551899e+00  5.691966110838761310e-05  5.691966110838761310e-05
4.679591698496551544e+00  4.421128957972636221e-05  4.421128957972636221e-05
4.779591698496551189e+00  3.436765643917057687e-05  3.436765643917057687e-05
4.879591698496550833e+00  2.669941869237311310e-05  2.669941869237311310e-05
4.979591698496550478e+00  2.070905188523705775e-05  2.070905188523705775e-05
5.079591698496551899e+00  1.602845329762571958e-05  1.602845329762571958e-05
5.179591698496551544e+00  1.237783511095582500e-05  1.237783511095582500e-05
5.279591698496551189e+00  9.539395474510577890e-06  9.539395474510577890e-06
5.379591698496550833e+00  7.340659953365686752e-06  7.340659953365686752e-06
5.479591698496550478e+00  5.643809639369202172e-06  5.643809639369202172e-06
5.579591698496551899e+00  4.338535055966181524e-06  4.338535055966181524e-06
5.679591698496551544e+00  3.336893325009781969e-06  3.336893325009781969e-06
5.779591698496551189e+00  2.569301817344118396e-06  2.569301817344118396e-06
5.879591698496550833e+00  1.981220312142084452e-06  1.981220312142084452e-06
5.979591698496550478e+00  1.530315781932652046e-06  1.530315781932652046e-06
6.079591698496551899e+00  1.184026889161899376e-06  1.184026889161899376e-06
6.179591698496551544e+00  9.174958986533523518e-07  9.174958986533523518e-07
6.279591698496551189e+00  7.118477500335086258e-07  7.118477500335086258e-07
6.379591698496550833e+00  5.527914045753396911e-07  5.527914045753396911e-07
6.479591698496550478e+00  4.295098889319867553e-07  4.295098889319867553e-07
6.579591698496550123e+00  3.337988125072127683e-07  3.337988125072127683e-07
6.679591698496551544e+00  2.594105873406941512e-07  2.594105873406941512e-07
6.779591698496551189e+00  2.015629749871901404e-07  2.015629749871901404e-07
6.879591698496550833e+00  1.565748172372122737e-07  1.565748172372122737e-07
6.979591698496550478e+00  1.215975722497627098e-07  1.215975722497627098e-07
7.079591698496550123e+00  9.441745959812153100e-08  9.441745959812153100e-08
7.179591698496551544e+00  7.330883551744466707e-08  7.330883551744466707e-08
7.279591698496551189e+00  5.692442915217792787e-08  5.692442915217792787e-08
7.379591698496550833e+00  4.421210024650864150e-08  4.421210024650864150e-08
7.479591698496550478e+00  3.435084386259879953e-08  3.435084386259879953e-08
7.579591698496550123e+00  2.670099071217451442e-08  2.670099071217451442e-08
7.679591698496551544e+00  2.076509964590171429e-08  2.076509964590171429e-08
7.779591698496551189e+00  1.615708176582204186e-08  1.615708176582204186e-08
7.879591698496550833e+00  1.257778272137072439e-08  1.257778272137072439e-08
7.979591698496550478e+00  9.795699454588006718e-09  9.795699454588006718e-09
8.079591698496551899e+00  7.631806657469979118e-09  7.631806657469979118e-09
8.179591698496551544e+00  5.947675445429417328e-09  5.947675445429417328e-09
8.279591698496551189e+00  4.636219524429430041e-09  4.636219524429430041e-09
8.379591698496550833e+00  3.614524284389860419e-09  3.614524284389860419e-09
8.479591698496550478e+00  2.818313554311516666e-09  2.818313554311516666e-09
8.579591698496551899e+00  2.197692987696917384e-09  2.197692987696917384e-09
8.679591698496551544e+00  1.713880844575519262e-09  1.713880844575519262e-09
8.779591698496551189e+00  1.336697555910781184e-09  1.336697555910781184e-09
8.879591698496550833e+00  1.042635753276082647e-09  1.042635753276082647e-09
8.979591698496550478e+00  8.133733190740740381e-10  8.133733190740740381e-10
9.079591698496551899e+00  6.346245252277422837e-10  6.346245252277422837e-10
9.179591698496551544e+00  4.952496785938817175e-10  4.952496785938817175e-10
9.279591698496551189e+00  3.865631154401099001e-10  3.865631154401099001e-10
9.379591698496550833e+00  3.017940650951950079e-10  3.017940650951950079e-10
9.479591698496550478e+00  2.356658883787441114e-10  2.356658883787441114e-10
9.579591698496551899e+00  1.840673801335855108e-10  1.840673801335855108e-10
9.679591698496551544e+00  1.437959245630453605e-10  1.437959245630453605e-10
9.779591698496551189e+00  1.123568621653845124e-10  1.123568621653845124e-10
9.879591698496550833e+00  8.780688281421583751e-11  8.780688281421583751e-11
9.979591698496550478e+00  6.863190268716230184e-11  6.863190268716230184e-11
1.007959169849655190e+01  5.365192830351288279e-11  5.365192830351288279e-11
1.017959169849655154e+01  4.194701043436860566e-11  4.194701043436860566e-11
1.027959169849655119e+01  3.279965092886378369e-11  3.279965092886378369e-11
1.037959169849655083e+01  2.565002283593057081e-11  2.565002283593057081e-11
1.047959169849655048e+01  2.006115438592053023e-11  2.006115438592053023e-11
