-1.598900941856686853e+00  3.533405930675912838e-47  3.533405930675912838e-47
-1.498900941856686764e+00  1.174125522912058274e-43  1.174125522912058274e-43
-1.398900941856687119e+00  3.849348620399991942e-40  3.849348620399991942e-40
-1.298900941856686586e+00  9.226689771089216721e-37  9.226689771089216721e-37
-1.198900941856686941e+00  1.569584823397339993e-33  1.569584823397339993e-33
-1.098900941856686853e+00  1.889720680102211028e-30  1.889720680102211028e-30
-9.989009418566867637e-01  1.609736309135413523e-27  1.609736309135413523e-27
-8.989009418566866749e-01  9.701521840156660537e-25  9.701521840156660537e-25
-7.989009418566868082e-01  4.136667359869460640e-22  4.136667359869460640e-22
-6.989009418566869414e-01  1.247919389717407888e-19  1.247919389717407888e-19
-5.989009418566868526e-01  2.663468617775493027e-17  2.663468617775493027e-17
-4.989009418566867637e-01  4.021922848014582217e-15  4.021922848014582217e-15
-3.989009418566866749e-01  4.296798438813051312e-13  4.296798438813051312e-13
-2.989009418566868082e-01  3.247740502287583674e-11  3.247740502287583674e-11
-1.989009418566867193e-01  1.736771781868779529e-09  1.736771781868779529e-09
-9.890094185668685256e-02  6.570966910249273476e-08  6.570966910249273476e-08
1.099058143313236258e-03  1.758898987803427518e-06  1.758898987803427518e-06
1.010990581433133251e-01  3.331022841221546331e-05  3.331022841221546331e-05
2.010990581433131918e-01  4.463128752350485856e-04  4.463128752350485856e-04
3.010990581433132807e-01  4.230837197050363319e-03  4.230837197050363319e-03
4.010990581433131474e-01  2.837515923609652477e-02  2.837515923609652477e-02
5.010990581433132363e-01  1.346404023025263019e-01  1.346404023025263019e-01
6.010990581433133251e-01  4.519991438219392865e-01  4.519991438219392865e-01
7.010990581433134139e-01  1.073556789717740712e+00  1.073556789717740712e+00
8.010990581433135027e-01  1.804006267428935884e+00  1.804006267428935884e+00
9.010990581433131474e-01  2.144761782616919188e+00  2.144761782616919188e+00
1.001099058143313236e+00  1.804115683941460491e+00  1.804115683941460491e+00
1.101099058143313325e+00  1.074047910346094037e+00  1.074047910346094037e+00
1.201099058143313414e+00  4.537985729051630668e-01  4.537985729051630668e-01
1.301099058143313503e+00  1.401808064088707895e-01  1.401808064088707895e-01
1.401099058143313147e+00  4.272338979427697109e-02  4.272338979427697109e-02
1.501099058143313236e+00  3.548574148193543026e-02  3.548574148193543026e-02
1.601099058143313325e+00  5.771308235490262006e-02  5.771308235490262006e-02
1.701099058143313414e+00  8.829170835359168024e-02  8.829170835359168024e-02
1.801099058143313503e+00  1.144189770525226302e-01  1.144189770525226302e-01
1.901099058143313147e+00  1.247822340590818563e-01  1.247822340590818563e-01
2.001099058143313236e+00  1.145231337393792653e-01  1.145231337393792653e-01
2.101099058143313325e+00  8.856882468533600061e-02  8.856882468533600061e-02
2.201099058143313414e+00  5.801072441565790355e-02  5.801072441565790355e-02
2.301099058143313503e+00  3.283081626351333493e-02  3.283081626351333493e-02
2.401099058143313147e+00  1.732045399367261249e-02  1.732045399367261249e-02
2.501099058143313680e+00  1.053514589134933906e-02  1.053514589134933906e-02
2.601099058143313325e+00  9.278884025706252495e-03  9.278884025706252495e-03
2.701099058143312970e+00  1.047252732270069139e-02  1.047252732270069139e-02
2.801099058143313503e+00  1.198382567885853192e-02  1.198382567885853192e-02
2.901099058143313147e+00  1.260947455512333344e-02  1.260947455512333344e-02
3.001099058143313680e+00  1.191381099749267564e-02  1.191381099749267564e-02
3.101099058143313325e+00  1.007817439930853119e-02  1.007817439930853119e-02
3.201099058143313858e+00  7.669539598512457000e-03  7.669539598512457000e-03
3.301099058143313503e+00  5.329833533495682493e-03  5.329833533495682493e-03
3.401099058143313147e+00  3.511977853454200001e-03  3.511977853454200001e-03
3.501099058143313680e+00  2.372885548029372675e-03  2.372885548029372675e-03
3.601099058143313325e+00  1.823600964213718725e-03  1.823600964213718725e-03
3.701099058143313858e+00  1.653680712239903377e-03  1.653680712239903377e-03
3.801099058143313503e+00  1.645143630461092356e-03  1.645143630461092356e-03
3.901099058143313147e+00  1.637915427987557708e-03  1.637915427987557708e-03
4.001099058143314124e+00  1.549623654273661047e-03  1.549623654273661047e-03
4.101099058143313769e+00  1.366662892966948473e-03  1.366662892966948473e-03
4.201099058143313414e+00  1.120963364481248345e-03  1.120963364481248345e-03
4.301099058143313059e+00  8.625606609096368683e-04  8.625606609096368683e-04
4.401099058143312703e+00  6.360855848805238881e-04  6.360855848805238881e-04
4.501099058143314124e+00  4.669690566391306898e-04  4.669690566391306898e-04
4.601099058143313769e+00  3.588921301829913185e-04  3.588921301829913185e-04
4.701099058143313414e+00  2.995782936187809786e-04  2.995782936187809786e-04
4.801099058143313059e+00  2.698719881368772050e-04  2.698719881368772050e-04
4.901099058143312703e+00  2.517181575659742159e-04  2.517181575659742159e-04
5.001099058143314124e+00  2.328292992588849419e-04  2.328292992588849419e-04
5.101099058143313769e+00  2.078794491039202374e-04  2.078794491039202374e-04
5.201099058143313414e+00  1.772173501022801414e-04  1.772173501022801414e-04
5.301099058143313059e+00  1.444041943151675215e-04  1.444041943151675215e-04
5.401099058143312703e+00  1.137098864462062116e-04  1.137098864462062116e-04
5.501099058143314124e+00  8.831624649197038896e-05  8.831624649197038896e-05
5.601099058143313769e+00  6.952483378557746698e-05  6.952483378557746698e-05
5.701099058143313414e+00  5.686582792007639379e-05  5.686582792007639379e-05
5.801099058143313059e+00  4.875429327171041830e-05  4.875429327171041830e-05
5.901099058143312703e+00  4.328506974724328273e-05  4.328506974724328273e-05
6.001099058143314124e+00  3.885874097817980784e-05  3.885874097817980784e-05
6.101099058143313769e+00  3.449916721450817301e-05  3.449916721450817301e-05
6.201099058143313414e+00  2.987370042441412352e-05  2.987370042441412352e-05
6.301099058143313059e+00  2.511625567856826078e-05  2.511625567856826078e-05
6.401099058143312703e+00  2.057726840782988706e-05  2.057726840782988706e-05
6.501099058143312348e+00  1.660212073348647259e-05  1.660212073348647259e-05
6.601099058143313769e+00  1.339512942511766833e-05  1.339512942511766833e-05
6.701099058143313414e+00  1.098026389532691632e-05  1.098026389532691632e-05
6.801099058143313059e+00  9.236169972269790685e-06  9.236169972269790685e-06
6.901099058143312703e+00  7.967804031917568011e-06  7.967804031917568011e-06
7.001099058143312348e+00  6.978743078101583367e-06  6.978743078101583367e-06
7.101099058143313769e+00  6.120756071878650476e-06  6.120756071878650476e-06
7.201099058143313414e+00  5.312755634767842970e-06  5.312755634767842970e-06
7.301099058143313059e+00  4.533727933156230885e-06  4.533727933156230885e-06
7.401099058143312703e+00  3.800785789627108579e-06  3.800785789627108579e-06
7.501099058143312348e+00  3.144207084318692519e-06  3.144207084318692519e-06
7.601099058143313769e+00  2.588102563308161095e-06  2.588102563308161095e-06
7.701099058143313414e+00  2.140604807304045081e-06  2.140604807304045081e-06
7.801099058143313059e+00  1.793177983479526854e-06  1.793177983479526854e-06
7.901099058143312703e+00  1.525969860275066770e-06  1.525969860275066770e-06
8.001099058143314124e+00  1.315331717551650001e-06  1.315331717551650001e-06
8.101099058143313769e+00  1.140318173081773275e-06  1.140318173081773275e-06
8.201099058143313414e+00  9.864223004657410593e-07  9.864223004657410593e-07
8.301099058143313059e+00  8.462865118577406474e-07  8.462865118577406474e-07
8.401099058143312703e+00  7.181754719486251508e-07  7.181754719486251508e-07
8.501099058143314124e+00  6.034297612403352003e-07  6.034297612403352003e-07
8.601099058143313769e+00  5.040183876609231409e-07  5.040183876609231409e-07
8.701099058143313414e+00  4.208931673734800728e-07  4.208931673734800728e-07
8.801099058143313059e+00  3.533577211127944811e-07  3.533577211127944811e-07
8.901099058143312703e+00  2.992769624196876811e-07  2.992769624196876811e-07
9.001099058143314124e+00  2.557538820638360529e-07  2.557538820638360529e-07
9.101099058143313769e+00  2.198861941300644800e-07  2.198861941300644800e-07
9.201099058143313414e+00  1.893266791809001239e-07  1.893266791809001239e-07
9.301099058143313059e+00  1.625298340122665130e-07  1.625298340122665130e-07
9.401099058143312703e+00  1.387077278479708933e-07  1.387077278479708933e-07
9.501099058143314124e+00  1.176023273456305549e-07  1.176023273456305549e-07
9.601099058143313769e+00  9.920299233084900695e-08  9.920299233084900695e-08
9.701099058143313414e+00  8.351146761836319386e-08  8.351146761836319386e-08
9.801099058143313059e+00  7.040731045655805361e-08  7.040731045655805361e-08
9.901099058143312703e+00  5.961768877014472726e-08  5.961768877014472726e-08
1.000109905814331412e+01  5.076204224654220233e-08  5.076204224654220233e-08
1.010109905814331377e+01  4.342930612120775743e-08  4.342930612120775743e-08
1.020109905814331341e+01  3.725015509161953627e-08  3.725015509161953627e-08
1.030109905814331306e+01  3.194152286471099693e-08  3.194152286471099693e-08
1.040109905814331270e+01  2.731742658705566834e-08  2.731742658705566834e-08
