-1.662768099472488714e+00  5.926704500721158726e-07  5.926704500721158726e-07
-1.562768099472488625e+00  1.742990118989538852e-06  1.742990118989538852e-06
-1.462768099472488537e+00  4.945124408136567878e-06  4.945124408136567878e-06
-1.362768099472488892e+00  1.349417427655105060e-05  1.349417427655105060e-05
-1.262768099472488803e+00  3.534468008872974296e-05  3.534468008872974296e-05
-1.162768099472488714e+00  8.874114386136585004e-05  8.874114386136585004e-05
-1.062768099472488625e+00  2.133819979750683430e-04  2.133819979750683430e-04
-9.627680994724885366e-01  4.910875738602731803e-04  4.910875738602731803e-04
-8.627680994724886698e-01  1.081309272152060569e-03  1.081309272152060569e-03
-7.627680994724888031e-01  2.277239163805456091e-03  2.277239163805456091e-03
-6.627680994724887142e-01  4.586180085572869568e-03  4.586180085572869568e-03
-5.627680994724886254e-01  8.831192436484105665e-03  8.831192436484105665e-03
-4.627680994724885366e-01  1.625824100570167144e-02  1.625824100570167144e-02
-3.627680994724886698e-01  2.861454806814345275e-02  2.861454806814345275e-02
-2.627680994724885810e-01  4.814399990137391977e-02  4.814399990137391977e-02
-1.627680994724887142e-01  7.743366592032201179e-02  7.743366592032201179e-02
-6.276809947248862542e-02  1.190547618418208303e-01  1.190547618418208303e-01
3.723190052751146339e-02  1.749830948039055589e-01  1.749830948039055589e-01
1.372319005275113302e-01  2.458597073512856779e-01  2.458597073512856779e-01
2.372319005275114190e-01  3.302461419514970409e-01  3.302461419514970409e-01
3.372319005275112858e-01  4.241057001799938830e-01  4.241057001799938830e-01
4.372319005275113746e-01  5.207583600964553749e-01  5.207583600964553749e-01
5.372319005275114634e-01  6.114798279050747132e-01  6.114798279050747132e-01
6.372319005275115522e-01  6.867453918005639313e-01  6.867453918005639313e-01
7.372319005275116410e-01  7.379028489039707317e-01  7.379028489039707317e-01
8.372319005275112858e-01  7.588763759308245760e-01  7.588763759308245760e-01
9.372319005275113746e-01  7.474371280627675196e-01  7.474371280627675196e-01
1.037231900527511463e+00  7.056697937428841882e-01  7.056697937428841882e-01
1.137231900527511552e+00  6.394948275360580192e-01  6.394948275360580192e-01
1.237231900527511641e+00  5.573902149490999047e-01  5.573902149490999047e-01
1.337231900527511286e+00  4.686863341578624276e-01  4.686863341578624276e-01
1.437231900527511375e+00  3.818995214014357376e-01  3.818995214014357376e-01
1.537231900527511463e+00  3.035021375856686299e-01  3.035021375856686299e-01
1.637231900527511552e+00  2.373428543553059988e-01  2.373428543553059988e-01
1.737231900527511641e+00  1.847132029034310452e-01  1.847132029034310452e-01
1.837231900527511286e+00  1.448860144651934467e-01  1.448860144651934467e-01
1.937231900527511375e+00  1.158743845056194460e-01  1.158743845056194460e-01
2.037231900527511463e+00  9.517702018333459857e-02  9.517702018333459857e-02
2.137231900527511552e+00  8.035425887392827482e-02  8.035425887392827482e-02
2.237231900527511641e+00  6.937444267465164849e-02  6.937444267465164849e-02
2.337231900527511286e+00  6.074756656563976703e-02  6.074756656563976703e-02
2.437231900527511819e+00  5.350593254743411104e-02  5.350593254743411104e-02
2.537231900527511463e+00  4.710128559183613534e-02  4.710128559183613534e-02
2.637231900527511108e+00  4.127591394167991895e-02  4.127591394167991895e-02
2.737231900527511641e+00  3.594456287677392364e-02  3.594456287677392364e-02
2.837231900527511286e+00  3.110436634567370628e-02  3.110436634567370628e-02
2.937231900527511819e+00  2.677598940248506268e-02  2.677598940248506268e-02
3.037231900527511463e+00  2.297146484761152657e-02  2.297146484761152657e-02
3.137231900527511996e+00  1.968136939707179275e-02  1.968136939707179275e-02
3.237231900527511641e+00  1.687407174827225062e-02  1.687407174827225062e-02
3.337231900527511286e+00  1.450120170516497331e-02  1.450120170516497331e-02
3.437231900527511819e+00  1.250523762740881825e-02  1.250523762740881825e-02
3.537231900527511463e+00  1.082669421861398411e-02  1.082669421861398411e-02
3.637231900527511996e+00  9.409633926239275095e-03  9.409633926239275095e-03
3.737231900527511641e+00  8.205099965004661669e-03  8.205099965004661669e-03
3.837231900527511286e+00  7.172618458742027400e-03  7.172618458742027400e-03
3.937231900527511819e+00  6.280204298863983209e-03  6.280204298863983209e-03
4.037231900527511463e+00  5.503397933243926732e-03  5.503397933243926732e-03
4.137231900527511996e+00  4.823824025450623373e-03  4.823824025450623373e-03
4.237231900527511641e+00  4.227655889687884430e-03  4.227655889687884430e-03
4.337231900527511286e+00  3.704238264376871412e-03  3.704238264376871412e-03
4.437231900527511819e+00  3.244997725866054228e-03  3.244997725866054228e-03
4.537231900527511463e+00  2.842673216957307143e-03  2.842673216957307143e-03
4.637231900527511996e+00  2.490835263165211248e-03  2.490835263165211248e-03
4.737231900527511641e+00  2.183629526860006009e-03  2.183629526860006009e-03
4.837231900527511286e+00  1.915671691773666646e-03  1.915671691773666646e-03
4.937231900527511819e+00  1.682027927323948317e-03  1.682027927323948317e-03
5.037231900527511463e+00  1.478230559418514199e-03  1.478230559418514199e-03
5.137231900527511996e+00  1.300296031431697570e-03  1.300296031431697570e-03
5.237231900527511641e+00  1.144727864850137583e-03  1.144727864850137583e-03
5.337231900527511286e+00  1.008499164296074516e-03  1.008499164296074516e-03
5.437231900527511819e+00  8.890167852638523839e-04  8.890167852638523839e-04
5.537231900527511463e+00  7.840730725631287227e-04  7.840730725631287227e-04
5.637231900527511996e+00  6.917920263798732136e-04  6.917920263798732136e-04
5.737231900527511641e+00  6.105759078167602699e-04  6.105759078167602699e-04
5.837231900527511286e+00  5.390565795014975667e-04  5.390565795014975667e-04
5.937231900527511819e+00  4.760539780992914917e-04  4.760539780992914917e-04
6.037231900527511463e+00  4.205424661389853074e-04  4.205424661389853074e-04
6.137231900527511996e+00  3.716246167188417713e-04  3.716246167188417713e-04
6.237231900527511641e+00  3.285112846512967550e-04  3.285112846512967550e-04
6.337231900527511286e+00  2.905065445961994082e-04  2.905065445961994082e-04
6.437231900527510930e+00  2.569961140235308555e-04  2.569961140235308555e-04
6.537231900527512352e+00  2.274381011037483931e-04  2.274381011037483931e-04
6.637231900527511996e+00  2.013552166974309538e-04  2.013552166974309538e-04
6.737231900527511641e+00  1.783278867905156826e-04  1.783278867905156826e-04
6.837231900527511286e+00  1.579879497862428492e-04  1.579879497862428492e-04
6.937231900527510930e+00  1.400128019806881987e-04  1.400128019806881987e-04
7.037231900527512352e+00  1.241199640696493702e-04  1.241199640696493702e-04
7.137231900527511996e+00  1.100620933146559334e-04  1.100620933146559334e-04
7.237231900527511641e+00  9.762247677899227143e-05  9.762247677899227143e-05
7.337231900527511286e+00  8.661102770159129346e-05  8.661102770159129346e-05
7.437231900527510930e+00  7.686078361827690852e-05  7.686078361827690852e-05
7.537231900527512352e+00  6.822488113666219916e-05  6.822488113666219916e-05
7.637231900527511996e+00  6.057396401647770592e-05  6.057396401647770592e-05
7.737231900527511641e+00  5.379397062944126726e-05  5.379397062944126726e-05
7.837231900527511286e+00  4.778424376796444769e-05  4.778424376796444769e-05
7.937231900527512707e+00  4.245590854623371570e-05  4.245590854623371570e-05
8.037231900527512352e+00  3.773047067145700887e-05  3.773047067145700887e-05
8.137231900527511996e+00  3.353859561880785873e-05  3.353859561880785873e-05
8.237231900527511641e+00  2.981903760769078927e-05  2.981903760769078927e-05
8.337231900527511286e+00  2.651769468987938614e-05  2.651769468987938614e-05
8.437231900527512707e+00  2.358677219256597723e-05  2.358677219256597723e-05
8.537231900527512352e+00  2.098404110264114506e-05  2.098404110264114506e-05
8.637231900527511996e+00  1.867218090273930825e-05  1.867218090273930825e-05
8.737231900527511641e+00  1.661819818835854584e-05  1.661819818835854584e-05
8.837231900527511286e+00  1.479291345819048307e-05  1.479291345819048307e-05
8.937231900527512707e+00  1.317050909042305070e-05  1.317050909042305070e-05
9.037231900527512352e+00  1.172813193684600572e-05  1.172813193684600572e-05
9.137231900527511996e+00  1.044554434165365194e-05  1.044554434165365194e-05
9.237231900527511641e+00  9.304817805617892265e-06  9.304817805617892265e-06
9.337231900527511286e+00  8.290063994494030361e-06  8.290063994494030361e-06
9.437231900527512707e+00  7.387198322272729179e-06  7.387198322272729179e-06
9.537231900527512352e+00  6.583731896281166487e-06  6.583731896281166487e-06
9.637231900527511996e+00  5.868588159224711861e-06  5.868588159224711861e-06
9.737231900527511641e+00  5.231941075022941747e-06  5.231941075022941747e-06
9.837231900527511286e+00  4.665072161917938652e-06  4.665072161917938652e-06
9.937231900527512707e+00  4.160244069004363151e-06  4.160244069004363151e-06
1.003723190052751235e+01  3.710588720770295413e-06  3.710588720770295413e-06
1.013723190052751200e+01  3.310008324182793720e-06  3.310008324182793720e-06
1.023723190052751164e+01  2.953087753356934268e-06  2.953087753356934268e-06
1.033723190052751129e+01  2.635017007969406063e-06  2.635017007969406063e-06
