-1.623592772345214819e+00  3.251120013880065696e-09  3.251120013880065696e-09
-1.523592772345214286e+00  1.451142972682468445e-08  1.451142972682468445e-08
-1.423592772345214641e+00  6.167830031739493950e-08  6.167830031739493950e-08
-1.323592772345214552e+00  2.482834032506934363e-07  2.482834032506934363e-07
-1.223592772345214463e+00  9.435438197381177188e-07  9.435438197381177188e-07
-1.123592772345214819e+00  3.378704538919770304e-06  3.378704538919770304e-06
-1.023592772345214286e+00  1.138726687358508951e-05  1.138726687358508951e-05
-9.235927723452146409e-01  3.609707784977672494e-05  3.609707784977672494e-05
-8.235927723452145521e-01  1.075783648141092930e-04  1.075783648141092930e-04
-7.235927723452144633e-01  3.013450392985686402e-04  3.013450392985686402e-04
-6.235927723452145965e-01  7.932627979163623050e-04  7.932627979163623050e-04
-5.235927723452145077e-01  1.962174992054024122e-03  1.962174992054024122e-03
-4.235927723452144189e-01  4.560328691104338465e-03  4.560328691104338465e-03
-3.235927723452145521e-01  9.958025821665170488e-03  9.958025821665170488e-03
-2.235927723452144633e-01  2.042948101345886183e-02  2.042948101345886183e-02
-1.235927723452145965e-01  3.937694920209969945e-02  3.937694920209969945e-02
-2.359277234521450772e-02  7.130589517992649840e-02  7.130589517992649840e-02
7.640722765478558109e-02  1.213135894329652187e-01  1.213135894329652187e-01
1.764072276547854479e-01  1.939101102216861938e-01  1.939101102216861938e-01
2.764072276547855367e-01  2.912125892828105189e-01  2.912125892828105189e-01
3.764072276547854035e-01  4.109203026529663627e-01  4.109203026529663627e-01
4.764072276547854923e-01  5.448446124377414046e-01  5.448446124377414046e-01
5.764072276547855811e-01  6.788935075200601688e-01  6.788935075200601688e-01
6.764072276547856699e-01  7.950910505505794923e-01  7.950910505505794923e-01
7.764072276547857587e-01  8.754521635801933988e-01  8.754521635801933988e-01
8.764072276547854035e-01  9.066324079294917349e-01  9.066324079294917349e-01
9.764072276547854923e-01  8.837129118840512110e-01  8.837129118840512110e-01
1.076407227654785581e+00  8.116427585230154840e-01  8.116427585230154840e-01
1.176407227654785670e+00  7.037488986284082815e-01  7.037488986284082815e-01
1.276407227654785759e+00  5.779145601713691072e-01  5.779145601713691072e-01
1.376407227654785403e+00  4.519126905459807109e-01  4.519126905459807109e-01
1.476407227654785492e+00  3.395390931119736111e-01  3.395390931119736111e-01
1.576407227654785581e+00  2.486252296026550401e-01  2.486252296026550401e-01
1.676407227654785670e+00  1.811045414834558109e-01  1.811045414834558109e-01
1.776407227654785759e+00  1.345419438728513994e-01  1.345419438728513994e-01
1.876407227654785403e+00  1.042144786132607887e-01  1.042144786132607887e-01
1.976407227654785492e+00  8.495739538424688930e-02  8.495739538424688930e-02
2.076407227654785359e+00  7.235963132557265975e-02  7.235963132557265975e-02
2.176407227654785892e+00  6.326471141583038527e-02  6.326471141583038527e-02
2.276407227654785537e+00  5.576087806977419320e-02  5.576087806977419320e-02
2.376407227654785181e+00  4.890588506978298111e-02  4.890588506978298111e-02
2.476407227654785714e+00  4.238438350784939912e-02  4.238438350784939912e-02
2.576407227654785359e+00  3.621168009294253171e-02  3.621168009294253171e-02
2.676407227654785004e+00  3.052536049522633355e-02  3.052536049522633355e-02
2.776407227654785537e+00  2.546284426064825829e-02  2.546284426064825829e-02
2.876407227654785181e+00  2.110491103365814969e-02  2.110491103365814969e-02
2.976407227654785714e+00  1.746239823392393628e-02  1.746239823392393628e-02
3.076407227654785359e+00  1.448691268741079431e-02  1.448691268741079431e-02
3.176407227654785892e+00  1.209162805575497539e-02  1.209162805575497539e-02
3.276407227654785537e+00  1.017310094822934836e-02  1.017310094822934836e-02
3.376407227654785181e+00  8.629014214163496788e-03  8.629014214163496788e-03
3.476407227654785714e+00  7.369782456683238170e-03  7.369782456683238170e-03
3.576407227654785359e+00  6.324050684879659393e-03  6.324050684879659393e-03
3.676407227654785892e+00  5.439339732436236294e-03  5.439339732436236294e-03
3.776407227654785537e+00  4.679570873294083833e-03  4.679570873294083833e-03
3.876407227654785181e+00  4.021136729357543786e-03  4.021136729357543786e-03
3.976407227654785714e+00  3.448804810269439844e-03  3.448804810269439844e-03
4.076407227654785359e+00  2.952249973335950572e-03  2.952249973335950572e-03
4.176407227654785892e+00  2.523560733206135342e-03  2.523560733206135342e-03
4.276407227654785537e+00  2.155731003563425736e-03  2.155731003563425736e-03
4.376407227654785181e+00  1.841954008670086598e-03  1.841954008670086598e-03
4.476407227654785714e+00  1.575460463514312534e-03  1.575460463514312534e-03
4.576407227654785359e+00  1.349652417994757960e-03  1.349652417994757960e-03
4.676407227654785892e+00  1.158339084697379735e-03  1.158339084697379735e-03
4.776407227654785537e+00  9.959504423494853868e-04  9.959504423494853868e-04
4.876407227654785181e+00  8.576680077629621635e-04  8.576680077629621635e-04
4.976407227654785714e+00  7.394596593971143128e-04  7.394596593971143128e-04
5.076407227654785359e+00  6.380342882348490714e-04  6.380342882348490714e-04
5.176407227654785892e+00  5.507446781826720594e-04  5.507446781826720594e-04
5.276407227654785537e+00  4.754679437217067175e-04  4.754679437217067175e-04
5.376407227654785181e+00  4.104869973199840841e-04  4.104869973199840841e-04
5.476407227654785714e+00  3.543880348643713412e-04  3.543880348643713412e-04
5.576407227654785359e+00  3.059808087585117343e-04  3.059808087585117343e-04
5.676407227654785892e+00  2.642421070298585904e-04  2.642421070298585904e-04
5.776407227654785537e+00  2.282789122306674954e-04  2.282789122306674954e-04
5.876407227654785181e+00  1.973059949331884577e-04  1.973059949331884577e-04
5.976407227654785714e+00  1.706326420271854732e-04  1.706326420271854732e-04
6.076407227654785359e+00  1.476541622777291160e-04  1.476541622777291160e-04
6.176407227654785892e+00  1.278451572343830317e-04  1.278451572343830317e-04
6.276407227654785537e+00  1.107528652012618306e-04  1.107528652012618306e-04
6.376407227654785181e+00  9.598993326035436442e-05  9.598993326035436442e-05
6.476407227654784826e+00  8.322665783894593367e-05  8.322665783894593367e-05
6.576407227654786247e+00  7.218307823689609770e-05  7.218307823689609770e-05
6.676407227654785892e+00  6.262138994031446286e-05  6.262138994031446286e-05
6.776407227654785537e+00  5.433906418347537749e-05  5.433906418347537749e-05
6.876407227654785181e+00  4.716290674085080631e-05  4.716290674085080631e-05
6.976407227654784826e+00  4.094412860373359192e-05  4.094412860373359192e-05
7.076407227654786247e+00  3.555437330783321222e-05  3.555437330783321222e-05
7.176407227654785892e+00  3.088256591315030521e-05  3.088256591315030521e-05
7.276407227654785537e+00  2.683241582419551783e-05  2.683241582419551783e-05
7.376407227654785181e+00  2.332040909513243107e-05  2.332040909513243107e-05
7.476407227654784826e+00  2.027415160191285660e-05  2.027415160191285660e-05
7.576407227654786247e+00  1.763095946972172341e-05  1.763095946972172341e-05
7.676407227654785892e+00  1.533662767788340048e-05  1.533662767788340048e-05
7.776407227654785537e+00  1.334433602390753587e-05  1.334433602390753587e-05
7.876407227654785181e+00  1.161367133351255272e-05  1.161367133351255272e-05
7.976407227654786602e+00  1.010975622897512233e-05  1.010975622897512233e-05
8.076407227654787135e+00  8.802479651959992397e-06  8.802479651959992397e-06
8.176407227654785004e+00  7.665824938420969428e-06  7.665824938420969428e-06
8.276407227654786425e+00  6.677289681215872857e-06  6.677289681215872857e-06
8.376407227654784293e+00  5.817389507155569181e-06  5.817389507155569181e-06
8.476407227654785714e+00  5.069236240976478065e-06  5.069236240976478065e-06
8.576407227654787135e+00  4.418180173960953240e-06  4.418180173960953240e-06
8.676407227654785004e+00  3.851506333783083960e-06  3.851506333783083960e-06
8.776407227654786425e+00  3.358175556808433382e-06  3.358175556808433382e-06
8.876407227654784293e+00  2.928602492345048552e-06  2.928602492345048552e-06
8.976407227654785714e+00  2.554464128996491233e-06  2.554464128996491233e-06
9.076407227654787135e+00  2.228533805057488175e-06  2.228533805057488175e-06
9.176407227654786780e+00  1.944536816433973848e-06  1.944536816433973848e-06
9.276407227654786425e+00  1.697024618176138551e-06  1.697024618176138551e-06
9.376407227654786070e+00  1.481265241840741528e-06  1.481265241840741528e-06
9.476407227654787491e+00  1.293147968570940543e-06  1.293147968570940543e-06
9.576407227654787135e+00  1.129100567917376874e-06  1.129100567917376874e-06
9.676407227654786780e+00  9.860175925623712573e-07  9.860175925623712573e-07
9.776407227654786425e+00  8.611983542676514730e-07  8.611983542676514730e-07
9.876407227654786070e+00  7.522933260155967518e-07  7.522933260155967518e-07
9.976407227654787491e+00  6.572578346135697839e-07  6.572578346135697839e-07
1.007640722765478714e+01  5.743120313499314073e-07  5.743120313499314073e-07
1.017640722765478678e+01  5.019062533864911141e-07  5.019062533864911141e-07
1.027640722765478642e+01  4.386910103184365611e-07  4.386910103184365611e-07
1.037640722765478607e+01  3.834909434305941033e-07  3.834909434305941033e-07
