-1.529151022958192385e+00  0.000000000000000000e+00  0.000000000000000000e+00
-1.429151022958191852e+00  0.000000000000000000e+00  0.000000000000000000e+00
-1.329151022958192208e+00  0.000000000000000000e+00  0.000000000000000000e+00
-1.229151022958192119e+00  0.000000000000000000e+00  0.000000000000000000e+00
-1.129151022958192030e+00  0.000000000000000000e+00  0.000000000000000000e+00
-1.029151022958192385e+00  0.000000000000000000e+00  0.000000000000000000e+00
-9.291510229581920743e-01  0.000000000000000000e+00  0.000000000000000000e+00
-8.291510229581922076e-01  0.000000000000000000e+00  0.000000000000000000e+00
-7.291510229581921188e-01  0.000000000000000000e+00  0.000000000000000000e+00
-6.291510229581920299e-01  0.000000000000000000e+00  0.000000000000000000e+00
-5.291510229581921632e-01  0.000000000000000000e+00  0.000000000000000000e+00
-4.291510229581920743e-01  0.000000000000000000e+00  0.000000000000000000e+00
-3.291510229581919855e-01  0.000000000000000000e+00  0.000000000000000000e+00
-2.291510229581921188e-01  0.000000000000000000e+00  0.000000000000000000e+00
-1.291510229581920299e-01  0.000000000000000000e+00  0.000000000000000000e+00
-2.915102295819216316e-02  0.000000000000000000e+00  0.000000000000000000e+00
7.084897704180792566e-02  0.000000000000000000e+00  0.000000000000000000e+00
1.708489770418080145e-01  0.000000000000000000e+00  0.000000000000000000e+00
2.708489770418078812e-01  0.000000000000000000e+00  0.000000000000000000e+00
3.708489770418079701e-01  0.000000000000000000e+00  0.000000000000000000e+00
4.708489770418078368e-01  0.000000000000000000e+00  0.000000000000000000e+00
5.708489770418079257e-01  0.000000000000000000e+00  0.000000000000000000e+00
6.708489770418080145e-01  1.415863643439672926e-194  1.415863643439672926e-194
7.708489770418081033e-01  5.304468880471281445e-86  5.304468880471281445e-86
8.708489770418081921e-01  7.392889099058123584e-21  7.392889099058123584e-21
9.708489770418078368e-01  3.832995298410413909e+01  3.832995298410413909e+01
1.070848977041807926e+00  7.392889099054866054e-21  7.392889099054866054e-21
1.170848977041808014e+00  5.304468880466608055e-86  5.304468880466608055e-86
1.270848977041808103e+00  1.415863643437822024e-194  1.415863643437822024e-194
1.370848977041808192e+00  0.000000000000000000e+00  0.000000000000000000e+00
1.470848977041807837e+00  3.834072414945628596e-272  3.834072414945628596e-272
1.570848977041807926e+00  1.994889017760998238e-174  1.994889017760998238e-174
1.670848977041808014e+00  2.001949290300453609e-98  2.001949290300453609e-98
1.770848977041808103e+00  3.874925083676031062e-44  3.874925083676031062e-44
1.870848977041808192e+00  1.446603305682790789e-11  1.446603305682790789e-11
1.970848977041807837e+00  1.041625254068004880e+00  1.041625254068004880e+00
2.070848977041808148e+00  1.446603305682472034e-11  1.446603305682472034e-11
2.170848977041807792e+00  3.874925083674323965e-44  3.874925083674323965e-44
2.270848977041808325e+00  2.001949290299145087e-98  2.001949290299145087e-98
2.370848977041807970e+00  1.994889017759183630e-174  1.994889017759183630e-174
2.470848977041807615e+00  5.425143323006156597e-183  5.425143323006156597e-183
2.570848977041808148e+00  7.561074225767077703e-118  7.561074225767077703e-118
2.670848977041807792e+00  3.517815489633120278e-67  3.517815489633120278e-67
2.770848977041807437e+00  5.463612401419958008e-31  5.463612401419958008e-31
2.870848977041807970e+00  2.832722142370528963e-09  2.832722142370528963e-09
2.970848977041807615e+00  4.902813150917435803e-02  4.902813150917435803e-02
3.070848977041808148e+00  2.832722142369693510e-09  2.832722142369693510e-09
3.170848977041807792e+00  5.463612401419958008e-31  5.463612401419958008e-31
3.270848977041808325e+00  3.517815489630021531e-67  3.517815489630021531e-67
3.370848977041807970e+00  7.561074225758481133e-118  7.561074225758481133e-118
3.470848977041807615e+00  5.565652212116119908e-139  5.565652212116119908e-139
3.570848977041808148e+00  4.014627717137204143e-90  4.014627717137204143e-90
3.670848977041807792e+00  4.021725688726727928e-52  4.021725688726727928e-52
3.770848977041808325e+00  5.595225112181884213e-25  5.595225112181884213e-25
3.870848977041807970e+00  1.081086976354819670e-08  1.081086976354819670e-08
3.970848977041807615e+00  2.900959457280833688e-03  2.900959457280833688e-03
4.070848977041808148e+00  1.081086976354581607e-08  1.081086976354581607e-08
4.170848977041807792e+00  5.595225112179419349e-25  5.595225112179419349e-25
4.270848977041808325e+00  4.021725688724098101e-52  4.021725688724098101e-52
4.370848977041807970e+00  4.014627717133667189e-90  4.014627717133667189e-90
4.470848977041807615e+00  5.198576366209815227e-113  5.198576366209815227e-113
4.570848977041808148e+00  6.344359723088032858e-74  6.344359723088032858e-74
4.670848977041807792e+00  1.595884778967243719e-43  1.595884778967243719e-43
4.770848977041808325e+00  8.274192636500956229e-22  8.274192636500956229e-22
4.870848977041807970e+00  8.842194929258549509e-09  8.842194929258549509e-09
4.970848977041807615e+00  1.947623041603129739e-04  1.947623041603129739e-04
5.070848977041808148e+00  8.842194929256979520e-09  8.842194929256979520e-09
5.170848977041807792e+00  8.274192636498015613e-22  8.274192636498015613e-22
5.270848977041808325e+00  1.595884778966404558e-43  1.595884778966404558e-43
5.370848977041807970e+00  6.344359723083524346e-74  6.344359723083524346e-74
5.470848977041807615e+00  4.713140798793147776e-96  4.713140798793147776e-96
5.570848977041808148e+00  1.759529516688737469e-63  1.759529516688737469e-63
5.670848977041807792e+00  3.795258261895151327e-38  3.795258261895151327e-38
5.770848977041808325e+00  4.729821455341883364e-20  4.729821455341883364e-20
5.870848977041807970e+00  3.405703177756391740e-09  3.405703177756391740e-09
5.970848977041807615e+00  1.416861753200415536e-05  1.416861753200415536e-05
6.070848977041808148e+00  3.405703177755890055e-09  3.405703177755890055e-09
6.170848977041807792e+00  4.729821455340505722e-20  4.729821455340505722e-20
6.270848977041808325e+00  3.795258261893479283e-38  3.795258261893479283e-38
6.370848977041807970e+00  1.759529516687737293e-63  1.759529516687737293e-63
6.470848977041807615e+00  3.052742608247386337e-84  3.052742608247386337e-84
6.570848977041807260e+00  2.532918218971178679e-56  2.532918218971178679e-56
6.670848977041808681e+00  1.313243509336756359e-34  1.313243509336756359e-34
6.770848977041808325e+00  4.254636620417299008e-19  4.254636620417299008e-19
6.870848977041807970e+00  8.613363989534045968e-10  8.613363989534045968e-10
6.970848977041807615e+00  1.089622951428140264e-06  1.089622951428140264e-06
7.070848977041807260e+00  8.613363989534045968e-10  8.613363989534045968e-10
7.170848977041808681e+00  4.254636620415152559e-19  4.254636620415152559e-19
7.270848977041808325e+00  1.313243509335748620e-34  1.313243509335748620e-34
7.370848977041807970e+00  2.532918218971178679e-56  2.532918218971178679e-56
7.470848977041807615e+00  1.208947291560632188e-75  1.208947291560632188e-75
7.570848977041807260e+00  3.246922873155885394e-51  3.246922873155885394e-51
7.670848977041808681e+00  3.249791929791511528e-32  3.249791929791511528e-32
7.770848977041808325e+00  1.212154883043705025e-18  1.212154883043705025e-18
7.870848977041807970e+00  1.684921418514162480e-10  1.684921418514162480e-10
7.970848977041807615e+00  8.728109033486721775e-08  8.728109033486721775e-08
8.070848977041809036e+00  1.684921418513788181e-10  1.684921418513788181e-10
8.170848977041808681e+00  1.212154883043170965e-18  1.212154883043170965e-18
8.270848977041808325e+00  3.249791929789340610e-32  3.249791929789340610e-32
8.370848977041807970e+00  3.246922873155885394e-51  3.246922873155885394e-51
8.470848977041807615e+00  3.462755919693640373e-69  3.462755919693640373e-69
8.570848977041809036e+00  1.795336349295851094e-47  1.795336349295851094e-47
8.670848977041808681e+00  1.391155495586402939e-30  1.391155495586402939e-30
8.770848977041808325e+00  1.611058401828614872e-18  1.611058401828614872e-18
8.870848977041807970e+00  2.788384431086984565e-11  2.788384431086984565e-11
8.970848977041807615e+00  7.212731589088446572e-09  7.212731589088446572e-09
9.070848977041809036e+00  2.788384431086435265e-11  2.788384431086435265e-11
9.170848977041808681e+00  1.611058401827985093e-18  1.611058401827985093e-18
9.270848977041808325e+00  1.391155495585572495e-30  1.391155495585572495e-30
9.370848977041807970e+00  1.795336349294447756e-47  1.795336349294447756e-47
9.470848977041807615e+00  3.156193993723614584e-64  3.156193993723614584e-64
9.570848977041809036e+00  1.102581267986946965e-44  1.102581267986946965e-44
9.670848977041808681e+00  1.748708723295675154e-29  1.748708723295675154e-29
9.770848977041808325e+00  1.259155955912917221e-18  1.259155955912917221e-18
9.870848977041807970e+00  4.116202694530625763e-12  4.116202694530625763e-12
9.970848977041807615e+00  6.108986454018072136e-10  6.108986454018072136e-10
1.007084897704180904e+01  4.116202694529894710e-12  4.116202694529894710e-12
1.017084897704180868e+01  1.259155955912470020e-18  1.259155955912470020e-18
1.027084897704180833e+01  1.748708723294743011e-29  1.748708723294743011e-29
1.037084897704180797e+01  1.102581267986163487e-44  1.102581267986163487e-44
1.047084897704180761e+01  2.349134485456817463e-60  2.349134485456817463e-60
