-1.578613186415621428e+00  0.000000000000000000e+00  0.000000000000000000e+00
-1.478613186415621783e+00  0.000000000000000000e+00  0.000000000000000000e+00
-1.378613186415621694e+00  0.000000000000000000e+00  0.000000000000000000e+00
-1.278613186415621605e+00  0.000000000000000000e+00  0.000000000000000000e+00
-1.178613186415621961e+00  0.000000000000000000e+00  0.000000000000000000e+00
-1.078613186415621428e+00  0.000000000000000000e+00  0.000000000000000000e+00
-9.786131864156215610e-01  0.000000000000000000e+00  0.000000000000000000e+00
-8.786131864156216942e-01  0.000000000000000000e+00  0.000000000000000000e+00
-7.786131864156216054e-01  0.000000000000000000e+00  0.000000000000000000e+00
-6.786131864156215165e-01  0.000000000000000000e+00  0.000000000000000000e+00
-5.786131864156216498e-01  0.000000000000000000e+00  0.000000000000000000e+00
-4.786131864156215610e-01  0.000000000000000000e+00  0.000000000000000000e+00
-3.786131864156214721e-01  0.000000000000000000e+00  0.000000000000000000e+00
-2.786131864156216054e-01  0.000000000000000000e+00  0.000000000000000000e+00
-1.786131864156215165e-01  1.387715962479792110e-291  1.387715962479792110e-291
-7.861318641562164977e-02  6.456395694924201494e-241  6.456395694924201494e-241
2.138681358437843905e-02  4.489370529066639820e-195  4.489370529066639820e-195
1.213868135843785279e-01  4.665374592817024786e-154  4.665374592817024786e-154
2.213868135843783946e-01  7.245916836089287855e-118  7.245916836089287855e-118
3.213868135843784835e-01  1.681922293483449791e-86  1.681922293483449791e-86
4.213868135843783502e-01  5.834777043837016247e-60  5.834777043837016247e-60
5.213868135843784390e-01  3.025160079725600240e-38  3.025160079725600240e-38
6.213868135843785279e-01  2.344111214364187688e-21  2.344111214364187688e-21
7.213868135843786167e-01  2.714649856686951525e-09  2.714649856686951525e-09
8.213868135843787055e-01  4.698456236997688301e-02  4.698456236997688301e-02
9.213868135843783502e-01  1.215352637273626968e+01  1.215352637273626968e+01
1.021386813584378439e+00  4.698456236997458624e-02  4.698456236997458624e-02
1.121386813584378528e+00  2.714649856686690963e-09  2.714649856686690963e-09
1.221386813584378617e+00  2.344111214363838237e-21  2.344111214363838237e-21
1.321386813584378705e+00  3.025162709357904242e-38  3.025162709357904242e-38
1.421386813584378350e+00  4.897836630054427921e-31  4.897836630054427921e-31
1.521386813584378439e+00  3.526682335180379237e-20  3.526682335180379237e-20
1.621386813584378528e+00  9.817056000270820758e-12  9.817056000270820758e-12
1.721386813584378617e+00  1.056450304432190710e-05  1.056450304432190710e-05
1.821386813584378705e+00  4.395110062096106718e-02  4.395110062096106718e-02
1.921386813584378350e+00  7.068761290889579163e-01  7.068761290889579163e-01
2.021386813584378217e+00  4.395110062095997083e-02  4.395110062095997083e-02
2.121386813584378750e+00  1.056450304432138024e-05  1.056450304432138024e-05
2.221386813584378395e+00  9.817056000270088897e-12  9.817056000270088897e-12
2.321386813584378928e+00  3.526682335259384494e-20  3.526682335259384494e-20
2.421386813584378572e+00  5.575950862154518053e-22  5.575950862154518053e-22
2.521386813584379105e+00  9.650733046819521856e-15  9.650733046819521856e-15
2.621386813584378750e+00  4.114372291201040809e-09  4.114372291201040809e-09
2.721386813584378395e+00  4.320647037106280474e-05  4.320647037106280474e-05
2.821386813584378928e+00  1.117624493323236476e-02  1.117624493323236476e-02
2.921386813584378572e+00  7.121065026233769357e-02  7.121065026233769357e-02
3.021386813584379105e+00  1.117624493323199873e-02  1.117624493323199873e-02
3.121386813584378750e+00  4.320647037106280474e-05  4.320647037106280474e-05
3.221386813584379283e+00  4.114372291200631355e-09  4.114372291200631355e-09
3.321386813584378928e+00  9.650733048557628555e-15  9.650733048557628555e-15
3.421386813584378572e+00  7.507093254136991240e-18  7.507093254136991240e-18
3.521386813584379105e+00  2.014283409922115579e-12  2.014283409922115579e-12
3.621386813584378750e+00  3.360686788958944265e-08  3.360686788958944265e-08
3.721386813584379283e+00  3.486277402264961685e-05  3.486277402264961685e-05
3.821386813584378928e+00  2.248652168959869822e-03  2.248652168959869822e-03
3.921386813584378572e+00  9.017975737957810434e-03  9.017975737957810434e-03
4.021386813584379105e+00  2.248652168959814311e-03  2.248652168959814311e-03
4.121386813584378750e+00  3.486277402264791601e-05  3.486277402264791601e-05
4.221386813584379283e+00  3.360686788958694125e-08  3.360686788958694125e-08
4.321386813584378928e+00  2.014283415426967013e-12  2.014283415426967013e-12
4.421386813584378572e+00  1.126440592748132362e-15  1.126440592748132362e-15
4.521386813584379105e+00  2.464616273511982861e-11  2.464616273511982861e-11
4.621386813584378750e+00  5.882951690856583697e-08  5.882951690856583697e-08
4.721386813584379283e+00  1.521746823166128037e-05  1.521746823166128037e-05
4.821386813584378928e+00  4.265703613142867346e-04  4.265703613142867346e-04
4.921386813584378572e+00  1.295806341911512815e-03  1.295806341911512815e-03
5.021386813584379105e+00  4.265703613142784404e-04  4.265703613142784404e-04
5.121386813584378750e+00  1.521746823166068406e-05  1.521746823166068406e-05
5.221386813584379283e+00  5.882951690856239590e-08  5.882951690856239590e-08
5.321386813584378928e+00  2.464616340863188699e-11  2.464616340863188699e-11
5.421386813584378572e+00  1.897219124575702181e-14  1.897219124575702181e-14
5.521386813584379105e+00  7.427422755971202941e-11  7.427422755971202941e-11
5.621386813584378750e+00  4.849643179428981502e-08  4.849643179428981502e-08
5.721386813584379283e+00  4.969725338174782121e-06  4.969725338174782121e-06
5.821386813584378928e+00  7.992928868791284900e-05  7.992928868791284900e-05
5.921386813584378572e+00  2.017578625900446666e-04  2.017578625900446666e-04
6.021386813584379105e+00  7.992928868791152085e-05  7.992928868791152085e-05
6.121386813584378750e+00  4.969725338174617797e-06  4.969725338174617797e-06
6.221386813584379283e+00  4.849643179428782979e-08  4.849643179428782979e-08
6.321386813584378928e+00  7.427424052101556497e-11  7.427424052101556497e-11
6.421386813584378572e+00  9.807517160098988340e-14  9.807517160098988340e-14
6.521386813584378217e+00  1.014837406587116278e-10  1.014837406587116278e-10
6.621386813584379638e+00  2.625086300904360595e-08  2.625086300904360595e-08
6.721386813584379283e+00  1.388463242086362408e-06  1.388463242086362408e-06
6.821386813584378928e+00  1.501650508625250746e-05  1.501650508625250746e-05
6.921386813584378572e+00  3.320832936377182242e-05  3.320832936377182242e-05
7.021386813584378217e+00  1.501650508625250746e-05  1.501650508625250746e-05
7.121386813584379638e+00  1.388463242086284481e-06  1.388463242086284481e-06
7.221386813584379283e+00  2.625086300905085206e-08  2.625086300905085206e-08
7.321386813584378928e+00  1.014838190524569339e-10  1.014838190524569339e-10
7.421386813584378572e+00  2.444789523735046826e-13  2.444789523735046826e-13
7.521386813584378217e+00  8.508726517273903351e-11  8.508726517273903351e-11
7.621386813584379638e+00  1.099051973221185702e-08  1.099051973221185702e-08
7.721386813584379283e+00  3.539852624940913916e-07  3.539852624940913916e-07
7.821386813584378928e+00  2.842924668824058490e-06  2.842924668824058490e-06
7.921386813584378572e+00  5.693230171055735024e-06  5.693230171055735024e-06
8.021386813584379993e+00  2.842924668823988186e-06  2.842924668823988186e-06
8.121386813584379638e+00  3.539852624940739215e-07  3.539852624940739215e-07
8.221386813584379283e+00  1.099051973228422043e-08  1.099051973228422043e-08
8.321386813584378928e+00  8.508747712053063047e-11  8.508747712053063047e-11
8.421386813584378572e+00  3.642113647312980929e-13  3.642113647312980929e-13
8.521386813584379993e+00  5.172239084719271600e-11  5.172239084719271600e-11
8.621386813584379638e+00  3.892772490406466749e-09  3.892772490406466749e-09
8.721386813584379283e+00  8.524601577699913420e-08  8.524601577699913420e-08
8.821386813584378928e+00  5.431541856874763753e-07  5.431541856874763753e-07
8.921386813584378572e+00  1.006945914544338684e-06  1.006945914544338684e-06
9.021386813584379993e+00  5.431541856874644110e-07  5.431541856874644110e-07
9.121386813584379638e+00  8.524601577699545490e-08  8.524601577699545490e-08
9.221386813584379283e+00  3.892772490671435033e-09  3.892772490671435033e-09
9.321386813584378928e+00  5.172268801016007616e-11  5.172268801016007616e-11
9.421386813584378572e+00  3.695737277938607194e-13  3.695737277938607194e-13
9.521386813584379993e+00  2.517397606562735935e-11  2.517397606562735935e-11
9.621386813584379638e+00  1.229903167442297699e-09  1.229903167442297699e-09
9.721386813584379283e+00  1.978082864412272894e-08  1.978082864412272894e-08
9.821386813584378928e+00  1.047294004463590921e-07  1.047294004463590921e-07
9.921386813584378572e+00  1.825338144594454395e-07  1.825338144594454395e-07
1.002138681358437999e+01  1.047294004463570275e-07  1.047294004463570275e-07
1.012138681358437964e+01  1.978082864412226241e-08  1.978082864412226241e-08
1.022138681358437928e+01  1.229903167972070279e-09  1.229903167972070279e-09
1.032138681358437893e+01  2.517417977242199988e-11  2.517417977242199988e-11
1.042138681358437857e+01  2.804911692115660422e-13  2.804911692115660422e-13
