-1.530927835023294659e+00  1.313420514947767249e-20  1.313420514947767249e-20
-1.430927835023294570e+00  4.765038249475646774e-19  4.765038249475646774e-19
-1.330927835023294925e+00  1.524069635869919950e-17  1.524069635869919950e-17
-1.230927835023294392e+00  4.234528927308758026e-16  4.234528927308758026e-16
-1.130927835023294747e+00  1.017238126327696568e-14  1.017238126327696568e-14
-1.030927835023294659e+00  2.109502809928503135e-13  2.109502809928503135e-13
-9.309278350232945698e-01  3.774339128630499091e-12  3.774339128630499091e-12
-8.309278350232944810e-01  5.825289857187680783e-11  5.825289857187680783e-11
-7.309278350232946142e-01  7.754890899341943252e-10  7.754890899341943252e-10
-6.309278350232947474e-01  8.904328637314758052e-09  8.904328637314758052e-09
-5.309278350232946586e-01  8.818359520097837009e-08  8.818359520097837009e-08
-4.309278350232945698e-01  7.532388324809234817e-07  7.532388324809234817e-07
-3.309278350232944810e-01  5.549252801489351004e-06  5.549252801489351004e-06
-2.309278350232946142e-01  3.526083085872094651e-05  3.526083085872094651e-05
-1.309278350232945254e-01  1.932441924172330480e-04  1.932441924172330480e-04
-3.092783502329465861e-02  9.134316920509859923e-04  9.134316920509859923e-04
6.907216497670543021e-02  3.723928790729219129e-03  3.723928790729219129e-03
1.690721649767055190e-01  1.309430266842850216e-02  1.309430266842850216e-02
2.690721649767053858e-01  3.971177146995792662e-02  3.971177146995792662e-02
3.690721649767054746e-01  1.038753186482127278e-01  1.038753186482127278e-01
4.690721649767053414e-01  2.343486117640940225e-01  2.343486117640940225e-01
5.690721649767054302e-01  4.560061308275988323e-01  4.560061308275988323e-01
6.690721649767055190e-01  7.653147971612402900e-01  7.653147971612402900e-01
7.690721649767056078e-01  1.107839574432869068e+00  1.107839574432869068e+00
8.690721649767056967e-01  1.383232458147551913e+00  1.383232458147551913e+00
9.690721649767053414e-01  1.489804483562972681e+00  1.489804483562972681e+00
1.069072164976705430e+00  1.384416334681799476e+00  1.384416334681799476e+00
1.169072164976705519e+00  1.110565317444929478e+00  1.110565317444929478e+00
1.269072164976705608e+00  7.702624559626111145e-01  7.702624559626111145e-01
1.369072164976705697e+00  4.640825377722155864e-01  4.640825377722155864e-01
1.469072164976705341e+00  2.465060306590524386e-01  2.465060306590524386e-01
1.569072164976705430e+00  1.208448011824739127e-01  1.208448011824739127e-01
1.669072164976705519e+00  6.170331117337118226e-02  6.170331117337118226e-02
1.769072164976705608e+00  3.956423246939148181e-02  3.956423246939148181e-02
1.869072164976705697e+00  3.332015875421703160e-02  3.332015875421703160e-02
1.969072164976705341e+00  3.166019028847118222e-02  3.166019028847118222e-02
2.069072164976705430e+00  2.988259131916000400e-02  2.988259131916000400e-02
2.169072164976705519e+00  2.669971466949202024e-02  2.669971466949202024e-02
2.269072164976705608e+00  2.230763008149834123e-02  2.230763008149834123e-02
2.369072164976705697e+00  1.741426740734231329e-02  1.741426740734231329e-02
2.469072164976705341e+00  1.275158597958932216e-02  1.275158597958932216e-02
2.569072164976705874e+00  8.834264075637645111e-03  8.834264075637645111e-03
2.669072164976705519e+00  5.883612124502114217e-03  5.883612124502114217e-03
2.769072164976705164e+00  3.868327287553616298e-03  3.868327287553616298e-03
2.869072164976705697e+00  2.604576578137196043e-03  2.604576578137196043e-03
2.969072164976705341e+00  1.859943216428983429e-03  1.859943216428983429e-03
3.069072164976705874e+00  1.426563425435530170e-03  1.426563425435530170e-03
3.169072164976705519e+00  1.154551812765627775e-03  1.154551812765627775e-03
3.269072164976706052e+00  9.545088991885620046e-04  9.545088991885620046e-04
3.369072164976705697e+00  7.837590687094334084e-04  7.837590687094334084e-04
3.469072164976705341e+00  6.285217717517341826e-04  6.285217717517341826e-04
3.569072164976705874e+00  4.888926813464696897e-04  4.888926813464696897e-04
3.669072164976705519e+00  3.689413885700136933e-04  3.689413885700136933e-04
3.769072164976706052e+00  2.715907059202991511e-04  2.715907059202991511e-04
3.869072164976705697e+00  1.969205363950298252e-04  1.969205363950298252e-04
3.969072164976705341e+00  1.424424422871771272e-04  1.424424422871771272e-04
4.069072164976706318e+00  1.041878968004554269e-04  1.041878968004554269e-04
4.169072164976705963e+00  7.785576076329249668e-05  7.785576076329249668e-05
4.269072164976705608e+00  5.963772603763746623e-05  5.963772603763746623e-05
4.369072164976705253e+00  4.662232662046432609e-05  4.662232662046432609e-05
4.469072164976704897e+00  3.684770848877667404e-05  3.684770848877667404e-05
4.569072164976706318e+00  2.914075154365660113e-05  2.914075154365660113e-05
4.669072164976705963e+00  2.287572703553402391e-05  2.287572703553402391e-05
4.769072164976705608e+00  1.774543989263367534e-05  1.774543989263367534e-05
4.869072164976705253e+00  1.359091883262071368e-05  1.359091883262071368e-05
4.969072164976704897e+00  1.029896780971397889e-05  1.029896780971397889e-05
5.069072164976706318e+00  7.755626918908849771e-06  7.755626918908849771e-06
5.169072164976705963e+00  5.835921179191116214e-06  5.835921179191116214e-06
5.269072164976705608e+00  4.411431207774700609e-06  4.411431207774700609e-06
5.369072164976705253e+00  3.362461686675942168e-06  3.362461686675942168e-06
5.469072164976704897e+00  2.587511544180778592e-06  2.587511544180778592e-06
5.569072164976706318e+00  2.007510257360102598e-06  2.007510257360102598e-06
5.669072164976705963e+00  1.565250861142740315e-06  1.565250861142740315e-06
5.769072164976705608e+00  1.221760469320651903e-06  1.221760469320651903e-06
5.869072164976705253e+00  9.514938511966965605e-07  9.514938511966965605e-07
5.969072164976704897e+00  7.377630610058482295e-07  7.377630610058482295e-07
6.069072164976706318e+00  5.691651633830990629e-07  5.691651633830990629e-07
6.169072164976705963e+00  4.372099035644800682e-07  4.372099035644800682e-07
6.269072164976705608e+00  3.349910588684180249e-07  3.349910588684180249e-07
6.369072164976705253e+00  2.565903115399132662e-07  2.565903115399132662e-07
6.469072164976704897e+00  1.968957595948752533e-07  1.968957595948752533e-07
6.569072164976704542e+00  1.515901394852818489e-07  1.515901394852818489e-07
6.669072164976705963e+00  1.171597935843896843e-07  1.171597935843896843e-07
6.769072164976705608e+00  9.085902153707208281e-08  9.085902153707208281e-08
6.869072164976705253e+00  7.062069131122557883e-08  7.062069131122557883e-08
6.969072164976704897e+00  5.493221679993707614e-08  5.493221679993707614e-08
7.069072164976704542e+00  4.270312973653592439e-08  4.270312973653592439e-08
7.169072164976705963e+00  3.314543862459272235e-08  3.314543862459272235e-08
7.269072164976705608e+00  2.567845200446005384e-08  2.567845200446005384e-08
7.369072164976705253e+00  1.986076963286779762e-08  1.986076963286779762e-08
7.469072164976704897e+00  1.534606944035304618e-08  1.534606944035304618e-08
7.569072164976704542e+00  1.185652306631265604e-08  1.185652306631265604e-08
7.669072164976705963e+00  9.167440075765575052e-09  9.167440075765575052e-09
7.769072164976705608e+00  7.097988330313231808e-09  7.097988330313231808e-09
7.869072164976705253e+00  5.504591723895926100e-09  5.504591723895926100e-09
7.969072164976704897e+00  4.275213471733275201e-09  4.275213471733275201e-09
8.069072164976706318e+00  3.323882936289986354e-09  3.323882936289986354e-09
8.169072164976705963e+00  2.585468032879441643e-09  2.585468032879441643e-09
8.269072164976705608e+00  2.010934972279484998e-09  2.010934972279484998e-09
8.369072164976705253e+00  1.563325886471358877e-09  1.563325886471358877e-09
8.469072164976704897e+00  1.214563605581236266e-09  1.214563605581236266e-09
8.569072164976706318e+00  9.430595945342177027e-10  9.430595945342177027e-10
8.669072164976705963e+00  7.320066731297228317e-10  7.320066731297228317e-10
8.769072164976705608e+00  5.681963019910236534e-10  5.681963019910236534e-10
8.869072164976705253e+00  4.412022923408076573e-10  4.412022923408076573e-10
8.969072164976704897e+00  3.428013475647917655e-10  3.428013475647917655e-10
9.069072164976706318e+00  2.665388162362887233e-10  2.665388162362887233e-10
9.169072164976705963e+00  2.073833442342907177e-10  2.073833442342907177e-10
9.269072164976705608e+00  1.614406301265973841e-10  1.614406301265973841e-10
9.369072164976705253e+00  1.257129303322849366e-10  1.257129303322849366e-10
9.469072164976704897e+00  9.789899641506990751e-11  9.789899641506990751e-11
9.569072164976706318e+00  7.623158653318218176e-11  7.623158653318218176e-11
9.669072164976705963e+00  5.934931739514531001e-11  5.934931739514531001e-11
9.769072164976705608e+00  4.619842507683235597e-11  4.619842507683235597e-11
9.869072164976705253e+00  3.595912018665938666e-11  3.595912018665938666e-11
9.969072164976704897e+00  2.799106477952325301e-11  2.799106477952325301e-11
1.006907216497670632e+01  2.179301052117792328e-11  2.179301052117792328e-11
1.016907216497670596e+01  1.697255601711905474e-11  1.697255601711905474e-11
1.026907216497670561e+01  1.322301674002676300e-11  1.322301674002676300e-11
1.036907216497670525e+01  1.030533824381003944e-11  1.030533824381003944e-11
1.046907216497670490e+01  8.033710319869270777e-12  8.033710319869270777e-12
