-1.552631576399360114e+00  1.020782577223913447e-16  1.020782577223913447e-16
-1.452631576399359581e+00  1.807997955204200754e-15  1.807997955204200754e-15
-1.352631576399359936e+00  2.908906881989515663e-14  2.908906881989515663e-14
-1.252631576399359847e+00  4.193866190491078432e-13  4.193866190491078432e-13
-1.152631576399359759e+00  5.389102012185621364e-12  5.389102012185621364e-12
-1.052631576399360114e+00  6.158782091165585019e-11  6.158782091165585019e-11
-9.526315763993598029e-01  6.253993700976766063e-10  6.253993700976766063e-10
-8.526315763993599361e-01  5.640707022499013976e-09  5.640707022499013976e-09
-7.526315763993598473e-01  4.517994325576800074e-08  4.517994325576800074e-08
-6.526315763993597585e-01  3.213343603115978180e-07  3.213343603115978180e-07
-5.526315763993598917e-01  2.029317048999843410e-06  2.029317048999843410e-06
-4.526315763993598029e-01  1.137927566816141471e-05  1.137927566816141471e-05
-3.526315763993597141e-01  5.665606406152017514e-05  5.665606406152017514e-05
-2.526315763993598473e-01  2.504624316279097530e-04  2.504624316279097530e-04
-1.526315763993597585e-01  9.831092097177022114e-04  9.831092097177022114e-04
-5.263157639935989174e-02  3.426282830275143021e-03  3.426282830275143021e-03
4.736842360064019708e-02  1.060246178021169265e-02  1.060246178021169265e-02
1.473684236006402859e-01  2.913080557664453688e-02  2.913080557664453688e-02
2.473684236006401527e-01  7.106589886867430150e-02  7.106589886867430150e-02
3.473684236006402415e-01  1.539339531677086925e-01  1.539339531677086925e-01
4.473684236006401083e-01  2.960565399209950099e-01  2.960565399209950099e-01
5.473684236006401971e-01  5.055764933033376485e-01  5.055764933033376485e-01
6.473684236006402859e-01  7.666203408261923480e-01  7.666203408261923480e-01
7.473684236006403747e-01  1.032222095568933184e+00  1.032222095568933184e+00
8.473684236006404635e-01  1.234246768007281503e+00  1.234246768007281503e+00
9.473684236006401083e-01  1.310823891648333461e+00  1.310823891648333461e+00
1.047368423600640197e+00  1.237003321571780168e+00  1.237003321571780168e+00
1.147368423600640286e+00  1.038183164558289073e+00  1.038183164558289073e+00
1.247368423600640375e+00  7.765942709370345920e-01  7.765942709370345920e-01
1.347368423600640464e+00  5.205557514564058685e-01  5.205557514564058685e-01
1.447368423600640108e+00  3.169622303304081012e-01  3.169622303304081012e-01
1.547368423600640197e+00  1.813161094567141696e-01  1.813161094567141696e-01
1.647368423600640286e+00  1.048258671497949296e-01  1.048258671497949296e-01
1.747368423600640375e+00  6.835064432742816998e-02  6.835064432742816998e-02
1.847368423600640464e+00  5.355444349264822795e-02  5.355444349264822795e-02
1.947368423600640108e+00  4.778839997032404557e-02  4.778839997032404557e-02
2.047368423600640419e+00  4.421840342308769323e-02  4.421840342308769323e-02
2.147368423600640064e+00  4.004793791239224382e-02  4.004793791239224382e-02
2.247368423600640597e+00  3.470802650158224395e-02  3.470802650158224395e-02
2.347368423600640241e+00  2.862279837209511651e-02  2.862279837209511651e-02
2.447368423600639886e+00  2.250143762820940724e-02  2.250143762820940724e-02
2.547368423600640419e+00  1.697046874047462503e-02  1.697046874047462503e-02
2.647368423600640064e+00  1.241526886523492031e-02  1.241526886523492031e-02
2.747368423600639709e+00  8.956188549734452747e-03  8.956188549734452747e-03
2.847368423600640241e+00  6.505550104568385769e-03  6.505550104568385769e-03
2.947368423600639886e+00  4.857935381014220899e-03  4.857935381014220899e-03
3.047368423600640419e+00  3.775961098833105316e-03  3.775961098833105316e-03
3.147368423600640064e+00  3.049821981531809258e-03  3.049821981531809258e-03
3.247368423600640597e+00  2.525435462273192301e-03  2.525435462273192301e-03
3.347368423600640241e+00  2.107386998713012619e-03  2.107386998713012619e-03
3.447368423600639886e+00  1.747296837381851538e-03  1.747296837381851538e-03
3.547368423600640419e+00  1.427334304125097873e-03  1.427334304125097873e-03
3.647368423600640064e+00  1.145242165658252398e-03  1.145242165658252398e-03
3.747368423600640597e+00  9.037187871046621244e-04  9.037187871046621244e-04
3.847368423600640241e+00  7.044932817236016333e-04  7.044932817236016333e-04
3.947368423600639886e+00  5.461135790545645864e-04  5.461135790545645864e-04
4.047368423600640419e+00  4.240665707746180146e-04  4.240665707746180146e-04
4.147368423600640064e+00  3.319809866280587691e-04  3.319809866280587691e-04
4.247368423600640597e+00  2.630220422954770336e-04  2.630220422954770336e-04
4.347368423600640241e+00  2.109786265172780648e-04  2.109786265172780648e-04
4.447368423600639886e+00  1.708660352031820715e-04  1.708660352031820715e-04
4.547368423600640419e+00  1.390799120325214057e-04  1.390799120325214057e-04
4.647368423600640064e+00  1.132409624518115871e-04  1.132409624518115871e-04
4.747368423600640597e+00  9.188975764003129312e-05  9.188975764003129312e-05
4.847368423600640241e+00  7.416012417721807703e-05  7.416012417721807703e-05
4.947368423600639886e+00  5.950934045945881819e-05  5.950934045945881819e-05
5.047368423600640419e+00  4.753563125553360172e-05  4.753563125553360172e-05
5.147368423600640064e+00  3.787950637912215399e-05  3.787950637912215399e-05
5.247368423600640597e+00  3.018774651967225502e-05  3.018774651967225502e-05
5.347368423600640241e+00  2.411435914162910133e-05  2.411435914162910133e-05
5.447368423600639886e+00  1.933661698103837837e-05  1.933661698103837837e-05
5.547368423600640419e+00  1.557158503182329287e-05  1.557158503182329287e-05
5.647368423600640064e+00  1.258591882699596459e-05  1.258591882699596459e-05
5.747368423600640597e+00  1.019733104967948311e-05  1.019733104967948311e-05
5.847368423600640241e+00  8.269422133748226240e-06  8.269422133748226240e-06
5.947368423600639886e+00  6.702825964953947317e-06  6.702825964953947317e-06
6.047368423600640419e+00  5.425482293926311010e-06  5.425482293926311010e-06
6.147368423600640064e+00  4.384005204525376956e-06  4.384005204525376956e-06
6.247368423600640597e+00  3.537118153924835545e-06  3.537118153924835545e-06
6.347368423600640241e+00  2.851303213443268677e-06  2.851303213443268677e-06
6.447368423600639886e+00  2.298299401105812975e-06  2.298299401105812975e-06
6.547368423600639531e+00  1.853875715198698943e-06  1.853875715198698943e-06
6.647368423600640952e+00  1.497317397281309539e-06  1.497317397281309539e-06
6.747368423600640597e+00  1.211198011902492460e-06  1.211198011902492460e-06
6.847368423600640241e+00  9.811789672030340756e-07  9.811789672030340756e-07
6.947368423600639886e+00  7.957259054502981869e-07  7.957259054502981869e-07
7.047368423600639531e+00  6.457322920259642616e-07  6.457322920259642616e-07
7.147368423600640952e+00  5.240919919900759002e-07  5.240919919900759002e-07
7.247368423600640597e+00  4.252753994232182581e-07  4.252753994232182581e-07
7.347368423600640241e+00  3.449531171657307373e-07  3.449531171657307373e-07
7.447368423600639886e+00  2.796913086781658832e-07  2.796913086781658832e-07
7.547368423600639531e+00  2.267235001578203685e-07  2.267235001578203685e-07
7.647368423600640952e+00  1.837899140136420867e-07  1.837899140136420867e-07
7.747368423600640597e+00  1.490286395630895218e-07  1.490286395630895218e-07
7.847368423600640241e+00  1.209019708800920377e-07  1.209019708800920377e-07
7.947368423600639886e+00  9.814392959808011971e-08  9.814392959808011971e-08
8.047368423600641307e+00  7.971920186608743175e-08  7.971920186608743175e-08
8.147368423600640952e+00  6.478785885134104807e-08  6.478785885134104807e-08
8.247368423600640597e+00  5.267341230285531694e-08  5.267341230285531694e-08
8.347368423600640241e+00  4.283371111799497392e-08  4.283371111799497392e-08
8.447368423600639886e+00  3.483505316512817402e-08  3.483505316512817402e-08
8.547368423600641307e+00  2.833000423832322906e-08  2.833000423832322906e-08
8.647368423600640952e+00  2.303914349055561551e-08  2.303914349055561551e-08
8.747368423600640597e+00  1.873657811549563444e-08  1.873657811549563444e-08
8.847368423600640241e+00  1.523876466368486308e-08  1.523876466368486308e-08
8.947368423600639886e+00  1.239601201905073496e-08  1.239601201905073496e-08
9.047368423600641307e+00  1.008601992844284013e-08  1.008601992844284013e-08
9.147368423600640952e+00  8.208886268638998277e-09  8.208886268638998277e-09
9.247368423600640597e+00  6.683144793925950746e-09  6.683144793925950746e-09
9.347368423600640241e+00  5.442529621409267387e-09  5.442529621409267387e-09
9.447368423600639886e+00  4.433275631110410967e-09  4.433275631110410967e-09
9.547368423600641307e+00  3.611843784581937145e-09  3.611843784581937145e-09
9.647368423600640952e+00  2.943007686628577675e-09  2.943007686628577675e-09
9.747368423600640597e+00  2.398259909691988712e-09  2.398259909691988712e-09
9.847368423600640241e+00  1.954503159114634093e-09  1.954503159114634093e-09
9.947368423600639886e+00  1.592990721374640587e-09  1.592990721374640587e-09
1.004736842360064131e+01  1.298478686313810018e-09  1.298478686313810018e-09
1.014736842360064095e+01  1.058552267678132568e-09  1.058552267678132568e-09
1.024736842360064060e+01  8.630910393261474936e-10  8.630910393261474936e-10
1.034736842360064024e+01  7.038425578973990624e-10  7.038425578973990624e-10
1.044736842360063989e+01  5.740795833714403567e-10  5.740795833714403567e-10
