-1.623594104256139481e+00  4.751328887991158375e-209  4.751328887991158375e-209
-1.523594104256139392e+00  1.674280022925737179e-195  1.674280022925737179e-195
-1.423594104256139303e+00  1.459760149130902992e-179  1.459760149130902992e-179
-1.323594104256139659e+00  2.706741091938470095e-164  2.706741091938470095e-164
-1.223594104256139570e+00  1.052027197603286746e-149  1.052027197603286746e-149
-1.123594104256139481e+00  8.570814408807064909e-136  8.570814408807064909e-136
-1.023594104256139392e+00  1.463632641884755600e-122  1.463632641884755600e-122
-9.235941042561393033e-01  5.239103209434918543e-110  5.239103209434918543e-110
-8.235941042561394365e-01  3.930942521654137717e-98  3.930942521654137717e-98
-7.235941042561395697e-01  6.182317502540044323e-87  6.182317502540044323e-87
-6.235941042561394809e-01  2.038077942457763709e-76  2.038077942457763709e-76
-5.235941042561393921e-01  1.408332314502553659e-66  1.408332314502553659e-66
-4.235941042561393033e-01  2.039878835570944345e-57  2.039878835570944345e-57
-3.235941042561394365e-01  6.193248008951493939e-49  6.193248008951493939e-49
-2.235941042561393477e-01  3.941372149043250389e-41  3.941372149043250389e-41
-1.235941042561394809e-01  5.257645341949923053e-34  5.257645341949923053e-34
-2.359410425613939211e-02  1.470110579252610019e-27  1.470110579252610019e-27
7.640589574386069671e-02  8.616355134011993622e-22  8.616355134011993622e-22
1.764058957438605635e-01  1.058551642739094633e-16  1.058551642739094633e-16
2.764058957438606523e-01  2.725934287175822272e-12  2.725934287175822272e-12
3.764058957438605191e-01  1.471409603182177822e-08  1.471409603182177822e-08
4.764058957438606079e-01  1.664817613638104111e-05  1.664817613638104111e-05
5.764058957438606967e-01  3.948340602786653761e-03  3.948340602786653761e-03
6.764058957438607855e-01  1.962806239484226611e-01  1.962806239484226611e-01
7.764058957438608743e-01  2.045291068402213863e+00  2.045291068402213863e+00
8.764058957438605191e-01  4.467326409958032762e+00  4.467326409958032762e+00
9.764058957438606079e-01  2.045291068402205870e+00  2.045291068402205870e+00
1.076405895743860697e+00  1.962806239527430663e-01  1.962806239527430663e-01
1.176405895743860786e+00  3.948342118039608120e-03  3.948342118039608120e-03
1.276405895743860874e+00  1.689133316539683947e-05  1.689133316539683947e-05
1.376405895743860519e+00  1.787942243661627570e-05  1.787942243661627570e-05
1.476405895743860608e+00  6.009142047195637024e-04  6.009142047195637024e-04
1.576405895743860697e+00  9.254148029382385648e-03  9.254148029382385648e-03
1.676405895743860786e+00  6.524809736470327248e-02  6.524809736470327248e-02
1.776405895743860874e+00  2.106234383287083067e-01  2.106234383287083067e-01
1.876405895743860519e+00  3.112812631582256850e-01  3.112812631582256850e-01
1.976405895743860608e+00  2.106234383546438105e-01  2.106234383546438105e-01
2.076405895743860697e+00  6.524809953529152329e-02  6.524809953529152329e-02
2.176405895743860786e+00  9.254255934080956106e-03  9.254255934080956106e-03
2.276405895743860874e+00  6.041006595200587841e-04  6.041006595200587841e-04
2.376405895743860519e+00  7.376072614601825931e-05  7.376072614601825931e-05
2.476405895743861052e+00  5.826930375977046935e-04  5.826930375977046935e-04
2.576405895743860697e+00  3.605299865658382827e-03  3.605299865658382827e-03
2.676405895743860341e+00  1.325649818330688554e-02  1.325649818330688554e-02
2.776405895743860874e+00  2.895485407142102049e-02  2.895485407142102049e-02
2.876405895743860519e+00  3.756807152106707987e-02  3.756807152106707987e-02
2.976405895743861052e+00  2.895485483877161675e-02  2.895485483877161675e-02
3.076405895743860697e+00  1.325651941955563289e-02  1.325651941955563289e-02
3.176405895743861230e+00  3.605696011762131881e-03  3.605696011762131881e-03
3.276405895743860874e+00  5.874873708698761859e-04  5.874873708698761859e-04
3.376405895743860519e+00  9.907463938641567337e-05  9.907463938641567337e-05
3.476405895743861052e+00  2.536110887640897148e-04  2.536110887640897148e-04
3.576405895743860697e+00  9.828488021683368884e-04  9.828488021683368884e-04
3.676405895743861230e+00  2.609486750917727575e-03  2.609486750917727575e-03
3.776405895743860874e+00  4.688394640793315353e-03  4.688394640793315353e-03
3.876405895743860519e+00  5.699638496640940973e-03  5.699638496640940973e-03
3.976405895743861052e+00  4.688397736361046321e-03  4.688397736361046321e-03
4.076405895743860697e+00  2.609529125044160978e-03  2.609529125044160978e-03
4.176405895743861230e+00  9.832050657866630260e-04  9.832050657866630260e-04
4.276405895743860874e+00  2.539632694488459471e-04  2.539632694488459471e-04
4.376405895743860519e+00  6.291556079656356829e-05  6.291556079656356829e-05
4.476405895743861052e+00  8.557652476461017894e-05  8.557652476461017894e-05
4.576405895743860697e+00  2.408428042038274555e-04  2.408428042038274555e-04
4.676405895743861230e+00  5.252017177440471271e-04  5.252017177440471271e-04
4.776405895743860874e+00  8.392368047901372415e-04  8.392368047901372415e-04
4.876405895743860519e+00  9.811667248609927394e-04  9.811667248609927394e-04
4.976405895743861052e+00  8.392408200464128226e-04  8.392408200464128226e-04
5.076405895743860697e+00  5.252244681480790298e-04  5.252244681480790298e-04
5.176405895743861230e+00  2.407553186628219545e-04  2.407553186628219545e-04
5.276405895743860874e+00  8.222458544390975855e-05  8.222458544390975855e-05
5.376405895743860519e+00  2.679650940072631149e-05  2.679650940072631149e-05
5.476405895743861052e+00  2.632720992796583294e-05  2.632720992796583294e-05
5.576405895743860697e+00  5.716095329465209485e-05  5.716095329465209485e-05
5.676405895743861230e+00  1.087627438666671835e-04  1.087627438666671835e-04
5.776405895743860874e+00  1.606782536079237600e-04  1.606782536079237600e-04
5.876405895743860519e+00  1.830201369659667184e-04  1.830201369659667184e-04
5.976405895743861052e+00  1.606793612185420002e-04  1.606793612185420002e-04
6.076405895743860697e+00  1.087467235905272911e-04  1.087467235905272911e-04
6.176405895743861230e+00  5.684895514260907001e-05  5.684895514260907001e-05
6.276405895743860874e+00  2.343787100764842835e-05  2.343787100764842835e-05
6.376405895743860519e+00  9.275821292395891270e-06  9.275821292395891270e-06
6.476405895743860164e+00  7.736900868653287462e-06  7.736900868653287462e-06
6.576405895743861585e+00  1.352753962073977466e-05  1.352753962073977466e-05
6.676405895743861230e+00  2.313786491631785272e-05  2.313786491631785272e-05
6.776405895743860874e+00  3.228294828163851612e-05  3.228294828163851612e-05
6.876405895743860519e+00  3.609010262713651350e-05  3.609010262713651350e-05
6.976405895743860164e+00  3.228083124866891972e-05  3.228083124866891972e-05
7.076405895743861585e+00  2.310817729292750054e-05  2.310817729292750054e-05
7.176405895743861230e+00  1.327927705941286161e-05  1.327927705941286161e-05
7.276405895743860874e+00  6.271712298732250619e-06  6.271712298732250619e-06
7.376405895743860519e+00  2.861407288732246437e-06  2.861407288732246437e-06
7.476405895743860164e+00  2.203005910193455937e-06  2.203005910193455937e-06
7.576405895743861585e+00  3.230039051334257289e-06  3.230039051334257289e-06
7.676405895743861230e+00  5.043960233632581531e-06  5.043960233632581531e-06
7.776405895743860874e+00  6.727003220277526493e-06  6.727003220277526493e-06
7.876405895743860519e+00  7.413099405791990708e-06  7.413099405791990708e-06
7.976405895743861940e+00  6.724119145126524716e-06  6.724119145126524716e-06
8.076405895743860697e+00  5.021501758763028386e-06  5.021501758763028386e-06
8.176405895743862118e+00  3.100193980394837375e-06  3.100193980394837375e-06
8.276405895743859986e+00  1.622713938552553573e-06  1.622713938552553573e-06
8.376405895743861407e+00  8.244587365509974001e-07  8.244587365509974001e-07
8.476405895743862828e+00  6.119952981666146804e-07  6.119952981666146804e-07
8.576405895743860697e+00  7.809878263315468100e-07  7.809878263315468100e-07
8.676405895743862118e+00  1.124175921051180668e-06  1.124175921051180668e-06
8.776405895743859986e+00  1.442760800994173026e-06  1.442760800994173026e-06
8.876405895743861407e+00  1.571164207180752764e-06  1.571164207180752764e-06
8.976405895743862828e+00  1.440677437199554002e-06  1.440677437199554002e-06
9.076405895743860697e+00  1.112166369287826239e-06  1.112166369287826239e-06
9.176405895743862118e+00  7.264927436388841163e-07  7.264927436388841163e-07
9.276405895743859986e+00  4.121167788282335000e-07  4.121167788282335000e-07
9.376405895743861407e+00  2.276792200634675045e-07  2.276792200634675045e-07
9.476405895743862828e+00  1.667309882587821133e-07  1.667309882587821133e-07
9.576405895743860697e+00  1.911773565251184325e-07  1.911773565251184325e-07
9.676405895743862118e+00  2.556203457711314261e-07  2.556203457711314261e-07
9.776405895743859986e+00  3.168575810425324422e-07  3.168575810425324422e-07
9.876405895743861407e+00  3.414176463177019746e-07  3.414176463177019746e-07
9.976405895743862828e+00  3.157383694259466706e-07  3.157383694259466706e-07
1.007640589574386070e+01  2.503538057717397125e-07  2.503538057717397125e-07
1.017640589574386212e+01  1.711795223340159165e-07  1.711795223340159165e-07
1.027640589574385999e+01  1.035838152522353608e-07  1.035838152522353608e-07
1.037640589574386141e+01  6.117655271667855569e-08  6.117655271667855569e-08
