-1.623594601986148689e+00  3.693770453443257290e-47  3.693770453443257290e-47
-1.523594601986148600e+00  1.159883541573037624e-43  1.159883541573037624e-43
-1.423594601986148511e+00  3.776089174574653382e-40  3.776089174574653382e-40
-1.323594601986148867e+00  9.044808789874422501e-37  9.044808789874422501e-37
-1.223594601986148778e+00  1.538524037819949364e-33  1.538524037819949364e-33
-1.123594601986148689e+00  1.852305437657509047e-30  1.852305437657509047e-30
-1.023594601986148600e+00  1.577862009398238671e-27  1.577862009398238671e-27
-9.235946019861485112e-01  9.509419688226472831e-25  9.509419688226472831e-25
-8.235946019861486445e-01  4.054755957238645740e-22  4.054755957238645740e-22
-7.235946019861487777e-01  1.223208939912866797e-19  1.223208939912866797e-19
-6.235946019861486889e-01  2.610728413546855166e-17  2.610728413546855166e-17
-5.235946019861486000e-01  3.942283445318071879e-15  3.942283445318071879e-15
-4.235946019861485112e-01  4.211716132428396269e-13  4.211716132428396269e-13
-3.235946019861486445e-01  3.183430933174633675e-11  3.183430933174633675e-11
-2.235946019861485556e-01  1.702381397079372392e-09  1.702381397079372392e-09
-1.235946019861486889e-01  6.440853050041662983e-08  6.440853050041662983e-08
-2.359460198614860005e-02  1.724070454988844591e-06  1.724070454988844591e-06
7.640539801385148877e-02  3.265064171348301843e-05  3.265064171348301843e-05
1.764053980138513555e-01  4.374752885213802306e-04  4.374752885213802306e-04
2.764053980138514444e-01  4.147061013366084778e-03  4.147061013366084778e-03
3.764053980138513111e-01  2.781329352341479696e-02  2.781329352341479696e-02
4.764053980138514000e-01  1.319743447589270813e-01  1.319743447589270813e-01
5.764053980138514888e-01  4.430489719474595134e-01  4.430489719474595134e-01
6.764053980138515776e-01  1.052299035220873424e+00  1.052299035220873424e+00
7.764053980138516664e-01  1.768285238978843710e+00  1.768285238978843710e+00
8.764053980138513111e-01  2.102296891944080315e+00  2.102296891944080315e+00
9.764053980138514000e-01  1.768413726595554403e+00  1.768413726595554403e+00
1.076405398013851489e+00  1.052875757314835958e+00  1.052875757314835958e+00
1.176405398013851578e+00  4.451620384558860333e-01  4.451620384558860333e-01
1.276405398013851666e+00  1.384804324795038122e-01  1.384804324795038122e-01
1.376405398013851311e+00  4.466240165699037618e-02  4.466240165699037618e-02
1.476405398013851400e+00  4.084967499792197670e-02  4.084967499792197670e-02
1.576405398013851489e+00  6.768591079049018910e-02  6.768591079049018910e-02
1.676405398013851578e+00  1.036750519465054476e-01  1.036750519465054476e-01
1.776405398013851666e+00  1.343643815090639904e-01  1.343643815090639904e-01
1.876405398013851311e+00  1.465406842919764474e-01  1.465406842919764474e-01
1.976405398013851400e+00  1.345116623565988379e-01  1.345116623565988379e-01
2.076405398013851489e+00  1.040791201193382864e-01  1.040791201193382864e-01
2.176405398013851578e+00  6.829505783460143586e-02  6.829505783460143586e-02
2.276405398013851666e+00  3.891966653163718426e-02  3.891966653163718426e-02
2.376405398013851311e+00  2.103055766680051245e-02  2.103055766680051245e-02
2.476405398013851844e+00  1.353294848434022889e-02  1.353294848434022889e-02
2.576405398013851489e+00  1.263569744959825922e-02  1.263569744959825922e-02
2.676405398013851133e+00  1.461966048324596194e-02  1.461966048324596194e-02
2.776405398013851666e+00  1.683534306296812291e-02  1.683534306296812291e-02
2.876405398013851311e+00  1.774021870876162782e-02  1.774021870876162782e-02
2.976405398013851844e+00  1.677326416665248301e-02  1.677326416665248301e-02
3.076405398013851489e+00  1.420603317465900239e-02  1.420603317465900239e-02
3.176405398013852022e+00  1.084300581743475982e-02  1.084300581743475982e-02
3.276405398013851666e+00  7.591639068488881953e-03  7.591639068488881953e-03
3.376405398013851311e+00  5.091183585473169938e-03  5.091183585473169938e-03
3.476405398013851844e+00  3.560327483346639905e-03  3.560327483346639905e-03
3.576405398013851489e+00  2.866289865357779954e-03  2.866289865357779954e-03
3.676405398013852022e+00  2.700317245303192944e-03  2.700317245303192944e-03
3.776405398013851666e+00  2.741141453231760172e-03  2.741141453231760172e-03
3.876405398013851311e+00  2.752011985477008111e-03  2.752011985477008111e-03
3.976405398013851844e+00  2.613125456427573684e-03  2.613125456427573684e-03
4.076405398013851489e+00  2.310865246684293706e-03  2.310865246684293706e-03
4.176405398013852022e+00  1.903095384248035564e-03  1.903095384248035564e-03
4.276405398013851666e+00  1.475706538840488528e-03  1.475706538840488528e-03
4.376405398013851311e+00  1.104232459231313480e-03  1.104232459231313480e-03
4.476405398013851844e+00  8.309994782401599472e-04  8.309994782401599472e-04
4.576405398013851489e+00  6.609781535693928789e-04  6.609781535693928789e-04
4.676405398013852022e+00  5.717785209438911061e-04  5.717785209438911061e-04
4.776405398013851666e+00  5.293668297747698096e-04  5.293668297747698096e-04
4.876405398013851311e+00  5.020295585241431411e-04  5.020295585241431411e-04
4.976405398013851844e+00  4.686648707050583844e-04  4.686648707050583844e-04
5.076405398013851489e+00  4.209449845492045064e-04  4.209449845492045064e-04
5.176405398013852022e+00  3.609448152303105909e-04  3.609448152303105909e-04
5.276405398013851666e+00  2.965157000167012512e-04  2.965157000167012512e-04
5.376405398013851311e+00  2.365102805467634163e-04  2.365102805467634163e-04
5.476405398013851844e+00  1.873318095976887743e-04  1.873318095976887743e-04
5.576405398013851489e+00  1.514409187906422011e-04  1.514409187906422011e-04
5.676405398013852022e+00  1.276526212491321788e-04  1.276526212491321788e-04
5.776405398013851666e+00  1.125329450924243094e-04  1.125329450924243094e-04
5.876405398013851311e+00  1.020706602636810539e-04  1.020706602636810539e-04
5.976405398013851844e+00  9.298959423488193656e-05  9.298959423488193656e-05
6.076405398013851489e+00  8.340472778315081851e-05  8.340472778315081851e-05
6.176405398013852022e+00  7.283875008344041046e-05  7.283875008344041046e-05
6.276405398013851666e+00  6.180970276852557413e-05  6.180970276852557413e-05
6.376405398013851311e+00  5.125978865387833280e-05  5.125978865387833280e-05
6.476405398013850956e+00  4.205302497327224171e-05  4.205302497327224171e-05
6.576405398013852377e+00  3.467330984879509105e-05  3.467330984879509105e-05
6.676405398013852022e+00  2.914991413145509377e-05  2.914991413145509377e-05
6.776405398013851666e+00  2.515787632811247225e-05  2.515787632811247225e-05
6.876405398013851311e+00  2.220297557945653921e-05  2.220297557945653921e-05
6.976405398013850956e+00  1.980396464865711304e-05  1.980396464865711304e-05
7.076405398013852377e+00  1.761464345063284769e-05  1.761464345063284769e-05
7.176405398013852022e+00  1.546663492957917258e-05  1.546663492957917258e-05
7.276405398013851666e+00  1.334521189246651111e-05  1.334521189246651111e-05
7.376405398013851311e+00  1.132749317729305444e-05  1.132749317729305444e-05
7.476405398013850956e+00  9.514419311555337010e-06  9.514419311555337010e-06
7.576405398013852377e+00  7.979537991604889800e-06  7.979537991604889800e-06
7.676405398013852022e+00  6.744862496985660803e-06  6.744862496985660803e-06
7.776405398013851666e+00  5.782281097661226988e-06  5.782281097661226988e-06
7.876405398013851311e+00  5.031514267866850343e-06  5.031514267866850343e-06
7.976405398013852732e+00  4.423380973969139718e-06  4.423380973969139718e-06
8.076405398013852377e+00  3.899157533664780131e-06  3.899157533664780131e-06
8.176405398013852022e+00  3.421077807828020252e-06  3.421077807828020252e-06
8.276405398013851666e+00  2.973452972559658036e-06  2.973452972559658036e-06
8.376405398013851311e+00  2.557029015145226494e-06  2.557029015145226494e-06
8.476405398013852732e+00  2.180484503770677934e-06  2.180484503770677934e-06
8.576405398013852377e+00  1.852607263622247808e-06  1.852607263622247808e-06
8.676405398013852022e+00  1.577331978714068341e-06  1.577331978714068341e-06
8.776405398013851666e+00  1.352220681938123826e-06  1.352220681938123826e-06
8.876405398013851311e+00  1.169704261617265834e-06  1.169704261617265834e-06
8.976405398013852732e+00  1.019762050919891484e-06  1.019762050919891484e-06
9.076405398013852377e+00  8.926978872379527352e-07  8.926978872379527352e-07
9.176405398013852022e+00  7.810796202649872710e-07  7.810796202649872710e-07
9.276405398013851666e+00  6.804784329854911688e-07  6.804784329854911688e-07
9.376405398013851311e+00  5.891433613274820579e-07  5.891433613274820579e-07
9.476405398013852732e+00  5.070407873216334602e-07  5.070407873216334602e-07
9.576405398013852377e+00  4.347521226756875193e-07  4.347521226756875193e-07
9.676405398013852022e+00  3.726102865821246416e-07  3.726102865821246416e-07
9.776405398013851666e+00  3.202593282096853169e-07  3.202593282096853169e-07
9.876405398013851311e+00  2.766303847501786732e-07  2.766303847501786732e-07
9.976405398013852732e+00  2.401995500907923522e-07  2.401995500907923522e-07
1.007640539801385238e+01  2.093488182720155310e-07  2.093488182720155310e-07
1.017640539801385202e+01  1.826772739603822076e-07  1.826772739603822076e-07
1.027640539801385167e+01  1.591753303365734387e-07  1.591753303365734387e-07
1.037640539801385131e+01  1.382466979883262416e-07  1.382466979883262416e-07
