-1.598900598320320832e+00  1.313892997841520865e-10  1.313892997841520865e-10
-1.498900598320320743e+00  7.591352921378962020e-10  7.591352921378962020e-10
-1.398900598320320654e+00  4.139725491182307967e-09  4.139725491182307967e-09
-1.298900598320321009e+00  2.116341697502346957e-08  2.116341697502346957e-08
-1.198900598320320920e+00  1.010541771217413122e-07  1.010541771217413122e-07
-1.098900598320320832e+00  4.497729671915138313e-07  4.497729671915138313e-07
-9.989005983203207428e-01  1.863850379056658618e-06  1.863850379056658618e-06
-8.989005983203206540e-01  7.186681668948896433e-06  7.186681668948896433e-06
-7.989005983203207872e-01  2.577412818324234514e-05  2.577412818324234514e-05
-6.989005983203209205e-01  8.595721600010962100e-05  8.595721600010962100e-05
-5.989005983203208316e-01  2.665421702115994642e-04  2.665421702115994642e-04
-4.989005983203207428e-01  7.684213905962862523e-04  7.684213905962862523e-04
-3.989005983203206540e-01  2.059496206492698010e-03  2.059496206492698010e-03
-2.989005983203207872e-01  5.131413761961439723e-03  5.131413761961439723e-03
-1.989005983203206984e-01  1.188555454422595727e-02  1.188555454422595727e-02
-9.890059832032083165e-02  2.559198221785366836e-02  2.559198221785366836e-02
1.099401679679257171e-03  5.122584238192952333e-02  5.122584238192952333e-02
1.010994016796793460e-01  9.531831435606129277e-02  9.531831435606129277e-02
2.010994016796792128e-01  1.648807577692020243e-01  1.648807577692020243e-01
3.010994016796793016e-01  2.651417288115877069e-01  2.651417288115877069e-01
4.010994016796791684e-01  3.963822757817190290e-01  3.963822757817190290e-01
5.010994016796792572e-01  5.509349169663078083e-01  5.509349169663078083e-01
6.010994016796793460e-01  7.119862397998526493e-01  7.119862397998526493e-01
7.010994016796794348e-01  8.556293710366126293e-01  8.556293710366126293e-01
8.010994016796795236e-01  9.563965075039002617e-01  9.563965075039002617e-01
9.010994016796791684e-01  9.946950209131140141e-01  9.946950209131140141e-01
1.001099401679679257e+00  9.632089827350731603e-01  9.632089827350731603e-01
1.101099401679679346e+00  8.694041368387969149e-01  8.694041368387969149e-01
1.201099401679679435e+00  7.329546706447289672e-01  7.329546706447289672e-01
1.301099401679679524e+00  5.792878433566751584e-01  5.792878433566751584e-01
1.401099401679679168e+00  4.321205200742374020e-01  4.321205200742374020e-01
1.501099401679679257e+00  3.079332020529870206e-01  3.079332020529870206e-01
1.601099401679679346e+00  2.139588570321545036e-01  2.139588570321545036e-01
1.701099401679679435e+00  1.494495436035155611e-01  1.494495436035155611e-01
1.801099401679679524e+00  1.087607910694803476e-01  1.087607910694803476e-01
1.901099401679679168e+00  8.459572099802827039e-02  8.459572099802827039e-02
2.001099401679679257e+00  7.032547170103069234e-02  7.032547170103069234e-02
2.101099401679679346e+00  6.108731850591562346e-02  6.108731850591562346e-02
2.201099401679679435e+00  5.391615579741363545e-02  5.391615579741363545e-02
2.301099401679679524e+00  4.735583963461015289e-02  4.735583963461015289e-02
2.401099401679679168e+00  4.092654515096778162e-02  4.092654515096778162e-02
2.501099401679679701e+00  3.466098492301210310e-02  3.466098492301210310e-02
2.601099401679679346e+00  2.878221589471162412e-02  2.878221589471162412e-02
2.701099401679678991e+00  2.351693893564460111e-02  2.351693893564460111e-02
2.801099401679679524e+00  1.900985054853221792e-02  1.900985054853221792e-02
2.901099401679679168e+00  1.530287299339943945e-02  1.530287299339943945e-02
3.001099401679679701e+00  1.235035584927627814e-02  1.235035584927627814e-02
3.101099401679679346e+00  1.004956695440437954e-02  1.004956695440437954e-02
3.201099401679679879e+00  8.272845601155433617e-03  8.272845601155433617e-03
3.301099401679679524e+00  6.893592233434149216e-03  6.893592233434149216e-03
3.401099401679679168e+00  5.802891069328726913e-03  5.802891069328726913e-03
3.501099401679679701e+00  4.916892683514543540e-03  4.916892683514543540e-03
3.601099401679679346e+00  4.177039957782797963e-03  4.177039957782797963e-03
3.701099401679679879e+00  3.545931165063475037e-03  3.545931165063475037e-03
3.801099401679679524e+00  3.001411482245317300e-03  3.001411482245317300e-03
3.901099401679679168e+00  2.530785177251371372e-03  2.530785177251371372e-03
4.001099401679679701e+00  2.126214215392162408e-03  2.126214215392162408e-03
4.101099401679679346e+00  1.781661243734680147e-03  1.781661243734680147e-03
4.201099401679679879e+00  1.491257063318556300e-03  1.491257063318556300e-03
4.301099401679679524e+00  1.248731714649575514e-03  1.248731714649575514e-03
4.401099401679679168e+00  1.047492204671683375e-03  1.047492204671683375e-03
4.501099401679679701e+00  8.809877714146405669e-04  8.809877714146405669e-04
4.601099401679679346e+00  7.431113334677449207e-04  7.431113334677449207e-04
4.701099401679679879e+00  6.284977536132548047e-04  6.284977536132548047e-04
4.801099401679679524e+00  5.326700848018602573e-04  5.326700848018602573e-04
4.901099401679679168e+00  4.520446093036915099e-04  4.520446093036915099e-04
5.001099401679679701e+00  3.838355148678902523e-04  3.838355148678902523e-04
5.101099401679679346e+00  3.259073572615317277e-04  3.259073572615317277e-04
5.201099401679679879e+00  2.766166024175099555e-04  2.766166024175099555e-04
5.301099401679679524e+00  2.346702804033446148e-04  2.346702804033446148e-04
5.401099401679679168e+00  1.990158269899687787e-04  1.990158269899687787e-04
5.501099401679679701e+00  1.687649041648721089e-04  1.687649041648721089e-04
5.601099401679679346e+00  1.431467095963922533e-04  1.431467095963922533e-04
5.701099401679679879e+00  1.214828965823365990e-04  1.214828965823365990e-04
5.801099401679679524e+00  1.031758223136067481e-04  1.031758223136067481e-04
5.901099401679679168e+00  8.770325588052848697e-05  8.770325588052848697e-05
6.001099401679679701e+00  7.461484547681453681e-05  7.461484547681453681e-05
6.101099401679679346e+00  6.352779391991132934e-05  6.352779391991132934e-05
6.201099401679679879e+00  5.412088319822243922e-05  5.412088319822243922e-05
6.301099401679679524e+00  4.612706792875092919e-05  4.612706792875092919e-05
6.401099401679679168e+00  3.932536634270062130e-05  3.932536634270062130e-05
6.501099401679678813e+00  3.353286082835833326e-05  3.353286082835833326e-05
6.601099401679680234e+00  2.859745105015633888e-05  2.859745105015633888e-05
6.701099401679679879e+00  2.439173297568805973e-05  2.439173297568805973e-05
6.801099401679679524e+00  2.080811399567694697e-05  2.080811399567694697e-05
6.901099401679679168e+00  1.775507660738892196e-05  1.775507660738892196e-05
7.001099401679678813e+00  1.515438959775225205e-05  1.515438959775225205e-05
7.101099401679680234e+00  1.293902818476359584e-05  1.293902818476359584e-05
7.201099401679679879e+00  1.105158150519434697e-05  1.105158150519434697e-05
7.301099401679679524e+00  9.442972533132998832e-06  9.442972533132998832e-06
7.401099401679679168e+00  8.071371016598453578e-06  8.071371016598453578e-06
7.501099401679678813e+00  6.901230070367742014e-06  6.901230070367742014e-06
7.601099401679680234e+00  5.902414389709905106e-06  5.902414389709905106e-06
7.701099401679679879e+00  5.049411012185899189e-06  5.049411012185899189e-06
7.801099401679679524e+00  4.320624145491322732e-06  4.320624145491322732e-06
7.901099401679679168e+00  3.697757481207771478e-06  3.697757481207771478e-06
8.001099401679681478e+00  3.165284511748766786e-06  3.165284511748766786e-06
8.101099401679679346e+00  2.710002841314853081e-06  2.710002841314853081e-06
8.201099401679680767e+00  2.320664434423369110e-06  2.320664434423369110e-06
8.301099401679678635e+00  1.987671217661131375e-06  1.987671217661131375e-06
8.401099401679680057e+00  1.702824654530419117e-06  1.702824654530419117e-06
8.501099401679681478e+00  1.459118548098483759e-06  1.459118548098483759e-06
8.601099401679679346e+00  1.250565866136743722e-06  1.250565866136743722e-06
8.701099401679680767e+00  1.072052294025744962e-06  1.072052294025744962e-06
8.801099401679678635e+00  9.192110834692091313e-07  9.192110834692091313e-07
8.901099401679680057e+00  7.883153240210004209e-07  7.883153240210004209e-07
9.001099401679681478e+00  6.761849169902772327e-07  6.761849169902772327e-07
9.101099401679679346e+00  5.801062891840252228e-07  5.801062891840252228e-07
9.201099401679680767e+00  4.977633253315020896e-07  4.977633253315020896e-07
9.301099401679678635e+00  4.271782249199848317e-07  4.271782249199848317e-07
9.401099401679680057e+00  3.666610971929272498e-07  3.666610971929272498e-07
9.501099401679681478e+00  3.147671700282549115e-07  3.147671700282549115e-07
9.601099401679679346e+00  2.702605494368423325e-07  2.702605494368423325e-07
9.701099401679680767e+00  2.320835468694680406e-07  2.320835468694680406e-07
9.801099401679678635e+00  1.993306939188133231e-07  1.993306939188133231e-07
9.901099401679680057e+00  1.712266807495266494e-07  1.712266807495266494e-07
1.000109940167968148e+01  1.471075745114616937e-07  1.471075745114616937e-07
1.010109940167967935e+01  1.264047868246211608e-07  1.264047868246211608e-07
1.020109940167968077e+01  1.086313581337007395e-07  1.086313581337007395e-07
1.030109940167967864e+01  9.337020808522498274e-08  9.337020808522498274e-08
1.040109940167968006e+01  8.026406510468716518e-08  8.026406510468716518e-08
