-1.552631578015943425e+00  3.360292292953828254e-42  3.360292292953828254e-42
-1.452631578015943781e+00  5.377317607421131937e-39  5.377317607421131937e-39
-1.352631578015943692e+00  7.434947932697859596e-36  7.434947932697859596e-36
-1.252631578015943603e+00  7.692583529769406383e-33  7.692583529769406383e-33
-1.152631578015943958e+00  5.858730154438457174e-30  5.858730154438457174e-30
-1.052631578015943425e+00  3.278143743940261716e-27  3.278143743940261716e-27
-9.526315780159435587e-01  1.347200914021788225e-24  1.347200914021788225e-24
-8.526315780159436919e-01  4.066297468720261153e-22  4.066297468720261153e-22
-7.526315780159436031e-01  9.014159470517609698e-20  9.014159470517609698e-20
-6.526315780159435143e-01  1.467607822606689871e-17  1.467607822606689871e-17
-5.526315780159436475e-01  1.754903928002307045e-15  1.754903928002307045e-15
-4.526315780159435587e-01  1.541186457143056626e-13  1.541186457143056626e-13
-3.526315780159434699e-01  9.940666896384188886e-12  9.940666896384188886e-12
-2.526315780159436031e-01  4.709061407818490990e-10  4.709061407818490990e-10
-1.526315780159435143e-01  1.638368844510858370e-08  1.638368844510858370e-08
-5.263157801594364749e-02  4.186465354467079021e-07  4.186465354467079021e-07
4.736842198405644133e-02  7.856729769982173222e-06  7.856729769982173222e-06
1.473684219840565301e-01  1.082915635486216379e-04  1.082915635486216379e-04
2.473684219840563969e-01  1.096240712036353768e-03  1.096240712036353768e-03
3.473684219840564857e-01  8.150339976301832282e-03  8.150339976301832282e-03
4.473684219840563525e-01  4.450450982752949397e-02  4.450450982752949397e-02
5.473684219840564413e-01  1.784805227123643090e-01  1.784805227123643090e-01
6.473684219840565301e-01  5.256978288761364748e-01  5.256978288761364748e-01
7.473684219840566190e-01  1.137208842092459982e+00  1.137208842092459982e+00
8.473684219840567078e-01  1.806772973845981900e+00  1.806772973845981900e+00
9.473684219840563525e-01  2.108285127716485352e+00  2.108285127716485352e+00
1.047368421984056441e+00  1.806903598004241163e+00  1.806903598004241163e+00
1.147368421984056530e+00  1.137715940950522198e+00  1.137715940950522198e+00
1.247368421984056619e+00  5.273144702570241593e-01  5.273144702570241593e-01
1.347368421984056708e+00  1.828889983644687856e-01  1.828889983644687856e-01
1.447368421984056353e+00  5.480612336599581524e-02  5.480612336599581524e-02
1.547368421984056441e+00  2.878041101841329052e-02  2.878041101841329052e-02
1.647368421984056530e+00  3.650235148804250457e-02  3.650235148804250457e-02
1.747368421984056619e+00  5.218487824707602335e-02  5.218487824707602335e-02
1.847368421984056708e+00  6.565364496659356619e-02  6.565364496659356619e-02
1.947368421984056353e+00  7.092727076880277204e-02  7.092727076880277204e-02
2.047368421984056219e+00  6.570165709493709649e-02  6.570165709493709649e-02
2.147368421984056752e+00  5.222761048506468357e-02  5.222761048506468357e-02
2.247368421984056397e+00  3.573754005446870552e-02  3.573754005446870552e-02
2.347368421984056930e+00  2.127812296870564002e-02  2.127812296870564002e-02
2.447368421984056575e+00  1.144308035836530575e-02  1.144308035836530575e-02
2.547368421984057107e+00  6.222154428193100474e-03  6.222154428193100474e-03
2.647368421984056752e+00  4.216811066049506139e-03  4.216811066049506139e-03
2.747368421984056397e+00  3.871368617133701812e-03  3.871368617133701812e-03
2.847368421984056930e+00  4.062763507789105520e-03  4.062763507789105520e-03
2.947368421984056575e+00  4.168112776154055815e-03  4.168112776154055815e-03
3.047368421984057107e+00  3.942588091836403408e-03  3.942588091836403408e-03
3.147368421984056752e+00  3.388705218698146934e-03  3.388705218698146934e-03
3.247368421984057285e+00  2.645398007617422945e-03  2.645398007617422945e-03
3.347368421984056930e+00  1.888950739419390868e-03  1.888950739419390868e-03
3.447368421984056575e+00  1.256756861916991054e-03  1.256756861916991054e-03
3.547368421984057107e+00  8.114023388912848479e-04  8.114023388912848479e-04
3.647368421984056752e+00  5.459667934585499998e-04  5.459667934585499998e-04
3.747368421984057285e+00  4.130063207953383686e-04  4.130063207953383686e-04
3.847368421984056930e+00  3.556192348416312198e-04  3.556192348416312198e-04
3.947368421984056575e+00  3.276749873781103378e-04  3.276749873781103378e-04
4.047368421984057107e+00  3.012296884780300377e-04  3.012296884780300377e-04
4.147368421984056752e+00  2.651752726964339913e-04  2.651752726964339913e-04
4.247368421984057285e+00  2.199448130089623921e-04  2.199448130089623921e-04
4.347368421984056930e+00  1.715817449963965462e-04  1.715817449963965462e-04
4.447368421984056575e+00  1.269400572368983545e-04  1.269400572368983545e-04
4.547368421984057107e+00  9.076981172764492353e-05  9.076981172764492353e-05
4.647368421984056752e+00  6.473349334700356772e-05  6.473349334700356772e-05
4.747368421984057285e+00  4.786885383208124684e-05  4.786885383208124684e-05
4.847368421984056930e+00  3.775293723749297838e-05  3.775293723749297838e-05
4.947368421984056575e+00  3.168505252442051483e-05  3.168505252442051483e-05
5.047368421984057107e+00  2.748559347414233938e-05  2.748559347414233938e-05
5.147368421984056752e+00  2.381514070127380785e-05  2.381514070127380785e-05
5.247368421984057285e+00  2.012112167922070112e-05  2.012112167922070112e-05
5.347368421984056930e+00  1.638952238430799922e-05  1.638952238430799922e-05
5.447368421984056575e+00  1.285811663978938778e-05  1.285811663978938778e-05
5.547368421984057107e+00  9.789435198881025883e-06  9.789435198881025883e-06
5.647368421984056752e+00  7.342356050021323018e-06  7.342356050021323018e-06
5.747368421984057285e+00  5.536959990253916351e-06  5.536959990253916351e-06
5.847368421984056930e+00  4.282693712671056501e-06  4.282693712671056501e-06
5.947368421984056575e+00  3.433576150791521931e-06  3.433576150791521931e-06
6.047368421984057107e+00  2.841119901904131734e-06  2.841119901904131734e-06
6.147368421984056752e+00  2.388766715696643058e-06  2.388766715696643058e-06
6.247368421984057285e+00  2.004395342542900334e-06  2.004395342542900334e-06
6.347368421984056930e+00  1.655880871772602533e-06  1.655880871772602533e-06
6.447368421984056575e+00  1.337889150919531938e-06  1.337889150919531938e-06
6.547368421984056219e+00  1.057340158123043190e-06  1.057340158123043190e-06
6.647368421984057640e+00  8.222617758424920953e-07  8.222617758424920953e-07
6.747368421984057285e+00  6.357778572672278317e-07  6.357778572672278317e-07
6.847368421984056930e+00  4.947354502678188549e-07  4.947354502678188549e-07
6.947368421984056575e+00  3.913186077298807886e-07  3.913186077298807886e-07
7.047368421984056219e+00  3.158083901858480845e-07  3.158083901858480845e-07
7.147368421984057640e+00  2.590876099698110957e-07  2.590876099698110957e-07
7.247368421984057285e+00  2.141672975456171002e-07  2.141672975456171002e-07
7.347368421984056930e+00  1.766261279998650808e-07  1.766261279998650808e-07
7.447368421984056575e+00  1.442427475035032362e-07  1.442427475035032362e-07
7.547368421984056219e+00  1.162387721571617021e-07  1.162387721571617021e-07
7.647368421984057640e+00  9.250050770729564614e-08  9.250050770729564614e-08
7.747368421984057285e+00  7.300491401517874105e-08  7.300491401517874105e-08
7.847368421984056930e+00  5.752299065105715285e-08  5.752299065105715285e-08
7.947368421984056575e+00  4.556218289109461491e-08  4.556218289109461491e-08
8.047368421984057107e+00  3.645538953923820037e-08  3.645538953923820037e-08
8.147368421984058529e+00  2.950010388295761884e-08  2.950010388295761884e-08
8.247368421984056397e+00  2.407770392957188112e-08  2.407770392957188112e-08
8.347368421984057818e+00  1.971934661573982503e-08  1.971934661573982503e-08
8.447368421984055686e+00  1.611619881033037150e-08  1.611619881033037150e-08
8.547368421984057107e+00  1.309052206831854356e-08  1.309052206831854356e-08
8.647368421984058529e+00  1.054990802779688067e-08  1.054990802779688067e-08
8.747368421984056397e+00  8.443402386891749029e-09  8.443402386891749029e-09
8.847368421984057818e+00  6.730349532581847209e-09  6.730349532581847209e-09
8.947368421984055686e+00  5.364775065096747453e-09  5.364775065096747453e-09
9.047368421984057107e+00  4.292502866774863302e-09  4.292502866774863302e-09
9.147368421984056752e+00  3.455707566452076751e-09  3.455707566452076751e-09
9.247368421984056397e+00  2.799707956110006208e-09  2.799707956110006208e-09
9.347368421984056042e+00  2.278413863533969546e-09  2.278413863533969546e-09
9.447368421984055686e+00  1.856846322772592366e-09  1.856846322772592366e-09
9.547368421984057107e+00  1.510788428970935151e-09  1.510788428970935151e-09
9.647368421984056752e+00  1.224550548416293074e-09  1.224550548416293074e-09
9.747368421984056397e+00  9.880633074526181617e-10  9.880633074526181617e-10
9.847368421984056042e+00  7.942650495260213341e-10  7.942650495260213341e-10
9.947368421984055686e+00  6.373011680608586903e-10  6.373011680608586903e-10
1.004736842198405711e+01  5.116231541480440149e-10  5.116231541480440149e-10
1.014736842198405675e+01  4.117896037967650691e-10  4.117896037967650691e-10
1.024736842198405640e+01  3.326587264658180437e-10  3.326587264658180437e-10
1.034736842198405604e+01  2.696862293188826133e-10  2.696862293188826133e-10
1.044736842198405569e+01  2.191408300475845015e-10  2.191408300475845015e-10
