-1.500000008332114554e+00  8.856873614790977907e-08  8.856873614790977907e-08
-1.400000008332114465e+00  3.139628911773026756e-07  3.139628911773026756e-07
-1.300000008332114376e+00  1.056923673928506294e-06  1.056923673928506294e-06
-1.200000008332114732e+00  3.378907988032488928e-06  3.378907988032488928e-06
-1.100000008332114643e+00  1.025832700917195757e-05  1.025832700917195757e-05
-1.000000008332114554e+00  2.957632068834422967e-05  2.957632068834422967e-05
-9.000000083321144650e-01  8.098026389703370190e-05  8.098026389703370190e-05
-8.000000083321143762e-01  2.105628075523052940e-04  2.105628075523052940e-04
-7.000000083321145095e-01  5.199380145193371839e-04  5.199380145193371839e-04
-6.000000083321146427e-01  1.219239190549756529e-03  1.219239190549756529e-03
-5.000000083321145539e-01  2.715149142408112681e-03  2.715149142408112681e-03
-4.000000083321144650e-01  5.742035859327122849e-03  5.742035859327122849e-03
-3.000000083321143762e-01  1.153202417782668750e-02  1.153202417782668750e-02
-2.000000083321145095e-01  2.199442546695455636e-02  2.199442546695455636e-02
-1.000000083321144206e-01  3.983704657629214690e-02  3.983704657629214690e-02
-8.332114553866176720e-09  6.852184981091055671e-02  6.852184981091055671e-02
9.999999166788553495e-02  1.119279263128947349e-01  1.119279263128947349e-01
1.999999916678856238e-01  1.736262040569699905e-01  1.736262040569699905e-01
2.999999916678854905e-01  2.557758385120599831e-01  2.557758385120599831e-01
3.999999916678855794e-01  3.578254264064630874e-01  3.578254264064630874e-01
4.999999916678854461e-01  4.753902952342095589e-01  4.753902952342095589e-01
5.999999916678855350e-01  5.997867391902955703e-01  5.997867391902955703e-01
6.999999916678856238e-01  7.186390976743268766e-01  7.186390976743268766e-01
7.999999916678857126e-01  8.176967223014167674e-01  8.176967223014167674e-01
8.999999916678858014e-01  8.835702938853354782e-01  8.835702938853354782e-01
9.999999916678854461e-01  9.066870009123469965e-01  9.066870009123469965e-01
1.099999991667885535e+00  8.835702938853352562e-01  8.835702938853352562e-01
1.199999991667885624e+00  8.176967223014164343e-01  8.176967223014164343e-01
1.299999991667885713e+00  7.186390976743265435e-01  7.186390976743265435e-01
1.399999991667885801e+00  5.997867391902950152e-01  5.997867391902950152e-01
1.499999991667885446e+00  4.753902952342095589e-01  4.753902952342095589e-01
1.599999991667885535e+00  3.578254264064628098e-01  3.578254264064628098e-01
1.699999991667885624e+00  2.557758385120598166e-01  2.557758385120598166e-01
1.799999991667885713e+00  1.736262040569696852e-01  1.736262040569696852e-01
1.899999991667885801e+00  1.119279263128945406e-01  1.119279263128945406e-01
1.999999991667885446e+00  6.852184981091055671e-02  6.852184981091055671e-02
2.099999991667885535e+00  3.983704657629211915e-02  3.983704657629211915e-02
2.199999991667885624e+00  2.199442546695453554e-02  2.199442546695453554e-02
2.299999991667885713e+00  1.153202417782665801e-02  1.153202417782665801e-02
2.399999991667885801e+00  5.742035859327107236e-03  5.742035859327107236e-03
2.499999991667885446e+00  2.715149142408112681e-03  2.715149142408112681e-03
2.599999991667885979e+00  1.219239190549752192e-03  1.219239190549752192e-03
2.699999991667885624e+00  5.199380145193363166e-04  5.199380145193363166e-04
2.799999991667885268e+00  2.105628075523052940e-04  2.105628075523052940e-04
2.899999991667885801e+00  8.098026389703340375e-05  8.098026389703340375e-05
2.999999991667885446e+00  2.957632068834422967e-05  2.957632068834422967e-05
3.099999991667885979e+00  1.025832700917192200e-05  1.025832700917192200e-05
3.199999991667885624e+00  3.378907988032488928e-06  3.378907988032488928e-06
3.299999991667886157e+00  1.056923673928492953e-06  1.056923673928492953e-06
3.399999991667885801e+00  3.139628911773015639e-07  3.139628911773015639e-07
3.499999991667885446e+00  8.856873614790977907e-08  8.856873614790977907e-08
3.599999991667885979e+00  2.372739220238366711e-08  2.372739220238366711e-08
3.699999991667885624e+00  6.036525010347537804e-09  6.036525010347537804e-09
3.799999991667886157e+00  1.458449626013213272e-09  1.458449626013213272e-09
3.899999991667885801e+00  3.346287848440242148e-10  3.346287848440242148e-10
3.999999991667885446e+00  7.291260133542218339e-11  7.291260133542218339e-11
4.099999991667885979e+00  1.508722348391829987e-11  1.508722348391829987e-11
4.199999991667885624e+00  2.964718666302132402e-12  2.964718666302132402e-12
4.299999991667886157e+00  5.532546665974963721e-13  5.532546665974963721e-13
4.399999991667885801e+00  9.804695660533813479e-14  9.804695660533813479e-14
4.499999991667885446e+00  1.650101211883877456e-14  1.650101211883877456e-14
4.599999991667885979e+00  2.637269320645402685e-15  2.637269320645402685e-15
4.699999991667885624e+00  4.002817739880638188e-16  4.002817739880638188e-16
4.799999991667886157e+00  5.769585091286291337e-17  5.769585091286291337e-17
4.899999991667885801e+00  7.897520894249421135e-18  7.897520894249421135e-18
4.999999991667885446e+00  1.026607465490200977e-18  1.026607465490200977e-18
5.099999991667885979e+00  1.267317659060179404e-19  1.267317659060179404e-19
5.199999991667885624e+00  1.485709801812506058e-20  1.485709801812506058e-20
5.299999991667886157e+00  1.654054916333043784e-21  1.654054916333043784e-21
5.399999991667885801e+00  1.748772415160537526e-22  1.748772415160537526e-22
5.499999991667885446e+00  1.755836600401133449e-23  1.755836600401133449e-23
5.599999991667885979e+00  1.674180714833702138e-24  1.674180714833702138e-24
5.699999991667885624e+00  1.515960920730317413e-25  1.515960920730317413e-25
5.799999991667886157e+00  1.303590271691999377e-26  1.303590271691999377e-26
5.899999991667885801e+00  1.064539178250892945e-27  1.064539178250892945e-27
5.999999991667885446e+00  8.255618618545962982e-29  8.255618618545962982e-29
6.099999991667885979e+00  6.080020281995378841e-30  6.080020281995378841e-30
6.199999991667885624e+00  4.252338886845449420e-31  4.252338886845449420e-31
6.299999991667886157e+00  2.824347575975548186e-32  2.824347575975548186e-32
6.399999991667885801e+00  1.781459072704223727e-33  1.781459072704223727e-33
6.499999991667885446e+00  1.067089854085260497e-34  1.067089854085260497e-34
6.599999991667885091e+00  6.070068132425509093e-36  6.070068132425509093e-36
6.699999991667886512e+00  3.279091796365779432e-37  3.279091796365779432e-37
6.799999991667886157e+00  1.682213125982715745e-38  1.682213125982715745e-38
6.899999991667885801e+00  8.195508288502417556e-40  8.195508288502417556e-40
6.999999991667885446e+00  3.791736979537352974e-41  3.791736979537352974e-41
7.099999991667885091e+00  1.665972959873567559e-42  1.665972959873567559e-42
7.199999991667886512e+00  6.951285499785661091e-44  6.951285499785661091e-44
7.299999991667886157e+00  2.754417301263780525e-45  2.754417301263780525e-45
7.399999991667885801e+00  1.036482044612491088e-46  1.036482044612491088e-46
7.499999991667885446e+00  3.703917137281046397e-48  3.703917137281046397e-48
7.599999991667885091e+00  1.256979443146476224e-49  1.256979443146476224e-49
7.699999991667886512e+00  4.051002600617242156e-51  4.051002600617242156e-51
7.799999991667886157e+00  1.239836171648073770e-52  1.239836171648073770e-52
7.899999991667885801e+00  3.603574598121408911e-54  3.603574598121408911e-54
7.999999991667885446e+00  9.946497206797482977e-56  9.946497206797482977e-56
8.099999991667885979e+00  2.607199396446741836e-57  2.607199396446741836e-57
8.199999991667887400e+00  6.490015927366478543e-59  6.490015927366478543e-59
8.299999991667885268e+00  1.534209657144085700e-60  1.534209657144085700e-60
8.399999991667886690e+00  3.444221674062511871e-62  3.444221674062511871e-62
8.499999991667884558e+00  7.342854326870233370e-64  7.342854326870233370e-64
8.599999991667885979e+00  1.486641195982377569e-65  1.486641195982377569e-65
8.699999991667887400e+00  2.858346324723085863e-67  2.858346324723085863e-67
8.799999991667885268e+00  5.219044096766113257e-69  5.219044096766113257e-69
8.899999991667886690e+00  9.049707002496196568e-71  9.049707002496196568e-71
8.999999991667884558e+00  1.490203244097160718e-72  1.490203244097160718e-72
9.099999991667885979e+00  2.330364867561313103e-74  2.330364867561313103e-74
9.199999991667887400e+00  3.460746416182120721e-76  3.460746416182120721e-76
9.299999991667885268e+00  4.880710690928942016e-78  4.880710690928942016e-78
9.399999991667886690e+00  6.536778759505309888e-80  6.536778759505309888e-80
9.499999991667884558e+00  8.314036776072240863e-82  8.314036776072240863e-82
9.599999991667885979e+00  1.004216909401761014e-83  1.004216909401761014e-83
9.699999991667887400e+00  1.151888791586322457e-85  1.151888791586322457e-85
9.799999991667885268e+00  1.254760991399910701e-87  1.254760991399910701e-87
9.899999991667886690e+00  1.298012571603335340e-89  1.298012571603335340e-89
9.999999991667884558e+00  1.275158653886996077e-91  1.275158653886996077e-91
1.009999999166788598e+01  1.189643894973913879e-93  1.189643894973913879e-93
1.019999999166788740e+01  1.053991653266049734e-95  1.053991653266049734e-95
1.029999999166788527e+01  8.867981875866439313e-98  8.867981875866439313e-98
1.039999999166788669e+01  7.085652603076644045e-100  7.085652603076644045e-100
1.049999999166788456e+01  5.376533406765849919e-102  5.376533406765849919e-102
