-1.552631578166026038e+00  1.341189807576817935e-134  1.341189807576817935e-134
-1.452631578166025950e+00  3.219027972270602818e-125  3.219027972270602818e-125
-1.352631578166025861e+00  5.108709050582926930e-115  5.108709050582926930e-115
-1.252631578166026216e+00  3.019470099137213750e-105  3.019470099137213750e-105
-1.152631578166026127e+00  6.565413473779166980e-96  6.565413473779166980e-96
-1.052631578166026038e+00  5.251688533237994165e-87  5.251688533237994165e-87
-9.526315781660259496e-01  1.545401602283330363e-78  1.545401602283330363e-78
-8.526315781660258608e-01  1.672974315243729881e-70  1.672974315243729881e-70
-7.526315781660259940e-01  6.662584140726426311e-63  6.662584140726426311e-63
-6.526315781660261273e-01  9.761165091757267597e-56  9.761165091757267597e-56
-5.526315781660260384e-01  5.260973662179257017e-49  5.260973662179257017e-49
-4.526315781660259496e-01  1.043124426391308894e-42  1.043124426391308894e-42
-3.526315781660258608e-01  7.608720323978250589e-37  7.608720323978250589e-37
-2.526315781660259940e-01  2.041703365632494983e-31  2.041703365632494983e-31
-1.526315781660259052e-01  2.015483219136777994e-26  2.015483219136777994e-26
-5.263157816602603845e-02  7.319328623445983986e-22  7.319328623445983986e-22
4.736842183397405037e-02  9.778423098576411396e-18  9.778423098576411396e-18
1.473684218339741392e-01  4.805868915214499180e-14  4.805868915214499180e-14
2.473684218339740060e-01  8.689214837023640917e-11  8.689214837023640917e-11
3.473684218339740948e-01  5.779558546571244584e-08  5.779558546571244584e-08
4.473684218339739616e-01  1.414211348394689430e-05  1.414211348394689430e-05
5.473684218339740504e-01  1.273032486351332150e-03  1.273032486351332150e-03
6.473684218339741392e-01  4.215704614362220798e-02  4.215704614362220798e-02
7.473684218339742280e-01  5.135779600457748284e-01  5.135779600457748284e-01
8.473684218339743168e-01  2.301696730303673277e+00  2.301696730303673277e+00
9.473684218339739616e-01  3.794856357954345505e+00  3.794856357954345505e+00
1.047368421833974050e+00  2.301696730508520972e+00  2.301696730508520972e+00
1.147368421833974139e+00  5.135779744080676279e-01  5.135779744080676279e-01
1.247368421833974228e+00  4.215765684404466224e-02  4.215765684404466224e-02
1.347368421833974317e+00  1.288782657848450012e-03  1.288782657848450012e-03
1.447368421833973962e+00  2.605162483265470127e-04  2.605162483265470127e-04
1.547368421833974050e+00  2.337590503883477978e-03  2.337590503883477978e-03
1.647368421833974139e+00  1.345157206531888416e-02  1.345157206531888416e-02
1.747368421833974228e+00  4.695059952200630188e-02  4.695059952200630188e-02
1.847368421833974317e+00  9.939441998033712866e-02  9.939441998033712866e-02
1.947368421833973962e+00  1.276249619445654071e-01  1.276249619445654071e-01
2.047368421833974050e+00  9.939443015940403747e-02  9.939443015940403747e-02
2.147368421833974139e+00  4.695077280711214274e-02  4.695077280711214274e-02
2.247368421833974228e+00  1.345368302718460973e-02  1.345368302718460973e-02
2.347368421833974317e+00  2.355960345036744660e-03  2.355960345036744660e-03
2.447368421833973962e+00  3.616334918950065368e-04  3.616334918950065368e-04
2.547368421833974494e+00  5.323067722640833794e-04  5.323067722640833794e-04
2.647368421833974139e+00  1.659413696661672351e-03  1.659413696661672351e-03
2.747368421833973784e+00  3.816880071835928624e-03  3.816880071835928624e-03
2.847368421833974317e+00  6.292948020878974362e-03  6.292948020878974362e-03
2.947368421833973962e+00  7.434241286931669683e-03  7.434241286931669683e-03
3.047368421833974494e+00  6.292969479696181034e-03  6.292969479696181034e-03
3.147368421833974139e+00  3.817048319450303852e-03  3.817048319450303852e-03
3.247368421833974672e+00  1.659993816141235338e-03  1.659993816141235338e-03
3.347368421833974317e+00  5.226040850678731822e-04  5.226040850678731822e-04
3.447368421833973962e+00  1.391776214985213610e-04  1.391776214985213610e-04
3.547368421833974494e+00  9.210107799912361701e-05  9.210107799912361701e-05
3.647368421833974139e+00  1.788444485590653769e-04  1.788444485590653769e-04
3.747368421833974672e+00  3.303547664930339082e-04  3.303547664930339082e-04
3.847368421833974317e+00  4.804216270207211791e-04  4.804216270207211791e-04
3.947368421833973962e+00  5.443796724338891696e-04  5.443796724338891696e-04
4.047368421833974494e+00  4.804249256851130553e-04  4.804249256851130553e-04
4.147368421833974139e+00  3.302566089940197811e-04  3.302566089940197811e-04
4.247368421833974672e+00  1.770702095102016243e-04  1.770702095102016243e-04
4.347368421833974317e+00  7.490930345961447614e-05  7.490930345961447614e-05
4.447368421833973962e+00  2.763100010848558810e-05  2.763100010848558810e-05
4.547368421833974494e+00  1.517934077343096451e-05  1.517934077343096451e-05
4.647368421833974139e+00  1.958012339228526301e-05  1.958012339228526301e-05
4.747368421833974672e+00  3.050147330238838582e-05  3.050147330238838582e-05
4.847368421833974317e+00  4.094812054474883996e-05  4.094812054474883996e-05
4.947368421833973962e+00  4.523338703357581418e-05  4.523338703357581418e-05
5.047368421833974494e+00  4.093105473237188544e-05  4.093105473237188544e-05
5.147368421833974139e+00  3.033849833109980771e-05  3.033849833109980771e-05
5.247368421833974672e+00  1.845792037874223373e-05  1.845792037874223373e-05
5.347368421833974317e+00  9.334594741611566089e-06  9.334594741611566089e-06
5.447368421833973962e+00  4.219772740108970398e-06  4.219772740108970398e-06
5.547368421833974494e+00  2.309260120222447612e-06  2.309260120222447612e-06
5.647368421833974139e+00  2.260344206764388194e-06  2.260344206764388194e-06
5.747368421833974672e+00  2.992962903601460497e-06  2.992962903601460497e-06
5.847368421833974317e+00  3.760322820119063613e-06  3.760322820119063613e-06
5.947368421833973962e+00  4.074473305443548545e-06  4.074473305443548545e-06
6.047368421833974494e+00  3.747966963229653566e-06  3.747966963229653566e-06
6.147368421833974139e+00  2.921830596588860425e-06  2.921830596588860425e-06
6.247368421833974672e+00  1.935235491874992034e-06  1.935235491874992034e-06
6.347368421833974317e+00  1.103017156032190474e-06  1.103017156032190474e-06
6.447368421833973962e+00  5.720216060886980199e-07  5.720216060886980199e-07
6.547368421833973606e+00  3.263332800444256319e-07  3.263332800444256319e-07
6.647368421833975027e+00  2.723938841180186092e-07  2.723938841180186092e-07
6.747368421833974672e+00  3.109050682290534573e-07  3.109050682290534573e-07
6.847368421833974317e+00  3.656279147999807195e-07  3.656279147999807195e-07
6.947368421833973962e+00  3.886100862984981474e-07  3.886100862984981474e-07
7.047368421833973606e+00  3.612532722192980407e-07  3.612532722192980407e-07
7.147368421833975027e+00  2.919690562006422033e-07  2.919690562006422033e-07
7.247368421833974672e+00  2.055728852631271491e-07  2.055728852631271491e-07
7.347368421833974317e+00  1.276441729056903394e-07  1.276441729056903394e-07
7.447368421833973962e+00  7.303762531909255602e-08  7.303762531909255602e-08
7.547368421833973606e+00  4.375320737288538153e-08  4.375320737288538153e-08
7.647368421833975027e+00  3.359405794860211509e-08  3.359405794860211509e-08
7.747368421833974672e+00  3.393067967178219589e-08  3.393067967178219589e-08
7.847368421833974317e+00  3.728632645769825513e-08  3.728632645769825513e-08
7.947368421833973962e+00  3.874060626133429709e-08  3.874060626133429709e-08
8.047368421833976271e+00  3.620337013693208954e-08  3.620337013693208954e-08
8.147368421833974139e+00  3.004625041650960215e-08  3.004625041650960215e-08
8.247368421833975560e+00  2.215098997711500387e-08  2.215098997711500387e-08
8.347368421833973429e+00  1.466565066032189130e-08  1.466565066032189130e-08
8.447368421833974850e+00  9.032848110506183193e-09  9.032848110506183193e-09
8.547368421833976271e+00  5.664668415205956096e-09  5.664668415205956096e-09
8.647368421833974139e+00  4.180092900621060315e-09  4.180092900621060315e-09
8.747368421833975560e+00  3.850156500830387582e-09  3.850156500830387582e-09
8.847368421833973429e+00  3.960924587589635382e-09  3.960924587589635382e-09
8.947368421833974850e+00  4.006043809371152656e-09  4.006043809371152656e-09
9.047368421833976271e+00  3.743908650203759538e-09  3.743908650203759538e-09
9.147368421833974139e+00  3.167708288351012602e-09  3.167708288351012602e-09
9.247368421833975560e+00  2.419654375140483560e-09  2.419654375140483560e-09
9.347368421833973429e+00  1.683563504526913824e-09  1.683563504526913824e-09
9.447368421833974850e+00  1.097756510392610841e-09  1.097756510392610841e-09
9.547368421833976271e+00  7.168086879755106940e-10  7.168086879755106940e-10
9.647368421833974139e+00  5.208765583170600403e-10  5.208765583170600403e-10
9.747368421833975560e+00  4.494871984276094811e-10  4.494871984276094811e-10
9.847368421833973429e+00  4.355838689222843529e-10  4.355838689222843529e-10
9.947368421833974850e+00  4.274983096502532938e-10  4.274983096502532938e-10
1.004736842183397627e+01  3.975943347213427511e-10  3.975943347213427511e-10
1.014736842183397414e+01  3.409063191951046257e-10  3.409063191951046257e-10
1.024736842183397556e+01  2.676784770059319381e-10  2.676784770059319381e-10
1.034736842183397343e+01  1.936991645982377981e-10  1.936991645982377981e-10
1.044736842183397485e+01  1.321448858824983850e-10  1.321448858824983850e-10
