-1.597624670919156387e+00  0.000000000000000000e+00  0.000000000000000000e+00
-1.497624670919156742e+00  0.000000000000000000e+00  0.000000000000000000e+00
-1.397624670919156653e+00  0.000000000000000000e+00  0.000000000000000000e+00
-1.297624670919156564e+00  0.000000000000000000e+00  0.000000000000000000e+00
-1.197624670919156920e+00  0.000000000000000000e+00  0.000000000000000000e+00
-1.097624670919156387e+00  0.000000000000000000e+00  0.000000000000000000e+00
-9.976246709191565198e-01  2.005569073253682250e-313  2.005569073253682250e-313
-8.976246709191566531e-01  2.754414429331852198e-281  2.754414429331852198e-281
-7.976246709191565643e-01  6.928560571279088686e-251  6.928560571279088686e-251
-6.976246709191564754e-01  3.192117165914453765e-222  3.192117165914453765e-222
-5.976246709191566087e-01  2.693622317440136588e-195  2.693622317440136588e-195
-4.976246709191565198e-01  4.163098169378177713e-170  4.163098169378177713e-170
-3.976246709191564310e-01  1.178470389482477856e-146  1.178470389482477856e-146
-2.976246709191565643e-01  6.110021943625268487e-125  6.110021943625268487e-125
-1.976246709191564754e-01  5.802149803916868398e-105  5.802149803916868398e-105
-9.762467091915660866e-02  1.009153376090012440e-86  1.009153376090012440e-86
2.375329080843480156e-03  3.214752108118530316e-70  3.214752108118530316e-70
1.023753290808435690e-01  1.875684866796699713e-55  1.875684866796699713e-55
2.023753290808434357e-01  2.004445865197189024e-42  2.004445865197189024e-42
3.023753290808435246e-01  3.923294063163078171e-31  3.923294063163078171e-31
4.023753290808433913e-01  1.406466728618442497e-21  1.406466728618442497e-21
5.023753290808434802e-01  9.234856199377044666e-14  9.234856199377044666e-14
6.023753290808435690e-01  1.110587762901652281e-07  1.110587762901652281e-07
7.023753290808436578e-01  2.446232337168409085e-03  2.446232337168409085e-03
8.023753290808437466e-01  9.868805603867574217e-01  9.868805603867574217e-01
9.023753290808433913e-01  7.292115823641760919e+00  7.292115823641760919e+00
1.002375329080843480e+00  9.868805603867397691e-01  9.868805603867397691e-01
1.102375329080843569e+00  2.446232337168324084e-03  2.446232337168324084e-03
1.202375329080843658e+00  1.110587762901595503e-07  1.110587762901595503e-07
1.302375329080843747e+00  9.244693891293845991e-14  9.244693891293845991e-14
1.402375329080843391e+00  5.890233601568832136e-12  5.890233601568832136e-12
1.502375329080843480e+00  4.772905721514033191e-08  4.772905721514033191e-08
1.602375329080843569e+00  5.234126676265194529e-05  5.234126676265194529e-05
1.702375329080843658e+00  7.768132751675851412e-03  7.768132751675851412e-03
1.802375329080843747e+00  1.560271172080080204e-01  1.560271172080080204e-01
1.902375329080843391e+00  4.241256774533745944e-01  4.241256774533745944e-01
2.002375329080843258e+00  1.560271172080066604e-01  1.560271172080066604e-01
2.102375329080843791e+00  7.768132751675716971e-03  7.768132751675716971e-03
2.202375329080843436e+00  5.234126676292836264e-05  5.234126676292836264e-05
2.302375329080843969e+00  4.773067019385299237e-08  4.773067019385299237e-08
2.402375329080843613e+00  2.474513608320751518e-09  2.474513608320751518e-09
2.502375329080844146e+00  9.959137497498931669e-07  9.959137497498931669e-07
2.602375329080843791e+00  1.059081326037587464e-04  1.059081326037587464e-04
2.702375329080843436e+00  2.968777046428260243e-03  2.968777046428260243e-03
2.802375329080843969e+00  2.193646014127625596e-02  2.193646014127625596e-02
2.902375329080843613e+00  4.272639015740261476e-02  4.272639015740261476e-02
3.002375329080844146e+00  2.193646014127599228e-02  2.193646014127599228e-02
3.102375329080843791e+00  2.968777046428328764e-03  2.968777046428328764e-03
3.202375329080844324e+00  1.059081327276476284e-04  1.059081327276476284e-04
3.302375329080843969e+00  9.959961558041665158e-07  9.959961558041665158e-07
3.402375329080843613e+00  2.263274410847400321e-08  2.263274410847400321e-08
3.502375329080844146e+00  1.815117916628606842e-06  1.815117916628606842e-06
3.602375329080843791e+00  6.010839675323402748e-05  6.010839675323402748e-05
3.702375329080844324e+00  7.322701804304635733e-04  7.322701804304635733e-04
3.802375329080843969e+00  3.281807264169655635e-03  3.281807264169655635e-03
3.902375329080843613e+00  5.410785442774685393e-03  5.410785442774685393e-03
4.002375329080844146e+00  3.281807264169632650e-03  3.281807264169632650e-03
4.102375329080843791e+00  7.322701804363763783e-04  7.322701804363763783e-04
4.202375329080844324e+00  6.010839914362392224e-05  6.010839914362392224e-05
4.302375329080843969e+00  1.815549665635081247e-06  1.815549665635081247e-06
4.402375329080843613e+00  5.546183087889254573e-08  5.546183087889254573e-08
4.502375329080844146e+00  1.291916277369509373e-06  1.291916277369509373e-06
4.602375329080843791e+00  2.124375182299173385e-05  2.124375182299173385e-05
4.702375329080844324e+00  1.569712730564661355e-04  1.569712730564661355e-04
4.802375329080843969e+00  5.211629800580406180e-04  5.211629800580406180e-04
4.902375329080843613e+00  7.774838051469079494e-04  7.774838051469079494e-04
5.002375329080844146e+00  5.211629800582645057e-04  5.211629800582645057e-04
5.102375329080843791e+00  1.569712731221661038e-04  1.569712731221661038e-04
5.202375329080844324e+00  2.124376146034291299e-05  2.124376146034291299e-05
5.302375329080843969e+00  1.292577657107801534e-06  1.292577657107801534e-06
5.402375329080843613e+00  6.439556922171276783e-08  6.439556922171276783e-08
5.502375329080844146e+00  5.848794848534906350e-07  5.848794848534906350e-07
5.602375329080843791e+00  6.026961889784124010e-06  6.026961889784124010e-06
5.702375329080844324e+00  3.190967710857527936e-05  3.190967710857527936e-05
5.802375329080843969e+00  8.673949542013351707e-05  8.673949542013351707e-05
5.902375329080843613e+00  1.210547175540345656e-04  1.210547175540345656e-04
6.002375329080844146e+00  8.673949542189886926e-05  8.673949542189886926e-05
6.102375329080843791e+00  3.190967733069030322e-05  3.190967733069030322e-05
6.202375329080844324e+00  6.026976067322455028e-06  6.026976067322455028e-06
6.302375329080843969e+00  5.851259043372176505e-07  5.851259043372176505e-07
6.402375329080843613e+00  4.484837688199898982e-08  4.484837688199898982e-08
6.502375329080843258e+00  2.068314871989237825e-07  2.068314871989237825e-07
6.602375329080844679e+00  1.522803347508045937e-06  1.522803347508045937e-06
6.702375329080844324e+00  6.354212460899392252e-06  6.354212460899392252e-06
6.802375329080843969e+00  1.497318327493167288e-05  1.497318327493167288e-05
6.902375329080843613e+00  1.992499761831093252e-05  1.992499761831093252e-05
7.002375329080843258e+00  1.497318328018725651e-05  1.497318328018725651e-05
7.102375329080844679e+00  6.354212779541708019e-06  6.354212779541708019e-06
7.202375329080844324e+00  1.522809931928553281e-06  1.522809931928553281e-06
7.302375329080843969e+00  2.065092615599178753e-07  2.065092615599178753e-07
7.402375329080843613e+00  2.234482964475193808e-08  2.234482964475193808e-08
7.502375329080843258e+00  6.324487022309393295e-08  6.324487022309393295e-08
7.602375329080844679e+00  3.600537953766445292e-07  3.600537953766445292e-07
7.702375329080844324e+00  1.256653628314321961e-06  1.256653628314321961e-06
7.802375329080843969e+00  2.660335271028132832e-06  2.660335271028132832e-06
7.902375329080843613e+00  3.415938102776169031e-06  3.415938102776169031e-06
8.002375329080845034e+00  2.660335278455832509e-06  2.660335278455832509e-06
8.102375329080844679e+00  1.256653802549606957e-06  1.256653802549606957e-06
8.202375329080844324e+00  3.600485036354397965e-07  3.600485036354397965e-07
8.302375329080843969e+00  6.276776438769080568e-08  6.276776438769080568e-08
8.402375329080843613e+00  8.929975333564671457e-09  8.929975333564671457e-09
8.502375329080845034e+00  1.767990883916831312e-08  1.767990883916831312e-08
8.602375329080844679e+00  8.178153199411163249e-08  8.178153199411163249e-08
8.702375329080844324e+00  2.483810892203335299e-07  2.483810892203335299e-07
8.802375329080843969e+00  4.837795593806999077e-07  4.837795593806999077e-07
8.902375329080843613e+00  6.041675489997816698e-07  6.041675489997816698e-07
9.002375329080845034e+00  4.837795639849625330e-07  4.837795639849625330e-07
9.102375329080844679e+00  2.483810071677141694e-07  2.483810071677141694e-07
9.202375329080844324e+00  8.177125940446144638e-08  8.177125940446144638e-08
9.302375329080843969e+00  1.734011488040414124e-08  1.734011488040414124e-08
9.402375329080843613e+00  3.073605394659282608e-09  3.073605394659282608e-09
9.502375329080845034e+00  4.666963980356447148e-09  4.666963980356447148e-09
9.602375329080844679e+00  1.811485842234875746e-08  1.811485842234875746e-08
9.702375329080844324e+00  4.921104013713596683e-08  4.921104013713596683e-08
9.802375329080843969e+00  8.966763763185617751e-08  8.966763763185617751e-08
9.902375329080843613e+00  1.095202890677888608e-07  1.095202890677888608e-07
1.000237532908084503e+01  8.966763656396764783e-08  8.966763656396764783e-08
1.010237532908084468e+01  4.921081687153577472e-08  4.921081687153577472e-08
1.020237532908084432e+01  1.810631923683440493e-08  1.810631923683440493e-08
1.030237532908084397e+01  4.493384368947854255e-09  4.493384368947854255e-09
1.040237532908084361e+01  9.529340405706863202e-10  9.529340405706863202e-10
