-1.598900919412765020e+00  2.740904586688550814e-34  2.740904586688550814e-34
-1.498900919412765376e+00  1.025252658463283448e-31  1.025252658463283448e-31
-1.398900919412765287e+00  3.521233431611935278e-29  3.521233431611935278e-29
-1.298900919412765198e+00  9.699280521418943540e-27  9.699280521418943540e-27
-1.198900919412765553e+00  2.091661434724159442e-24  2.091661434724159442e-24
-1.098900919412765020e+00  3.516561616213051335e-22  3.516561616213051335e-22
-9.989009194127651536e-01  4.605427420020851213e-20  4.605427420020851213e-20
-8.989009194127652869e-01  4.697558413477695649e-18  4.697558413477695649e-18
-7.989009194127651980e-01  3.731705998918140356e-16  3.731705998918140356e-16
-6.989009194127651092e-01  2.308718797651248767e-14  2.308718797651248767e-14
-5.989009194127652425e-01  1.112401875328814651e-12  1.112401875328814651e-12
-4.989009194127651536e-01  4.174255384393263211e-11  4.174255384393263211e-11
-3.989009194127650648e-01  1.219895984598725274e-09  1.219895984598725274e-09
-2.989009194127651980e-01  2.776470179982116524e-08  2.776470179982116524e-08
-1.989009194127651092e-01  4.921410915899716813e-07  4.921410915899716813e-07
-9.890091941276524246e-02  6.793798113893875039e-06  6.793798113893875039e-06
1.099080587234846362e-03  7.304021412705806330e-05  7.304021412705806330e-05
1.010990805872349352e-01  6.115582544967705560e-04  6.115582544967705560e-04
2.010990805872348020e-01  3.987861166262168626e-03  3.987861166262168626e-03
3.010990805872348908e-01  2.025203429259519669e-02  2.025203429259519669e-02
4.010990805872347575e-01  8.009838505577004941e-02  8.009838505577004941e-02
5.010990805872348464e-01  2.467206474698781793e-01  2.467206474698781793e-01
6.010990805872349352e-01  5.918535914362823558e-01  5.918535914362823558e-01
7.010990805872350240e-01  1.105736040638921391e+00  1.105736040638921391e+00
8.010990805872351128e-01  1.608872498265816908e+00  1.608872498265816908e+00
9.010990805872347575e-01  1.823233645319677132e+00  1.823233645319677132e+00
1.001099080587234846e+00  1.609488558758115584e+00  1.609488558758115584e+00
1.101099080587234935e+00  1.107665003135575033e+00  1.107665003135575033e+00
1.201099080587235024e+00  5.968100670296978549e-01  5.968100670296978549e-01
1.301099080587235113e+00  2.578960184561178148e-01  2.578960184561178148e-01
1.401099080587234758e+00  1.023246011224453328e-01  1.023246011224453328e-01
1.501099080587234846e+00  5.926183486123803856e-02  5.926183486123803856e-02
1.601099080587234935e+00  6.441208422074530537e-02  6.441208422074530537e-02
1.701099080587235024e+00  8.321538791296013982e-02  8.321538791296013982e-02
1.801099080587235113e+00  9.974937683584246539e-02  9.974937683584246539e-02
1.901099080587234758e+00  1.062038241255016946e-01  1.062038241255016946e-01
2.001099080587234624e+00  9.997331378164492355e-02  9.997331378164492355e-02
2.101099080587235157e+00  8.331962865342533442e-02  8.331962865342533442e-02
2.201099080587234802e+00  6.180164608612345040e-02  6.180164608612345040e-02
2.301099080587235335e+00  4.139061970130968049e-02  4.139061970130968049e-02
2.401099080587234980e+00  2.599576194334878368e-02  2.599576194334878368e-02
2.501099080587235512e+00  1.666270353504853072e-02  1.666270353504853072e-02
2.601099080587235157e+00  1.230738320319953692e-02  1.230738320319953692e-02
2.701099080587234802e+00  1.099883847742838712e-02  1.099883847742838712e-02
2.801099080587235335e+00  1.094766122753118576e-02  1.094766122753118576e-02
2.901099080587234980e+00  1.094572848628839849e-02  1.094572848628839849e-02
3.001099080587235512e+00  1.040841023952111637e-02  1.040841023952111637e-02
3.101099080587235157e+00  9.237988973126517664e-03  9.237988973126517664e-03
3.201099080587235690e+00  7.636772944030914209e-03  7.636772944030914209e-03
3.301099080587235335e+00  5.924101600815074968e-03  5.924101600815074968e-03
3.401099080587234980e+00  4.389266894139392909e-03  4.389266894139392909e-03
3.501099080587235512e+00  3.205297903290298209e-03  3.205297903290298209e-03
3.601099080587235157e+00  2.410514963683745536e-03  2.410514963683745536e-03
3.701099080587235690e+00  1.941256982355510450e-03  1.941256982355510450e-03
3.801099080587235335e+00  1.686023780526171292e-03  1.686023780526171292e-03
3.901099080587234980e+00  1.534264500875460492e-03  1.534264500875460492e-03
4.001099080587235512e+00  1.405785252812197716e-03  1.405785252812197716e-03
4.101099080587235157e+00  1.259505639140018861e-03  1.259505639140018861e-03
4.201099080587235690e+00  1.087583073666745920e-03  1.087583073666745920e-03
4.301099080587235335e+00  9.026564659087232215e-04  9.026564659087232215e-04
4.401099080587234980e+00  7.245335792731009191e-04  7.245335792731009191e-04
4.501099080587235512e+00  5.702060838476105719e-04  5.702060838476105719e-04
4.601099080587235157e+00  4.487078478278859256e-04  4.487078478278859256e-04
4.701099080587235690e+00  3.604639174190671955e-04  3.604639174190671955e-04
4.801099080587235335e+00  2.996297766702315330e-04  2.996297766702315330e-04
4.901099080587234980e+00  2.575771029945817122e-04  2.575771029945817122e-04
5.001099080587235512e+00  2.260117533350947735e-04  2.260117533350947735e-04
5.101099080587235157e+00  1.988939488850163047e-04  1.988939488850163047e-04
5.201099080587235690e+00  1.730206966617156680e-04  1.730206966617156680e-04
5.301099080587235335e+00  1.475968506169630435e-04  1.475968506169630435e-04
5.401099080587234980e+00  1.233018826297690811e-04  1.233018826297690811e-04
5.501099080587235512e+00  1.013145105696316978e-04  1.013145105696316978e-04
5.601099080587235157e+00  8.259306720935938881e-05  8.259306720935938881e-05
5.701099080587235690e+00  6.752208583955084857e-05  6.752208583955084857e-05
5.801099080587235335e+00  5.588745277130680435e-05  5.588745277130680435e-05
5.901099080587234980e+00  4.706055102398868522e-05  4.706055102398868522e-05
6.001099080587235512e+00  4.025500518265762742e-05  4.025500518265762742e-05
6.101099080587235157e+00  3.474919368062695860e-05  3.474919368062695860e-05
6.201099080587235690e+00  3.001814071581677544e-05  3.001814071581677544e-05
6.301099080587235335e+00  2.576702908461539146e-05  2.576702908461539146e-05
6.401099080587234980e+00  2.189137001360420948e-05  2.189137001360420948e-05
6.501099080587234624e+00  1.840179716885500399e-05  1.840179716885500399e-05
6.601099080587236045e+00  1.534808178472567563e-05  1.534808178472567563e-05
6.701099080587235690e+00  1.276446563034844689e-05  1.276446563034844689e-05
6.801099080587235335e+00  1.064396378609483444e-05  1.064396378609483444e-05
6.901099080587234980e+00  8.937929029049202200e-06  8.937929029049202200e-06
7.001099080587234624e+00  7.571111427456688268e-06  7.571111427456688268e-06
7.101099080587236045e+00  6.461519192204710122e-06  6.461519192204710122e-06
7.201099080587235690e+00  5.536973303816562551e-06  5.536973303816562551e-06
7.301099080587235335e+00  4.744289672511264278e-06  4.744289672511264278e-06
7.401099080587234980e+00  4.050781560832487970e-06  4.050781560832487970e-06
7.501099080587234624e+00  3.440233737323457311e-06  3.440233737323457311e-06
7.601099080587236045e+00  2.906401769085639045e-06  2.906401769085639045e-06
7.701099080587235690e+00  2.446738940516622359e-06  2.446738940516622359e-06
7.801099080587235335e+00  2.058016981440813848e-06  2.058016981440813848e-06
7.901099080587234980e+00  1.734348515672721166e-06  1.734348515672721166e-06
8.001099080587236401e+00  1.467230889103047102e-06  1.467230889103047102e-06
8.101099080587236045e+00  1.246779615997220284e-06  1.246779615997220284e-06
8.201099080587235690e+00  1.063280153637366619e-06  1.063280153637366619e-06
8.301099080587235335e+00  9.084204057415597340e-07  9.084204057415597340e-07
8.401099080587234980e+00  7.759038244592763592e-07  7.759038244592763592e-07
8.501099080587236401e+00  6.614456863778955487e-07  6.614456863778955487e-07
8.601099080587236045e+00  5.623454110736754346e-07  5.623454110736754346e-07
8.701099080587235690e+00  4.768898981818575813e-07  4.768898981818575813e-07
8.801099080587235335e+00  4.038050693074989207e-07  4.038050693074989207e-07
8.901099080587234980e+00  3.418829662059465326e-07  3.418829662059465326e-07
9.001099080587236401e+00  2.898158538909815979e-07  2.898158538909815979e-07
9.101099080587236045e+00  2.461978383933439027e-07  2.461978383933439027e-07
9.201099080587235690e+00  2.096207827771413982e-07  2.096207827771413982e-07
9.301099080587235335e+00  1.787914352374342596e-07  1.787914352374342596e-07
9.401099080587234980e+00  1.526183903428422325e-07  1.526183903428422325e-07
9.501099080587236401e+00  1.302465019385821522e-07  1.302465019385821522e-07
9.601099080587236045e+00  1.110413607865011311e-07  1.110413607865011311e-07
9.701099080587235690e+00  9.454143437900747177e-08  9.454143437900747177e-08
9.801099080587235335e+00  8.039960140800527591e-08  8.039960140800527591e-08
9.901099080587234980e+00  6.833180876643474249e-08  6.833180876643474249e-08
1.000109908058723640e+01  5.808259871905419888e-08  5.808259871905419888e-08
1.010109908058723605e+01  4.940914435916465639e-08  4.940914435916465639e-08
1.020109908058723569e+01  4.207968500990524211e-08  4.207968500990524211e-08
1.030109908058723533e+01  3.587975150165091308e-08  3.587975150165091308e-08
1.040109908058723498e+01  3.061990332717994675e-08  3.061990332717994675e-08
