-1.575259964241302324e+00  9.027548342605050714e-273  9.027548342605050714e-273
-1.475259964241302235e+00  2.945846899897493364e-255  2.945846899897493364e-255
-1.375259964241302590e+00  1.972525898090870599e-234  1.972525898090870599e-234
-1.275259964241302058e+00  1.726299989996682891e-214  1.726299989996682891e-214
-1.175259964241302413e+00  1.962883641270176113e-195  1.962883641270176113e-195
-1.075259964241302324e+00  2.899730082184213075e-177  2.899730082184213075e-177
-9.752599642413022352e-01  5.565514559638890247e-160  5.565514559638890247e-160
-8.752599642413021463e-01  1.387834895884613731e-143  1.387834895884613731e-143
-7.752599642413022796e-01  4.496297243537904871e-128  4.496297243537904871e-128
-6.752599642413024128e-01  1.892591807037309647e-113  1.892591807037309647e-113
-5.752599642413023240e-01  1.035007812962388250e-99  1.035007812962388250e-99
-4.752599642413022352e-01  7.353854475568460877e-87  7.353854475568460877e-87
-3.752599642413021463e-01  6.788458470708950844e-75  6.788458470708950844e-75
-2.752599642413022796e-01  8.141642533843549326e-64  8.141642533843549326e-64
-1.752599642413021908e-01  1.268637737723313563e-53  1.268637737723313563e-53
-7.525996424130232398e-02  2.568313014896051029e-44  2.568313014896051029e-44
2.474003575869776483e-02  6.755274634240563571e-36  6.755274634240563571e-36
1.247400357586978537e-01  2.308462361638512473e-28  2.308462361638512473e-28
2.247400357586977204e-01  1.024913743742566101e-21  1.024913743742566101e-21
3.247400357586978092e-01  5.912029148809137451e-16  5.912029148809137451e-16
4.247400357586976760e-01  4.430681656548829705e-11  4.430681656548829705e-11
5.247400357586977648e-01  4.314090571114050458e-07  4.314090571114050458e-07
6.247400357586978537e-01  5.457486884958793203e-04  5.457486884958793203e-04
7.247400357586979425e-01  8.969761047623772687e-02  8.969761047623772687e-02
8.247400357586980313e-01  1.915374836324707397e+00  1.915374836324707397e+00
9.247400357586976760e-01  5.313875953506881800e+00  5.313875953506881800e+00
1.024740035758697765e+00  1.915374836324690300e+00  1.915374836324690300e+00
1.124740035758697854e+00  8.969761047623774075e-02  8.969761047623774075e-02
1.224740035758697942e+00  5.457486919017640525e-04  5.457486919017640525e-04
1.324740035758698031e+00  4.339958187858931219e-07  4.339958187858931219e-07
1.424740035758697676e+00  7.081912879689528586e-07  7.081912879689528586e-07
1.524740035758697765e+00  6.987676065489689149e-05  6.987676065489689149e-05
1.624740035758697854e+00  2.485332418950636588e-03  2.485332418950636588e-03
1.724740035758697942e+00  3.186240630095772686e-02  3.186240630095772686e-02
1.824740035758698031e+00  1.472363433921316522e-01  1.472363433921316522e-01
1.924740035758697676e+00  2.452414303917322957e-01  2.452414303917322957e-01
2.024740035758697765e+00  1.472363433921522469e-01  1.472363433921522469e-01
2.124740035758697854e+00  3.186240630784884648e-02  3.186240630784884648e-02
2.224740035758697942e+00  2.485333551600086947e-03  2.485333551600086947e-03
2.324740035758698031e+00  6.997104623521690635e-05  6.997104623521690635e-05
2.424740035758697676e+00  4.683325235877006766e-06  4.683325235877006766e-06
2.524740035758698209e+00  8.488730507891329249e-05  8.488730507891329249e-05
2.624740035758697854e+00  9.180450518585768233e-04  9.180450518585768233e-04
2.724740035758697498e+00  5.028750053557088685e-03  5.028750053557088685e-03
2.824740035758698031e+00  1.395139660342453562e-02  1.395139660342453562e-02
2.924740035758697676e+00  1.960364802455977565e-02  1.960364802455977565e-02
3.024740035758698209e+00  1.395139660551607784e-02  1.395139660551607784e-02
3.124740035758697854e+00  5.028750213481913804e-03  5.028750213481913804e-03
3.224740035758698387e+00  9.180523895571184815e-04  9.180523895571184815e-04
3.324740035758698031e+00  8.508703128280976447e-05  8.508703128280976447e-05
3.424740035758697676e+00  7.322575167888539480e-06  7.322575167888539480e-06
3.524740035758698209e+00  3.334583517284659104e-05  3.334583517284659104e-05
3.624740035758697854e+00  1.983079980081477460e-04  1.983079980081477460e-04
3.724740035758698387e+00  7.100432401397293279e-04  7.100432401397293279e-04
3.824740035758698031e+00  1.526346091331132583e-03  1.526346091331132583e-03
3.924740035758697676e+00  1.969892050444765116e-03  1.969892050444765116e-03
4.024740035758698653e+00  1.526346106173949229e-03  1.526346106173949229e-03
4.124740035758698298e+00  7.100437107744406520e-04  7.100437107744406520e-04
4.224740035758697942e+00  1.983170623034376018e-04  1.983170623034376018e-04
4.324740035758697587e+00  3.339632003956372188e-05  3.339632003956372188e-05
4.424740035758697232e+00  4.713950647714334548e-06  4.713950647714334548e-06
4.524740035758698653e+00  8.778820147381545191e-06  8.778820147381545191e-06
4.624740035758698298e+00  3.579482322492104866e-05  3.579482322492104866e-05
4.724740035758697942e+00  9.928633465899598816e-05  9.928633465899598816e-05
4.824740035758697587e+00  1.831400651909712582e-04  1.831400651909712582e-04
4.924740035758697232e+00  2.246026564828662391e-04  2.246026564828662391e-04
5.024740035758698653e+00  1.831400919486878248e-04  1.831400919486878248e-04
5.124740035758698298e+00  9.928669500565044052e-05  9.928669500565044052e-05
5.224740035758697942e+00  3.579415212287053729e-05  3.579415212287053729e-05
5.324740035758697587e+00  8.637362826303290444e-06  8.637362826303290444e-06
5.424740035758697232e+00  1.761698769760419051e-06  1.761698769760419051e-06
5.524740035758698653e+00  1.970737687655309638e-06  1.970737687655309638e-06
5.624740035758698298e+00  6.015158369541572211e-06  6.015158369541572211e-06
5.724740035758697942e+00  1.405474617273615599e-05  1.405474617273615599e-05
5.824740035758697587e+00  2.340924167722329709e-05  2.340924167722329709e-05
5.924740035758697232e+00  2.774895962807231404e-05  2.774895962807231404e-05
6.024740035758698653e+00  2.340925372609614896e-05  2.340925372609614896e-05
6.124740035758698298e+00  1.405459036358748168e-05  1.405459036358748168e-05
6.224740035758697942e+00  6.007826270230145734e-06  6.007826270230145734e-06
6.324740035758697587e+00  1.845026597112368385e-06  1.845026597112368385e-06
6.424740035758697232e+00  4.898774952972653216e-07  4.898774952972653216e-07
6.524740035758696877e+00  4.126370803219950387e-07  4.126370803219950387e-07
6.624740035758698298e+00  9.826267068976961258e-07  9.826267068976961258e-07
6.724740035758697942e+00  2.023407725667808337e-06  2.023407725667808337e-06
6.824740035758697587e+00  3.132567497548745661e-06  3.132567497548745661e-06
6.924740035758697232e+00  3.624139955412741309e-06  3.624139955412741309e-06
7.024740035758696877e+00  3.132554615680790120e-06  3.132554615680790120e-06
7.124740035758698298e+00  2.023027921617624985e-06  2.023027921617624985e-06
7.224740035758697942e+00  9.769084419834564312e-07  9.769084419834564312e-07
7.324740035758697587e+00  3.567777349566388334e-07  3.567777349566388334e-07
7.424740035758697232e+00  1.150555706554037039e-07  1.150555706554037039e-07
7.524740035758696877e+00  8.311280599776486091e-08  8.311280599776486091e-08
7.624740035758698298e+00  1.592895885107884553e-07  1.592895885107884553e-07
7.724740035758697942e+00  2.963130421353960010e-07  2.963130421353960010e-07
7.824740035758697587e+00  4.340004414792720535e-07  4.340004414792720535e-07
7.924740035758697232e+00  4.930148543106954679e-07  4.930148543106954679e-07
8.024740035758698653e+00  4.339805583759908163e-07  4.339805583759908163e-07
8.124740035758698298e+00  2.960401514291395162e-07  2.960401514291395162e-07
8.224740035758697942e+00  1.566922277505356856e-07  1.566922277505356856e-07
8.324740035758697587e+00  6.522137689908579489e-08  6.522137689908579489e-08
8.424740035758697232e+00  2.438804159434738826e-08  2.438804159434738826e-08
8.524740035758698653e+00  1.627374669325267550e-08  1.627374669325267550e-08
8.624740035758698298e+00  2.589130885691275505e-08  2.589130885691275505e-08
8.724740035758697942e+00  4.410351288607366758e-08  4.410351288607366758e-08
8.824740035758697587e+00  6.179027192321261869e-08  6.179027192321261869e-08
8.924740035758697232e+00  6.919231452283229367e-08  6.919231452283229367e-08
9.024740035758698653e+00  6.177682186270106864e-08  6.177682186270106864e-08
9.124740035758698298e+00  4.397755134021576382e-08  4.397755134021576382e-08
9.224740035758697942e+00  2.500662938264140094e-08  2.500662938264140094e-08
9.324740035758697587e+00  1.153011990014797916e-08  1.153011990014797916e-08
9.424740035758697232e+00  4.841233785222347438e-09  4.841233785222347438e-09
9.524740035758698653e+00  3.112719310653503711e-09  3.112719310653503711e-09
9.624740035758698298e+00  4.240163071595331749e-09  4.240163071595331749e-09
9.724740035758697942e+00  6.665849837178072723e-09  6.665849837178072723e-09
9.824740035758697587e+00  8.994016075131732564e-09  8.994016075131732564e-09
9.924740035758697232e+00  9.953301233380511230e-09  9.953301233380511230e-09
1.002474003575869865e+01  8.987763301702054607e-09  8.987763301702054607e-09
1.012474003575869830e+01  6.620876840191984461e-09  6.620876840191984461e-09
1.022474003575869794e+01  3.988180386786060510e-09  3.988180386786060510e-09
1.032474003575869759e+01  1.996567052496832430e-09  1.996567052496832430e-09
1.042474003575869723e+01  9.199456132876930366e-10  9.199456132876930366e-10
