-1.520408163264854728e+00  3.306153198989265106e-31  3.306153198989265106e-31
-1.420408163264854196e+00  8.178785489489339716e-29  8.178785489489339716e-29
-1.320408163264854551e+00  1.671941819633485424e-26  1.671941819633485424e-26
-1.220408163264854462e+00  2.742986852776118150e-24  2.742986852776118150e-24
-1.120408163264854373e+00  3.592105771318303665e-22  3.592105771318303665e-22
-1.020408163264854728e+00  3.750859435827616083e-20  3.750859435827616083e-20
-9.204081632648544176e-01  3.122243983587866280e-18  3.122243983587866280e-18
-8.204081632648545508e-01  2.071727999959044666e-16  2.071727999959044666e-16
-7.204081632648544620e-01  1.095776521159873218e-14  1.095776521159873218e-14
-6.204081632648543732e-01  4.619901499437921274e-13  4.619901499437921274e-13
-5.204081632648545064e-01  1.552616912088806717e-11  1.552616912088806717e-11
-4.204081632648544176e-01  4.159264816388163969e-10  4.159264816388163969e-10
-3.204081632648543287e-01  8.881563351846816704e-09  8.881563351846816704e-09
-2.204081632648544620e-01  1.511759888050591686e-07  1.511759888050591686e-07
-1.204081632648543732e-01  2.051146871275799459e-06  2.051146871275799459e-06
-2.040816326485450638e-02  2.218355963259056131e-05  2.218355963259056131e-05
7.959183673514558244e-02  1.912433074578525109e-04  1.912433074578525109e-04
1.795918367351456713e-01  1.314200996255923855e-03  1.314200996255923855e-03
2.795918367351455380e-01  7.198763056472360158e-03  7.198763056472360158e-03
3.795918367351456268e-01  3.143218129312911474e-02  3.143218129312911474e-02
4.795918367351454936e-01  1.093985958812829784e-01  1.093985958812829784e-01
5.795918367351455824e-01  3.035076475982631528e-01  3.035076475982631528e-01
6.795918367351456713e-01  6.711945174108420176e-01  6.711945174108420176e-01
7.795918367351457601e-01  1.183174040441127950e+00  1.183174040441127950e+00
8.795918367351458489e-01  1.662540452414140724e+00  1.662540452414140724e+00
9.795918367351454936e-01  1.862197160446217969e+00  1.862197160446217969e+00
1.079591836735145582e+00  1.662774953917636411e+00  1.662774953917636411e+00
1.179591836735145671e+00  1.183852433185916819e+00  1.183852433185916819e+00
1.279591836735145760e+00  6.727976919222554697e-01  6.727976919222554697e-01
1.379591836735145849e+00  3.068609583636659477e-01  3.068609583636659477e-01
1.479591836735145494e+00  1.156552309504937925e-01  1.156552309504937925e-01
1.579591836735145582e+00  4.185370515303248745e-02  4.185370515303248745e-02
1.679591836735145671e+00  2.269707335307332569e-02  2.269707335307332569e-02
1.779591836735145760e+00  2.189257941528693560e-02  2.189257941528693560e-02
1.879591836735145849e+00  2.458777428149539618e-02  2.458777428149539618e-02
1.979591836735145494e+00  2.584907145569216927e-02  2.584907145569216927e-02
2.079591836735145804e+00  2.442120572223660871e-02  2.442120572223660871e-02
2.179591836735145449e+00  2.063102745282253611e-02  2.063102745282253611e-02
2.279591836735145982e+00  1.559455214346921852e-02  1.559455214346921852e-02
2.379591836735145627e+00  1.058015590481697216e-02  1.058015590481697216e-02
2.479591836735145272e+00  6.497546677229332386e-03  6.497546677229332386e-03
2.579591836735145804e+00  3.692271325184764540e-03  3.692271325184764540e-03
2.679591836735145449e+00  2.046168418461002513e-03  2.046168418461002513e-03
2.779591836735145094e+00  1.218868374566098745e-03  1.218868374566098745e-03
2.879591836735145627e+00  8.589729415708218007e-04  8.589729415708218007e-04
2.979591836735145272e+00  7.099530231290617464e-04  7.099530231290617464e-04
3.079591836735145804e+00  6.257493769250179871e-04  6.257493769250179871e-04
3.179591836735145449e+00  5.432121326601988551e-04  5.432121326601988551e-04
3.279591836735145982e+00  4.475148806170208579e-04  4.475148806170208579e-04
3.379591836735145627e+00  3.456715747703236526e-04  3.456715747703236526e-04
3.479591836735145272e+00  2.502186976348514400e-04  2.502186976348514400e-04
3.579591836735145804e+00  1.708874736812180750e-04  1.708874736812180750e-04
3.679591836735145449e+00  1.117788526932753085e-04  1.117788526932753085e-04
3.779591836735145982e+00  7.190477145636345292e-05  7.190477145636345292e-05
3.879591836735145627e+00  4.724783700830363311e-05  4.724783700830363311e-05
3.979591836735145272e+00  3.292679533758641522e-05  3.292679533758641522e-05
4.079591836735145804e+00  2.468572326453819069e-05  2.468572326453819069e-05
4.179591836735145449e+00  1.953448311967241729e-05  1.953448311967241729e-05
4.279591836735145982e+00  1.574817060257728782e-05  1.574817060257728782e-05
4.379591836735145627e+00  1.254489417942039866e-05  1.254489417942039866e-05
4.479591836735145272e+00  9.698741888615429051e-06  9.698741888615429051e-06
4.579591836735145804e+00  7.227672652549767329e-06  7.227672652549767329e-06
4.679591836735145449e+00  5.198845754242113197e-06  5.198845754242113197e-06
4.779591836735145982e+00  3.638488004191241065e-06  3.638488004191241065e-06
4.879591836735145627e+00  2.512492781589625614e-06  2.512492781589625614e-06
4.979591836735145272e+00  1.743336258360213384e-06  1.743336258360213384e-06
5.079591836735145804e+00  1.237433809376702587e-06  1.237433809376702587e-06
5.179591836735145449e+00  9.079206367337832896e-07  9.079206367337832896e-07
5.279591836735145982e+00  6.872323279582956127e-07  6.872323279582956127e-07
5.379591836735145627e+00  5.300551797690251881e-07  5.300551797690251881e-07
5.479591836735145272e+00  4.100424043750971815e-07  4.100424043750971815e-07
5.579591836735145804e+00  3.139947920209204831e-07  3.139947920209204831e-07
5.679591836735145449e+00  2.361808756238644477e-07  2.361808756238644477e-07
5.779591836735145982e+00  1.741347424152226523e-07  1.741347424152226523e-07
5.879591836735145627e+00  1.262051084816748201e-07  1.262051084816748201e-07
5.979591836735145272e+00  9.052381163973895768e-08  9.052381163973895768e-08
6.079591836735145804e+00  6.485763203664084467e-08  6.485763203664084467e-08
6.179591836735145449e+00  4.685545611983203882e-08  4.685545611983203882e-08
6.279591836735145982e+00  3.435956639478428747e-08  3.435956639478428747e-08
6.379591836735145627e+00  2.561600072908175238e-08  2.561600072908175238e-08
6.479591836735145272e+00  1.934372143403147258e-08  1.934372143403147258e-08
6.579591836735144916e+00  1.469220018964444759e-08  1.469220018964444759e-08
6.679591836735146337e+00  1.114049271238046258e-08  1.114049271238046258e-08
6.779591836735145982e+00  8.385254904684034793e-09  8.385254904684034793e-09
6.879591836735145627e+00  6.247310964946092708e-09  6.247310964946092708e-09
6.979591836735145272e+00  4.608120606516422357e-09  4.608120606516422357e-09
7.079591836735144916e+00  3.374633090883383680e-09  3.374633090883383680e-09
7.179591836735146337e+00  2.464739565912874390e-09  2.464739565912874390e-09
7.279591836735145982e+00  1.804424604451028558e-09  1.804424604451028558e-09
7.379591836735145627e+00  1.329533119864007269e-09  1.329533119864007269e-09
7.479591836735145272e+00  9.878437907035329321e-10  9.878437907035329321e-10
7.579591836735144916e+00  7.396224657881096625e-10  7.396224657881096625e-10
7.679591836735146337e+00  5.564806358971053550e-10  5.564806358971053550e-10
7.779591836735145982e+00  4.191533848490192503e-10  4.191533848490192503e-10
7.879591836735145627e+00  3.149661311782048653e-10  3.149661311782048653e-10
7.979591836735145272e+00  2.355712996555604368e-10  2.355712996555604368e-10
8.079591836735147581e+00  1.752444319048406058e-10  1.752444319048406058e-10
8.179591836735145449e+00  1.297795943559742829e-10  1.297795943559742829e-10
8.279591836735146870e+00  9.587357922401284543e-11  9.587357922401284543e-11
8.379591836735144739e+00  7.083499410195046604e-11  7.083499410195046604e-11
8.479591836735146160e+00  5.246730211440993621e-11  5.246730211440993621e-11
8.579591836735147581e+00  3.901895933173900570e-11  3.901895933173900570e-11
8.679591836735145449e+00  2.914198590214778896e-11  2.914198590214778896e-11
8.779591836735146870e+00  2.183767978538148966e-11  2.183767978538148966e-11
8.879591836735144739e+00  1.639022540636941865e-11  1.639022540636941865e-11
8.979591836735146160e+00  1.229767380849154073e-11  1.229767380849154073e-11
9.079591836735147581e+00  9.209875308450917026e-12  9.209875308450917026e-12
9.179591836735147226e+00  6.879133577270617683e-12  6.879133577270617683e-12
9.279591836735146870e+00  5.124990829924947365e-12  5.124990829924947365e-12
9.379591836735146515e+00  3.811400879817292483e-12  3.811400879817292483e-12
9.479591836735146160e+00  2.833062226868175820e-12  2.833062226868175820e-12
9.579591836735147581e+00  2.107569486248954939e-12  2.107569486248954939e-12
9.679591836735147226e+00  1.570722029503944670e-12  1.570722029503944670e-12
9.779591836735146870e+00  1.173265249282390923e-12  1.173265249282390923e-12
9.879591836735146515e+00  8.781753252520525223e-13  8.781753252520525223e-13
9.979591836735146160e+00  6.581737539230821285e-13  6.581737539230821285e-13
1.007959183673514758e+01  4.934616431108149016e-13  4.934616431108149016e-13
1.017959183673514723e+01  3.697629245292873328e-13  3.697629245292873328e-13
1.027959183673514687e+01  2.767483282719584519e-13  2.767483282719584519e-13
1.037959183673514652e+01  2.068522923356162030e-13  2.068522923356162030e-13
1.047959183673514616e+01  1.544394096899688179e-13  1.544394096899688179e-13
