-1.575268790694765109e+00  4.829889419863188147e-24  4.829889419863188147e-24
-1.475268790694765020e+00  3.105331937103484397e-22  3.105331937103484397e-22
-1.375268790694764931e+00  1.789058254339102585e-20  1.789058254339102585e-20
-1.275268790694765286e+00  8.823853350711599363e-19  8.823853350711599363e-19
-1.175268790694765197e+00  3.678002704166676469e-17  3.678002704166676469e-17
-1.075268790694765109e+00  1.290891845394833384e-15  1.290891845394833384e-15
-9.752687906947650198e-01  3.810754603783589703e-14  3.810754603783589703e-14
-8.752687906947649310e-01  9.458464979069800621e-13  9.458464979069800621e-13
-7.752687906947650642e-01  1.973629116913393234e-11  1.973629116913393234e-11
-6.752687906947651975e-01  3.461991247072201294e-10  3.461991247072201294e-10
-5.752687906947651086e-01  5.104981667174229928e-09  5.104981667174229928e-09
-4.752687906947650198e-01  6.328007249926066577e-08  6.328007249926066577e-08
-3.752687906947649310e-01  6.593907851969501082e-07  6.593907851969501082e-07
-2.752687906947650642e-01  5.775920893673050181e-06  5.775920893673050181e-06
-1.752687906947649754e-01  4.253062246512333765e-05  4.253062246512333765e-05
-7.526879069476510864e-02  2.632596122187838149e-04  2.632596122187838149e-04
2.473120930523498018e-02  1.369836361171323895e-03  1.369836361171323895e-03
1.247312093052350690e-01  5.991770061713996322e-03  5.991770061713996322e-03
2.247312093052349358e-01  2.203148275484060475e-02  2.203148275484060475e-02
3.247312093052350246e-01  6.809806509659388496e-02  6.809806509659388496e-02
4.247312093052348914e-01  1.769411893151945914e-01  1.769411893151945914e-01
5.247312093052349802e-01  3.864805760848928906e-01  3.864805760848928906e-01
6.247312093052350690e-01  7.096336499808173492e-01  7.096336499808173492e-01
7.247312093052351578e-01  1.095358464332705228e+00  1.095358464332705228e+00
8.247312093052352466e-01  1.421390938513083624e+00  1.421390938513083624e+00
9.247312093052348914e-01  1.550812767812722148e+00  1.550812767812722148e+00
1.024731209305234980e+00  1.423142884693806787e+00  1.423142884693806787e+00
1.124731209305235069e+00  1.099668270694699190e+00  1.099668270694699190e+00
1.224731209305235158e+00  7.181164011497649380e-01  7.181164011497649380e-01
1.324731209305235247e+00  4.014628326845199324e-01  4.014628326845199324e-01
1.424731209305234891e+00  2.011136062113588752e-01  2.011136062113588752e-01
1.524731209305234980e+00  1.038346961385405998e-01  1.038346961385405998e-01
1.624731209305235069e+00  7.047301050810038381e-02  7.047301050810038381e-02
1.724731209305235158e+00  6.620914284045625875e-02  6.620914284045625875e-02
1.824731209305235247e+00  7.003293881664991727e-02  7.003293881664991727e-02
1.924731209305234891e+00  7.210875938289917908e-02  7.210875938289917908e-02
2.024731209305234980e+00  6.908208455199263409e-02  6.908208455199263409e-02
2.124731209305235069e+00  6.103242619983335893e-02  6.103242619983335893e-02
2.224731209305235158e+00  4.978558468371641066e-02  4.978558468371641066e-02
2.324731209305235247e+00  3.773788770634530637e-02  3.773788770634530637e-02
2.424731209305234891e+00  2.694610142114537213e-02  2.694610142114537213e-02
2.524731209305235424e+00  1.860024192359851364e-02  1.860024192359851364e-02
2.624731209305235069e+00  1.294958162290825270e-02  1.294958162290825270e-02
2.724731209305234714e+00  9.565485503513229681e-03  9.565485503513229681e-03
2.824731209305235247e+00  7.722766712257534034e-03  7.722766712257534034e-03
2.924731209305234891e+00  6.715613276691963229e-03  6.715613276691963229e-03
3.024731209305235424e+00  6.028544572078564472e-03  6.028544572078564472e-03
3.124731209305235069e+00  5.374402790909031322e-03  5.374402790909031322e-03
3.224731209305235602e+00  4.652305516878861569e-03  4.652305516878861569e-03
3.324731209305235247e+00  3.877102744956147443e-03  3.877102744956147443e-03
3.424731209305234891e+00  3.113123582356313972e-03  3.113123582356313972e-03
3.524731209305235424e+00  2.426850447686220054e-03  2.426850447686220054e-03
3.624731209305235069e+00  1.861422645796221133e-03  1.861422645796221133e-03
3.724731209305235602e+00  1.429597916058662635e-03  1.429597916058662635e-03
3.824731209305235247e+00  1.118972926242234800e-03  1.118972926242234800e-03
3.924731209305234891e+00  9.027754381020685953e-04  9.027754381020685953e-04
4.024731209305235424e+00  7.507760949144942153e-04  7.507760949144942153e-04
4.124731209305235069e+00  6.370675924569563827e-04  6.370675924569563827e-04
4.224731209305235602e+00  5.437208793539076478e-04  5.437208793539076478e-04
4.324731209305235247e+00  4.609586006682259607e-04  4.609586006682259607e-04
4.424731209305234891e+00  3.852342843524594169e-04  3.852342843524594169e-04
4.524731209305235424e+00  3.166148177939515909e-04  3.166148177939515909e-04
4.624731209305235069e+00  2.564589935218590110e-04  2.564589935218590110e-04
4.724731209305235602e+00  2.058753385989572525e-04  2.058753385989572525e-04
4.824731209305235247e+00  1.650231007732106130e-04  1.650231007732106130e-04
4.924731209305234891e+00  1.330668069993806940e-04  1.330668069993806940e-04
5.024731209305235424e+00  1.085015862566943102e-04  1.085015862566943102e-04
5.124731209305235069e+00  8.958839128658949776e-05  8.958839128658949776e-05
5.224731209305235602e+00  7.472071250164035914e-05  7.472071250164035914e-05
5.324731209305235247e+00  6.264033094944227245e-05  6.264033094944227245e-05
5.424731209305234891e+00  5.249782265399177797e-05  5.249782265399177797e-05
5.524731209305235424e+00  4.379996828689152280e-05  4.379996828689152280e-05
5.624731209305235069e+00  3.630126770905786729e-05  3.630126770905786729e-05
5.724731209305235602e+00  2.988930959968237234e-05  2.988930959968237234e-05
5.824731209305235247e+00  2.449533587941528939e-05  2.449533587941528939e-05
5.924731209305234891e+00  2.004176847777656151e-05  2.004176847777656151e-05
6.024731209305235424e+00  1.642372353070196712e-05  1.642372353070196712e-05
6.124731209305235069e+00  1.351372061679855908e-05  1.351372061679855908e-05
6.224731209305235602e+00  1.117717559079781025e-05  1.117717559079781025e-05
6.324731209305235247e+00  9.288705362174154496e-06  9.288705362174154496e-06
6.424731209305234891e+00  7.743410883237232791e-06  7.743410883237232791e-06
6.524731209305234536e+00  6.461299155201088884e-06  6.461299155201088884e-06
6.624731209305235957e+00  5.385819401697796468e-06  5.385819401697796468e-06
6.724731209305235602e+00  4.478839309184014921e-06  4.478839309184014921e-06
6.824731209305235247e+00  3.714510768267044355e-06  3.714510768267044355e-06
6.924731209305234891e+00  3.073848060095634218e-06  3.073848060095634218e-06
7.024731209305234536e+00  2.540952263586769847e-06  2.540952263586769847e-06
7.124731209305235957e+00  2.101022288590791337e-06  2.101022288590791337e-06
7.224731209305235602e+00  1.739778685218537385e-06  1.739778685218537385e-06
7.324731209305235247e+00  1.443720830652015688e-06  1.443720830652015688e-06
7.424731209305234891e+00  1.200672466028353650e-06  1.200672466028353650e-06
7.524731209305234536e+00  1.000237508062956228e-06  1.000237508062956228e-06
7.624731209305235957e+00  8.339874744044868868e-07  8.339874744044868868e-07
7.724731209305235602e+00  6.953656750639644805e-07  6.953656750639644805e-07
7.824731209305235247e+00  5.793912208211317721e-07  5.793912208211317721e-07
7.924731209305234891e+00  4.822782163289672564e-07  4.822782163289672564e-07
8.024731209305237201e+00  4.010705598172236810e-07  4.010705598172236810e-07
8.124731209305235069e+00  3.333544268934692706e-07  3.333544268934692706e-07
8.224731209305236490e+00  2.770693031722945929e-07  2.770693031722945929e-07
8.324731209305234358e+00  2.304072231962869630e-07  2.304072231962869630e-07
8.424731209305235780e+00  1.917734551943608043e-07  1.917734551943608043e-07
8.524731209305237201e+00  1.597789229356699945e-07  1.597789229356699945e-07
8.624731209305235069e+00  1.332406215108312736e-07  1.332406215108312736e-07
8.724731209305236490e+00  1.111759649154488746e-07  1.111759649154488746e-07
8.824731209305234358e+00  9.278627056400972035e-08  9.278627056400972035e-08
8.924731209305235780e+00  7.743109438591948408e-08  7.743109438591948408e-08
9.024731209305237201e+00  6.459824643651162612e-08  6.459824643651162612e-08
9.124731209305235069e+00  5.387459983204693486e-08  5.387459983204693486e-08
9.224731209305236490e+00  4.492136728700908413e-08  4.492136728700908413e-08
9.324731209305234358e+00  3.745549182658636061e-08  3.745549182658636061e-08
9.424731209305235780e+00  3.123701186053608570e-08  3.123701186053608570e-08
9.524731209305237201e+00  2.606113706879794320e-08  2.606113706879794320e-08
9.624731209305235069e+00  2.175337240978917886e-08  2.175337240978917886e-08
9.724731209305236490e+00  1.816618490286837092e-08  1.816618490286837092e-08
9.824731209305234358e+00  1.517616416254541648e-08  1.517616416254541648e-08
9.924731209305235780e+00  1.268114447180654567e-08  1.268114447180654567e-08
1.002473120930523720e+01  1.059717303312902964e-08  1.059717303312902964e-08
1.012473120930523507e+01  8.855456894378474547e-09  8.855456894378474547e-09
1.022473120930523649e+01  7.399504744391020824e-09  7.399504744391020824e-09
1.032473120930523436e+01  6.182646970720109829e-09  6.182646970720109829e-09
1.042473120930523578e+01  5.166028130098350058e-09  5.166028130098350058e-09
