-1.510101010101009500e+00  1.926647267621137366e-80  1.926647267621137366e-80
-1.410101010101009411e+00  2.980957446120576523e-74  2.980957446120576523e-74
-1.310101010101009322e+00  3.248730332776901809e-68  3.248730332776901809e-68
-1.210101010101009678e+00  1.966575207644546889e-62  1.966575207644546889e-62
-1.110101010101009589e+00  6.588066285233467406e-57  6.588066285233467406e-57
-1.010101010101009500e+00  1.221313323460856741e-51  1.221313323460856741e-51
-9.101010101010094111e-01  1.252902482155808501e-46  1.252902482155808501e-46
-8.101010101010093223e-01  7.112601253927412077e-42  7.112601253927412077e-42
-7.101010101010094555e-01  2.234398705327570073e-37  2.234398705327570073e-37
-6.101010101010095887e-01  3.884310123688975687e-33  3.884310123688975687e-33
-5.101010101010094999e-01  3.736699199929168480e-29  3.736699199929168480e-29
-4.101010101010094111e-01  1.989222660779648737e-25  1.989222660779648737e-25
-3.101010101010093223e-01  5.860027762413429077e-22  5.860027762413429077e-22
-2.101010101010094555e-01  9.552938145126088002e-19  9.552938145126088002e-19
-1.101010101010093667e-01  8.617777451517797814e-16  8.617777451517797814e-16
-1.010101010100949992e-02  4.302041543887099326e-13  4.302041543887099326e-13
8.989898989899058890e-02  1.188433655056501292e-10  1.188433655056501292e-10
1.898989898989906777e-01  1.816754734740265430e-08  1.816754734740265430e-08
2.898989898989905445e-01  1.536875459801563239e-06  1.536875459801563239e-06
3.898989898989906333e-01  7.194524037629393247e-05  7.194524037629393247e-05
4.898989898989905001e-01  1.863744936319714331e-03  1.863744936319714331e-03
5.898989898989905889e-01  2.671725906898795785e-02  2.671725906898795785e-02
6.898989898989906777e-01  2.119426418628929942e-01  2.119426418628929942e-01
7.898989898989907665e-01  9.303916454638783140e-01  9.303916454638783140e-01
8.898989898989908554e-01  2.260134460508699927e+00  2.260134460508699927e+00
9.898989898989905001e-01  3.038251841749495696e+00  3.038251841749495696e+00
1.089898989898990589e+00  2.260134593177967055e+00  2.260134593177967055e+00
1.189898989898990678e+00  9.303932902102667324e-01  9.303932902102667324e-01
1.289898989898990767e+00  2.119577695757053348e-01  2.119577695757053348e-01
1.389898989898990855e+00  2.682076255464742320e-02  2.682076255464742320e-02
1.489898989898990500e+00  2.390546651157032711e-03  2.390546651157032711e-03
1.589898989898990589e+00  2.066518042686880333e-03  2.066518042686880333e-03
1.689898989898990678e+00  5.619296010339063126e-03  5.619296010339063126e-03
1.789898989898990767e+00  1.177029965437564538e-02  1.177029965437564538e-02
1.889898989898990855e+00  1.834514391700777999e-02  1.834514391700777999e-02
1.989898989898990500e+00  2.126993195413615437e-02  2.126993195413615437e-02
2.089898989898990589e+00  1.834522965280794421e-02  1.834522965280794421e-02
2.189898989898990678e+00  1.177074943377782665e-02  1.177074943377782665e-02
2.289898989898990767e+00  5.619814096259353672e-03  5.619814096259353672e-03
2.389898989898990855e+00  2.001978987221625806e-03  2.001978987221625806e-03
2.489898989898990500e+00  5.487157699795284539e-04  5.487157699795284539e-04
2.589898989898991033e+00  1.567377476949919940e-04  1.567377476949919940e-04
2.689898989898990678e+00  1.212972922048300220e-04  1.212972922048300220e-04
2.789898989898990322e+00  1.754846413409713265e-04  1.754846413409713265e-04
2.889898989898990855e+00  2.338227583161713702e-04  2.338227583161713702e-04
2.989898989898990500e+00  2.579206108137853176e-04  2.579206108137853176e-04
3.089898989898991033e+00  2.336994103971510499e-04  2.336994103971510499e-04
3.189898989898990678e+00  1.738743720487395227e-04  1.738743720487395227e-04
3.289898989898991211e+00  1.062744072500420450e-04  1.062744072500420450e-04
3.389898989898990855e+00  5.350849845426243359e-05  5.350849845426243359e-05
3.489898989898990500e+00  2.253274686384341158e-05  2.253274686384341158e-05
3.589898989898991033e+00  8.610045774117234407e-06  8.610045774117234407e-06
3.689898989898990678e+00  4.075355895082044217e-06  4.075355895082044217e-06
3.789898989898991211e+00  3.392585733515754709e-06  3.392585733515754709e-06
3.889898989898990855e+00  3.738597559879918385e-06  3.738597559879918385e-06
3.989898989898990500e+00  3.944902991340534844e-06  3.944902991340534844e-06
4.089898989898991033e+00  3.653253624847030132e-06  3.653253624847030132e-06
4.189898989898990678e+00  2.926166224930419017e-06  2.926166224930419017e-06
4.289898989898991211e+00  2.024134852534031012e-06  2.024134852534031012e-06
4.389898989898990855e+00  1.211938964898981146e-06  1.211938964898981146e-06
4.489898989898990500e+00  6.341806803237104855e-07  6.341806803237104855e-07
4.589898989898991033e+00  3.006199645138531493e-07  3.006199645138531493e-07
4.689898989898990678e+00  1.447622749373505327e-07  1.447622749373505327e-07
4.789898989898991211e+00  8.823414702738989400e-08  8.823414702738989400e-08
4.889898989898990855e+00  7.392149709754491665e-08  7.392149709754491665e-08
4.989898989898990500e+00  7.041399356946357123e-08  7.041399356946357123e-08
5.089898989898991033e+00  6.462035379541387500e-08  6.462035379541387500e-08
5.189898989898990678e+00  5.381028306266571856e-08  5.381028306266571856e-08
5.289898989898991211e+00  4.004785550275103159e-08  4.004785550275103159e-08
5.389898989898990855e+00  2.659941664183305734e-08  2.659941664183305734e-08
5.489898989898990500e+00  1.586048977260121223e-08  1.586048977260121223e-08
5.589898989898991033e+00  8.657648686345283964e-09  8.657648686345283964e-09
5.689898989898990678e+00  4.561009803151496187e-09  4.561009803151496187e-09
5.789898989898991211e+00  2.587207699676456465e-09  2.587207699676456465e-09
5.889898989898990855e+00  1.776654571849625222e-09  1.776654571849625222e-09
5.989898989898990500e+00  1.457720842595645640e-09  1.457720842595645640e-09
6.089898989898991033e+00  1.266618120970528961e-09  1.266618120970528961e-09
6.189898989898990678e+00  1.061397633729466488e-09  1.061397633729466488e-09
6.289898989898991211e+00  8.238354700431570152e-10  8.238354700431570152e-10
6.389898989898990855e+00  5.850575114305583249e-10  5.850575114305583249e-10
6.489898989898990500e+00  3.803244376851191994e-10  3.803244376851191994e-10
6.589898989898990145e+00  2.287895294939867545e-10  2.287895294939867545e-10
6.689898989898991566e+00  1.310043286896130877e-10  1.310043286896130877e-10
6.789898989898991211e+00  7.560898288253777991e-11  7.560898288253777991e-11
6.889898989898990855e+00  4.768352881643221933e-11  4.768352881643221933e-11
6.989898989898990500e+00  3.445740170285447665e-11  3.445740170285447665e-11
7.089898989898990145e+00  2.749253479861822682e-11  2.749253479861822682e-11
7.189898989898991566e+00  2.241790790017858957e-11  2.241790790017858957e-11
7.289898989898991211e+00  1.764871203824132689e-11  1.764871203824132689e-11
7.389898989898990855e+00  1.305610907901475025e-11  1.305610907901475025e-11
7.489898989898990500e+00  9.001767189447539312e-12  9.001767189447539312e-12
7.589898989898990145e+00  5.805284637907697785e-12  5.805284637907697785e-12
7.689898989898991566e+00  3.556674383266693733e-12  3.556674383266693733e-12
7.789898989898991211e+00  2.137711389870434860e-12  2.137711389870434860e-12
7.889898989898990855e+00  1.325196883893546519e-12  1.325196883893546519e-12
7.989898989898990500e+00  8.900044606253457906e-13  8.900044606253457906e-13
8.089898989898991033e+00  6.545549600495957871e-13  6.545549600495957871e-13
8.189898989898992454e+00  5.080661463701951307e-13  5.080661463701951307e-13
8.289898989898990322e+00  3.956247844260853395e-13  3.956247844260853395e-13
8.389898989898991744e+00  2.980470924280986026e-13  2.980470924280986026e-13
8.489898989898989612e+00  2.134078754177812217e-13  2.134078754177812217e-13
8.589898989898991033e+00  1.446489586553962352e-13  1.446489586553962352e-13
8.689898989898992454e+00  9.344917063696339647e-14  9.344917063696339647e-14
8.789898989898990322e+00  5.860637060723529900e-14  5.860637060723529900e-14
8.889898989898991744e+00  3.679561038889287621e-14  3.679561038889287621e-14
8.989898989898989612e+00  2.400617098443594944e-14  2.400617098443594944e-14
9.089898989898991033e+00  1.668820520692900150e-14  1.668820520692900150e-14
9.189898989898992454e+00  1.229511032410585561e-14  1.229511032410585561e-14
9.289898989898990322e+00  9.312293654518591158e-15  9.312293654518591158e-15
9.389898989898991744e+00  7.007978126918920203e-15  7.007978126918920203e-15
9.489898989898989612e+00  5.117793356146830274e-15  5.117793356146830274e-15
9.589898989898991033e+00  3.587118782292488188e-15  3.587118782292488188e-15
9.689898989898992454e+00  2.412397972250192091e-15  2.412397972250192091e-15
9.789898989898990322e+00  1.571138359723371158e-15  1.571138359723371158e-15
9.889898989898991744e+00  1.009585192621591845e-15  1.009585192621591845e-15
9.989898989898989612e+00  6.568007483940720797e-16  6.568007483940720797e-16
1.008989898989899103e+01  4.432898057440291871e-16  4.432898057440291871e-16
1.018989898989899245e+01  3.134645955034025448e-16  3.134645955034025448e-16
1.028989898989899032e+01  2.297272879285165732e-16  2.297272879285165732e-16
1.038989898989899174e+01  1.704218269932965043e-16  1.704218269932965043e-16
1.048989898989898961e+01  1.250445839284908432e-16  1.250445839284908432e-16
