-1.510101010101004615e+00  3.592823687894789109e-19  3.592823687894789109e-19
-1.410101010101004526e+00  1.024550573104639628e-17  1.024550573104639628e-17
-1.310101010101004881e+00  2.564061749428651788e-16  2.564061749428651788e-16
-1.210101010101004348e+00  5.607121598138371878e-15  5.607121598138371878e-15
-1.110101010101004704e+00  1.069887510406504169e-13  1.069887510406504169e-13
-1.010101010101004615e+00  1.780333157931979639e-12  1.780333157931979639e-12
-9.101010101010045261e-01  2.583135394057567687e-11  2.583135394057567687e-11
-8.101010101010044373e-01  3.267710237763271791e-10  3.267710237763271791e-10
-7.101010101010045705e-01  3.603935938509312976e-09  3.603935938509312976e-09
-6.101010101010047038e-01  3.465308844473435210e-08  3.465308844473435210e-08
-5.101010101010046149e-01  2.904929151926817201e-07  2.904929151926817201e-07
-4.101010101010045261e-01  2.123032242568341855e-06  2.123032242568341855e-06
-3.101010101010044373e-01  1.352709221907599441e-05  1.352709221907599441e-05
-2.101010101010045705e-01  7.514131709960684437e-05  7.514131709960684437e-05
-1.101010101010044817e-01  3.638978416464093749e-04  3.638978416464093749e-04
-1.010101010100461494e-02  1.536407433951348213e-03  1.536407433951348213e-03
8.989898989899547388e-02  5.655350676538906454e-03  5.655350676538906454e-03
1.898989898989955627e-01  1.814842426432589778e-02  1.814842426432589778e-02
2.898989898989954295e-01  5.077438024109606068e-02  5.077438024109606068e-02
3.898989898989955183e-01  1.238445302630393069e-01  1.238445302630393069e-01
4.898989898989953851e-01  2.633515297014100143e-01  2.633515297014100143e-01
5.898989898989954739e-01  4.882275782884291093e-01  4.882275782884291093e-01
6.898989898989955627e-01  7.891098841299549749e-01  7.891098841299549749e-01
7.898989898989956515e-01  1.111946825974419184e+00  1.111946825974419184e+00
8.898989898989957403e-01  1.366053508244218673e+00  1.366053508244218673e+00
9.898989898989953851e-01  1.463193898178830388e+00  1.463193898178830388e+00
1.089898989898995474e+00  1.366528767587774418e+00  1.366528767587774418e+00
1.189898989898995563e+00  1.113014175409069217e+00  1.113014175409069217e+00
1.289898989898995652e+00  7.909868456788099467e-01  7.909868456788099467e-01
1.389898989898995740e+00  4.911953444004242275e-01  4.911953444004242275e-01
1.489898989898995385e+00  2.676928717743002339e-01  2.676928717743002339e-01
1.589898989898995474e+00  1.297606493721853438e-01  1.297606493721853438e-01
1.689898989898995563e+00  5.829796901596214637e-02  5.829796901596214637e-02
1.789898989898995652e+00  2.708124194711266156e-02  2.708124194711266156e-02
1.889898989898995740e+00  1.555894129147764732e-02  1.555894129147764732e-02
1.989898989898995385e+00  1.179009257867504566e-02  1.179009257867504566e-02
2.089898989898995474e+00  1.027921125841381456e-02  1.027921125841381456e-02
2.189898989898995563e+00  9.032249175099461846e-03  9.032249175099461846e-03
2.289898989898995652e+00  7.575537446111284441e-03  7.575537446111284441e-03
2.389898989898995740e+00  5.972961843702079276e-03  5.972961843702079276e-03
2.489898989898995385e+00  4.415628648275560404e-03  4.415628648275560404e-03
2.589898989898995918e+00  3.065983213433626665e-03  3.065983213433626665e-03
2.689898989898995563e+00  2.009129422511972581e-03  2.009129422511972581e-03
2.789898989898995207e+00  1.254160811952342424e-03  1.254160811952342424e-03
2.889898989898995740e+00  7.583642343817100905e-04  7.583642343817100905e-04
2.989898989898995385e+00  4.564107678646975286e-04  4.564107678646975286e-04
3.089898989898995918e+00  2.833664315916282778e-04  2.833664315916282778e-04
3.189898989898995563e+00  1.873562680845147245e-04  1.873562680845147245e-04
3.289898989898996096e+00  1.330445160013042616e-04  1.330445160013042616e-04
3.389898989898995740e+00  9.949514278141614789e-05  9.949514278141614789e-05
3.489898989898995385e+00  7.591500580382197591e-05  7.591500580382197591e-05
3.589898989898995918e+00  5.754315747031403831e-05  5.754315747031403831e-05
3.689898989898995563e+00  4.264040378242055652e-05  4.264040378242055652e-05
3.789898989898996096e+00  3.067193444878306652e-05  3.067193444878306652e-05
3.889898989898995740e+00  2.139934609108062213e-05  2.139934609108062213e-05
3.989898989898995385e+00  1.453502198690883722e-05  1.453502198690883722e-05
4.089898989898996362e+00  9.683997870006157138e-06  9.683997870006157138e-06
4.189898989898996007e+00  6.397687333125118906e-06  6.397687333125118906e-06
4.289898989898995652e+00  4.245465267223763819e-06  4.245465267223763819e-06
4.389898989898995296e+00  2.864653601885457332e-06  2.864653601885457332e-06
4.489898989898994941e+00  1.980706756189828863e-06  1.980706756189828863e-06
4.589898989898996362e+00  1.403997942541530369e-06  1.403997942541530369e-06
4.689898989898996007e+00  1.013738351372939737e-06  1.013738351372939737e-06
4.789898989898995652e+00  7.381676343196768967e-07  7.381676343196768967e-07
4.889898989898995296e+00  5.367640900840847062e-07  5.367640900840847062e-07
4.989898989898994941e+00  3.869422674242561590e-07  3.869422674242561590e-07
5.089898989898996362e+00  2.754421146433319813e-07  2.754421146433319813e-07
5.189898989898996007e+00  1.934718034651898067e-07  1.934718034651898067e-07
5.289898989898995652e+00  1.343597071253043791e-07  1.343597071253043791e-07
5.389898989898995296e+00  9.262849822157342359e-08  9.262849822157342359e-08
5.489898989898994941e+00  6.373012258103270053e-08  6.373012258103270053e-08
5.589898989898996362e+00  4.399864920313777710e-08  4.399864920313777710e-08
5.689898989898996007e+00  3.061434959138535495e-08  3.061434959138535495e-08
5.789898989898995652e+00  2.151596874102279214e-08  2.151596874102279214e-08
5.889898989898995296e+00  1.526782500968745487e-08  1.526782500968745487e-08
5.989898989898994941e+00  1.091057484155396005e-08  1.091057484155396005e-08
6.089898989898996362e+00  7.822198751952473965e-09  7.822198751952473965e-09
6.189898989898996007e+00  5.604774803236917954e-09  5.604774803236917954e-09
6.289898989898995652e+00  4.001638710807519036e-09  4.001638710807519036e-09
6.389898989898995296e+00  2.842110448789426922e-09  2.842110448789426922e-09
6.489898989898994941e+00  2.007503651900771992e-09  2.007503651900771992e-09
6.589898989898994586e+00  1.411618423706495331e-09  1.411618423706495331e-09
6.689898989898996007e+00  9.900308943723633703e-10  9.900308943723633703e-10
6.789898989898995652e+00  6.941596613840152794e-10  6.941596613840152794e-10
6.889898989898995296e+00  4.876507742204178469e-10  4.876507742204178469e-10
6.989898989898994941e+00  3.437911235111573628e-10  3.437911235111573628e-10
7.089898989898994586e+00  2.433945690325070801e-10  2.433945690325070801e-10
7.189898989898996007e+00  1.729898626769876448e-10  1.729898626769876448e-10
7.289898989898995652e+00  1.232940192676349802e-10  1.232940192676349802e-10
7.389898989898995296e+00  8.798536328777175680e-11  8.798536328777175680e-11
7.489898989898994941e+00  6.277109718446149639e-11  6.277109718446149639e-11
7.589898989898994586e+00  4.471682963495779691e-11  4.471682963495779691e-11
7.689898989898996007e+00  3.178793574038381205e-11  3.178793574038381205e-11
7.789898989898995652e+00  2.254827650697269244e-11  2.254827650697269244e-11
7.889898989898995296e+00  1.596737494565131046e-11  1.596737494565131046e-11
7.989898989898994941e+00  1.129765657432046243e-11  1.129765657432046243e-11
8.089898989898996362e+00  7.994698719588177632e-12  7.994698719588177632e-12
8.189898989898996007e+00  5.663139433288803022e-12  5.663139433288803022e-12
8.289898989898995652e+00  4.018027217420024241e-12  4.018027217420024241e-12
8.389898989898995296e+00  2.856005686638668702e-12  2.856005686638668702e-12
8.489898989898994941e+00  2.033369152118061554e-12  2.033369152118061554e-12
8.589898989898996362e+00  1.449354666703168583e-12  1.449354666703168583e-12
8.689898989898996007e+00  1.033616940865533402e-12  1.033616940865533402e-12
8.789898989898995652e+00  7.370583780825312271e-13  7.370583780825312271e-13
8.889898989898995296e+00  5.252870512405970310e-13  5.252870512405970310e-13
8.989898989898994941e+00  3.740583936410189091e-13  3.740583936410189091e-13
9.089898989898996362e+00  2.661548655134420055e-13  2.661548655134420055e-13
9.189898989898996007e+00  1.892690061821481850e-13  1.892690061821481850e-13
9.289898989898995652e+00  1.345650556712748780e-13  1.345650556712748780e-13
9.389898989898995296e+00  9.569027948096093418e-14  9.569027948096093418e-14
9.489898989898994941e+00  6.808277166334135745e-14  6.808277166334135745e-14
9.589898989898996362e+00  4.847708625022843331e-14  4.847708625022843331e-14
9.689898989898996007e+00  3.454549143574742059e-14  3.454549143574742059e-14
9.789898989898995652e+00  2.463542060882936726e-14  2.463542060882936726e-14
9.889898989898995296e+00  1.757724382238558493e-14  1.757724382238558493e-14
9.989898989898994941e+00  1.254438426548223200e-14  1.254438426548223200e-14
1.008989898989899636e+01  8.952550774562133047e-15  8.952550774562133047e-15
1.018989898989899601e+01  6.387971103293820220e-15  6.387971103293820220e-15
1.028989898989899565e+01  4.556800807911057731e-15  4.556800807911057731e-15
1.038989898989899530e+01  3.249714855257873521e-15  3.249714855257873521e-15
1.048989898989899494e+01  2.317197162755519919e-15  2.317197162755519919e-15
