-1.584726213126859129e+00  0.000000000000000000e+00  0.000000000000000000e+00
-1.484726213126858596e+00  0.000000000000000000e+00  0.000000000000000000e+00
-1.384726213126858951e+00  0.000000000000000000e+00  0.000000000000000000e+00
-1.284726213126858863e+00  0.000000000000000000e+00  0.000000000000000000e+00
-1.184726213126858774e+00  0.000000000000000000e+00  0.000000000000000000e+00
-1.084726213126859129e+00  0.000000000000000000e+00  0.000000000000000000e+00
-9.847262131268588181e-01  0.000000000000000000e+00  0.000000000000000000e+00
-8.847262131268589513e-01  0.000000000000000000e+00  0.000000000000000000e+00
-7.847262131268588625e-01  0.000000000000000000e+00  0.000000000000000000e+00
-6.847262131268587737e-01  0.000000000000000000e+00  0.000000000000000000e+00
-5.847262131268589069e-01  0.000000000000000000e+00  0.000000000000000000e+00
-4.847262131268588181e-01  0.000000000000000000e+00  0.000000000000000000e+00
-3.847262131268587293e-01  0.000000000000000000e+00  0.000000000000000000e+00
-2.847262131268588625e-01  0.000000000000000000e+00  0.000000000000000000e+00
-1.847262131268587737e-01  0.000000000000000000e+00  0.000000000000000000e+00
-8.472621312685890693e-02  0.000000000000000000e+00  0.000000000000000000e+00
1.527378687314118189e-02  0.000000000000000000e+00  0.000000000000000000e+00
1.152737868731412707e-01  0.000000000000000000e+00  0.000000000000000000e+00
2.152737868731411375e-01  0.000000000000000000e+00  0.000000000000000000e+00
3.152737868731412263e-01  0.000000000000000000e+00  0.000000000000000000e+00
4.152737868731410931e-01  0.000000000000000000e+00  0.000000000000000000e+00
5.152737868731411819e-01  0.000000000000000000e+00  0.000000000000000000e+00
6.152737868731412707e-01  1.320142510972670176e-194  1.320142510972670176e-194
7.152737868731413595e-01  4.945854002034846493e-86  4.945854002034846493e-86
8.152737868731414483e-01  6.893084107211847333e-21  6.893084107211847333e-21
9.152737868731410931e-01  3.573861127966426210e+01  3.573861127966426210e+01
1.015273786873141182e+00  6.893084107208810984e-21  6.893084107208810984e-21
1.115273786873141271e+00  4.945854002030488854e-86  4.945854002030488854e-86
1.215273786873141360e+00  1.320142510970944137e-194  1.320142510970944137e-194
1.315273786873141448e+00  0.000000000000000000e+00  0.000000000000000000e+00
1.415273786873141093e+00  9.166251679883017097e-272  9.166251679883017097e-272
1.515273786873141182e+00  4.769251289817185170e-174  4.769251289817185170e-174
1.615273786873141271e+00  4.786130531527108290e-98  4.786130531527108290e-98
1.715273786873141360e+00  9.263919590879702461e-44  9.263919590879702461e-44
1.815273786873141448e+00  3.458445367163793553e-11  3.458445367163793553e-11
1.915273786873141093e+00  2.490250105264332436e+00  2.490250105264332436e+00
2.015273786873141404e+00  3.458445367163031642e-11  3.458445367163031642e-11
2.115273786873141049e+00  9.263919590875620163e-44  9.263919590875620163e-44
2.215273786873141582e+00  4.786130531523979922e-98  4.786130531523979922e-98
2.315273786873141226e+00  4.769251289812848066e-174  4.769251289812848066e-174
2.415273786873140871e+00  3.325636380505351368e-182  3.325636380505351368e-182
2.515273786873141404e+00  4.634971285326131400e-117  4.634971285326131400e-117
2.615273786873141049e+00  2.156436148445672040e-66  2.156436148445672040e-66
2.715273786873140693e+00  3.349218092375510665e-30  3.349218092375510665e-30
2.815273786873141226e+00  1.736470955998704739e-08  1.736470955998704739e-08
2.915273786873140871e+00  3.005445720183528291e-01  3.005445720183528291e-01
3.015273786873141404e+00  1.736470955998192549e-08  1.736470955998192549e-08
3.115273786873141049e+00  3.349218092375510665e-30  3.349218092375510665e-30
3.215273786873141582e+00  2.156436148443772072e-66  2.156436148443772072e-66
3.315273786873141226e+00  4.634971285320861631e-117  4.634971285320861631e-117
3.415273786873140871e+00  8.748058752026155848e-138  8.748058752026155848e-138
3.515273786873141404e+00  6.310167757261970995e-89  6.310167757261970995e-89
3.615273786873141049e+00  6.321324306417196408e-51  6.321324306417196408e-51
3.715273786873141582e+00  8.794541258906467067e-24  8.794541258906467067e-24
3.815273786873141226e+00  1.699246022705839538e-07  1.699246022705839538e-07
3.915273786873140871e+00  4.559710668642327769e-02  4.559710668642327769e-02
4.015273786873141404e+00  1.699246022705465255e-07  1.699246022705465255e-07
4.115273786873141049e+00  8.794541258902592343e-24  8.794541258902592343e-24
4.215273786873141582e+00  6.321324306413064649e-51  6.321324306413064649e-51
4.315273786873141226e+00  6.310167757256412326e-89  6.310167757256412326e-89
4.415273786873140871e+00  2.095135592215367267e-111  2.095135592215367267e-111
4.515273786873141404e+00  2.556910378783284483e-72  2.556910378783284483e-72
4.615273786873141049e+00  6.431751244863946038e-42  6.431751244863946038e-42
4.715273786873141582e+00  3.334673623774905329e-20  3.334673623774905329e-20
4.815273786873141226e+00  3.563590491814299449e-07  3.563590491814299449e-07
4.915273786873140871e+00  7.849330407464051931e-03  7.849330407464051931e-03
5.015273786873141404e+00  3.563590491813666821e-07  3.563590491813666821e-07
5.115273786873141049e+00  3.334673623773719678e-20  3.334673623773719678e-20
5.215273786873141582e+00  6.431751244860563586e-42  6.431751244860563586e-42
5.315273786873141226e+00  2.556910378781467254e-72  2.556910378781467254e-72
5.415273786873140871e+00  4.870462464316814465e-94  4.870462464316814465e-94
5.515273786873141404e+00  1.818261501562689124e-61  1.818261501562689124e-61
5.615273786873141049e+00  3.921941587588856391e-36  3.921941587588856391e-36
5.715273786873141582e+00  4.887699910654420262e-18  4.887699910654420262e-18
5.815273786873141226e+00  3.519383400579583093e-07  3.519383400579583093e-07
5.915273786873140871e+00  1.464155704377802149e-03  1.464155704377802149e-03
6.015273786873141404e+00  3.519383400579064814e-07  3.519383400579064814e-07
6.115273786873141049e+00  4.887699910652996614e-18  4.887699910652996614e-18
6.215273786873141582e+00  3.921941587587128448e-36  3.921941587587128448e-36
6.315273786873141226e+00  1.818261501561655893e-61  1.818261501561655893e-61
6.415273786873140871e+00  8.088761963903448999e-82  8.088761963903448999e-82
6.515273786873140516e+00  6.711398626258216776e-54  6.711398626258216776e-54
6.615273786873141937e+00  3.479662556213589999e-32  3.479662556213589999e-32
6.715273786873141582e+00  1.127338504481793491e-16  1.127338504481793491e-16
6.815273786873141226e+00  2.282257627342628504e-07  2.282257627342628504e-07
6.915273786873140871e+00  2.887141765802686100e-04  2.887141765802686100e-04
7.015273786873140516e+00  2.282257627342628504e-07  2.282257627342628504e-07
7.115273786873141937e+00  1.127338504481224772e-16  1.127338504481224772e-16
7.215273786873141582e+00  3.479662556210920416e-32  3.479662556210920416e-32
7.315273786873141226e+00  6.711398626258216776e-54  6.711398626258216776e-54
7.415273786873140871e+00  8.213557709732826843e-73  8.213557709732826843e-73
7.515273786873140516e+00  2.205951295392624437e-48  2.205951295392624437e-48
7.615273786873141937e+00  2.207900525309429197e-29  2.207900525309429197e-29
7.715273786873141582e+00  8.235350018855773227e-16  8.235350018855773227e-16
7.815273786873141226e+00  1.144731406013797213e-07  1.144731406013797213e-07
7.915273786873140871e+00  5.929855491157433968e-05  5.929855491157433968e-05
8.015273786873141404e+00  1.144731406013542970e-07  1.144731406013542970e-07
8.115273786873142825e+00  8.235350018852144466e-16  8.235350018852144466e-16
8.215273786873140693e+00  2.207900525307954751e-29  2.207900525307954751e-29
8.315273786873142114e+00  2.205951295392624437e-48  2.205951295392624437e-48
8.415273786873139983e+00  6.032228927065647356e-66  6.032228927065647356e-66
8.515273786873141404e+00  3.127532640939143675e-44  3.127532640939143675e-44
8.615273786873142825e+00  2.423436824400512230e-27  2.423436824400512230e-27
8.715273786873140693e+00  2.806514634516506240e-15  2.806514634516506240e-15
8.815273786873142114e+00  4.857453773011079348e-08  4.857453773011079348e-08
8.915273786873139983e+00  1.256480630164619154e-05  1.256480630164619154e-05
9.015273786873143180e+00  4.857453773010121803e-08  4.857453773010121803e-08
9.115273786873142825e+00  2.806514634515409329e-15  2.806514634515409329e-15
9.215273786873142470e+00  2.423436824399065462e-27  2.423436824399065462e-27
9.315273786873142114e+00  3.127532640936699274e-44  3.127532640936699274e-44
9.415273786873141759e+00  1.409772029298203486e-60  1.409772029298203486e-60
9.515273786873143180e+00  4.924914746930123573e-41  4.924914746930123573e-41
9.615273786873142825e+00  7.810981040126083015e-26  7.810981040126083015e-26
9.715273786873142470e+00  5.624289035204102676e-15  5.624289035204102676e-15
9.815273786873142114e+00  1.838589856388470957e-08  1.838589856388470957e-08
9.915273786873141759e+00  2.728709288805561412e-06  2.728709288805561412e-06
1.001527378687314318e+01  1.838589856388144386e-08  1.838589856388144386e-08
1.011527378687314283e+01  5.624289035202105280e-15  5.624289035202105280e-15
1.021527378687314247e+01  7.810981040121919423e-26  7.810981040121919423e-26
1.031527378687314211e+01  4.924914746926624378e-41  4.924914746926624378e-41
1.041527378687314176e+01  2.690248966896707231e-56  2.690248966896707231e-56
