-1.629994206007257418e+00  0.000000000000000000e+00  0.000000000000000000e+00
-1.529994206007257329e+00  0.000000000000000000e+00  0.000000000000000000e+00
-1.429994206007257240e+00  0.000000000000000000e+00  0.000000000000000000e+00
-1.329994206007257596e+00  0.000000000000000000e+00  0.000000000000000000e+00
-1.229994206007257507e+00  0.000000000000000000e+00  0.000000000000000000e+00
-1.129994206007257418e+00  0.000000000000000000e+00  0.000000000000000000e+00
-1.029994206007257329e+00  0.000000000000000000e+00  0.000000000000000000e+00
-9.299942060072572403e-01  0.000000000000000000e+00  0.000000000000000000e+00
-8.299942060072573735e-01  0.000000000000000000e+00  0.000000000000000000e+00
-7.299942060072575067e-01  0.000000000000000000e+00  0.000000000000000000e+00
-6.299942060072574179e-01  0.000000000000000000e+00  0.000000000000000000e+00
-5.299942060072573291e-01  0.000000000000000000e+00  0.000000000000000000e+00
-4.299942060072572403e-01  0.000000000000000000e+00  0.000000000000000000e+00
-3.299942060072573735e-01  0.000000000000000000e+00  0.000000000000000000e+00
-2.299942060072572847e-01  1.320036256360107196e-291  1.320036256360107196e-291
-1.299942060072574179e-01  6.141513561231635594e-241  6.141513561231635594e-241
-2.999420600725732911e-02  4.270421344734526103e-195  4.270421344734526103e-195
7.000579399274275971e-02  4.437841589005591705e-154  4.437841589005591705e-154
1.700057939927426265e-01  6.892529301973247596e-118  6.892529301973247596e-118
2.700057939927427153e-01  1.599893975285183152e-86  1.599893975285183152e-86
3.700057939927425821e-01  5.550211609499063179e-60  5.550211609499063179e-60
4.700057939927426709e-01  2.877621281659916735e-38  2.877621281659916735e-38
5.700057939927427597e-01  2.229787561405316211e-21  2.229787561405316211e-21
6.700057939927428485e-01  2.582254820897274881e-09  2.582254820897274881e-09
7.700057939927429373e-01  4.469309822361101914e-02  4.469309822361101914e-02
8.700057939927425821e-01  1.156079189719217304e+01  1.156079189719217304e+01
9.700057939927426709e-01  4.469309822360883339e-02  4.469309822360883339e-02
1.070005793992742760e+00  2.582254820897027141e-09  2.582254820897027141e-09
1.170005793992742849e+00  2.229787561404983687e-21  2.229787561404983687e-21
1.270005793992742937e+00  2.877624982933064972e-38  2.877624982933064972e-38
1.370005793992742582e+00  6.893826878245058530e-31  6.893826878245058530e-31
1.470005793992742671e+00  4.963893104174111764e-20  4.963893104174111764e-20
1.570005793992742760e+00  1.381775049511029554e-11  1.381775049511029554e-11
1.670005793992742849e+00  1.486980080048908599e-05  1.486980080048908599e-05
1.770005793992742937e+00  6.186226729776967553e-02  6.186226729776967553e-02
1.870005793992742582e+00  9.949457334694988830e-01  9.949457334694988830e-01
1.970005793992742671e+00  6.186226729776813510e-02  6.186226729776813510e-02
2.070005793992742760e+00  1.486980080048834738e-05  1.486980080048834738e-05
2.170005793992742849e+00  1.381775049510926318e-11  1.381775049510926318e-11
2.270005793992742937e+00  4.963893104338892525e-20  4.963893104338892525e-20
2.370005793992742582e+00  1.161303722026435935e-21  1.161303722026435935e-21
2.470005793992743115e+00  2.009958926792971720e-14  2.009958926792971720e-14
2.570005793992742760e+00  8.569006390218758885e-09  8.569006390218758885e-09
2.670005793992742404e+00  8.998614964917470030e-05  8.998614964917470030e-05
2.770005793992742937e+00  2.327677406741474400e-02  2.327677406741474400e-02
2.870005793992742582e+00  1.483104770209012491e-01  1.483104770209012491e-01
2.970005793992743115e+00  2.327677406741397725e-02  2.327677406741397725e-02
3.070005793992742760e+00  8.998614964917470030e-05  8.998614964917470030e-05
3.170005793992743293e+00  8.569006390217905235e-09  8.569006390217905235e-09
3.270005793992742937e+00  2.009958927328736386e-14  2.009958927328736386e-14
3.370005793992742582e+00  2.313444236213151067e-17  2.313444236213151067e-17
3.470005793992743115e+00  6.207521867538883039e-12  6.207521867538883039e-12
3.570005793992742760e+00  1.035680313388388129e-07  1.035680313388388129e-07
3.670005793992743293e+00  1.074384225390764516e-04  1.074384225390764516e-04
3.770005793992742937e+00  6.929788252511522202e-03  6.929788252511522202e-03
3.870005793992742582e+00  2.779116449977250131e-02  2.779116449977250131e-02
3.970005793992743115e+00  6.929788252511353067e-03  6.929788252511353067e-03
4.070005793992742760e+00  1.074384225390711932e-04  1.074384225390711932e-04
4.170005793992743293e+00  1.035680313388310969e-07  1.035680313388310969e-07
4.270005793992742937e+00  6.207521892641499493e-12  6.207521892641499493e-12
4.370005793992742582e+00  5.125515367688726448e-15  5.125515367688726448e-15
4.470005793992743115e+00  1.123874445032077488e-10  1.123874445032077488e-10
4.570005793992742760e+00  2.682648466526069080e-07  2.682648466526069080e-07
4.670005793992743293e+00  6.939223702877505499e-05  6.939223702877505499e-05
4.770005793992742937e+00  1.945177158982622613e-03  1.945177158982622613e-03
4.870005793992742582e+00  5.908926468742642032e-03  5.908926468742642032e-03
4.970005793992743115e+00  1.945177158982584883e-03  1.945177158982584883e-03
5.070005793992742760e+00  6.939223702877234448e-05  6.939223702877234448e-05
5.170005793992743293e+00  2.682648466525912379e-07  2.682648466525912379e-07
5.270005793992742937e+00  1.123874490477031892e-10  1.123874490477031892e-10
5.370005793992742582e+00  1.255662345691643781e-13  1.255662345691643781e-13
5.470005793992743115e+00  5.011611885293131764e-10  5.011611885293131764e-10
5.570005793992742760e+00  3.272269560595787309e-07  3.272269560595787309e-07
5.670005793992743293e+00  3.353294324335370048e-05  3.353294324335370048e-05
5.770005793992742937e+00  5.393183966254738943e-04  5.393183966254738943e-04
5.870005793992742582e+00  1.361349872429184213e-03  1.361349872429184213e-03
5.970005793992743115e+00  5.393183966254650038e-04  5.393183966254650038e-04
6.070005793992742760e+00  3.353294324335259595e-05  3.353294324335259595e-05
6.170005793992743293e+00  3.272269560595667136e-07  3.272269560595667136e-07
6.270005793992742937e+00  5.011613179664867284e-10  5.011613179664867284e-10
6.370005793992742582e+00  9.214096195614526605e-13  9.214096195614526605e-13
6.470005793992742227e+00  1.013226534526139450e-09  1.013226534526139450e-09
6.570005793992743648e+00  2.620919453653995853e-07  2.620919453653995853e-07
6.670005793992743293e+00  1.386259309118319595e-05  1.386259309118319595e-05
6.770005793992742937e+00  1.499266911449524003e-04  1.499266911449524003e-04
6.870005793992742582e+00  3.315561717832824721e-04  3.315561717832824721e-04
6.970005793992742227e+00  1.499266911449524003e-04  1.499266911449524003e-04
7.070005793992743648e+00  1.386259309118241837e-05  1.386259309118241837e-05
7.170005793992743293e+00  2.620919453655173229e-07  2.620919453655173229e-07
7.270005793992742937e+00  1.013227698075071425e-09  1.013227698075071425e-09
7.370005793992742582e+00  3.227583117256181131e-12  3.227583117256181131e-12
7.470005793992742227e+00  1.257029397673308612e-09  1.257029397673308612e-09
7.570005793992743648e+00  1.623675065073791376e-07  1.623675065073791376e-07
7.670005793992743293e+00  5.229571104182836380e-06  5.229571104182836380e-06
7.770005793992742937e+00  4.199970528349048648e-05  4.199970528349048648e-05
7.870005793992742582e+00  8.410845068023685173e-05  8.410845068023685173e-05
7.970005793992744003e+00  4.199970528348944971e-05  4.199970528348944971e-05
8.070005793992743648e+00  5.229571104182578035e-06  5.229571104182578035e-06
8.170005793992743293e+00  1.623675065089718772e-07  1.623675065089718772e-07
8.270005793992742937e+00  1.257034184861646268e-09  1.257034184861646268e-09
8.370005793992742582e+00  6.797654387005126605e-12  6.797654387005126605e-12
8.470005793992744003e+00  1.130654901003776983e-09  1.130654901003776983e-09
8.570005793992743648e+00  8.509630749631332901e-08  8.509630749631332901e-08
8.670005793992743293e+00  1.863484493193021022e-06  1.863484493193021022e-06
8.770005793992742937e+00  1.187339247724224235e-05  1.187339247724224235e-05
8.870005793992742582e+00  2.201191551457508990e-05  2.201191551457508990e-05
8.970005793992744003e+00  1.187339247724197977e-05  1.187339247724197977e-05
9.070005793992743648e+00  1.863484493192941401e-06  1.863484493192941401e-06
9.170005793992743293e+00  8.509630750505349141e-08  8.509630750505349141e-08
9.270005793992742937e+00  1.130665902506955019e-09  1.130665902506955019e-09
9.370005793992742582e+00  9.857550349446179898e-12  9.857550349446179898e-12
9.470005793992744003e+00  8.142786580979057619e-10  8.142786580979057619e-10
9.570005793992743648e+00  3.978262308797664218e-08  3.978262308797664218e-08
9.670005793992743293e+00  6.398335016640039242e-07  6.398335016640039242e-07
9.770005793992742937e+00  3.387592108517427161e-06  3.387592108517427161e-06
9.870005793992742582e+00  5.904264769634690204e-06  5.904264769634690204e-06
9.970005793992744003e+00  3.387592108517360245e-06  3.387592108517360245e-06
1.007000579399274365e+01  6.398335016639935481e-07  6.398335016639935481e-07
1.017000579399274329e+01  3.978262311524792009e-08  3.978262311524792009e-08
1.027000579399274294e+01  8.142942562406782945e-10  8.142942562406782945e-10
1.037000579399274258e+01  1.079310787765934591e-11  1.079310787765934591e-11
