-1.530927834983163649e+00  7.003225715807847041e-14  7.003225715807847041e-14
-1.430927834983163116e+00  7.520443723670390713e-13  7.520443723670390713e-13
-1.330927834983163471e+00  7.396897402191719066e-12  7.396897402191719066e-12
-1.230927834983163383e+00  6.628350363333432784e-11  6.628350363333432784e-11
-1.130927834983163294e+00  5.398564899660793009e-10  5.398564899660793009e-10
-1.030927834983163649e+00  3.992041956982102925e-09  3.992041956982102925e-09
-9.309278349831633381e-01  2.678749516313737688e-08  2.678749516313737688e-08
-8.309278349831634713e-01  1.630722195668443411e-07  1.630722195668443411e-07
-7.309278349831633825e-01  9.004993177229505159e-07  9.004993177229505159e-07
-6.309278349831632937e-01  4.510382466050962344e-06  4.510382466050962344e-06
-5.309278349831634269e-01  2.049058191783839099e-05  2.049058191783839099e-05
-4.309278349831633381e-01  8.443013086399392007e-05  8.443013086399392007e-05
-3.309278349831632493e-01  3.155280230576464821e-04  3.155280230576464821e-04
-2.309278349831633825e-01  1.069480498827279219e-03  1.069480498827279219e-03
-1.309278349831632937e-01  3.287764149490513595e-03  3.287764149490513595e-03
-3.092783498316342694e-02  9.166857315063323131e-03  9.166857315063323131e-03
6.907216501683666188e-02  2.318099458286459677e-02  2.318099458286459677e-02
1.690721650168367507e-01  5.316620847308182324e-02  5.316620847308182324e-02
2.690721650168366175e-01  1.105941528507352473e-01  1.105941528507352473e-01
3.690721650168367063e-01  2.086522644137091265e-01  2.086522644137091265e-01
4.690721650168365731e-01  3.570354522798432906e-01  3.570354522798432906e-01
5.690721650168366619e-01  5.541174539073171479e-01  5.541174539073171479e-01
6.690721650168367507e-01  7.800155450113377409e-01  7.800155450113377409e-01
7.690721650168368395e-01  9.959356126343521520e-01  9.959356126343521520e-01
8.690721650168369283e-01  1.153492553786379604e+00  1.153492553786379604e+00
9.690721650168365731e-01  1.212018354747591564e+00  1.212018354747591564e+00
1.069072165016836662e+00  1.155643381318872231e+00  1.155643381318872231e+00
1.169072165016836751e+00  1.000420024512684192e+00  1.000420024512684192e+00
1.269072165016836840e+00  7.871507697628186140e-01  7.871507697628186140e-01
1.369072165016836928e+00  5.642651200656948474e-01  5.642651200656948474e-01
1.469072165016836573e+00  3.704838435087381421e-01  3.704838435087381421e-01
1.569072165016836662e+00  2.254931886957604881e-01  2.254931886957604881e-01
1.669072165016836751e+00  1.306226778574649805e-01  1.306226778574649805e-01
1.769072165016836840e+00  7.583140421214706883e-02  7.583140421214706883e-02
1.869072165016836928e+00  4.760696259141636993e-02  4.760696259141636993e-02
1.969072165016836573e+00  3.424641482312779789e-02  3.424641482312779789e-02
2.069072165016836884e+00  2.783091723514076812e-02  2.783091723514076812e-02
2.169072165016836529e+00  2.397243472237991016e-02  2.397243472237991016e-02
2.269072165016837062e+00  2.070987621022480143e-02  2.070987621022480143e-02
2.369072165016836706e+00  1.743287185311640647e-02  1.743287185311640647e-02
2.469072165016836351e+00  1.414232527414115495e-02  1.414232527414115495e-02
2.569072165016836884e+00  1.103461597046190117e-02  1.103461597046190117e-02
2.669072165016836529e+00  8.302543800137738086e-03  8.302543800137738086e-03
2.769072165016836173e+00  6.059775822949914695e-03  6.059775822949914695e-03
2.869072165016836706e+00  4.330136588830039469e-03  4.330136588830039469e-03
2.969072165016836351e+00  3.067658453882366604e-03  3.067658453882366604e-03
3.069072165016836884e+00  2.186852189363722165e-03  2.186852189363722165e-03
3.169072165016836529e+00  1.590848033254953654e-03  1.590848033254953654e-03
3.269072165016837062e+00  1.191246664211170194e-03  1.191246664211170194e-03
3.369072165016836706e+00  9.183164261900399325e-04  9.183164261900399325e-04
3.469072165016836351e+00  7.232432219862990671e-04  7.232432219862990671e-04
3.569072165016836884e+00  5.754082895063506592e-04  5.754082895063506592e-04
3.669072165016836529e+00  4.575599602550108839e-04  4.575599602550108839e-04
3.769072165016837062e+00  3.609171944593413030e-04  3.609171944593413030e-04
3.869072165016836706e+00  2.812751415457106921e-04  2.812751415457106921e-04
3.969072165016836351e+00  2.164183781584100904e-04  2.164183781584100904e-04
4.069072165016836884e+00  1.646935707526539776e-04  1.646935707526539776e-04
4.169072165016836529e+00  1.244098351634494322e-04  1.244098351634494322e-04
4.269072165016837062e+00  9.372627590059427174e-05  9.372627590059427174e-05
4.369072165016836706e+00  7.076088964842198179e-05  7.076088964842198179e-05
4.469072165016836351e+00  5.375056283465436309e-05  5.375056283465436309e-05
4.569072165016836884e+00  4.117503574403609941e-05  4.117503574403609941e-05
4.669072165016836529e+00  3.181626912734867701e-05  3.181626912734867701e-05
4.769072165016837062e+00  2.475850214736132271e-05  2.475850214736132271e-05
4.869072165016836706e+00  1.934874775068420497e-05  1.934874775068420497e-05
4.969072165016836351e+00  1.513929645217417145e-05  1.513929645217417145e-05
5.069072165016836884e+00  1.182908108774914523e-05  1.182908108774914523e-05
5.169072165016836529e+00  9.213982774891650178e-06  9.213982774891650178e-06
5.269072165016837062e+00  7.150044254934680488e-06  7.150044254934680488e-06
5.369072165016836706e+00  5.529299235578551056e-06  5.529299235578551056e-06
5.469072165016836351e+00  4.265674795714593235e-06  4.265674795714593235e-06
5.569072165016836884e+00  3.287761041696731310e-06  3.287761041696731310e-06
5.669072165016836529e+00  2.535566623139628794e-06  2.535566623139628794e-06
5.769072165016837062e+00  1.959144230450879182e-06  1.959144230450879182e-06
5.869072165016836706e+00  1.517792414152406542e-06  1.517792414152406542e-06
5.969072165016836351e+00  1.179209501249020194e-06  1.179209501249020194e-06
6.069072165016836884e+00  9.184208461726951811e-07  9.184208461726951811e-07
6.169072165016836529e+00  7.165373466689378019e-07  7.165373466689378019e-07
6.269072165016837062e+00  5.594861146952265655e-07  5.594861146952265655e-07
6.369072165016836706e+00  4.368456783985581610e-07  4.368456783985581610e-07
6.469072165016836351e+00  3.408696384233045216e-07  3.408696384233045216e-07
6.569072165016835996e+00  2.657286445030502625e-07  2.657286445030502625e-07
6.669072165016837417e+00  2.069587612404802510e-07  2.069587612404802510e-07
6.769072165016837062e+00  1.610803138831179083e-07  1.610803138831179083e-07
6.869072165016836706e+00  1.253433278615348737e-07  1.253433278615348737e-07
6.969072165016836351e+00  9.755868647023590539e-08  9.755868647023590539e-08
7.069072165016835996e+00  7.598275869862422032e-08  7.598275869862422032e-08
7.169072165016837417e+00  5.923326761876568839e-08  5.923326761876568839e-08
7.269072165016837062e+00  4.622297369109912924e-08  4.622297369109912924e-08
7.369072165016836706e+00  3.610420083239015746e-08  3.610420083239015746e-08
7.469072165016836351e+00  2.822123721883064875e-08  2.822123721883064875e-08
7.569072165016835996e+00  2.206966583771221739e-08  2.206966583771221739e-08
7.669072165016837417e+00  1.726238059506773861e-08  1.726238059506773861e-08
7.769072165016837062e+00  1.350203266358471810e-08  1.350203266358471810e-08
7.869072165016836706e+00  1.055937840791963925e-08  1.055937840791963925e-08
7.969072165016836351e+00  8.256732968939202571e-09  8.256732968939202571e-09
8.069072165016837772e+00  6.455590249398664628e-09  6.455590249398664628e-09
8.169072165016837417e+00  5.047468047048220814e-09  5.047468047048220814e-09
8.269072165016837062e+00  3.947141719574989524e-09  3.947141719574989524e-09
8.369072165016836706e+00  3.087590348786509697e-09  3.087590348786509697e-09
8.469072165016836351e+00  2.416150849654299341e-09  2.416150849654299341e-09
8.569072165016837772e+00  1.891527693302653663e-09  1.891527693302653663e-09
8.669072165016837417e+00  1.481424508049269338e-09  1.481424508049269338e-09
8.769072165016837062e+00  1.160646667319791891e-09  1.160646667319791891e-09
8.869072165016836706e+00  9.095763191974626713e-10  9.095763191974626713e-10
8.969072165016836351e+00  7.129514109362322567e-10  7.129514109362322567e-10
9.069072165016837772e+00  5.588963142324128158e-10  5.588963142324128158e-10
9.169072165016837417e+00  4.381601855486943999e-10  4.381601855486943999e-10
9.269072165016837062e+00  3.435245437846416722e-10  3.435245437846416722e-10
9.369072165016836706e+00  2.693460898933149595e-10  2.693460898933149595e-10
9.469072165016836351e+00  2.112054699367437108e-10  2.112054699367437108e-10
9.569072165016837772e+00  1.656375826068941657e-10  1.656375826068941657e-10
9.669072165016837417e+00  1.299238662833054544e-10  1.299238662833054544e-10
9.769072165016837062e+00  1.019314193823278960e-10  1.019314193823278960e-10
9.869072165016836706e+00  7.998756097364851438e-11  7.998756097364851438e-11
9.969072165016836351e+00  6.278142428394102526e-11  6.278142428394102526e-11
1.006907216501683777e+01  4.928642091271458395e-11  4.928642091271458395e-11
1.016907216501683742e+01  3.869902803041966457e-11  3.869902803041966457e-11
1.026907216501683706e+01  3.039047819931863192e-11  3.039047819931863192e-11
1.036907216501683671e+01  2.386871258561804724e-11  2.386871258561804724e-11
1.046907216501683635e+01  1.874850991389473031e-11  1.874850991389473031e-11
