-1.500000000000067946e+00  2.134047202250171361e-12  2.134047202250171361e-12
-1.400000000000067857e+00  1.776797064400300543e-11  1.776797064400300543e-11
-1.300000000000068212e+00  1.356759615017549431e-10  1.356759615017549431e-10
-1.200000000000067679e+00  9.501655083467042801e-10  9.501655083467042801e-10
-1.100000000000068034e+00  6.102768382628163148e-09  6.102768382628163148e-09
-1.000000000000067946e+00  3.594891499730399591e-08  3.594891499730399591e-08
-9.000000000000678568e-01  1.942119549403692655e-07  1.942119549403692655e-07
-8.000000000000677680e-01  9.622710181751611066e-07  9.622710181751611066e-07
-7.000000000000679012e-01  4.372704455100891193e-06  4.372704455100891193e-06
-6.000000000000680345e-01  1.822359761059709122e-05  1.822359761059709122e-05
-5.000000000000679456e-01  6.965453268190574055e-05  6.965453268190574055e-05
-4.000000000000678568e-01  2.441720343365754863e-04  2.441720343365754863e-04
-3.000000000000677680e-01  7.850073688564697828e-04  7.850073688564697828e-04
-2.000000000000679012e-01  2.314636613316135415e-03  2.314636613316135415e-03
-1.000000000000678124e-01  6.259262666737217332e-03  6.259262666737217332e-03
-6.794564910705958027e-14  1.552368452559217335e-02  1.552368452559217335e-02
9.999999999993214317e-02  3.530999963265749747e-02  3.530999963265749747e-02
1.999999999999322320e-01  7.366002991827312607e-02  7.366002991827312607e-02
2.999999999999320988e-01  1.409280173143414305e-01  1.409280173143414305e-01
3.999999999999321876e-01  2.472828891671591811e-01  2.472828891671591811e-01
4.999999999999320544e-01  3.979440940697862583e-01  3.979440940697862583e-01
5.999999999999321432e-01  5.873288501352815771e-01  5.873288501352815771e-01
6.999999999999322320e-01  7.950086942420151459e-01  7.950086942420151459e-01
7.999999999999323208e-01  9.869466907005739476e-01  9.869466907005739476e-01
8.999999999999324096e-01  1.123690697015912843e+00  1.123690697015912843e+00
9.999999999999320544e-01  1.173359648239507891e+00  1.173359648239507891e+00
1.099999999999932143e+00  1.123690697015912177e+00  1.123690697015912177e+00
1.199999999999932232e+00  9.869466907005731704e-01  9.869466907005731704e-01
1.299999999999932321e+00  7.950086942420141467e-01  7.950086942420141467e-01
1.399999999999932410e+00  5.873288501352806890e-01  5.873288501352806890e-01
1.499999999999932054e+00  3.979440940697862583e-01  3.979440940697862583e-01
1.599999999999932143e+00  2.472828891671589313e-01  2.472828891671589313e-01
1.699999999999932232e+00  1.409280173143412362e-01  1.409280173143412362e-01
1.799999999999932321e+00  7.366002991827286239e-02  7.366002991827286239e-02
1.899999999999932410e+00  3.530999963265737257e-02  3.530999963265737257e-02
1.999999999999932054e+00  1.552368452559217335e-02  1.552368452559217335e-02
2.099999999999932143e+00  6.259262666737206056e-03  6.259262666737206056e-03
2.199999999999932232e+00  2.314636613316131079e-03  2.314636613316131079e-03
2.299999999999932321e+00  7.850073688564662049e-04  7.850073688564662049e-04
2.399999999999932410e+00  2.441720343365741852e-04  2.441720343365741852e-04
2.499999999999932054e+00  6.965453268190574055e-05  6.965453268190574055e-05
2.599999999999932587e+00  1.822359761059699296e-05  1.822359761059699296e-05
2.699999999999932232e+00  4.372704455100875100e-06  4.372704455100875100e-06
2.799999999999931877e+00  9.622710181751611066e-07  9.622710181751611066e-07
2.899999999999932410e+00  1.942119549403682067e-07  1.942119549403682067e-07
2.999999999999932054e+00  3.594891499730399591e-08  3.594891499730399591e-08
3.099999999999932587e+00  6.102768382628119307e-09  6.102768382628119307e-09
3.199999999999932232e+00  9.501655083467042801e-10  9.501655083467042801e-10
3.299999999999932765e+00  1.356759615017520480e-10  1.356759615017520480e-10
3.399999999999932410e+00  1.776797064400287941e-11  1.776797064400287941e-11
3.499999999999932054e+00  2.134047202250171361e-12  2.134047202250171361e-12
3.599999999999932587e+00  2.350723167882287957e-13  2.350723167882287957e-13
3.699999999999932232e+00  2.374817426720145788e-14  2.374817426720145788e-14
3.799999999999932765e+00  2.200342260022979284e-15  2.200342260022979284e-15
3.899999999999932410e+00  1.869741320698211613e-16  1.869741320698211613e-16
3.999999999999932054e+00  1.457149410938415539e-17  1.457149410938415539e-17
4.099999999999932143e+00  1.041496746051323471e-18  1.041496746051323471e-18
4.199999999999931788e+00  6.827206247916317658e-20  6.827206247916317658e-20
4.299999999999933209e+00  4.104491888155583246e-21  4.104491888155583246e-21
4.399999999999932854e+00  2.263117243148946847e-22  2.263117243148946847e-22
4.499999999999932498e+00  1.144421422330026187e-23  1.144421422330026187e-23
4.599999999999932143e+00  5.307575455267207199e-25  5.307575455267207199e-25
4.699999999999931788e+00  2.257551407330891319e-26  2.257551407330891319e-26
4.799999999999933209e+00  8.806643036035369683e-28  8.806643036035369683e-28
4.899999999999932854e+00  3.150753382096274931e-29  3.150753382096274931e-29
4.999999999999932498e+00  1.033831360875052853e-30  1.033831360875052853e-30
5.099999999999932143e+00  3.111116444774462945e-32  3.111116444774462945e-32
5.199999999999931788e+00  8.586459066979170710e-34  8.586459066979170710e-34
5.299999999999933209e+00  2.173417775019553900e-35  2.173417775019553900e-35
5.399999999999932854e+00  5.045492888732095679e-37  5.045492888732095679e-37
5.499999999999932498e+00  1.074225000298304125e-38  1.074225000298304125e-38
5.599999999999932143e+00  2.097578320201135171e-40  2.097578320201135171e-40
5.699999999999931788e+00  3.756404819490298498e-42  3.756404819490298498e-42
5.799999999999933209e+00  6.169612185940051862e-44  6.169612185940051862e-44
5.899999999999932854e+00  9.293399686213896343e-46  9.293399686213896343e-46
5.999999999999932498e+00  1.283874693295449373e-47  1.283874693295449373e-47
6.099999999999932143e+00  1.626679279366004651e-49  1.626679279366004651e-49
6.199999999999931788e+00  1.890220652904367467e-51  1.890220652904367467e-51
6.299999999999933209e+00  2.014440046984680629e-53  2.014440046984680629e-53
6.399999999999932854e+00  1.968917242964718169e-55  1.968917242964718169e-55
6.499999999999932498e+00  1.764947743398204404e-57  1.764947743398204404e-57
6.599999999999932143e+00  1.451000337516330232e-59  1.451000337516330232e-59
6.699999999999933564e+00  1.094043143730311520e-61  1.094043143730311520e-61
6.799999999999933209e+00  7.565413277703565993e-64  7.565413277703565993e-64
6.899999999999932854e+00  4.798020940113420036e-66  4.798020940113420036e-66
6.999999999999932498e+00  2.790762598300140460e-68  2.790762598300140460e-68
7.099999999999932143e+00  1.488726510194545751e-70  1.488726510194545751e-70
7.199999999999933564e+00  7.283468114938748424e-73  7.283468114938748424e-73
7.299999999999933209e+00  3.268080892865669945e-75  3.268080892865669945e-75
7.399999999999932854e+00  1.344864858324240987e-77  1.344864858324240987e-77
7.499999999999932498e+00  5.075697910681144663e-80  5.075697910681144663e-80
7.599999999999932143e+00  1.756888339529041518e-82  1.756888339529041518e-82
7.699999999999933564e+00  5.577297715313762028e-85  5.577297715313762028e-85
7.799999999999933209e+00  1.623808341811694960e-87  1.623808341811694960e-87
7.899999999999932854e+00  4.335877280630456115e-90  4.335877280630456115e-90
7.999999999999932498e+00  1.061818942124893191e-92  1.061818942124893191e-92
8.099999999999933920e+00  2.384817932067907580e-95  2.384817932067907580e-95
8.199999999999933564e+00  4.912372164614489400e-98  4.912372164614489400e-98
8.299999999999933209e+00  9.280226332611878503e-101  9.280226332611878503e-101
8.399999999999932854e+00  1.607893012276970899e-103  1.607893012276970899e-103
8.499999999999932498e+00  2.554977033247669612e-106  2.554977033247669612e-106
8.599999999999933920e+00  3.723472293437083434e-109  3.723472293437083434e-109
8.699999999999933564e+00  4.976689272811665501e-112  4.976689272811665501e-112
8.799999999999933209e+00  6.100482675297619148e-115  6.100482675297619148e-115
8.899999999999932854e+00  6.858342089974284557e-118  6.858342089974284557e-118
8.999999999999932498e+00  7.071399319730749012e-121  7.071399319730749012e-121
9.099999999999933920e+00  6.686869603086497869e-124  6.686869603086497869e-124
9.199999999999933564e+00  5.799247173302224173e-127  5.799247173302224173e-127
9.299999999999933209e+00  4.612662272195152315e-130  4.612662272195152315e-130
9.399999999999932854e+00  3.364828774963738719e-133  3.364828774963738719e-133
9.499999999999932498e+00  2.251155804829361227e-136  2.251155804829361227e-136
9.599999999999933920e+00  1.381272647753732892e-139  1.381272647753732892e-139
9.699999999999933564e+00  7.772926176311989482e-143  7.772926176311989482e-143
9.799999999999933209e+00  4.011630709930005987e-146  4.011630709930005987e-146
9.899999999999932854e+00  1.898841106068652374e-149  1.898841106068652374e-149
9.999999999999932498e+00  8.243043190791757377e-153  8.243043190791757377e-153
1.009999999999993392e+01  3.281842986775789891e-156  3.281842986775789891e-156
1.019999999999993356e+01  1.198337903535804741e-159  1.198337903535804741e-159
1.029999999999993321e+01  4.013026859828773900e-163  4.013026859828773900e-163
1.039999999999993285e+01  1.232526058279039447e-166  1.232526058279039447e-166
1.049999999999993250e+01  3.471773841564360404e-170  3.471773841564360404e-170
