-1.500000000000000000e+00  2.567749386590898747e-47  2.567749386590898747e-47
-1.400000000000000355e+00  1.233922437188045420e-43  1.233922437188045420e-43
-1.300000000000000266e+00  4.195156640402449789e-40  4.195156640402449789e-40
-1.200000000000000178e+00  1.009098577746419136e-36  1.009098577746419136e-36
-1.100000000000000533e+00  1.717291813395834142e-33  1.717291813395834142e-33
-1.000000000000000000e+00  2.067662721750105707e-30  2.067662721750105707e-30
-9.000000000000001332e-01  1.761328607207111603e-27  1.761328607207111603e-27
-8.000000000000002665e-01  1.061515091053479092e-24  1.061515091053479092e-24
-7.000000000000001776e-01  4.526234486297957641e-22  4.526234486297957641e-22
-6.000000000000000888e-01  1.365441249583263532e-19  1.365441249583263532e-19
-5.000000000000002220e-01  2.914298821876831079e-17  2.914298821876831079e-17
-4.000000000000001332e-01  4.400684520046052442e-15  4.400684520046052442e-15
-3.000000000000000444e-01  4.701446335764659723e-13  4.701446335764659723e-13
-2.000000000000001776e-01  3.553594128800601085e-11  3.553594128800601085e-11
-1.000000000000000888e-01  1.900331016693422209e-09  1.900331016693422209e-09
-2.220446049250313081e-16  7.189782999460799181e-08  7.189782999460799181e-08
9.999999999999986677e-02  1.924542036350322213e-06  1.924542036350322213e-06
1.999999999999999556e-01  3.644719522119450091e-05  3.644719522119450091e-05
2.999999999999998224e-01  4.883440686731509725e-04  4.883440686731509725e-04
3.999999999999999112e-01  4.629273226632282974e-03  4.629273226632282974e-03
4.999999999999997780e-01  3.104736905118434670e-02  3.104736905118434670e-02
5.999999999999998668e-01  1.473200598365462521e-01  1.473200598365462521e-01
6.999999999999999556e-01  4.945657783343189728e-01  4.945657783343189728e-01
8.000000000000000444e-01  1.174657700270564709e+00  1.174657700270564709e+00
9.000000000000001332e-01  1.973893381401149449e+00  1.973893381401149449e+00
9.999999999999997780e-01  2.346719296479015782e+00  2.346719296479015782e+00
1.099999999999999867e+00  1.973893381401146341e+00  1.973893381401146341e+00
1.199999999999999956e+00  1.174657700270561378e+00  1.174657700270561378e+00
1.300000000000000044e+00  4.945657783343166414e-01  4.945657783343166414e-01
1.400000000000000133e+00  1.473200598365453362e-01  1.473200598365453362e-01
1.499999999999999778e+00  3.104736905118434670e-02  3.104736905118434670e-02
1.599999999999999867e+00  4.629273226632262157e-03  4.629273226632262157e-03
1.699999999999999956e+00  4.883440686731483705e-04  4.883440686731483705e-04
1.800000000000000044e+00  3.644719522119398592e-05  3.644719522119398592e-05
1.900000000000000133e+00  1.924542036350294685e-06  1.924542036350294685e-06
1.999999999999999778e+00  7.189782999460799181e-08  7.189782999460799181e-08
2.099999999999999645e+00  1.900331016693408560e-09  1.900331016693408560e-09
2.200000000000000178e+00  3.553594128800575882e-11  3.553594128800575882e-11
2.299999999999999822e+00  4.701446335764575914e-13  4.701446335764575914e-13
2.400000000000000355e+00  4.400684520045958568e-15  4.400684520045958568e-15
2.500000000000000000e+00  2.914298821876831079e-17  2.914298821876831079e-17
2.600000000000000533e+00  1.365441249583234402e-19  1.365441249583234402e-19
2.700000000000000178e+00  4.526234486297893694e-22  4.526234486297893694e-22
2.799999999999999822e+00  1.061515091053479092e-24  1.061515091053479092e-24
2.900000000000000355e+00  1.761328607207073937e-27  1.761328607207073937e-27
3.000000000000000000e+00  2.067662721750105707e-30  2.067662721750105707e-30
3.100000000000000533e+00  1.717291813395785562e-33  1.717291813395785562e-33
3.200000000000000178e+00  1.009098577746419136e-36  1.009098577746419136e-36
3.300000000000000711e+00  4.195156640402091712e-40  4.195156640402091712e-40
3.400000000000000355e+00  1.233922437188010372e-43  1.233922437188010372e-43
3.500000000000000000e+00  2.567749386590898747e-47  2.567749386590898747e-47
3.600000000000000533e+00  3.780441305808627514e-51  3.780441305808627514e-51
3.700000000000000178e+00  3.937834485929436337e-55  3.937834485929436337e-55
3.800000000000000711e+00  2.902000675032413289e-59  2.902000675032413289e-59
3.900000000000000355e+00  1.513082655540713199e-63  1.513082655540713199e-63
4.000000000000000000e+00  5.581525196600280921e-68  5.581525196600280921e-68
4.100000000000000533e+00  1.456693622987749685e-72  1.456693622987749685e-72
4.200000000000000178e+00  2.689729716648481974e-77  2.689729716648481974e-77
4.300000000000000711e+00  3.513776679057783410e-82  3.513776679057783410e-82
4.400000000000000355e+00  3.247616683623389919e-87  3.247616683623389919e-87
4.500000000000000000e+00  2.123637884249786381e-92  2.123637884249786381e-92
4.600000000000000533e+00  9.824744329228978800e-98  9.824744329228978800e-98
4.700000000000000178e+00  3.215786024553941798e-103  3.215786024553941798e-103
4.800000000000000711e+00  7.446944586874166869e-109  7.446944586874166869e-109
4.900000000000000355e+00  1.220096535059523830e-114  1.220096535059523830e-114
5.000000000000000000e+00  1.414279863946149802e-120  1.414279863946149802e-120
5.100000000000000533e+00  1.159849434660444835e-126  1.159849434660444835e-126
5.200000000000000178e+00  6.729657549927477439e-133  6.729657549927477439e-133
5.300000000000000711e+00  2.762545295507465784e-139  2.762545295507465784e-139
5.400000000000000355e+00  8.023261419860011974e-146  8.023261419860011974e-146
5.500000000000000000e+00  1.648608638158351475e-152  1.648608638158351475e-152
5.600000000000000533e+00  2.396675807071609482e-159  2.396675807071609482e-159
5.700000000000000178e+00  2.465052116558078893e-166  2.465052116558078893e-166
5.800000000000000711e+00  1.793775186496785014e-173  1.793775186496785014e-173
5.900000000000000355e+00  9.234959842296947148e-181  9.234959842296947148e-181
6.000000000000000000e+00  3.363776275886033297e-188  3.363776275886033297e-188
6.100000000000000533e+00  8.668506675756161341e-196  8.668506675756161341e-196
6.200000000000000178e+00  1.580471124043134456e-203  1.580471124043134456e-203
6.300000000000000711e+00  2.038702876810947336e-211  2.038702876810947336e-211
6.400000000000000355e+00  1.860571648164645863e-219  1.860571648164645863e-219
6.500000000000000000e+00  1.201334514502478473e-227  1.201334514502478473e-227
6.599999999999999645e+00  5.487905232281020145e-236  5.487905232281020145e-236
6.700000000000001066e+00  1.773676224502363860e-244  1.773676224502363860e-244
6.800000000000000711e+00  4.055712661669690203e-253  4.055712661669690203e-253
6.900000000000000355e+00  6.561227635925935774e-262  6.561227635925935774e-262
7.000000000000000000e+00  7.509795746722168348e-271  7.509795746722168348e-271
7.099999999999999645e+00  6.081297327695708458e-280  6.081297327695708458e-280
7.200000000000001066e+00  3.484090622907391328e-289  3.484090622907391328e-289
7.300000000000000711e+00  1.412237504026597143e-298  1.412237504026597143e-298
7.400000000000000355e+00  4.049963706625863740e-308  4.049963706625863740e-308
7.500000000000000000e+00  8.217126898655568086e-318  8.217126898655568086e-318
7.599999999999999645e+00  0.000000000000000000e+00  0.000000000000000000e+00
7.700000000000001066e+00  0.000000000000000000e+00  0.000000000000000000e+00
7.800000000000000711e+00  0.000000000000000000e+00  0.000000000000000000e+00
7.900000000000000355e+00  0.000000000000000000e+00  0.000000000000000000e+00
8.000000000000000000e+00  0.000000000000000000e+00  0.000000000000000000e+00
8.100000000000001421e+00  0.000000000000000000e+00  0.000000000000000000e+00
8.200000000000001066e+00  0.000000000000000000e+00  0.000000000000000000e+00
8.300000000000000711e+00  0.000000000000000000e+00  0.000000000000000000e+00
8.400000000000000355e+00  0.000000000000000000e+00  0.000000000000000000e+00
8.500000000000000000e+00  0.000000000000000000e+00  0.000000000000000000e+00
8.600000000000001421e+00  0.000000000000000000e+00  0.000000000000000000e+00
8.700000000000001066e+00  0.000000000000000000e+00  0.000000000000000000e+00
8.800000000000000711e+00  0.000000000000000000e+00  0.000000000000000000e+00
8.900000000000000355e+00  0.000000000000000000e+00  0.000000000000000000e+00
9.000000000000000000e+00  0.000000000000000000e+00  0.000000000000000000e+00
9.100000000000001421e+00  0.000000000000000000e+00  0.000000000000000000e+00
9.200000000000001066e+00  0.000000000000000000e+00  0.000000000000000000e+00
9.300000000000000711e+00  0.000000000000000000e+00  0.000000000000000000e+00
9.400000000000000355e+00  0.000000000000000000e+00  0.000000000000000000e+00
9.500000000000000000e+00  0.000000000000000000e+00  0.000000000000000000e+00
9.600000000000001421e+00  0.000000000000000000e+00  0.000000000000000000e+00
9.700000000000001066e+00  0.000000000000000000e+00  0.000000000000000000e+00
9.800000000000000711e+00  0.000000000000000000e+00  0.000000000000000000e+00
9.900000000000000355e+00  0.000000000000000000e+00  0.000000000000000000e+00
1.000000000000000000e+01  0.000000000000000000e+00  0.000000000000000000e+00
1.010000000000000142e+01  0.000000000000000000e+00  0.000000000000000000e+00
1.020000000000000107e+01  0.000000000000000000e+00  0.000000000000000000e+00
1.030000000000000071e+01  0.000000000000000000e+00  0.000000000000000000e+00
1.040000000000000036e+01  0.000000000000000000e+00  0.000000000000000000e+00
1.050000000000000000e+01  0.000000000000000000e+00  0.000000000000000000e+00
