-1.623594148297176076e+00  3.724235205752995319e-19  3.724235205752995319e-19
-1.523594148297176432e+00  9.774687175229142347e-18  9.774687175229142347e-18
-1.423594148297176343e+00  2.370211285809306383e-16  2.370211285809306383e-16
-1.323594148297176254e+00  5.120120376865230049e-15  5.120120376865230049e-15
-1.223594148297176609e+00  9.721151903229376391e-14  9.721151903229376391e-14
-1.123594148297176076e+00  1.614184968612698252e-12  1.614184968612698252e-12
-1.023594148297176432e+00  2.339792779288070909e-11  2.339792779288070909e-11
-9.235941482971763428e-01  2.958494392669395175e-10  2.958494392669395175e-10
-8.235941482971762539e-01  3.262128583826018113e-09  3.262128583826018113e-09
-7.235941482971761651e-01  3.136250652192659019e-08  3.136250652192659019e-08
-6.235941482971762984e-01  2.628896478160679474e-07  2.628896478160679474e-07
-5.235941482971762095e-01  1.921217945721402825e-06  1.921217945721402825e-06
-4.235941482971761207e-01  1.224091643309224081e-05  1.224091643309224081e-05
-3.235941482971762539e-01  6.799580991977115794e-05  6.799580991977115794e-05
-2.235941482971761651e-01  3.292908182674524802e-04  3.292908182674524802e-04
-1.235941482971762984e-01  1.390290463825304308e-03  1.390290463825304308e-03
-2.359414829717620954e-02  5.117521564407616005e-03  5.117521564407616005e-03
7.640585170282387928e-02  1.642261347355226248e-02  1.642261347355226248e-02
1.764058517028237461e-01  4.594667763089750612e-02  4.594667763089750612e-02
2.764058517028238349e-01  1.120719361911100276e-01  1.120719361911100276e-01
3.764058517028237016e-01  2.383272956901724138e-01  2.383272956901724138e-01
4.764058517028237905e-01  4.418665491439622839e-01  4.418665491439622839e-01
5.764058517028238793e-01  7.142684977537957502e-01  7.142684977537957502e-01
6.764058517028239681e-01  1.006725875377378010e+00  1.006725875377378010e+00
7.764058517028240569e-01  1.237365312737350065e+00  1.237365312737350065e+00
8.764058517028237016e-01  1.326642480416199588e+00  1.326642480416199588e+00
9.764058517028237905e-01  1.241647706010348129e+00  1.241647706010348129e+00
1.076405851702823879e+00  1.016344386243359210e+00  1.016344386243359210e+00
1.176405851702823968e+00  7.311859587517272052e-01  7.311859587517272052e-01
1.276405851702824057e+00  4.686231172458406036e-01  4.686231172458406036e-01
1.376405851702823702e+00  2.774840359547767199e-01  2.774840359547767199e-01
1.476405851702823790e+00  1.654661797289292691e-01  1.654661797289292691e-01
1.576405851702823879e+00  1.139147625636913186e-01  1.139147625636913186e-01
1.676405851702823968e+00  9.724453453624679056e-02  9.724453453624679056e-02
1.776405851702824057e+00  9.494023362818281020e-02  9.494023362818281020e-02
1.876405851702823702e+00  9.475492432276265420e-02  9.475492432276265420e-02
1.976405851702823790e+00  9.120190296309192701e-02  9.120190296309192701e-02
2.076405851702824101e+00  8.306047450744516447e-02  8.306047450744516447e-02
2.176405851702823746e+00  7.139396341891074416e-02  7.139396341891074416e-02
2.276405851702824279e+00  5.819288858494545830e-02  5.819288858494545830e-02
2.376405851702823924e+00  4.545405063836384374e-02  4.545405063836384374e-02
2.476405851702824457e+00  3.461560411531629938e-02  3.461560411531629938e-02
2.576405851702824101e+00  2.633744928452642908e-02  2.633744928452642908e-02
2.676405851702823746e+00  2.057478859998428805e-02  2.057478859998428805e-02
2.776405851702824279e+00  1.682708836685894299e-02  1.682708836685894299e-02
2.876405851702823924e+00  1.442552551030527180e-02  1.442552551030527180e-02
2.976405851702824457e+00  1.275751409168123830e-02  1.275751409168123830e-02
3.076405851702824101e+00  1.138654460241630105e-02  1.138654460241630105e-02
3.176405851702824634e+00  1.007608686571725108e-02  1.007608686571725108e-02
3.276405851702824279e+00  8.751887016731667995e-03  8.751887016731667995e-03
3.376405851702823924e+00  7.439663634668999652e-03  7.439663634668999652e-03
3.476405851702824457e+00  6.205280690208507186e-03  6.205280690208507186e-03
3.576405851702824101e+00  5.111588921888366235e-03  5.111588921888366235e-03
3.676405851702824634e+00  4.195606769976147239e-03  4.195606769976147239e-03
3.776405851702824279e+00  3.463110325652744934e-03  3.463110325652744934e-03
3.876405851702823924e+00  2.894665007185103032e-03  2.894665007185103032e-03
3.976405851702824457e+00  2.456737178989541574e-03  2.456737178989541574e-03
4.076405851702824101e+00  2.112797643811109918e-03  2.112797643811109918e-03
4.176405851702824634e+00  1.831363378374285377e-03  1.831363378374285377e-03
4.276405851702824279e+00  1.589954394880874937e-03  1.589954394880874937e-03
4.376405851702823924e+00  1.375453719048802276e-03  1.375453719048802276e-03
4.476405851702824457e+00  1.182144643533823659e-03  1.182144643533823659e-03
4.576405851702824101e+00  1.008827193211154442e-03  1.008827193211154442e-03
4.676405851702824634e+00  8.561104775591762191e-04  8.561104775591762191e-04
4.776405851702824279e+00  7.244973008393322316e-04  7.244973008393322316e-04
4.876405851702823924e+00  6.134241669809980396e-04  6.134241669809980396e-04
4.976405851702824457e+00  5.211049948876023043e-04  5.211049948876023043e-04
5.076405851702824101e+00  4.448782148205032965e-04  4.448782148205032965e-04
5.176405851702824634e+00  3.817465515847289826e-04  3.817465515847289826e-04
5.276405851702824279e+00  3.288739629887205921e-04  3.288739629887205921e-04
5.376405851702823924e+00  2.839112102562100387e-04  2.839112102562100387e-04
5.476405851702824457e+00  2.451198494152368465e-04  2.451198494152368465e-04
5.576405851702824101e+00  2.113317325909020176e-04  2.113317325909020176e-04
5.676405851702824634e+00  1.818118746655430487e-04  1.818118746655430487e-04
5.776405851702824279e+00  1.560929673932563038e-04  1.560929673932563038e-04
5.876405851702823924e+00  1.338316861360080360e-04  1.338316861360080360e-04
5.976405851702824457e+00  1.147123418258680621e-04  1.147123418258680621e-04
6.076405851702824101e+00  9.840148577814075779e-05  9.840148577814075779e-05
6.176405851702824634e+00  8.454262027549095478e-05  8.454262027549095478e-05
6.276405851702824279e+00  7.277415456232915402e-05  7.277415456232915402e-05
6.376405851702823924e+00  6.275450041200725791e-05  6.275450041200725791e-05
6.476405851702823568e+00  5.418289807845009815e-05  5.418289807845009815e-05
6.576405851702824990e+00  4.681042695048230699e-05  4.681042695048230699e-05
6.676405851702824634e+00  4.044067855061746084e-05  4.044067855061746084e-05
6.776405851702824279e+00  3.492274734645060271e-05  3.492274734645060271e-05
6.876405851702823924e+00  3.014040111721435017e-05  3.014040111721435017e-05
6.976405851702823568e+00  2.600097334785128139e-05  2.600097334785128139e-05
7.076405851702824990e+00  2.242635399826860379e-05  2.242635399826860379e-05
7.176405851702824634e+00  1.934708354897035401e-05  1.934708354897035401e-05
7.276405851702824279e+00  1.669942681915864051e-05  1.669942681915864051e-05
7.376405851702823924e+00  1.442462811972227174e-05  1.442462811972227174e-05
7.476405851702823568e+00  1.246933594684103504e-05  1.246933594684103504e-05
7.576405851702824990e+00  1.078631511622206806e-05  1.078631511622206806e-05
7.676405851702824634e+00  9.334872121303199852e-06  9.334872121303199852e-06
7.776405851702824279e+00  8.080756162430843096e-06  8.080756162430843096e-06
7.876405851702823924e+00  6.995563734716479271e-06  6.995563734716479271e-06
7.976405851702825345e+00  6.055826046359945315e-06  6.055826046359945315e-06
8.076405851702824990e+00  5.241999757791700335e-06  5.241999757791700335e-06
8.176405851702824634e+00  4.537544304350010062e-06  4.537544304350010062e-06
8.276405851702824279e+00  3.928193854437541516e-06  3.928193854437541516e-06
8.376405851702823924e+00  3.401453845067742022e-06  3.401453845067742022e-06
8.476405851702825345e+00  2.946293433172000482e-06  2.946293433172000482e-06
8.576405851702824990e+00  2.552974694911078648e-06  2.552974694911078648e-06
8.676405851702824634e+00  2.212954751249471216e-06  2.212954751249471216e-06
8.776405851702824279e+00  1.918809847888429977e-06  1.918809847888429977e-06
8.876405851702823924e+00  1.664150878911271494e-06  1.664150878911271494e-06
8.976405851702825345e+00  1.443519715928225578e-06  1.443519715928225578e-06
9.076405851702824990e+00  1.252270033728333869e-06  1.252270033728333869e-06
9.176405851702824634e+00  1.086443497090424168e-06  1.086443497090424168e-06
9.276405851702824279e+00  9.426530876124453346e-07  9.426530876124453346e-07
9.376405851702823924e+00  8.179822208583635243e-07  8.179822208583635243e-07
9.476405851702825345e+00  7.099035790990260231e-07  7.099035790990260231e-07
9.576405851702824990e+00  6.162172000077159961e-07  6.162172000077159961e-07
9.676405851702824634e+00  5.350044201671087006e-07  5.350044201671087006e-07
9.776405851702824279e+00  4.645930655400927785e-07  4.645930655400927785e-07
9.876405851702823924e+00  4.035295187394025480e-07  4.035295187394025480e-07
9.976405851702825345e+00  3.505544013214828871e-07  3.505544013214828871e-07
1.007640585170282499e+01  3.045799928656636114e-07  3.045799928656636114e-07
1.017640585170282463e+01  2.646687182783367820e-07  2.646687182783367820e-07
1.027640585170282428e+01  2.300128337262835428e-07  2.300128337262835428e-07
1.037640585170282392e+01  1.999157891484686800e-07  1.999157891484686800e-07
