-1.575268759234700333e+00  2.148304280350895359e-12  2.148304280350895359e-12
-1.475268759234700688e+00  1.727101514575217076e-11  1.727101514575217076e-11
-1.375268759234700600e+00  1.295003894571324769e-10  1.295003894571324769e-10
-1.275268759234700511e+00  8.981441037576602794e-10  8.981441037576602794e-10
-1.175268759234700866e+00  5.737873378395180607e-09  5.737873378395180607e-09
-1.075268759234700333e+00  3.369686394527758557e-08  3.369686394527758557e-08
-9.752687592347004664e-01  1.817206022102725430e-07  1.817206022102725430e-07
-8.752687592347005996e-01  8.994056893546812928e-07  8.994056893546812928e-07
-7.752687592347005108e-01  4.084276552114768386e-06  4.084276552114768386e-06
-6.752687592347004220e-01  1.701420028134411830e-05  1.701420028134411830e-05
-5.752687592347005552e-01  6.501363467870556934e-05  6.501363467870556934e-05
-4.752687592347004664e-01  2.278612084049681070e-04  2.278612084049681070e-04
-3.752687592347003775e-01  7.324795690779674394e-04  7.324795690779674394e-04
-2.752687592347005108e-01  2.159591241977304715e-03  2.159591241977304715e-03
-1.752687592347004220e-01  5.839743048279592667e-03  5.839743048279592667e-03
-7.526875923470055518e-02  1.448303459364259048e-02  1.448303459364259048e-02
2.473124076529953363e-02  3.294338900096898531e-02  3.294338900096898531e-02
1.247312407652996225e-01  6.872593070554793016e-02  6.872593070554793016e-02
2.247312407652994892e-01  1.314979928708096824e-01  1.314979928708096824e-01
3.247312407652995780e-01  2.307642564251690398e-01  2.307642564251690398e-01
4.247312407652994448e-01  3.714301274915061124e-01  3.714301274915061124e-01
5.247312407652995336e-01  5.483511489192618438e-01  5.483511489192618438e-01
6.247312407652996225e-01  7.425691358656262286e-01  7.425691358656262286e-01
7.247312407652997113e-01  9.224692960089653226e-01  9.224692960089653226e-01
8.247312407652998001e-01  1.051416995532068688e+00  1.051416995532068688e+00
9.247312407652994448e-01  1.099853512368055508e+00  1.099853512368055508e+00
1.024731240765299534e+00  1.056503300094319586e+00  1.056503300094319586e+00
1.124731240765299622e+00  9.329115224548970575e-01  9.329115224548970575e-01
1.224731240765299711e+00  7.588222289828069345e-01  7.588222289828069345e-01
1.324731240765299800e+00  5.709017461511471936e-01  5.709017461511471936e-01
1.424731240765299445e+00  4.006026669555651787e-01  4.006026669555651787e-01
1.524731240765299534e+00  2.665272004801875760e-01  2.665272004801875760e-01
1.624731240765299622e+00  1.733154878407703048e-01  1.733154878407703048e-01
1.724731240765299711e+00  1.154952516974646765e-01  1.154952516974646765e-01
1.824731240765299800e+00  8.304216795891933289e-02  8.304216795891933289e-02
1.924731240765299445e+00  6.592503134222191252e-02  6.592503134222191252e-02
2.024731240765299312e+00  5.651037342320452267e-02  5.651037342320452267e-02
2.124731240765299844e+00  5.008122188929760993e-02  5.008122188929760993e-02
2.224731240765299489e+00  4.430192237680857098e-02  4.430192237680857098e-02
2.324731240765300022e+00  3.837728477360256851e-02  3.837728477360256851e-02
2.424731240765299667e+00  3.231950820234419375e-02  3.231950820234419375e-02
2.524731240765300200e+00  2.644959848030320818e-02  2.644959848030320818e-02
2.624731240765299844e+00  2.111298107443144653e-02  2.111298107443144653e-02
2.724731240765299489e+00  1.654761028592014946e-02  1.654761028592014946e-02
2.824731240765300022e+00  1.284791778221324246e-02  1.284791778221324246e-02
2.924731240765299667e+00  9.982662470326494550e-03  9.982662470326494550e-03
3.024731240765300200e+00  7.836975713539424959e-03  7.836975713539424959e-03
3.124731240765299844e+00  6.258235736206930501e-03  6.258235736206930501e-03
3.224731240765300377e+00  5.093445729946831542e-03  5.093445729946831542e-03
3.324731240765300022e+00  4.212835420314514807e-03  4.212835420314514807e-03
3.424731240765299667e+00  3.519804884566693839e-03  3.519804884566693839e-03
3.524731240765300200e+00  2.950529431168664053e-03  2.950529431168664053e-03
3.624731240765299844e+00  2.467609201713581984e-03  2.467609201713581984e-03
3.724731240765300377e+00  2.051672625423270509e-03  2.051672625423270509e-03
3.824731240765300022e+00  1.693609305062196424e-03  1.693609305062196424e-03
3.924731240765299667e+00  1.388771468098489240e-03  1.388771468098489240e-03
4.024731240765300200e+00  1.133432626964473800e-03  1.133432626964473800e-03
4.124731240765299844e+00  9.231578820130682383e-04  9.231578820130682383e-04
4.224731240765300377e+00  7.524811266949616448e-04  7.524811266949616448e-04
4.324731240765300022e+00  6.152838120086148591e-04  6.152838120086148591e-04
4.424731240765299667e+00  5.054050639462767712e-04  5.054050639462767712e-04
4.524731240765300200e+00  4.171889424420130790e-04  4.171889424420130790e-04
4.624731240765299844e+00  3.458331818607481749e-04  3.458331818607481749e-04
4.724731240765300377e+00  2.875181717855704224e-04  2.875181717855704224e-04
4.824731240765300022e+00  2.393605635784441788e-04  2.393605635784441788e-04
4.924731240765299667e+00  1.992606705623895370e-04  1.992606705623895370e-04
5.024731240765300200e+00  1.657098926869532158e-04  1.657098926869532158e-04
5.124731240765299844e+00  1.376069917623903892e-04  1.376069917623903892e-04
5.224731240765300377e+00  1.141106916455588902e-04  1.141106916455588902e-04
5.324731240765300022e+00  9.453749488894847193e-05  9.453749488894847193e-05
5.424731240765299667e+00  7.830089013954571043e-05  7.830089013954571043e-05
5.524731240765300200e+00  6.488164578904361012e-05  6.488164578904361012e-05
5.624731240765299844e+00  5.381741130338966561e-05  5.381741130338966561e-05
5.724731240765300377e+00  4.470153375256099345e-05  4.470153375256099345e-05
5.824731240765300022e+00  3.718408563836268858e-05  3.718408563836268858e-05
5.924731240765299667e+00  3.097128812468804735e-05  3.097128812468804735e-05
6.024731240765300200e+00  2.582205094085802911e-05  2.582205094085802911e-05
6.124731240765299844e+00  2.154196534592208486e-05  2.154196534592208486e-05
6.224731240765300377e+00  1.797583636408049026e-05  1.797583636408049026e-05
6.324731240765300022e+00  1.499995109192355061e-05  1.499995109192355061e-05
6.424731240765299667e+00  1.251502021912280644e-05  1.251502021912280644e-05
6.524731240765299312e+00  1.044033207775867641e-05  1.044033207775867641e-05
6.624731240765300733e+00  8.709281718854867740e-06  8.709281718854867740e-06
6.724731240765300377e+00  7.266164391262804773e-06  7.266164391262804773e-06
6.824731240765300022e+00  6.063974811744811408e-06  6.063974811744811408e-06
6.924731240765299667e+00  5.062913309776244018e-06  5.062913309776244018e-06
7.024731240765299312e+00  4.229332225099056061e-06  4.229332225099056061e-06
7.124731240765300733e+00  3.534924008623927518e-06  3.534924008623927518e-06
7.224731240765300377e+00  2.956027039421282940e-06  2.956027039421282940e-06
7.324731240765300022e+00  2.472987933522557108e-06  2.472987933522557108e-06
7.424731240765299667e+00  2.069562216884887064e-06  2.069562216884887064e-06
7.524731240765299312e+00  1.732358504247548934e-06  1.732358504247548934e-06
7.624731240765300733e+00  1.450339018265119817e-06  1.450339018265119817e-06
7.724731240765300377e+00  1.214387193897093857e-06  1.214387193897093857e-06
7.824731240765300022e+00  1.016946608924588807e-06  1.016946608924588807e-06
7.924731240765299667e+00  8.517284860343366292e-07  8.517284860343366292e-07
8.024731240765301976e+00  7.134797578750361467e-07  7.134797578750361467e-07
8.124731240765299844e+00  5.978009596175857020e-07  5.978009596175857020e-07
8.224731240765301266e+00  5.010028175531834544e-07  5.010028175531834544e-07
8.324731240765299134e+00  4.199916428086616315e-07  4.199916428086616315e-07
8.424731240765300555e+00  3.521757087640517394e-07  3.521757087640517394e-07
8.524731240765301976e+00  2.953870098073734381e-07  2.953870098073734381e-07
8.624731240765299844e+00  2.478147221043867753e-07  2.478147221043867753e-07
8.724731240765301266e+00  2.079481075843782953e-07  2.079481075843782953e-07
8.824731240765299134e+00  1.745275002647086211e-07  1.745275002647086211e-07
8.924731240765300555e+00  1.465024826012341490e-07  1.465024826012341490e-07
9.024731240765300200e+00  1.229965374629150076e-07  1.229965374629150076e-07
9.124731240765299844e+00  1.032774834564141719e-07  1.032774834564141719e-07
9.224731240765299489e+00  8.673297127697842430e-08  8.673297127697842430e-08
9.324731240765299134e+00  7.285030017407807892e-08  7.285030017407807892e-08
9.424731240765298779e+00  6.119983411601669868e-08  6.119983411601669868e-08
9.524731240765300200e+00  5.142135869129049079e-08  5.142135869129049079e-08
9.624731240765299844e+00  4.321280986454219019e-08  4.321280986454219019e-08
9.724731240765299489e+00  3.632090753109760375e-08  3.632090753109760375e-08
9.824731240765299134e+00  3.053332536017450334e-08  3.053332536017450334e-08
9.924731240765298779e+00  2.567211362427290668e-08  2.567211362427290668e-08
1.002473124076530020e+01  2.158815903957479100e-08  2.158815903957479100e-08
1.012473124076529984e+01  1.815651504688834852e-08  1.815651504688834852e-08
1.022473124076529949e+01  1.527247023649641668e-08  1.527247023649641668e-08
1.032473124076529913e+01  1.284824574748037979e-08  1.284824574748037979e-08
1.042473124076529878e+01  1.081022838452022030e-08  1.081022838452022030e-08
