-1.520408163158175618e+00  6.137500471114140046e-135  6.137500471114140046e-135
-1.420408163158175530e+00  3.293233167034197954e-125  3.293233167034197954e-125
-1.320408163158175441e+00  5.264247577327914729e-115  5.264247577327914729e-115
-1.220408163158175796e+00  3.111426602646022974e-105  3.111426602646022974e-105
-1.120408163158175707e+00  6.765360080981288645e-96  6.765360080981288645e-96
-1.020408163158175618e+00  5.411626259985299729e-87  5.411626259985299729e-87
-9.204081631581755296e-01  1.592466087851883451e-78  1.592466087851883451e-78
-8.204081631581754408e-01  1.723923968330681629e-70  1.723923968330681629e-70
-7.204081631581755740e-01  6.865490035658341910e-63  6.865490035658341910e-63
-6.204081631581757073e-01  1.005843682547007271e-55  1.005843682547007271e-55
-5.204081631581756184e-01  5.421194163202652971e-49  5.421194163202652971e-49
-4.204081631581755296e-01  1.074892294652585844e-42  1.074892294652585844e-42
-3.204081631581754408e-01  7.840440355427659001e-37  7.840440355427659001e-37
-2.204081631581755740e-01  2.103882490104159154e-31  2.103882490104159154e-31
-1.204081631581754852e-01  2.076863821266722353e-26  2.076863821266722353e-26
-2.040816315817561843e-02  7.542235365525666268e-22  7.542235365525666268e-22
7.959183684182447038e-02  1.007622041684385969e-17  1.007622041684385969e-17
1.795918368418245592e-01  4.952229413269050356e-14  4.952229413269050356e-14
2.795918368418244260e-01  8.953840825307180523e-11  8.953840825307180523e-11
3.795918368418245148e-01  5.955572308564136562e-08  5.955572308564136562e-08
4.795918368418243816e-01  1.457280495921824263e-05  1.457280495921824263e-05
5.795918368418244704e-01  1.311802097430848696e-03  1.311802097430848696e-03
6.795918368418245592e-01  4.344091933678312367e-02  4.344091933678312367e-02
7.795918368418246480e-01  5.292187374677667089e-01  5.292187374677667089e-01
8.795918368418247368e-01  2.371793831527399643e+00  2.371793831527399643e+00
9.795918368418243816e-01  3.910426939755311526e+00  3.910426939755311526e+00
1.079591836841824470e+00  2.371793831614399384e+00  2.371793831614399384e+00
1.179591836841824559e+00  5.292187435679269747e-01  5.292187435679269747e-01
1.279591836841824648e+00  4.344117872239380146e-02  4.344117872239380146e-02
1.379591836841824737e+00  1.318491740514833675e-03  1.318491740514833675e-03
1.479591836841824382e+00  1.192164291589650706e-04  1.192164291589650706e-04
1.579591836841824470e+00  9.928906190894665022e-04  9.928906190894665022e-04
1.679591836841824559e+00  5.713348383608912034e-03  5.713348383608912034e-03
1.779591836841824648e+00  1.994154498183159721e-02  1.994154498183159721e-02
1.879591836841824737e+00  4.221625105988174864e-02  4.221625105988174864e-02
1.979591836841824382e+00  5.420673943044034687e-02  5.420673943044034687e-02
2.079591836841824470e+00  4.221625284190941296e-02  4.221625284190941296e-02
2.179591836841824559e+00  1.994157531844748671e-02  1.994157531844748671e-02
2.279591836841824648e+00  5.713717870912483725e-03  5.713717870912483725e-03
2.379591836841824737e+00  9.960571507630123795e-04  9.960571507630123795e-04
2.479591836841824382e+00  1.248218361106150185e-04  1.248218361106150185e-04
2.579591836841824914e+00  9.712211486470441403e-05  9.712211486470441403e-05
2.679591836841824559e+00  2.906625184085708078e-04  2.906625184085708078e-04
2.779591836841824204e+00  6.682167079090262259e-04  6.682167079090262259e-04
2.879591836841824737e+00  1.101693138927557552e-03  1.101693138927557552e-03
2.979591836841824382e+00  1.301496693275598464e-03  1.301496693275598464e-03
3.079591836841824914e+00  1.101694615163755289e-03  1.101694615163755289e-03
3.179591836841824559e+00  6.682237848385861722e-04  6.682237848385861722e-04
3.279591836841825092e+00  2.904890621215304707e-04  2.904890621215304707e-04
3.379591836841824737e+00  9.086885702927453173e-05  9.086885702927453173e-05
3.479591836841824382e+00  2.190414905347083853e-05  2.190414905347083853e-05
3.579591836841824914e+00  8.542348066975278834e-06  8.542348066975278834e-06
3.679591836841824559e+00  1.312262327274457507e-05  1.312262327274457507e-05
3.779591836841825092e+00  2.385616478721488615e-05  2.385616478721488615e-05
3.879591836841824737e+00  3.466816597840172528e-05  3.466816597840172528e-05
3.979591836841824382e+00  3.928228457207289090e-05  3.928228457207289090e-05
4.079591836841824914e+00  3.466678481822827162e-05  3.466678481822827162e-05
4.179591836841824559e+00  2.382806264030259551e-05  2.382806264030259551e-05
4.279591836841825092e+00  1.276306414728926800e-05  1.276306414728926800e-05
4.379591836841824737e+00  5.353018866069615807e-06  5.353018866069615807e-06
4.479591836841824382e+00  1.836364877829113618e-06  1.836364877829113618e-06
4.579591836841824914e+00  7.079936542325616793e-07  7.079936542325616793e-07
4.679591836841824559e+00  6.328815410588014158e-07  6.328815410588014158e-07
4.779591836841825092e+00  9.149496470794915147e-07  9.149496470794915147e-07
4.879591836841824737e+00  1.218840337199457180e-06  1.218840337199457180e-06
4.979591836841824382e+00  1.345443606287482626e-06  1.345443606287482626e-06
5.079591836841824914e+00  1.217333458294546608e-06  1.217333458294546608e-06
5.179591836841824559e+00  9.020132673131983278e-07  9.020132673131983278e-07
5.279591836841825092e+00  5.477934259835263182e-07  5.477934259835263182e-07
5.379591836841824737e+00  2.740938766130645728e-07  2.740938766130645728e-07
5.479591836841824382e+00  1.166437590621504020e-07  1.166437590621504020e-07
5.579591836841824914e+00  4.991752387981819213e-08  4.991752387981819213e-08
5.679591836841824559e+00  3.359931909383370878e-08  3.359931909383370878e-08
5.779591836841825092e+00  3.800608222370395834e-08  3.800608222370395834e-08
5.879591836841824737e+00  4.633924042857016267e-08  4.633924042857016267e-08
5.979591836841824382e+00  4.998472286965246379e-08  4.998472286965246379e-08
6.079591836841824914e+00  4.594404184026244168e-08  4.594404184026244168e-08
6.179591836841824559e+00  3.579175271250241084e-08  3.579175271250241084e-08
6.279591836841825092e+00  2.364072935510388833e-08  2.364072935510388833e-08
6.379591836841824737e+00  1.330899844789217565e-08  1.330899844789217565e-08
6.479591836841824382e+00  6.544400223841547131e-09  6.544400223841547131e-09
6.579591836841824026e+00  3.110016332749129356e-09  3.110016332749129356e-09
6.679591836841825447e+00  1.870943416378790312e-09  1.870943416378790312e-09
6.779591836841825092e+00  1.712711172135385377e-09  1.712711172135385377e-09
6.879591836841824737e+00  1.881871299271347183e-09  1.881871299271347183e-09
6.979591836841824382e+00  1.970536616503897090e-09  1.970536616503897090e-09
7.079591836841824026e+00  1.825968700814628407e-09  1.825968700814628407e-09
7.179591836841825447e+00  1.473452244942641317e-09  1.473452244942641317e-09
7.279591836841825092e+00  1.033474777076866493e-09  1.033474777076866493e-09
7.379591836841824737e+00  6.329790365923504543e-10  6.329790365923504543e-10
7.479591836841824382e+00  3.451495988538205125e-10  3.451495988538205125e-10
7.579591836841824026e+00  1.791096139607376259e-10  1.791096139607376259e-10
7.679591836841825447e+00  1.047321997107238375e-10  1.047321997107238375e-10
7.779591836841825092e+00  8.257648113478796134e-11  8.257648113478796134e-11
7.879591836841824737e+00  8.119009939086347228e-11  8.119009939086347228e-11
7.979591836841824382e+00  8.158089471507702793e-11  8.158089471507702793e-11
8.079591836841824914e+00  7.555451515923082256e-11  7.555451515923082256e-11
8.179591836841826336e+00  6.248263047026464401e-11  6.248263047026464401e-11
8.279591836841824204e+00  4.582680583258149675e-11  4.582680583258149675e-11
8.379591836841825625e+00  2.989576113473375383e-11  2.989576113473375383e-11
8.479591836841823493e+00  1.761435942671719439e-11  1.761435942671719439e-11
8.579591836841824914e+00  9.820786776407301558e-12  9.820786776407301558e-12
8.679591836841826336e+00  5.788513347825301634e-12  5.788513347825301634e-12
8.779591836841824204e+00  4.166711923185031263e-12  4.166711923185031263e-12
8.879591836841825625e+00  3.697688319789998077e-12  3.697688319789998077e-12
8.979591836841823493e+00  3.528584369961333905e-12  3.528584369961333905e-12
9.079591836841824914e+00  3.234957566947276774e-12  3.234957566947276774e-12
9.179591836841826336e+00  2.716805324134378248e-12  2.716805324134378248e-12
9.279591836841824204e+00  2.060551308029312235e-12  2.060551308029312235e-12
9.379591836841825625e+00  1.411206822703855456e-12  1.411206822703855456e-12
9.479591836841823493e+00  8.829128609061892214e-13  8.829128609061892214e-13
9.579591836841824914e+00  5.219951835094651915e-13  5.219951835094651915e-13
9.679591836841826336e+00  3.146383468242704278e-13  3.146383468242704278e-13
9.779591836841824204e+00  2.156805861105168419e-13  2.156805861105168419e-13
9.879591836841825625e+00  1.761239077634593775e-13  1.761239077634593775e-13
9.979591836841823493e+00  1.588414915571602123e-13  1.588414915571602123e-13
1.007959183684182491e+01  1.428480667138529554e-13  1.428480667138529554e-13
1.017959183684182634e+01  1.207979179832949138e-13  1.207979179832949138e-13
1.027959183684182420e+01  9.389820748585415280e-14  9.389820748585415280e-14
1.037959183684182563e+01  6.679553006774323473e-14  6.679553006774323473e-14
1.047959183684182349e+01  4.382750791905744540e-14  4.382750791905744540e-14
