-1.636361371243119311e+00  1.865391230760705598e-28  1.865391230760705598e-28
-1.536361371243119223e+00  2.453918383598731243e-26  2.453918383598731243e-26
-1.436361371243119578e+00  3.014800667463628884e-24  3.014800667463628884e-24
-1.336361371243119045e+00  3.114985863050468462e-22  3.114985863050468462e-22
-1.236361371243119400e+00  2.638764291291831258e-20  2.638764291291831258e-20
-1.136361371243119311e+00  1.821821034375858441e-18  1.821821034375858441e-18
-1.036361371243119223e+00  1.023597455989057851e-16  1.023597455989057851e-16
-9.363613712431191338e-01  4.678409297078864197e-15  4.678409297078864197e-15
-8.363613712431192670e-01  1.739250643493685994e-13  1.739250643493685994e-13
-7.363613712431194003e-01  5.259022040331583333e-12  5.259022040331583333e-12
-6.363613712431193115e-01  1.293365074104114989e-10  1.293365074104114989e-10
-5.363613712431192226e-01  2.587072071803283678e-09  2.587072071803283678e-09
-4.363613712431191338e-01  4.208878258272096536e-08  4.208878258272096536e-08
-3.363613712431192670e-01  5.569218900932329300e-07  5.569218900932329300e-07
-2.363613712431191782e-01  5.993660590730923656e-06  5.993660590730923656e-06
-1.363613712431193115e-01  5.246381531758283179e-05  5.246381531758283179e-05
-3.636137124311922264e-02  3.735058799972781679e-04  3.735058799972781679e-04
6.363862875688086618e-02  2.162742838589981360e-03  2.162742838589981360e-03
1.636386287568807330e-01  1.018549770678655458e-02  1.018549770678655458e-02
2.636386287568808218e-01  3.901482975209800974e-02  3.901482975209800974e-02
3.636386287568806885e-01  1.215479433393695519e-01  1.215479433393695519e-01
4.636386287568807774e-01  3.079901119432761902e-01  3.079901119432761902e-01
5.636386287568808662e-01  6.347449474040642858e-01  6.347449474040642858e-01
6.636386287568809550e-01  1.063997459389453004e+00  1.063997459389453004e+00
7.636386287568810438e-01  1.450697531062338674e+00  1.450697531062338674e+00
8.636386287568806885e-01  1.609009777723113377e+00  1.609009777723113377e+00
9.636386287568807774e-01  1.452308458410271230e+00  1.452308458410271230e+00
1.063638628756880866e+00  1.068364984045905519e+00  1.068364984045905519e+00
1.163638628756880955e+00  6.443583567815692748e-01  6.443583567815692748e-01
1.263638628756881044e+00  3.268393016287576280e-01  3.268393016287576280e-01
1.363638628756880689e+00  1.548279585803916669e-01  1.548279585803916669e-01
1.463638628756880777e+00  9.199967378454315670e-02  9.199967378454315670e-02
1.563638628756880866e+00  8.627015834883060286e-02  8.627015834883060286e-02
1.663638628756880955e+00  1.007183178623261705e-01  1.007183178623261705e-01
1.763638628756881044e+00  1.155632253183188907e-01  1.155632253183188907e-01
1.863638628756880689e+00  1.215950031969255385e-01  1.215950031969255385e-01
1.963638628756880777e+00  1.159210917660806056e-01  1.159210917660806056e-01
2.063638628756880866e+00  1.001873899863720552e-01  1.001873899863720552e-01
2.163638628756880955e+00  7.895840231025087752e-02  7.895840231025087752e-02
2.263638628756881044e+00  5.753728561464638985e-02  5.753728561464638985e-02
2.363638628756880689e+00  3.995253358653477055e-02  3.995253358653477055e-02
2.463638628756881221e+00  2.796205387636791981e-02  2.796205387636791981e-02
2.563638628756880866e+00  2.123794600418405648e-02  2.123794600418405648e-02
2.663638628756880511e+00  1.824846336412337677e-02  1.824846336412337677e-02
2.763638628756881044e+00  1.720148585121939605e-02  1.720148585121939605e-02
2.863638628756880689e+00  1.666416930272727331e-02  1.666416930272727331e-02
2.963638628756881221e+00  1.579639814913585613e-02  1.579639814913585613e-02
3.063638628756880866e+00  1.431409228217831765e-02  1.431409228217831765e-02
3.163638628756881399e+00  1.232293182991466701e-02  1.232293182991466701e-02
3.263638628756881044e+00  1.012154314919343039e-02  1.012154314919343039e-02
3.363638628756880689e+00  8.031695178092847914e-03  8.031695178092847914e-03
3.463638628756881221e+00  6.286036053479085797e-03  6.286036053479085797e-03
3.563638628756880866e+00  4.982802175432389687e-03  4.982802175432389687e-03
3.663638628756881399e+00  4.097557210793886621e-03  4.097557210793886621e-03
3.763638628756881044e+00  3.528663399384817777e-03  3.528663399384817777e-03
3.863638628756880689e+00  3.150390167911585552e-03  3.150390167911585552e-03
3.963638628756881221e+00  2.854339373572882272e-03  2.854339373572882272e-03
4.063638628756880422e+00  2.570808570662227489e-03  2.570808570662227489e-03
4.163638628756881843e+00  2.271255889072633458e-03  2.271255889072633458e-03
4.263638628756881488e+00  1.958336540654954157e-03  1.958336540654954157e-03
4.363638628756881133e+00  1.651093379485273896e-03  1.651093379485273896e-03
4.463638628756880777e+00  1.371314808062843197e-03  1.371314808062843197e-03
4.563638628756880422e+00  1.134453655919704729e-03  1.134453655919704729e-03
4.663638628756881843e+00  9.459711427668925868e-04  9.459711427668925868e-04
4.763638628756881488e+00  8.021410562676570136e-04  8.021410562676570136e-04
4.863638628756881133e+00  6.934355550451274308e-04  6.934355550451274308e-04
4.963638628756880777e+00  6.085458832904205645e-04  6.085458832904205645e-04
5.063638628756880422e+00  5.376055340685866914e-04  5.376055340685866914e-04
5.163638628756881843e+00  4.739353401288198386e-04  4.739353401288198386e-04
5.263638628756881488e+00  4.143146694627250471e-04  4.143146694627250471e-04
5.363638628756881133e+00  3.582187556576665855e-04  3.582187556576665855e-04
5.463638628756880777e+00  3.066085424984836246e-04  3.066085424984836246e-04
5.563638628756880422e+00  2.607791642772166042e-04  2.607791642772166042e-04
5.663638628756881843e+00  2.215739286714123949e-04  2.215739286714123949e-04
5.763638628756881488e+00  1.890545533230846671e-04  1.890545533230846671e-04
5.863638628756881133e+00  1.625540933348960482e-04  1.625540933348960482e-04
5.963638628756880777e+00  1.409549237579644013e-04  1.409549237579644013e-04
6.063638628756880422e+00  1.230256446090377466e-04  1.230256446090377466e-04
6.163638628756881843e+00  1.076934119920504204e-04  1.076934119920504204e-04
6.263638628756881488e+00  9.419155605575144519e-05  9.419155605575144519e-05
6.363638628756881133e+00  8.208071386806166901e-05  8.208071386806166901e-05
6.463638628756880777e+00  7.117982752255807742e-05  7.117982752255807742e-05
6.563638628756882198e+00  6.145725074277447577e-05  6.145725074277447577e-05
6.663638628756881843e+00  5.292639365202233686e-05  5.292639365202233686e-05
6.763638628756881488e+00  4.557351770471198437e-05  4.557351770471198437e-05
6.863638628756881133e+00  3.932630763892243651e-05  3.932630763892243651e-05
6.963638628756880777e+00  3.405702264256131091e-05  3.405702264256131091e-05
7.063638628756882198e+00  2.960622862659873609e-05  2.960622862659873609e-05
7.163638628756881843e+00  2.581213767784093255e-05  2.581213767784093255e-05
7.263638628756881488e+00  2.253431192963109624e-05  2.253431192963109624e-05
7.363638628756881133e+00  1.966618454521589516e-05  1.966618454521589516e-05
7.463638628756880777e+00  1.713615842391079334e-05  1.713615842391079334e-05
7.563638628756882198e+00  1.490054904543774899e-05  1.490054904543774899e-05
7.663638628756881843e+00  1.293294824486563842e-05  1.293294824486563842e-05
7.763638628756881488e+00  1.121408655869419567e-05  1.121408655869419567e-05
7.863638628756881133e+00  9.724743386202488183e-06  9.724743386202488183e-06
7.963638628756882554e+00  8.442505320592730663e-06  8.442505320592730663e-06
8.063638628756882198e+00  7.341794257398096568e-06  7.341794257398096568e-06
8.163638628756881843e+00  6.395854154152491727e-06  6.395854154152491727e-06
8.263638628756881488e+00  5.579288900565126049e-06  5.579288900565126049e-06
8.363638628756881133e+00  4.870090890888534976e-06  4.870090890888534976e-06
8.463638628756882554e+00  4.250634931914988058e-06  4.250634931914988058e-06
8.563638628756882198e+00  3.707613234285040374e-06  3.707613234285040374e-06
8.663638628756881843e+00  3.231219536009311231e-06  3.231219536009311231e-06
8.763638628756881488e+00  2.814015242554454738e-06  2.814015242554454738e-06
8.863638628756881133e+00  2.449863357492360343e-06  2.449863357492360343e-06
8.963638628756882554e+00  2.133170514482240998e-06  2.133170514482240998e-06
9.063638628756882198e+00  1.858510534839236183e-06  1.858510534839236183e-06
9.163638628756881843e+00  1.620571198851182261e-06  1.620571198851182261e-06
9.263638628756881488e+00  1.414296012576322161e-06  1.414296012576322161e-06
9.363638628756881133e+00  1.235083973589310075e-06  1.235083973589310075e-06
9.463638628756882554e+00  1.078944272362547079e-06  1.078944272362547079e-06
9.563638628756882198e+00  9.425548964587581845e-07  9.425548964587581845e-07
9.663638628756881843e+00  8.232227793508100819e-07  8.232227793508100819e-07
9.763638628756881488e+00  7.187753672560517174e-07  7.187753672560517174e-07
9.863638628756881133e+00  6.274255038519730485e-07  6.274255038519730485e-07
9.963638628756882554e+00  5.476468127924331372e-07  5.476468127924331372e-07
1.006363862875688220e+01  4.780824735424833902e-07  4.780824735424833902e-07
1.016363862875688184e+01  4.174939557459459856e-07  4.174939557459459856e-07
1.026363862875688149e+01  3.647434344015490829e-07  3.647434344015490829e-07
1.036363862875688113e+01  3.187968582157560274e-07  3.187968582157560274e-07
