-1.662782929159499101e+00  2.878906383616723141e-34  2.878906383616723141e-34
-1.562782929159499012e+00  9.955239801338644480e-32  9.955239801338644480e-32
-1.462782929159499368e+00  3.362852232229959170e-29  3.362852232229959170e-29
-1.362782929159498835e+00  9.234000675909060963e-27  9.234000675909060963e-27
-1.262782929159499190e+00  1.990047893958598417e-24  1.990047893958598417e-24
-1.162782929159499101e+00  3.345237026224754982e-22  3.345237026224754982e-22
-1.062782929159499012e+00  4.380890032344105931e-20  4.380890032344105931e-20
-9.627829291594989236e-01  4.468481152248472004e-18  4.468481152248472004e-18
-8.627829291594990568e-01  3.549716440892281628e-16  3.549716440892281628e-16
-7.627829291594991901e-01  2.196123419629064402e-14  2.196123419629064402e-14
-6.627829291594991012e-01  1.058149920554286341e-12  1.058149920554286341e-12
-5.627829291594990124e-01  3.970675669240379005e-11  3.970675669240379005e-11
-4.627829291594989236e-01  1.160401167128857216e-09  1.160401167128857216e-09
-3.627829291594990568e-01  2.641060484040285001e-08  2.641060484040285001e-08
-2.627829291594989680e-01  4.681391391393687980e-07  4.681391391393687980e-07
-1.627829291594991012e-01  6.462461341975627597e-06  6.462461341975627597e-06
-6.278292915949901243e-02  6.947800853923427589e-05  6.947800853923427589e-05
3.721707084050107639e-02  5.817322841372911217e-04  5.817322841372911217e-04
1.372170708405009432e-01  3.793371574381114528e-03  3.793371574381114528e-03
2.372170708405010320e-01  1.926433636975901156e-02  1.926433636975901156e-02
3.372170708405008988e-01  7.619197851337373983e-02  7.619197851337373983e-02
4.372170708405009876e-01  2.346881710175660607e-01  2.346881710175660607e-01
5.372170708405010764e-01  5.629898027153239504e-01  5.629898027153239504e-01
6.372170708405011652e-01  1.051814628378187733e+00  1.051814628378187733e+00
7.372170708405012540e-01  1.530431998629426804e+00  1.530431998629426804e+00
8.372170708405008988e-01  1.734406890430154169e+00  1.734406890430154169e+00
9.372170708405009876e-01  1.531299121135941466e+00  1.531299121135941466e+00
1.037217070840501076e+00  1.054529700945116444e+00  1.054529700945116444e+00
1.137217070840501165e+00  5.699662078947668187e-01  5.699662078947668187e-01
1.237217070840501254e+00  2.504179517456042170e-01  2.504179517456042170e-01
1.337217070840500899e+00  1.074765421617049493e-01  1.074765421617049493e-01
1.437217070840500988e+00  7.417364890481659145e-02  7.417364890481659145e-02
1.537217070840501076e+00  8.884827664008457249e-02  8.884827664008457249e-02
1.637217070840501165e+00  1.168665543585437477e-01  1.168665543585437477e-01
1.737217070840501254e+00  1.404130139945087841e-01  1.404130139945087841e-01
1.837217070840500899e+00  1.495932456034884395e-01  1.495932456034884395e-01
1.937217070840500988e+00  1.409615093337562575e-01  1.409615093337562575e-01
2.037217070840501076e+00  1.177756394528365752e-01  1.177756394528365752e-01
2.137217070840501165e+00  8.792382424979561240e-02  8.792382424979561240e-02
2.237217070840501254e+00  5.986829165192644048e-02  5.986829165192644048e-02
2.337217070840500899e+00  3.913653836026968064e-02  3.913653836026968064e-02
2.437217070840501432e+00  2.716086642637807747e-02  2.716086642637807747e-02
2.537217070840501076e+00  2.229116856501024008e-02  2.229116856501024008e-02
2.637217070840500721e+00  2.161109099667491221e-02  2.161109099667491221e-02
2.737217070840501254e+00  2.237837135725943491e-02  2.237837135725943491e-02
2.837217070840500899e+00  2.271787514279756739e-02  2.271787514279756739e-02
2.937217070840501432e+00  2.174798357898872006e-02  2.174798357898872006e-02
3.037217070840501076e+00  1.941417199279805994e-02  1.941417199279805994e-02
3.137217070840501609e+00  1.619587528751853522e-02  1.619587528751853522e-02
3.237217070840501254e+00  1.277732819301582480e-02  1.277732819301582480e-02
3.337217070840500899e+00  9.761932540061886779e-03  9.761932540061886779e-03
3.437217070840501432e+00  7.498928320586468153e-03  7.498928320586468153e-03
3.537217070840501076e+00  6.047525093091378999e-03  6.047525093091378999e-03
3.637217070840501609e+00  5.248837907610283925e-03  5.248837907610283925e-03
3.737217070840501254e+00  4.844713462930994377e-03  4.844713462930994377e-03
3.837217070840500899e+00  4.586386487891068280e-03  4.586386487891068280e-03
3.937217070840501432e+00  4.301298827378815040e-03  4.301298827378815040e-03
4.037217070840501520e+00  3.913174115960778472e-03  3.913174115960778472e-03
4.137217070840501165e+00  3.427003826432907432e-03  3.427003826432907432e-03
4.237217070840500810e+00  2.896090901042492390e-03  2.896090901042492390e-03
4.337217070840500455e+00  2.386749666118260886e-03  2.386749666118260886e-03
4.437217070840501876e+00  1.951462599850103778e-03  1.951462599850103778e-03
4.537217070840501520e+00  1.615469447826157253e-03  1.615469447826157253e-03
4.637217070840501165e+00  1.376367348786619246e-03  1.376367348786619246e-03
4.737217070840500810e+00  1.212554694075428227e-03  1.212554694075428227e-03
4.837217070840500455e+00  1.094964525774042930e-03  1.094964525774042930e-03
4.937217070840501876e+00  9.973295121797963285e-04  9.973295121797963285e-04
5.037217070840501520e+00  9.022824837939712661e-04  9.022824837939712661e-04
5.137217070840501165e+00  8.028167551037158076e-04  8.028167551037158076e-04
5.237217070840500810e+00  7.002228688408429318e-04  7.002228688408429318e-04
5.337217070840500455e+00  6.003043939768802715e-04  6.003043939768802715e-04
5.437217070840501876e+00  5.095778160342982841e-04  5.095778160342982841e-04
5.537217070840501520e+00  4.325928315372327146e-04  4.325928315372327146e-04
5.637217070840501165e+00  3.707986213949463860e-04  3.707986213949463860e-04
5.737217070840500810e+00  3.227803706586286235e-04  3.227803706586286235e-04
5.837217070840500455e+00  2.853366806635111437e-04  2.853366806635111437e-04
5.937217070840501876e+00  2.547878210049840208e-04  2.547878210049840208e-04
6.037217070840501520e+00  2.280347919762387189e-04  2.280347919762387189e-04
6.137217070840501165e+00  2.031231723475572190e-04  2.031231723475572190e-04
6.237217070840500810e+00  1.792983224508230855e-04  1.792983224508230855e-04
6.337217070840500455e+00  1.566986180621756134e-04  1.566986180621756134e-04
6.437217070840500099e+00  1.358958466541104531e-04  1.358958466541104531e-04
6.537217070840501520e+00  1.174700837247408296e-04  1.174700837247408296e-04
6.637217070840501165e+00  1.017348920111333727e-04  1.017348920111333727e-04
6.737217070840500810e+00  8.864555388068059440e-05  8.864555388068059440e-05
6.837217070840500455e+00  7.785711879115407488e-05  7.785711879115407488e-05
6.937217070840500099e+00  6.886456068513080735e-05  6.886456068513080735e-05
7.037217070840501520e+00  6.115450627561252886e-05  6.115450627561252886e-05
7.137217070840501165e+00  5.431745953197917546e-05  5.431745953197917546e-05
7.237217070840500810e+00  4.809813064717928576e-05  4.809813064717928576e-05
7.337217070840500455e+00  4.238769757281815928e-05  4.238769757281815928e-05
7.437217070840500099e+00  3.717840199627883024e-05  3.717840199627883024e-05
7.537217070840501520e+00  3.250587706536334416e-05  3.250587706536334416e-05
7.637217070840501165e+00  2.840024011550890622e-05  2.840024011550890622e-05
7.737217070840500810e+00  2.485761077195293412e-05  2.485761077195293412e-05
7.837217070840500455e+00  2.183379992484182900e-05  2.183379992484182900e-05
7.937217070840501876e+00  1.925464747108180749e-05  1.925464747108180749e-05
8.037217070840501520e+00  1.703422526525349913e-05  1.703422526525349913e-05
8.137217070840501165e+00  1.509257375692772662e-05  1.509257375692772662e-05
8.237217070840500810e+00  1.336748079408914844e-05  1.336748079408914844e-05
8.337217070840500455e+00  1.181841231916073859e-05  1.181841231916073859e-05
8.437217070840501876e+00  1.042372843659893113e-05  1.042372843659893113e-05
8.537217070840501520e+00  9.174028451748961500e-06  9.174028451748961500e-06
8.637217070840501165e+00  8.064763256895999042e-06  8.064763256895999042e-06
8.737217070840500810e+00  7.090494462286489147e-06  7.090494462286489147e-06
8.837217070840500455e+00  6.241934192304292195e-06  6.241934192304292195e-06
8.937217070840501876e+00  5.505702237814163869e-06  5.505702237814163869e-06
9.037217070840501520e+00  4.865938133019504222e-06  4.865938133019504222e-06
9.137217070840501165e+00  4.306622071018139741e-06  4.306622071018139741e-06
9.237217070840500810e+00  3.813613464593837786e-06  3.813613464593837786e-06
9.337217070840500455e+00  3.375823283859461257e-06  3.375823283859461257e-06
9.437217070840501876e+00  2.985392009458251980e-06  2.985392009458251980e-06
9.537217070840501520e+00  2.637094924532070449e-06  2.637094924532070449e-06
9.637217070840501165e+00  2.327367346815903079e-06  2.327367346815903079e-06
9.737217070840500810e+00  2.053338784623181593e-06  2.053338784623181593e-06
9.837217070840500455e+00  1.812143172033091134e-06  1.812143172033091134e-06
9.937217070840501876e+00  1.600606859815986832e-06  1.600606859815986832e-06
1.003721707084050152e+01  1.415271253980316585e-06  1.415271253980316585e-06
1.013721707084050117e+01  1.252620640346073728e-06  1.252620640346073728e-06
1.023721707084050081e+01  1.109365823776253103e-06  1.109365823776253103e-06
1.033721707084050045e+01  9.826659535582840554e-07  9.826659535582840554e-07
