-1.500000000006233680e+00  1.315588027775890692e-10  1.315588027775890692e-10
-1.400000000006233591e+00  7.876717060662447804e-10  7.876717060662447804e-10
-1.300000000006233947e+00  4.383763288212493035e-09  4.383763288212493035e-09
-1.200000000006233414e+00  2.267908152782593424e-08  2.267908152782593424e-08
-1.100000000006233769e+00  1.090637299004489222e-07  1.090637299004489222e-07
-1.000000000006233680e+00  4.875416773056085133e-07  4.875416773056085133e-07
-9.000000000062335914e-01  2.025907746624949263e-06  2.025907746624949263e-06
-8.000000000062335026e-01  7.825355928054785959e-06  7.825355928054785959e-06
-7.000000000062336358e-01  2.809732999249535404e-05  2.809732999249535404e-05
-6.000000000062337691e-01  9.377833574523216243e-05  9.377833574523216243e-05
-5.000000000062336802e-01  2.909487577639093122e-04  2.909487577639093122e-04
-4.000000000062335914e-01  8.390870343394600658e-04  8.390870343394600658e-04
-3.000000000062335026e-01  2.249438015884202679e-03  2.249438015884202679e-03
-2.000000000062336358e-01  5.605541442109909789e-03  5.605541442109909789e-03
-1.000000000062335470e-01  1.298487047517675810e-02  1.298487047517675810e-02
-6.233680238665328943e-12  2.795980853497855717e-02  2.795980853497855717e-02
9.999999999376640858e-02  5.596381101412827019e-02  5.596381101412827019e-02
1.999999999937664974e-01  1.041254488725395083e-01  1.041254488725395083e-01
2.999999999937663642e-01  1.800872676747766465e-01  1.800872676747766465e-01
3.999999999937664530e-01  2.895247186384450888e-01  2.895247186384450888e-01
4.999999999937663198e-01  4.326779910539784724e-01  4.326779910539784724e-01
5.999999999937664086e-01  6.010636688951410678e-01  6.010636688951410678e-01
6.999999999937664974e-01  7.761625218725751729e-01  7.761625218725751729e-01
7.999999999937665862e-01  9.316684221298512369e-01  9.316684221298512369e-01
8.999999999937666750e-01  1.039552914315928778e+00  1.039552914315928778e+00
9.999999999937663198e-01  1.078222379463331659e+00  1.078222379463331659e+00
1.099999999993766409e+00  1.039552914315928334e+00  1.039552914315928334e+00
1.199999999993766497e+00  9.316684221298505708e-01  9.316684221298505708e-01
1.299999999993766586e+00  7.761625218725743958e-01  7.761625218725743958e-01
1.399999999993766675e+00  6.010636688951401796e-01  6.010636688951401796e-01
1.499999999993766320e+00  4.326779910539784724e-01  4.326779910539784724e-01
1.599999999993766409e+00  2.895247186384448668e-01  2.895247186384448668e-01
1.699999999993766497e+00  1.800872676747763967e-01  1.800872676747763967e-01
1.799999999993766586e+00  1.041254488725392446e-01  1.041254488725392446e-01
1.899999999993766675e+00  5.596381101412809672e-02  5.596381101412809672e-02
1.999999999993766320e+00  2.795980853497855717e-02  2.795980853497855717e-02
2.099999999993766409e+00  1.298487047517673382e-02  1.298487047517673382e-02
2.199999999993766497e+00  5.605541442109900248e-03  5.605541442109900248e-03
2.299999999993766586e+00  2.249438015884192271e-03  2.249438015884192271e-03
2.399999999993766675e+00  8.390870343394556206e-04  8.390870343394556206e-04
2.499999999993766320e+00  2.909487577639093122e-04  2.909487577639093122e-04
2.599999999993766853e+00  9.377833574523183717e-05  9.377833574523183717e-05
2.699999999993766497e+00  2.809732999249530661e-05  2.809732999249530661e-05
2.799999999993766142e+00  7.825355928054785959e-06  7.825355928054785959e-06
2.899999999993766675e+00  2.025907746624942063e-06  2.025907746624942063e-06
2.999999999993766320e+00  4.875416773056085133e-07  4.875416773056085133e-07
3.099999999993766853e+00  1.090637299004481413e-07  1.090637299004481413e-07
3.199999999993766497e+00  2.267908152782593424e-08  2.267908152782593424e-08
3.299999999993767030e+00  4.383763288212414453e-09  4.383763288212414453e-09
3.399999999993766675e+00  7.876717060662391969e-10  7.876717060662391969e-10
3.499999999993766320e+00  1.315588027775890692e-10  1.315588027775890692e-10
3.599999999993766853e+00  2.042542476348293527e-11  2.042542476348293527e-11
3.699999999993766497e+00  2.947805318060021975e-12  2.947805318060021975e-12
3.799999999993767030e+00  3.954604136145679152e-13  3.954604136145679152e-13
3.899999999993766675e+00  4.931553529369006956e-14  4.931553529369006956e-14
3.999999999993766320e+00  5.716642106329154259e-15  5.716642106329154259e-15
4.099999999993766409e+00  6.159915761709476462e-16  6.159915761709476462e-16
4.199999999993766053e+00  6.169998514477757066e-17  6.169998514477757066e-17
4.299999999993767474e+00  5.744759643456696178e-18  5.744759643456696178e-18
4.399999999993767119e+00  4.972046518358280114e-19  4.972046518358280114e-19
4.499999999993766764e+00  4.000138427681999471e-20  4.000138427681999471e-20
4.599999999993766409e+00  2.991516310818010844e-21  2.991516310818010844e-21
4.699999999993766053e+00  2.079621250461180116e-22  2.079621250461180116e-22
4.799999999993767474e+00  1.343858786219443279e-23  1.343858786219443279e-23
4.899999999993767119e+00  8.072341764007896325e-25  8.072341764007896325e-25
4.999999999993766764e+00  4.507357061855719573e-26  4.507357061855719573e-26
5.099999999993766409e+00  2.339488435664234851e-27  2.339488435664234851e-27
5.199999999993766053e+00  1.128746351107434911e-28  1.128746351107434911e-28
5.299999999993767474e+00  5.062305297241698783e-30  5.062305297241698783e-30
5.399999999993767119e+00  2.110458534341967564e-31  2.110458534341967564e-31
5.499999999993766764e+00  8.178653919687680481e-33  8.178653919687680481e-33
5.599999999993766409e+00  2.946207672030066914e-34  2.946207672030066914e-34
5.699999999993766053e+00  9.865552177506398945e-36  9.865552177506398945e-36
5.799999999993767474e+00  3.070831286095134765e-37  3.070831286095134765e-37
5.899999999993767119e+00  8.885196409062359441e-39  8.885196409062359441e-39
5.999999999993766764e+00  2.389761857928545314e-40  2.389761857928545314e-40
6.099999999993766409e+00  5.974736203724673333e-42  5.974736203724673333e-42
6.199999999993766053e+00  1.388543091352412715e-43  1.388543091352412715e-43
6.299999999993767474e+00  2.999690901889771443e-45  2.999690901889771443e-45
6.399999999993767119e+00  6.023794766279113455e-47  6.023794766279113455e-47
6.499999999993766764e+00  1.124450507446471145e-48  1.124450507446471145e-48
6.599999999993766409e+00  1.951133743291734473e-50  1.951133743291734473e-50
6.699999999993767830e+00  3.147097889902249406e-52  3.147097889902249406e-52
6.799999999993767474e+00  4.718565421764078411e-54  4.718565421764078411e-54
6.899999999993767119e+00  6.576369808712491935e-56  6.576369808712491935e-56
6.999999999993766764e+00  8.519988135190298931e-58  8.519988135190298931e-58
7.099999999993766409e+00  1.026049398460412013e-59  1.026049398460412013e-59
7.199999999993767830e+00  1.148613899029969824e-61  1.148613899029969824e-61
7.299999999993767474e+00  1.195243474772191883e-63  1.195243474772191883e-63
7.399999999993767119e+00  1.156152739604826784e-65  1.156152739604826784e-65
7.499999999993766764e+00  1.039562394635878025e-67  1.039562394635878025e-67
7.599999999993766409e+00  8.688852526032061408e-70  8.688852526032061408e-70
7.699999999993767830e+00  6.750731087273518376e-72  6.750731087273518376e-72
7.799999999993767474e+00  4.875461234968633098e-74  4.875461234968633098e-74
7.899999999993767119e+00  3.273083795747882025e-76  3.273083795747882025e-76
7.999999999993766764e+00  2.042561103544626722e-78  2.042561103544626722e-78
8.099999999993768185e+00  1.184866737450023836e-80  1.184866737450023836e-80
8.199999999993767830e+00  6.389111615856711916e-83  6.389111615856711916e-83
8.299999999993767474e+00  3.202491307637995491e-85  3.202491307637995491e-85
8.399999999993767119e+00  1.492148205989083093e-87  1.492148205989083093e-87
8.499999999993766764e+00  6.462677429516051915e-90  6.462677429516051915e-90
8.599999999993768185e+00  2.601893493749560620e-92  2.601893493749560620e-92
8.699999999993767830e+00  9.737401278770619907e-95  9.737401278770619907e-95
8.799999999993767474e+00  3.387451900546167563e-97  3.387451900546167563e-97
8.899999999993767119e+00  1.095417623764693256e-99  1.095417623764693256e-99
8.999999999993766764e+00  3.292780851061945399e-102  3.292780851061945399e-102
9.099999999993768185e+00  9.200733428557798632e-105  9.200733428557798632e-105
9.199999999993767830e+00  2.389783651630901572e-107  2.389783651630901572e-107
9.299999999993767474e+00  5.769939248802968789e-110  5.769939248802968789e-110
9.399999999993767119e+00  1.294972101686188823e-112  1.294972101686188823e-112
9.499999999993766764e+00  2.701631435708328833e-115  2.701631435708328833e-115
9.599999999993768185e+00  5.239240165057919212e-118  5.239240165057919212e-118
9.699999999993767830e+00  9.444675252234476663e-121  9.444675252234476663e-121
9.799999999993767474e+00  1.582640479193101675e-123  1.582640479193101675e-123
9.899999999993767119e+00  2.465210599411064421e-126  2.465210599411064421e-126
9.999999999993766764e+00  3.569458197661329558e-129  3.569458197661329558e-129
1.009999999999376818e+01  4.804266508833609066e-132  4.804266508833609066e-132
1.019999999999376783e+01  6.010746318808252923e-135  6.010746318808252923e-135
1.029999999999376747e+01  6.990467551008334374e-138  6.990467551008334374e-138
1.039999999999376712e+01  7.557193913293445135e-141  7.557193913293445135e-141
1.049999999999376676e+01  7.594364279478322699e-144  7.594364279478322699e-144
