-1.649421365281742435e+00  3.918285327562010979e-42  3.918285327562010979e-42
-1.549421365281742347e+00  5.131417465154677572e-39  5.131417465154677572e-39
-1.449421365281742702e+00  6.892785210654372271e-36  6.892785210654372271e-36
-1.349421365281742169e+00  7.105590332131810964e-33  7.105590332131810964e-33
-1.249421365281742524e+00  5.408863172825900494e-30  5.408863172825900494e-30
-1.149421365281742435e+00  3.026171570992307579e-27  3.026171570992307579e-27
-1.049421365281742347e+00  1.243629209153482374e-24  1.243629209153482374e-24
-9.494213652817422577e-01  3.753670559804714895e-22  3.753670559804714895e-22
-8.494213652817423910e-01  8.321121368216451202e-20  8.321121368216451202e-20
-7.494213652817425242e-01  1.354772974867734033e-17  1.354772974867734033e-17
-6.494213652817424354e-01  1.619980606531349447e-15  1.619980606531349447e-15
-5.494213652817423466e-01  1.422694457138064334e-13  1.422694457138064334e-13
-4.494213652817422577e-01  9.176392277863251702e-12  9.176392277863251702e-12
-3.494213652817423910e-01  4.347011617037998001e-10  4.347011617037998001e-10
-2.494213652817423021e-01  1.512405077054334064e-08  1.512405077054334064e-08
-1.494213652817424354e-01  3.864594638424937955e-07  3.864594638424937955e-07
-4.942136528174234655e-02  7.252675753067408216e-06  7.252675753067408216e-06
5.057863471825774226e-02  9.996571376017434631e-05  9.996571376017434631e-05
1.505786347182576090e-01  1.011957739804032232e-03  1.011957739804032232e-03
2.505786347182576979e-01  7.523712302514140582e-03  7.523712302514140582e-03
3.505786347182575646e-01  4.108284315361498962e-02  4.108284315361498962e-02
4.505786347182576534e-01  1.647583128042368894e-01  1.647583128042368894e-01
5.505786347182577423e-01  4.852804580830238912e-01  4.852804580830238912e-01
6.505786347182578311e-01  1.049777440964130060e+00  1.049777440964130060e+00
7.505786347182579199e-01  1.667869744740704707e+00  1.667869744740704707e+00
8.505786347182575646e-01  1.946233300121502419e+00  1.946233300121502419e+00
9.505786347182576534e-01  1.668159152318647420e+00  1.668159152318647420e+00
1.050578634718257742e+00  1.050900956674123643e+00  1.050900956674123643e+00
1.150578634718257831e+00  4.888622509334479282e-01  4.888622509334479282e-01
1.250578634718257920e+00  1.745256406459798904e-01  1.745256406459798904e-01
1.350578634718257565e+00  6.390694925433550166e-02  6.390694925433550166e-02
1.450578634718257653e+00  5.323169395388326064e-02  5.323169395388326064e-02
1.550578634718257742e+00  7.945895931908493470e-02  7.945895931908493470e-02
1.650578634718257831e+00  1.154872629122966760e-01  1.154872629122966760e-01
1.750578634718257920e+00  1.454757216386654561e-01  1.454757216386654561e-01
1.850578634718257565e+00  1.572188114982743523e-01  1.572188114982743523e-01
1.950578634718257653e+00  1.457654873684763874e-01  1.457654873684763874e-01
2.050578634718257742e+00  1.161903883223972672e-01  1.161903883223972672e-01
2.150578634718257831e+00  8.020944363525074616e-02  8.020944363525074616e-02
2.250578634718257920e+00  4.915418046620111808e-02  4.915418046620111808e-02
2.350578634718257565e+00  2.889435113394630064e-02  2.889435113394630064e-02
2.450578634718258098e+00  1.941286532928635997e-02  1.941286532928635997e-02
2.550578634718257742e+00  1.741130691676515824e-02  1.741130691676515824e-02
2.650578634718257387e+00  1.901878902296365997e-02  1.901878902296365997e-02
2.750578634718257920e+00  2.120072171032914149e-02  2.120072171032914149e-02
2.850578634718257565e+00  2.211389892273165833e-02  2.211389892273165833e-02
2.950578634718258098e+00  2.104467498888511548e-02  2.104467498888511548e-02
3.050578634718257742e+00  1.820715654991835603e-02  1.820715654991835603e-02
3.150578634718258275e+00  1.440680315092905846e-02  1.440680315092905846e-02
3.250578634718257920e+00  1.060632570772600779e-02  1.060632570772600779e-02
3.350578634718257565e+00  7.541811857767358705e-03  7.541811857767358705e-03
3.450578634718258098e+00  5.530780412541081055e-03  5.530780412541081055e-03
3.550578634718257742e+00  4.497822074554729856e-03  4.497822074554729856e-03
3.650578634718258275e+00  4.133342563973360119e-03  4.133342563973360119e-03
3.750578634718257920e+00  4.072683551287447669e-03  4.072683551287447669e-03
3.850578634718257565e+00  4.023161151847180587e-03  4.023161151847180587e-03
3.950578634718258098e+00  3.820495950847554480e-03  3.820495950847554480e-03
4.050578634718258186e+00  3.428040773137983575e-03  3.428040773137983575e-03
4.150578634718257831e+00  2.900995723759821135e-03  2.900995723759821135e-03
4.250578634718257476e+00  2.336580374195077262e-03  2.336580374195077262e-03
4.350578634718257121e+00  1.827809952896122803e-03  1.827809952896122803e-03
4.450578634718258542e+00  1.433336001475775130e-03  1.433336001475775130e-03
4.550578634718258186e+00  1.168064956460057764e-03  1.168064956460057764e-03
4.650578634718257831e+00  1.011193744747767003e-03  1.011193744747767003e-03
4.750578634718257476e+00  9.233228838155941361e-04  9.233228838155941361e-04
4.850578634718257121e+00  8.639112551013923514e-04  8.639112551013923514e-04
4.950578634718258542e+00  8.032905719243036129e-04  8.032905719243036129e-04
5.050578634718258186e+00  7.273449338433753434e-04  7.273449338433753434e-04
5.150578634718257831e+00  6.359542541201604511e-04  6.359542541201604511e-04
5.250578634718257476e+00  5.377830005653665580e-04  5.377830005653665580e-04
5.350578634718257121e+00  4.441792595767297437e-04  4.441792595767297437e-04
5.450578634718258542e+00  3.643024204731063072e-04  3.643024204731063072e-04
5.550578634718258186e+00  3.025656423331196643e-04  3.025656423331196643e-04
5.650578634718257831e+00  2.584407360014288283e-04  2.584407360014288283e-04
5.750578634718257476e+00  2.279252065164698022e-04  2.279252065164698022e-04
5.850578634718257121e+00  2.056678282362280356e-04  2.056678282362280356e-04
5.950578634718258542e+00  1.868626706903308155e-04  1.868626706903308155e-04
6.050578634718258186e+00  1.683862854331270279e-04  1.683862854331270279e-04
6.150578634718257831e+00  1.490655309275462409e-04  1.490655309275462409e-04
6.250578634718257476e+00  1.292731797383041086e-04  1.292731797383041086e-04
6.350578634718257121e+00  1.101924080490327052e-04  1.101924080490327052e-04
6.450578634718256765e+00  9.308238512908243475e-05  9.308238512908243475e-05
6.550578634718258186e+00  7.876990672050186715e-05  7.876990672050186715e-05
6.650578634718257831e+00  6.745071165357760632e-05  6.745071165357760632e-05
6.750578634718257476e+00  5.876197251791088328e-05  5.876197251791088328e-05
6.850578634718257121e+00  5.201556180876184773e-05  5.201556180876184773e-05
6.950578634718256765e+00  4.646669935780053110e-05  4.646669935780053110e-05
7.050578634718258186e+00  4.152153472299020186e-05  4.152153472299020186e-05
7.150578634718257831e+00  3.683722760448763860e-05  3.683722760448763860e-05
7.250578634718257476e+00  3.231669246308872118e-05  3.231669246308872118e-05
7.350578634718257121e+00  2.803251346178095858e-05  2.803251346178095858e-05
7.450578634718256765e+00  2.412572238570000188e-05  2.412572238570000188e-05
7.550578634718258186e+00  2.071850417324425098e-05  2.071850417324425098e-05
7.650578634718257831e+00  1.786323079817731411e-05  1.786323079817731411e-05
7.750578634718257476e+00  1.553188051985172430e-05  1.553188051985172430e-05
7.850578634718257121e+00  1.363608059379229513e-05  1.363608059379229513e-05
7.950578634718258542e+00  1.206157450373867986e-05  1.206157450373867986e-05
8.050578634718258186e+00  1.070154507221827697e-05  1.070154507221827697e-05
8.150578634718257831e+00  9.478512908359749072e-06  9.478512908359749072e-06
8.250578634718257476e+00  8.351364569009206299e-06  8.351364569009206299e-06
8.350578634718257121e+00  7.309824196299919947e-06  7.309824196299919947e-06
8.450578634718258542e+00  6.361903804052300744e-06  6.361903804052300744e-06
8.550578634718258186e+00  5.520343318671316085e-06  5.520343318671316085e-06
8.650578634718257831e+00  4.792497798605055241e-06  4.792497798605055241e-06
8.750578634718257476e+00  4.175668987993702571e-06  4.175668987993702571e-06
8.850578634718257121e+00  3.657563265198692729e-06  3.657563265198692729e-06
8.950578634718258542e+00  3.220064585394348953e-06  3.220064585394348953e-06
9.050578634718258186e+00  2.844048365900234880e-06  2.844048365900234880e-06
9.150578634718257831e+00  2.513353390392295744e-06  2.513353390392295744e-06
9.250578634718257476e+00  2.216885696273370671e-06  2.216885696273370671e-06
9.350578634718257121e+00  1.948738422264615963e-06  1.948738422264615963e-06
9.450578634718258542e+00  1.706873850977752075e-06  1.706873850977752075e-06
9.550578634718258186e+00  1.491198526473038002e-06  1.491198526473038002e-06
9.650578634718257831e+00  1.301797924107710890e-06  1.301797924107710890e-06
9.750578634718257476e+00  1.137812449213275576e-06  1.137812449213275576e-06
9.850578634718257121e+00  9.970890684051497264e-07  9.970890684051497264e-07
9.950578634718258542e+00  8.764608033319494616e-07  8.764608033319494616e-07
1.005057863471825819e+01  7.723575901652452306e-07  7.723575901652452306e-07
1.015057863471825783e+01  6.814418538468682434e-07  6.814418538468682434e-07
1.025057863471825748e+01  6.010508768052235599e-07  6.010508768052235599e-07
1.035057863471825712e+01  5.293573462847051686e-07  5.293573462847051686e-07
