-1.541666666046189071e+00  7.014892931505482019e-14  7.014892931505482019e-14
-1.441666666046188539e+00  7.489427072096948908e-13  7.489427072096948908e-13
-1.341666666046188894e+00  7.345773743922105317e-12  7.345773743922105317e-12
-1.241666666046188805e+00  6.573380212658754588e-11  6.573380212658754588e-11
-1.141666666046188716e+00  5.349959856786743082e-10  5.349959856786743082e-10
-1.041666666046189071e+00  3.954586250818403537e-09  3.954586250818403537e-09
-9.416666660461887606e-01  2.653052045189005605e-08  2.653052045189005605e-08
-8.416666660461888938e-01  1.614880827266205727e-07  1.614880827266205727e-07
-7.416666660461888050e-01  8.916864659043868194e-07  8.916864659043868194e-07
-6.416666660461887162e-01  4.466040461474929910e-06  4.466040461474929910e-06
-5.416666660461888494e-01  2.028856244803272784e-05  2.028856244803272784e-05
-4.416666660461887606e-01  8.359620652339913485e-05  8.359620652339913485e-05
-3.416666660461886718e-01  3.124079010585843058e-04  3.124079010585843058e-04
-2.416666660461888050e-01  1.058897292551975317e-03  1.058897292551975317e-03
-1.416666660461887162e-01  3.255216922646188196e-03  3.255216922646188196e-03
-4.166666604618884939e-02  9.076098793313903609e-03  9.076098793313903609e-03
5.833333395381123943e-02  2.295151428718021636e-02  2.295151428718021636e-02
1.583333339538113282e-01  5.264009420380488802e-02  5.264009420380488802e-02
2.583333339538111950e-01  1.095005344585134738e-01  1.095005344585134738e-01
3.583333339538112838e-01  2.065913863807815054e-01  2.065913863807815054e-01
4.583333339538111506e-01  3.535153905724396362e-01  3.535153905724396362e-01
5.583333339538112394e-01  5.486698718315714540e-01  5.486698718315714540e-01
6.583333339538113282e-01  7.723818230538979090e-01  7.723818230538979090e-01
7.583333339538114171e-01  9.862607685765746313e-01  9.862607685765746313e-01
8.583333339538115059e-01  1.142427001963411959e+00  1.142427001963411959e+00
9.583333339538111506e-01  1.200646479439257952e+00  1.200646479439257952e+00
1.058333333953811239e+00  1.145238746542758923e+00  1.145238746542758923e+00
1.158333333953811328e+00  9.921233539278520031e-01  9.921233539278520031e-01
1.258333333953811417e+00  7.817103770181399458e-01  7.817103770181399458e-01
1.358333333953811506e+00  5.619379150140783041e-01  5.619379150140783041e-01
1.458333333953811151e+00  3.711010612152797483e-01  3.711010612152797483e-01
1.558333333953811239e+00  2.286166429761670171e-01  2.286166429761670171e-01
1.658333333953811328e+00  1.357002367477489202e-01  1.357002367477489202e-01
1.758333333953811417e+00  8.229770818586799874e-02  8.229770818586799874e-02
1.858333333953811506e+00  5.492659713852379721e-02  5.492659713852379721e-02
1.958333333953811151e+00  4.192661636915735041e-02  4.192661636915735041e-02
2.058333333953811461e+00  3.543130970414067049e-02  3.543130970414067049e-02
2.158333333953811106e+00  3.112331674696246914e-02  3.112331674696246914e-02
2.258333333953811639e+00  2.713489444115695787e-02  2.713489444115695787e-02
2.358333333953811284e+00  2.296528610678370483e-02  2.296528610678370483e-02
2.458333333953810929e+00  1.872634626396291538e-02  1.872634626396291538e-02
2.558333333953811461e+00  1.470991603969918834e-02  1.470991603969918834e-02
2.658333333953811106e+00  1.117636507838024214e-02  1.117636507838024214e-02
2.758333333953810751e+00  8.274421089331950377e-03  8.274421089331950377e-03
2.858333333953811284e+00  6.033536457964653980e-03  6.033536457964653980e-03
2.958333333953810929e+00  4.392168609423107578e-03  4.392168609423107578e-03
3.058333333953811461e+00  3.238026113964967857e-03  3.238026113964967857e-03
3.158333333953811106e+00  2.445031111156692211e-03  2.445031111156692211e-03
3.258333333953811639e+00  1.899189020242125379e-03  1.899189020242125379e-03
3.358333333953811284e+00  1.511667744077344619e-03  1.511667744077344619e-03
3.458333333953810929e+00  1.221385023400823125e-03  1.221385023400823125e-03
3.558333333953811461e+00  9.910685323603648893e-04  9.910685323603648893e-04
3.658333333953811106e+00  8.006079637682845260e-04  8.006079637682845260e-04
3.758333333953811639e+00  6.404174121769747388e-04  6.404174121769747388e-04
3.858333333953811284e+00  5.062330983094882929e-04  5.062330983094882929e-04
3.958333333953810929e+00  3.957418445343087693e-04  3.957418445343087693e-04
4.058333333953811461e+00  3.068185742600248295e-04  3.068185742600248295e-04
4.158333333953811106e+00  2.368986898719464959e-04  2.368986898719464959e-04
4.258333333953811639e+00  1.829990908279696714e-04  1.829990908279696714e-04
4.358333333953811284e+00  1.420079329097619580e-04  1.420079329097619580e-04
4.458333333953810929e+00  1.110015804611830156e-04  1.110015804611830156e-04
4.558333333953811461e+00  8.746952651347607310e-05  8.746952651347607310e-05
4.658333333953811106e+00  6.941512691370934458e-05  6.941512691370934458e-05
4.758333333953811639e+00  5.535015760343571750e-05  5.535015760343571750e-05
4.858333333953811284e+00  4.422157696359472790e-05  4.422157696359472790e-05
4.958333333953810929e+00  3.530952265873352322e-05  3.530952265873352322e-05
5.058333333953811461e+00  2.812603385274490208e-05  2.812603385274490208e-05
5.158333333953811106e+00  2.233152253982088176e-05  2.233152253982088176e-05
5.258333333953811639e+00  1.767507866755485421e-05  1.767507866755485421e-05
5.358333333953811284e+00  1.395723873033789209e-05  1.395723873033789209e-05
5.458333333953810929e+00  1.101005342079594401e-05  1.101005342079594401e-05
5.558333333953811461e+00  8.688358060953217438e-06  8.688358060953217438e-06
5.658333333953811106e+00  6.866966461404507208e-06  6.866966461404507208e-06
5.758333333953811639e+00  5.440069256460096527e-06  5.440069256460096527e-06
5.858333333953811284e+00  4.320717018117079954e-06  4.320717018117079954e-06
5.958333333953810929e+00  3.439527978569768901e-06  3.439527978569768901e-06
6.058333333953811461e+00  2.742560946495633500e-06  2.742560946495633500e-06
6.158333333953811106e+00  2.188679742977471679e-06  2.188679742977471679e-06
6.258333333953811639e+00  1.746824230090080008e-06  1.746824230090080008e-06
6.358333333953811284e+00  1.393523905395480614e-06  1.393523905395480614e-06
6.458333333953810929e+00  1.110848109103525790e-06  1.110848109103525790e-06
6.558333333953810573e+00  8.848503429037236535e-07  8.848503429037236535e-07
6.658333333953811994e+00  7.044663413297989180e-07  7.044663413297989180e-07
6.758333333953811639e+00  5.607738619394847287e-07  5.607738619394847287e-07
6.858333333953811284e+00  4.465090725523019186e-07  4.465090725523019186e-07
6.958333333953810929e+00  3.557463366245612682e-07  3.557463366245612682e-07
7.058333333953810573e+00  2.836717294632981406e-07  2.836717294632981406e-07
7.158333333953811994e+00  2.264056944174540447e-07  2.264056944174540447e-07
7.258333333953811639e+00  1.808509995832463525e-07  1.808509995832463525e-07
7.358333333953811284e+00  1.445563510208016637e-07  1.445563510208016637e-07
7.458333333953810929e+00  1.155939034593770311e-07  1.155939034593770311e-07
7.558333333953810573e+00  9.245200129148414419e-08  9.245200129148414419e-08
7.658333333953811994e+00  7.394463067582682232e-08  7.394463067582682232e-08
7.758333333953811639e+00  5.913787195039107571e-08  5.913787195039107571e-08
7.858333333953811284e+00  4.729222001228000065e-08  4.729222001228000065e-08
7.958333333953810929e+00  3.781858686909389034e-08  3.781858686909389034e-08
8.058333333953811461e+00  3.024531099466035762e-08  3.024531099466035762e-08
8.158333333953812883e+00  2.419351678331176972e-08  2.419351678331176972e-08
8.258333333953810751e+00  1.935852460612904322e-08  1.935852460612904322e-08
8.358333333953812172e+00  1.549552224661201313e-08  1.549552224661201313e-08
8.458333333953810040e+00  1.240822522179583359e-08  1.240822522179583359e-08
8.558333333953811461e+00  9.939687912999343280e-09  9.939687912999343280e-09
8.658333333953812883e+00  7.964744414013582842e-09  7.964744414013582842e-09
8.758333333953810751e+00  6.383760729612662372e-09  6.383760729612662372e-09
8.858333333953812172e+00  5.117492386842570923e-09  5.117492386842570923e-09
8.958333333953810040e+00  4.102893952912869897e-09  4.102893952912869897e-09
9.058333333953813238e+00  3.289746656798380635e-09  3.289746656798380635e-09
9.158333333953812883e+00  2.637977121010074812e-09  2.637977121010074812e-09
9.258333333953812527e+00  2.115545815446463983e-09  2.115545815446463983e-09
9.358333333953812172e+00  1.696793240573763543e-09  1.696793240573763543e-09
9.458333333953811817e+00  1.361145600402781995e-09  1.361145600402781995e-09
9.558333333953813238e+00  1.092098166254837515e-09  1.092098166254837515e-09
9.658333333953812883e+00  8.764113905414278279e-10  8.764113905414278279e-10
9.758333333953812527e+00  7.034702091104421693e-10  7.034702091104421693e-10
9.858333333953812172e+00  5.647697436874177129e-10  5.647697436874177129e-10
9.958333333953811817e+00  4.535004275815162994e-10  4.535004275815162994e-10
1.005833333395381324e+01  3.642126446151476771e-10  3.642126446151476771e-10
1.015833333395381288e+01  2.925458231786299761e-10  2.925458231786299761e-10
1.025833333395381253e+01  2.350101839879498922e-10  2.350101839879498922e-10
1.035833333395381217e+01  1.888115603774444919e-10  1.888115603774444919e-10
1.045833333395381182e+01  1.517113183711341081e-10  1.517113183711341081e-10
