-1.520408163264773904e+00  1.700041159862093583e-28  1.700041159862093583e-28
-1.420408163264774259e+00  2.584368275777665319e-26  2.584368275777665319e-26
-1.320408163264774171e+00  3.291233716357143389e-24  3.291233716357143389e-24
-1.220408163264774082e+00  3.430923233701265933e-22  3.430923233701265933e-22
-1.120408163264774437e+00  2.913263793350139459e-20  2.913263793350139459e-20
-1.020408163264773904e+00  2.012717890663881773e-18  2.012717890663881773e-18
-9.204081632647740374e-01  1.131101492089387157e-16  1.131101492089387157e-16
-8.204081632647741706e-01  5.170159531364889177e-15  5.170159531364889177e-15
-7.204081632647740818e-01  1.922120857435951000e-13  1.922120857435951000e-13
-6.204081632647739930e-01  5.812043480813258059e-12  5.812043480813258059e-12
-5.204081632647741262e-01  1.429379053059751154e-10  1.429379053059751154e-10
-4.204081632647740374e-01  2.859143731430410742e-09  2.859143731430410742e-09
-3.204081632647739486e-01  4.651515019700106812e-08  4.651515019700106812e-08
-2.204081632647740818e-01  6.154923609903564266e-07  6.154923609903564266e-07
-1.204081632647739930e-01  6.624005408245016720e-06  6.624005408245016720e-06
-2.040816326477412623e-02  5.798136681831605078e-05  5.798136681831605078e-05
7.959183673522596258e-02  4.127869657717085920e-04  4.127869657717085920e-04
1.795918367352260514e-01  2.390194602901831757e-03  2.390194602901831757e-03
2.795918367352259182e-01  1.125667996529058565e-02  1.125667996529058565e-02
3.795918367352260070e-01  4.311785788046560569e-02  4.311785788046560569e-02
4.795918367352258738e-01  1.343302735093050426e-01  1.343302735093050426e-01
5.795918367352259626e-01  3.403773379436151325e-01  3.403773379436151325e-01
6.795918367352260514e-01  7.014840023900597021e-01  7.014840023900597021e-01
7.795918367352261402e-01  1.175834831177592799e+00  1.175834831177592799e+00
8.795918367352262290e-01  1.603058050168250981e+00  1.603058050168250981e+00
9.795918367352258738e-01  1.777607517297056905e+00  1.777607517297056905e+00
1.079591836735225963e+00  1.603385972223951628e+00  1.603385972223951628e+00
1.179591836735226051e+00  1.176723878369842824e+00  1.176723878369842824e+00
1.279591836735226140e+00  7.034408517098323932e-01  7.034408517098323932e-01
1.379591836735226229e+00  3.442140244159038742e-01  3.442140244159038742e-01
1.479591836735225874e+00  1.411038595784279981e-01  1.411038595784279981e-01
1.579591836735225963e+00  5.390076013506758801e-02  5.390076013506758801e-02
1.679591836735226051e+00  2.673723606037248235e-02  2.673723606037248235e-02
1.779591836735226140e+00  2.243446857003958753e-02  2.243446857003958753e-02
1.879591836735226229e+00  2.382099875134402120e-02  2.382099875134402120e-02
1.979591836735225874e+00  2.471631125812845040e-02  2.471631125812845040e-02
2.079591836735225741e+00  2.344202863490695357e-02  2.344202863490695357e-02
2.179591836735226273e+00  2.010603824955113639e-02  2.010603824955113639e-02
2.279591836735225918e+00  1.558831642124874212e-02  1.558831642124874212e-02
2.379591836735226451e+00  1.095353373791574207e-02  1.095353373791574207e-02
2.479591836735226096e+00  7.023722876956415943e-03  7.023722876956415943e-03
2.579591836735226629e+00  4.178688383104226141e-03  4.178688383104226141e-03
2.679591836735226273e+00  2.394969421078043358e-03  2.394969421078043358e-03
2.779591836735225918e+00  1.419437213414006258e-03  1.419437213414006258e-03
2.879591836735226451e+00  9.478342755839112063e-04  9.478342755839112063e-04
2.979591836735226096e+00  7.336647905282036360e-04  7.336647905282036360e-04
3.079591836735226629e+00  6.213344128659786803e-04  6.213344128659786803e-04
3.179591836735226273e+00  5.333852682373174930e-04  5.333852682373174930e-04
3.279591836735226806e+00  4.429597577268977048e-04  4.429597577268977048e-04
3.379591836735226451e+00  3.490264229311447518e-04  3.490264229311447518e-04
3.479591836735226096e+00  2.597063311376267150e-04  2.597063311376267150e-04
3.579591836735226629e+00  1.831201248874336958e-04  1.831201248874336958e-04
3.679591836735226273e+00  1.236308579001738409e-04  1.236308579001738409e-04
3.779591836735226806e+00  8.143321051733677586e-05  8.143321051733677586e-05
3.879591836735226451e+00  5.381385589819551277e-05  5.381385589819551277e-05
3.979591836735226096e+00  3.683538881646641173e-05  3.683538881646641173e-05
4.079591836735226629e+00  2.668694767411565913e-05  2.668694767411565913e-05
4.179591836735226273e+00  2.042034607470659237e-05  2.042034607470659237e-05
4.279591836735226806e+00  1.613098517655881117e-05  1.613098517655881117e-05
4.379591836735226451e+00  1.279576799295754565e-05  1.279576799295754565e-05
4.479591836735226096e+00  9.982562452528215353e-06  9.982562452528215353e-06
4.579591836735226629e+00  7.574656021356295203e-06  7.574656021356295203e-06
4.679591836735226273e+00  5.574184963785950556e-06  5.574184963785950556e-06
4.779591836735226806e+00  3.992582220637161041e-06  3.992582220637161041e-06
4.879591836735226451e+00  2.808390671159840850e-06  2.808390671159840850e-06
4.979591836735226096e+00  1.965579475680478798e-06  1.965579475680478798e-06
5.079591836735226629e+00  1.389286097054497092e-06  1.389286097054497092e-06
5.179591836735226273e+00  1.003708625457085310e-06  1.003708625457085310e-06
5.279591836735226806e+00  7.446140247261468212e-07  7.446140247261468212e-07
5.379591836735226451e+00  5.646723273188057947e-07  5.646723273188057947e-07
5.479591836735226096e+00  4.330664418993207210e-07  4.330664418993207210e-07
5.579591836735226629e+00  3.319327902447376675e-07  3.319327902447376675e-07
5.679591836735226273e+00  2.519315368337377791e-07  2.519315368337377791e-07
5.779591836735226806e+00  1.884085557303628444e-07  1.884085557303628444e-07
5.879591836735226451e+00  1.387521146200736063e-07  1.387521146200736063e-07
5.979591836735226096e+00  1.009400720408796752e-07  1.009400720408796752e-07
6.079591836735226629e+00  7.297064748971510481e-08  7.297064748971510481e-08
6.179591836735226273e+00  5.280363550849596760e-08  5.280363550849596760e-08
6.279591836735226806e+00  3.850681686988565419e-08  3.850681686988565419e-08
6.379591836735226451e+00  2.841667177373769075e-08  2.841667177373769075e-08
6.479591836735226096e+00  2.122812226145276887e-08  2.122812226145276887e-08
6.579591836735225741e+00  1.600059222198064181e-08  1.600059222198064181e-08
6.679591836735227162e+00  1.210439273281896967e-08  1.210439273281896967e-08
6.779591836735226806e+00  9.140820421530050131e-09  9.140820421530050131e-09
6.879591836735226451e+00  6.863134424084139238e-09  6.863134424084139238e-09
6.979591836735226096e+00  5.113840637073971161e-09  5.113840637073971161e-09
7.079591836735225741e+00  3.782900031588098025e-09  3.782900031588098025e-09
7.179591836735227162e+00  2.784408495125716894e-09  2.784408495125716894e-09
7.279591836735226806e+00  2.046213764818047386e-09  2.046213764818047386e-09
7.379591836735226451e+00  1.506772575552349598e-09  1.506772575552349598e-09
7.479591836735226096e+00  1.114922155208121844e-09  1.114922155208121844e-09
7.579591836735225741e+00  8.300124414727532286e-10  8.300124414727532286e-10
7.679591836735227162e+00  6.213406495548818569e-10  6.213406495548818569e-10
7.779591836735226806e+00  4.667879834192662420e-10  4.667879834192662420e-10
7.879591836735226451e+00  3.509992608709213956e-10  3.509992608709213956e-10
7.979591836735226096e+00  2.635225006460886563e-10  2.635225006460886563e-10
8.079591836735227517e+00  1.972122262956808433e-10  1.972122262956808433e-10
8.179591836735227162e+00  1.470346186337137675e-10  1.470346186337137675e-10
8.279591836735226806e+00  1.092748779414123347e-10  1.092748779414123347e-10
8.379591836735226451e+00  8.106701473044273758e-11  8.106701473044273758e-11
8.479591836735226096e+00  6.014068045428356331e-11  6.014068045428356331e-11
8.579591836735227517e+00  4.469054622248869005e-11  4.469054622248869005e-11
8.679591836735227162e+00  3.330118286061690851e-11  3.330118286061690851e-11
8.779591836735226806e+00  2.488938694696791846e-11  2.488938694696791846e-11
8.879591836735226451e+00  1.864828968274725781e-11  1.864828968274725781e-11
8.979591836735226096e+00  1.399102348690589034e-11  1.399102348690589034e-11
9.079591836735227517e+00  1.049743210006220983e-11  1.049743210006220983e-11
9.179591836735227162e+00  7.867976261909855532e-12  7.867976261909855532e-12
9.279591836735226806e+00  5.887273249512441322e-12  5.887273249512441322e-12
9.379591836735226451e+00  4.397533150285697949e-12  4.397533150285697949e-12
9.479591836735226096e+00  3.280538570051201003e-12  3.280538570051201003e-12
9.579591836735227517e+00  2.446058260786528467e-12  2.446058260786528467e-12
9.679591836735227162e+00  1.824559339978227939e-12  1.824559339978227939e-12
9.779591836735226806e+00  1.362490894167818797e-12  1.362490894167818797e-12
9.879591836735226451e+00  1.018966025304153641e-12  1.018966025304153641e-12
9.979591836735226096e+00  7.631732574264949160e-13  7.631732574264949160e-13
1.007959183673522752e+01  5.722097673404491074e-13  5.722097673404491074e-13
1.017959183673522716e+01  4.292366420997960622e-13  4.292366420997960622e-13
1.027959183673522681e+01  3.219435788433278899e-13  3.219435788433278899e-13
1.037959183673522645e+01  2.413242989339954051e-13  2.413242989339954051e-13
1.047959183673522610e+01  1.807459369848427942e-13  1.807459369848427942e-13
