-1.538639770584412148e+00  0.000000000000000000e+00  0.000000000000000000e+00
-1.438639770584412059e+00  0.000000000000000000e+00  0.000000000000000000e+00
-1.338639770584411970e+00  0.000000000000000000e+00  0.000000000000000000e+00
-1.238639770584412325e+00  0.000000000000000000e+00  0.000000000000000000e+00
-1.138639770584412236e+00  0.000000000000000000e+00  0.000000000000000000e+00
-1.038639770584412148e+00  0.000000000000000000e+00  0.000000000000000000e+00
-9.386397705844120587e-01  0.000000000000000000e+00  0.000000000000000000e+00
-8.386397705844119699e-01  0.000000000000000000e+00  0.000000000000000000e+00
-7.386397705844121031e-01  0.000000000000000000e+00  0.000000000000000000e+00
-6.386397705844122363e-01  0.000000000000000000e+00  0.000000000000000000e+00
-5.386397705844121475e-01  4.151171795913429385e-305  4.151171795913429385e-305
-4.386397705844120587e-01  9.464727822869635002e-266  9.464727822869635002e-266
-3.386397705844119699e-01  4.165863542661225439e-229  4.165863542661225439e-229
-2.386397705844121031e-01  3.539659108597573232e-195  3.539659108597573232e-195
-1.386397705844120143e-01  5.806003931155074490e-164  5.806003931155074490e-164
-3.863977058441214751e-02  1.838453714691419547e-135  1.838453714691419547e-135
6.136022941558794130e-02  1.123796210910834416e-109  1.123796210910834416e-109
1.613602294155880301e-01  1.326117220117255118e-86  1.326117220117255118e-86
2.613602294155878969e-01  3.020895858457349995e-66  3.020895858457349995e-66
3.613602294155879857e-01  1.328461831627429083e-48  1.328461831627429083e-48
4.613602294155878525e-01  1.127773528674883002e-33  1.127773528674883002e-33
5.613602294155879413e-01  1.848222274763927162e-21  1.848222274763927162e-21
6.613602294155880301e-01  5.847173649115005300e-12  5.847173649115005300e-12
7.613602294155881189e-01  3.571061021846071089e-05  3.571061021846071089e-05
8.613602294155882078e-01  4.210251500127370483e-01  4.210251500127370483e-01
9.613602294155878525e-01  9.582488246026034773e+00  9.582488246026034773e+00
1.061360229415587941e+00  4.210251500127254465e-01  4.210251500127254465e-01
1.161360229415588030e+00  3.571061021845873900e-05  3.571061021845873900e-05
1.261360229415588119e+00  5.847173649114527086e-12  5.847173649114527086e-12
1.361360229415588208e+00  1.848319233490158621e-21  1.848319233490158621e-21
1.461360229415587852e+00  2.825031600089345479e-18  2.825031600089345479e-18
1.561360229415587941e+00  3.616508264206385668e-12  3.616508264206385668e-12
1.661360229415588030e+00  2.034161159893706336e-07  2.034161159893706336e-07
1.761360229415588119e+00  5.027024450287131529e-04  5.027024450287131529e-04
1.861360229415588208e+00  5.458412859920290516e-02  5.458412859920290516e-02
1.961360229415587852e+00  2.604063135170012200e-01  2.604063135170012200e-01
2.061360229415587941e+00  5.458412859920214882e-02  5.458412859920214882e-02
2.161360229415588030e+00  5.027024450286992751e-04  5.027024450286992751e-04
2.261360229415588119e+00  2.034161159893622956e-07  2.034161159893622956e-07
2.361360229415588208e+00  3.616508898575658878e-12  3.616508898575658878e-12
2.461360229415587852e+00  6.006944829645944534e-14  6.006944829645944534e-14
2.561360229415588385e+00  7.081805355925794045e-10  7.081805355925794045e-10
2.661360229415588030e+00  1.039619898010005300e-06  1.039619898010005300e-06
2.761360229415587675e+00  1.900312432878025393e-04  1.900312432878025393e-04
2.861360229415588208e+00  4.325091161722901222e-03  4.325091161722901222e-03
2.961360229415587852e+00  1.225703287729358951e-02  1.225703287729358951e-02
3.061360229415588385e+00  4.325091161722820557e-03  4.325091161722820557e-03
3.161360229415588030e+00  1.900312432878025393e-04  1.900312432878025393e-04
3.261360229415588563e+00  1.039619898009965490e-06  1.039619898009965490e-06
3.361360229415588208e+00  7.081809781293018359e-10  7.081809781293018359e-10
3.461360229415587852e+00  2.448799397732797182e-12  2.448799397732797182e-12
3.561360229415588385e+00  2.702717441521269643e-09  2.702717441521269643e-09
3.661360229415588030e+00  6.409860709242114749e-07  6.409860709242114749e-07
3.761360229415588563e+00  3.186481577968670062e-05  3.186481577968670062e-05
3.861360229415588208e+00  3.320390051725122227e-04  3.320390051725122227e-04
3.961360229415587852e+00  7.252398643202084220e-04  7.252398643202084220e-04
4.061360229415588385e+00  3.320390051725076149e-04  3.320390051725076149e-04
4.161360229415588030e+00  3.186481577968582648e-05  3.186481577968582648e-05
4.261360229415588563e+00  6.409860709266242483e-07  6.409860709266242483e-07
4.361360229415588208e+00  2.702725678835196956e-09  2.702725678835196956e-09
4.461360229415587852e+00  1.036121634279964608e-11  1.036121634279964608e-11
4.561360229415588385e+00  2.210549174851311936e-09  2.210549174851311936e-09
4.661360229415588030e+00  1.756056366175352671e-07  1.756056366175352671e-07
4.761360229415588563e+00  3.996765867246733455e-06  3.996765867246733455e-06
4.861360229415588208e+00  2.606218728662491798e-05  2.606218728662491798e-05
4.961360229415587852e+00  4.869057604007824346e-05  4.869057604007824346e-05
5.061360229415588385e+00  2.606218728662462999e-05  2.606218728662462999e-05
5.161360229415588030e+00  3.996765867246656375e-06  3.996765867246656375e-06
5.261360229415588563e+00  1.756056366467343456e-07  1.756056366467343456e-07
5.361360229415588208e+00  2.210574215044286017e-09  2.210574215044286017e-09
5.461360229415587852e+00  1.581384404452096798e-11  1.581384404452096798e-11
5.561360229415588385e+00  8.514340323875116554e-10  8.514340323875116554e-10
5.661360229415588030e+00  3.262211406197875319e-08  3.262211406197875319e-08
5.761360229415588563e+00  4.410494807728647457e-07  4.410494807728647457e-07
5.861360229415588208e+00  2.104129392812663527e-06  2.104129392812663527e-06
5.961360229415587852e+00  3.542154383001038841e-06  3.542154383001038841e-06
6.061360229415588385e+00  2.104129392812644045e-06  2.104129392812644045e-06
6.161360229415588030e+00  4.410494807729628427e-07  4.410494807729628427e-07
6.261360229415588563e+00  3.262211414564328773e-08  3.262211414564328773e-08
6.361360229415588208e+00  8.514543363801824584e-10  8.514543363801824584e-10
6.461360229415587852e+00  1.171553894162096996e-11  1.171553894162096996e-11
6.561360229415587497e+00  2.153595824681828028e-10  2.153595824681828028e-10
6.661360229415588918e+00  4.900981549325819929e-09  4.900981549325819929e-09
6.761360229415588563e+00  4.567624466808328414e-08  4.567624466808328414e-08
6.861360229415588208e+00  1.743150103487383332e-07  1.743150103487383332e-07
6.961360229415587852e+00  2.724057378570350661e-07  2.724057378570350661e-07
7.061360229415587497e+00  1.743150103487387302e-07  1.743150103487387302e-07
7.161360229415588918e+00  4.567624466837306205e-08  4.567624466837306205e-08
7.261360229415588563e+00  4.900981626320142897e-09  4.900981626320142897e-09
7.361360229415588208e+00  2.153511446211549436e-10  2.153511446211549436e-10
7.461360229415587852e+00  5.126463301548682273e-12  5.126463301548682273e-12
7.561360229415587497e+00  4.215157740399811663e-11  4.215157740399811663e-11
7.661360229415588918e+00  6.486996913505249730e-10  6.486996913505249730e-10
7.761360229415588563e+00  4.573777604394365942e-09  4.573777604394365942e-09
7.861360229415588208e+00  1.476433496261772286e-08  1.476433496261772286e-08
7.961360229415587852e+00  2.182027258371680444e-08  2.182027258371680444e-08
8.061360229415589274e+00  1.476433496261856162e-08  1.476433496261856162e-08
8.161360229415588918e+00  4.573777604690638877e-09  4.573777604690638877e-09
8.261360229415588563e+00  6.486996788672746526e-10  6.486996788672746526e-10
8.361360229415588208e+00  4.212975530011570039e-11  4.212975530011570039e-11
8.461360229415587852e+00  1.558567490279988497e-12  1.558567490279988497e-12
8.561360229415589274e+00  6.988005960534862333e-12  6.988005960534862333e-12
8.661360229415588918e+00  7.922643348489990203e-11  7.922643348489990203e-11
8.761360229415588563e+00  4.496276385672886544e-10  4.496276385672886544e-10
8.861360229415588208e+00  1.274216089020224132e-09  1.274216089020224132e-09
8.961360229415587852e+00  1.803182897272115986e-09  1.803182897272115986e-09
9.061360229415589274e+00  1.274216089021364401e-09  1.274216089021364401e-09
9.161360229415588918e+00  4.496276385790280016e-10  4.496276385790280016e-10
9.261360229415588563e+00  7.922636144853207643e-11  7.922636144853207643e-11
9.361360229415588208e+00  6.972947612846423407e-12  6.972947612846423407e-12
9.461360229415587852e+00  3.680819506154669029e-13  3.680819506154669029e-13
9.561360229415589274e+00  1.035770510896613206e-12  1.035770510896613206e-12
9.661360229415588918e+00  9.171902437826152225e-12  9.171902437826152225e-12
9.761360229415588563e+00  4.375634847851749405e-11  4.375634847851749405e-11
9.861360229415588208e+00  1.117357491706742068e-10  1.117357491706742068e-10
9.961360229415587852e+00  1.527246613504593514e-10  1.527246613504593514e-10
1.006136022941558927e+01  1.117357491709114913e-10  1.117357491709114913e-10
1.016136022941558892e+01  4.375634824331252550e-11  4.375634824331252550e-11
1.026136022941558856e+01  9.171840697978270642e-12  9.171840697978270642e-12
1.036136022941558821e+01  1.029527968865028385e-12  1.029527968865028385e-12
1.046136022941558785e+01  7.266248587091242677e-14  7.266248587091242677e-14
