-1.623594322074494833e+00  4.925056707449579810e-24  4.925056707449579810e-24
-1.523594322074495189e+00  3.040409416762558491e-22  3.040409416762558491e-22
-1.423594322074495100e+00  1.729319203976316424e-20  1.729319203976316424e-20
-1.323594322074495011e+00  8.495349916167355266e-19  8.495349916167355266e-19
-1.223594322074495366e+00  3.536478626786383931e-17  3.536478626786383931e-17
-1.123594322074494833e+00  1.240655400906011846e-15  1.240655400906011846e-15
-1.023594322074495189e+00  3.661824890673201509e-14  3.661824890673201509e-14
-9.235943220744950999e-01  9.088177352965303596e-13  9.088177352965303596e-13
-8.235943220744950111e-01  1.896305574709638900e-11  1.896305574709638900e-11
-7.235943220744949222e-01  3.326308048162286812e-10  3.326308048162286812e-10
-6.235943220744950555e-01  4.904870488961239151e-09  4.904870488961239151e-09
-5.235943220744949667e-01  6.079931196988711270e-08  6.079931196988711270e-08
-4.235943220744948778e-01  6.335394446959274463e-07  6.335394446959274463e-07
-3.235943220744950111e-01  5.549470179648646299e-06  5.549470179648646299e-06
-2.235943220744949222e-01  4.086314346070705719e-05  4.086314346070705719e-05
-1.235943220744950555e-01  2.529380660535909516e-04  2.529380660535909516e-04
-2.359432207449496666e-02  1.316129802476767195e-03  1.316129802476767195e-03
7.640567792550512216e-02  5.756856766722116651e-03  5.756856766722116651e-03
1.764056779255049889e-01  2.116774098710012819e-02  2.116774098710012819e-02
2.764056779255050778e-01  6.542842542416284213e-02  6.542842542416284213e-02
3.764056779255049445e-01  1.700052369109088801e-01  1.700052369109088801e-01
4.764056779255050333e-01  3.713335358016188192e-01  3.713335358016188192e-01
5.764056779255051222e-01  6.818313709136587519e-01  6.818313709136587519e-01
6.764056779255052110e-01  1.052476486507682329e+00  1.052476486507682329e+00
7.764056779255052998e-01  1.365840957813649226e+00  1.365840957813649226e+00
8.764056779255049445e-01  1.490461221088875243e+00  1.490461221088875243e+00
9.764056779255050333e-01  1.368382461731515676e+00  1.368382461731515676e+00
1.076405677925505122e+00  1.058728695950587717e+00  1.058728695950587717e+00
1.176405677925505211e+00  6.941375330773688068e-01  6.941375330773688068e-01
1.276405677925505300e+00  3.930695338523835791e-01  3.930695338523835791e-01
1.376405677925504945e+00  2.050763131671621553e-01  2.050763131671621553e-01
1.476405677925505033e+00  1.172829541851646978e-01  1.172829541851646978e-01
1.576405677925505122e+00  9.146938722092026741e-02  9.146938722092026741e-02
1.676405677925505211e+00  9.317445136889443424e-02  9.317445136889443424e-02
1.776405677925505300e+00  1.010472249874287270e-01  1.010472249874287270e-01
1.876405677925504945e+00  1.047071981373108307e-01  1.047071981373108307e-01
1.976405677925505033e+00  1.005966449951484487e-01  1.005966449951484487e-01
2.076405677925505344e+00  8.919609189892378776e-02  8.919609189892378776e-02
2.176405677925504989e+00  7.324553956789583986e-02  7.324553956789583986e-02
2.276405677925505522e+00  5.623919276164994485e-02  5.623919276164994485e-02
2.376405677925505167e+00  4.114768327259197417e-02  4.114768327259197417e-02
2.476405677925505699e+00  2.965836842227928885e-02  2.965836842227928885e-02
2.576405677925505344e+00  2.207109245317728785e-02  2.207109245317728785e-02
2.676405677925504989e+00  1.768904758515523271e-02  1.768904758515523271e-02
2.776405677925505522e+00  1.538791439131085605e-02  1.538791439131085605e-02
2.876405677925505167e+00  1.409219945502160343e-02  1.409219945502160343e-02
2.976405677925505699e+00  1.303727758123404690e-02  1.303727758123404690e-02
3.076405677925505344e+00  1.182926117221456616e-02  1.182926117221456616e-02
3.176405677925505877e+00  1.037747507446999153e-02  1.037747507446999153e-02
3.276405677925505522e+00  8.776619383922702050e-03  8.776619383922702050e-03
3.376405677925505167e+00  7.191772029046163833e-03  7.191772029046163833e-03
3.476405677925505699e+00  5.773829302490806996e-03  5.773829302490806996e-03
3.576405677925505344e+00  4.614094337389793195e-03  4.614094337389793195e-03
3.676405677925505877e+00  3.734286967563760305e-03  3.734286967563760305e-03
3.776405677925505522e+00  3.101001672560291245e-03  3.101001672560291245e-03
3.876405677925505167e+00  2.651217548538110751e-03  2.651217548538110751e-03
3.976405677925505699e+00  2.317286842723968298e-03  2.317286842723968298e-03
4.076405677925505344e+00  2.044291610079367830e-03  2.044291610079367830e-03
4.176405677925505877e+00  1.797607310876280125e-03  1.797607310876280125e-03
4.276405677925505522e+00  1.562232787744624726e-03  1.562232787744624726e-03
4.376405677925505167e+00  1.337236375807661793e-03  1.337236375807661793e-03
4.476405677925505699e+00  1.128748726056812493e-03  1.128748726056812493e-03
4.576405677925505344e+00  9.439884116066694182e-04  9.439884116066694182e-04
4.676405677925505877e+00  7.875412015514503348e-04  7.875412015514503348e-04
4.776405677925505522e+00  6.600168011653235675e-04  6.600168011653235675e-04
4.876405677925505167e+00  5.585080533651071329e-04  5.585080533651071329e-04
4.976405677925505699e+00  4.780057384356455183e-04  4.780057384356455183e-04
5.076405677925505344e+00  4.129847009659791922e-04  4.129847009659791922e-04
5.176405677925505877e+00  3.586309487136629410e-04  3.586309487136629410e-04
5.276405677925505522e+00  3.114841836207682228e-04  3.114841836207682228e-04
5.376405677925505167e+00  2.695228633923124639e-04  2.695228633923124639e-04
5.476405677925505699e+00  2.318681793438068781e-04  2.318681793438068781e-04
5.576405677925505344e+00  1.983259727151543100e-04  1.983259727151543100e-04
5.676405677925505877e+00  1.689498390425926450e-04  1.689498390425926450e-04
5.776405677925505522e+00  1.437344370855491674e-04  1.437344370855491674e-04
5.876405677925505167e+00  1.224710076508160161e-04  1.224710076508160161e-04
5.976405677925505699e+00  1.047401260717988102e-04  1.047401260717988102e-04
6.076405677925505344e+00  8.998818527441098617e-05  8.998818527441098617e-05
6.176405677925505877e+00  7.763126626302804020e-05  7.763126626302804020e-05
6.276405677925505522e+00  6.714401266106674072e-05  6.714401266106674072e-05
6.376405677925505167e+00  5.811167450078637341e-05  5.811167450078637341e-05
6.476405677925504811e+00  5.024241127496614811e-05  5.024241127496614811e-05
6.576405677925506232e+00  4.334955547965608201e-05  4.334955547965608201e-05
6.676405677925505877e+00  3.731865841482980256e-05  3.731865841482980256e-05
6.776405677925505522e+00  3.207312970060221689e-05  3.207312970060221689e-05
6.876405677925505167e+00  2.754771611398080996e-05  2.754771611398080996e-05
6.976405677925504811e+00  2.367356064933366205e-05  2.367356064933366205e-05
7.076405677925506232e+00  2.037404568538909782e-05  2.037404568538909782e-05
7.176405677925505877e+00  1.756797844400321737e-05  1.756797844400321737e-05
7.276405677925505522e+00  1.517596905622667071e-05  1.517596905622667071e-05
7.376405677925505167e+00  1.312656431309958001e-05  1.312656431309958001e-05
7.476405677925504811e+00  1.136010789500345444e-05  1.136010789500345444e-05
7.576405677925506232e+00  9.829747923306092694e-06  9.829747923306092694e-06
7.676405677925505877e+00  8.500081893623997746e-06  8.500081893623997746e-06
7.776405677925505522e+00  7.344457759192191273e-06  7.344457759192191273e-06
7.876405677925505167e+00  6.341989504899820518e-06  6.341989504899820518e-06
7.976405677925506588e+00  5.475066097395089671e-06  5.475066097395089671e-06
8.076405677925507121e+00  4.727731447618765937e-06  4.727731447618765937e-06
8.176405677925504989e+00  4.084948827678461361e-06  4.084948827678461361e-06
8.276405677925506410e+00  3.532525893425767747e-06  3.532525893425767747e-06
8.376405677925504278e+00  3.057386988017090546e-06  3.057386988017090546e-06
8.476405677925505699e+00  2.647909162552940225e-06  2.647909162552940225e-06
8.576405677925507121e+00  2.294135527587210251e-06  2.294135527587210251e-06
8.676405677925504989e+00  1.987792239000672289e-06  1.987792239000672289e-06
8.776405677925506410e+00  1.722126317062437403e-06  1.722126317062437403e-06
8.876405677925504278e+00  1.491633074723525542e-06  1.491633074723525542e-06
8.976405677925505699e+00  1.291754157049757787e-06  1.291754157049757787e-06
9.076405677925505344e+00  1.118611140857043965e-06  1.118611140857043965e-06
9.176405677925504989e+00  9.688103090628826278e-07  9.688103090628826278e-07
9.276405677925504634e+00  8.393248548815680750e-07  8.393248548815680750e-07
9.376405677925504278e+00  7.274397977025773667e-07  7.274397977025773667e-07
9.476405677925505699e+00  6.307352645331762915e-07  6.307352645331762915e-07
9.576405677925505344e+00  5.470841690196534753e-07  5.470841690196534753e-07
9.676405677925504989e+00  4.746470125875859538e-07  4.746470125875859538e-07
9.776405677925504634e+00  4.118553962166578045e-07  4.118553962166578045e-07
9.876405677925504278e+00  3.573836090571858978e-07  3.573836090571858978e-07
9.976405677925505699e+00  3.101125791193529778e-07  3.101125791193529778e-07
1.007640567792550534e+01  2.690922068336194307e-07  2.690922068336194307e-07
1.017640567792550499e+01  2.335073440716032468e-07  2.335073440716032468e-07
1.027640567792550463e+01  2.026505707717137530e-07  2.026505707717137530e-07
1.037640567792550428e+01  1.759025658062858918e-07  1.759025658062858918e-07
