-1.552631251857253147e+00  2.437197258144682423e-209  2.437197258144682423e-209
-1.452631251857253059e+00  1.764571637163622717e-195  1.764571637163622717e-195
-1.352631251857252970e+00  1.550026367792336971e-179  1.550026367792336971e-179
-1.252631251857253325e+00  2.874116613423611549e-164  2.874116613423611549e-164
-1.152631251857253236e+00  1.117080926374865167e-149  1.117080926374865167e-149
-1.052631251857253147e+00  9.100803972928901518e-136  9.100803972928901518e-136
-9.526312518572530585e-01  1.554138629869969944e-122  1.554138629869969944e-122
-8.526312518572529697e-01  5.563071258901083670e-110  5.563071258901083670e-110
-7.526312518572531030e-01  4.174018431861537361e-98  4.174018431861537361e-98
-6.526312518572532362e-01  6.564610666544053252e-87  6.564610666544053252e-87
-5.526312518572531474e-01  2.164105644009624022e-76  2.164105644009624022e-76
-4.526312518572530585e-01  1.495418721219624744e-66  1.495418721219624744e-66
-3.526312518572529697e-01  2.166017898133621151e-57  2.166017898133621151e-57
-2.526312518572531030e-01  6.576217077723978974e-49  6.576217077723978974e-49
-1.526312518572530141e-01  4.185092991390147709e-41  4.185092991390147709e-41
-5.263125185725314736e-02  5.582759972856402920e-34  5.582759972856402920e-34
4.736874814274694145e-02  1.561017140513389591e-27  1.561017140513389591e-27
1.473687481427470303e-01  9.149160779307675115e-22  9.149160779307675115e-22
2.473687481427468970e-01  1.124008820665997704e-16  1.124008820665997704e-16
3.473687481427469859e-01  2.894496649604361614e-12  2.894496649604361614e-12
4.473687481427468526e-01  1.562396491596641741e-08  1.562396491596641741e-08
5.473687481427469415e-01  1.767764185493371189e-05  1.767764185493371189e-05
6.473687481427470303e-01  4.192492350247804637e-03  4.192492350247804637e-03
7.473687481427471191e-01  2.084179398871615352e-01  2.084179398871615352e-01
8.473687481427472079e-01  2.171764804752275957e+00  2.171764804752275957e+00
9.473687481427468526e-01  4.743570447440716542e+00  4.743570447440716542e+00
1.047368748142746941e+00  2.171764804752263966e+00  2.171764804752263966e+00
1.147368748142747030e+00  2.084179398893742652e-01  2.084179398893742652e-01
1.247368748142747119e+00  4.192493126812730717e-03  4.192493126812730717e-03
1.347368748142747208e+00  1.780225948432195531e-05  1.780225948432195531e-05
1.447368748142746853e+00  9.171261423276322585e-06  9.171261423276322585e-06
1.547368748142746941e+00  3.079676714477467690e-04  3.079676714477467690e-04
1.647368748142747030e+00  4.742737621444659962e-03  4.742737621444659962e-03
1.747368748142747119e+00  3.343955652283977370e-02  3.343955652283977370e-02
1.847368748142747208e+00  1.079442107202004397e-01  1.079442107202004397e-01
1.947368748142746853e+00  1.595312018938377929e-01  1.595312018938377929e-01
2.047368748142746941e+00  1.079442107266156275e-01  1.079442107266156275e-01
2.147368748142747030e+00  3.343955705975410614e-02  3.343955705975410614e-02
2.247368748142747119e+00  4.742764312638493227e-03  4.742764312638493227e-03
2.347368748142747208e+00  3.087558673709113358e-04  3.087558673709113358e-04
2.447368748142746853e+00  2.298201825299490465e-05  2.298201825299490465e-05
2.547368748142747386e+00  1.441988139444834590e-04  1.441988139444834590e-04
2.647368748142747030e+00  8.918036245690792209e-04  8.918036245690792209e-04
2.747368748142746675e+00  3.279113596031663861e-03  3.279113596031663861e-03
2.847368748142747208e+00  7.162242570408746366e-03  7.162242570408746366e-03
2.947368748142746853e+00  9.292799072809082572e-03  9.292799072809082572e-03
3.047368748142747386e+00  7.162242662019375171e-03  7.162242662019375171e-03
3.147368748142747030e+00  3.279116129696913254e-03  3.279116129696913254e-03
3.247368748142747563e+00  8.918503242119807427e-04  8.918503242119807427e-04
3.347368748142747208e+00  1.446756149162520386e-04  1.446756149162520386e-04
3.447368748142746853e+00  1.898141328870595198e-05  1.898141328870595198e-05
3.547368748142747386e+00  3.068602936616143665e-05  3.068602936616143665e-05
3.647368748142747030e+00  1.173546899629726619e-04  1.173546899629726619e-04
3.747368748142747563e+00  3.115430853190417708e-04  3.115430853190417708e-04
3.847368748142747208e+00  5.597405836637548912e-04  5.597405836637548912e-04
3.947368748142746853e+00  6.804714961106732513e-04  6.804714961106732513e-04
4.047368748142747386e+00  5.597407571193470117e-04  5.597407571193470117e-04
4.147368748142747030e+00  3.115451152149802832e-04  3.115451152149802832e-04
4.247368748142747563e+00  1.173547456480774232e-04  1.173547456480774232e-04
4.347368748142747208e+00  3.010173832273429543e-05  3.010173832273429543e-05
4.447368748142746853e+00  6.292338741711636969e-06  6.292338741711636969e-06
4.547368748142747386e+00  5.242338151696453134e-06  5.242338151696453134e-06
4.647368748142747030e+00  1.390270270267712550e-05  1.390270270267712550e-05
4.747368748142747563e+00  3.026513285862284165e-05  3.026513285862284165e-05
4.847368748142747208e+00  4.835958459739097875e-05  4.835958459739097875e-05
4.947368748142746853e+00  5.653798790547027634e-05  5.653798790547027634e-05
5.047368748142747386e+00  4.835962599797709023e-05  4.835962599797709023e-05
5.147368748142747030e+00  3.026382045592807200e-05  3.026382045592807200e-05
5.247368748142747563e+00  1.386385311226164986e-05  1.386385311226164986e-05
5.347368748142747208e+00  4.687798136358714480e-06  4.687798136358714480e-06
5.447368748142746853e+00  1.333647189333184223e-06  1.333647189333184223e-06
5.547368748142747386e+00  8.377040978622292239e-07  8.377040978622292239e-07
5.647368748142747030e+00  1.603599270816289766e-06  1.603599270816289766e-06
5.747368748142747563e+00  3.026240021800714799e-06  3.026240021800714799e-06
5.847368748142747208e+00  4.468880115632975517e-06  4.468880115632975517e-06
5.947368748142746853e+00  5.090158008795496201e-06  5.090158008795496201e-06
6.047368748142747386e+00  4.468757014241408224e-06  4.468757014241408224e-06
6.147368748142747030e+00  3.024056110720559717e-06  3.024056110720559717e-06
6.247368748142747563e+00  1.578895056535754158e-06  1.578895056535754158e-06
6.347368748142747208e+00  6.425122293868102876e-07  6.425122293868102876e-07
6.447368748142746853e+00  2.260909137975066510e-07  2.260909137975066510e-07
6.547368748142746497e+00  1.281092231617660752e-07  1.281092231617660752e-07
6.647368748142747918e+00  1.860506455259377774e-07  1.860506455259377774e-07
6.747368748142747563e+00  3.112253801860097964e-07  3.112253801860097964e-07
6.847368748142747208e+00  4.334207956044494853e-07  4.334207956044494853e-07
6.947368748142746853e+00  4.844604096655382841e-07  4.844604096655382841e-07
7.047368748142746497e+00  4.333050515384905563e-07  4.333050515384905563e-07
7.147368748142747918e+00  3.100945723404584950e-07  3.100945723404584950e-07
7.247368748142747563e+00  1.778251590092999058e-07  1.778251590092999058e-07
7.347368748142747208e+00  8.265834766289580585e-08  8.265834766289580585e-08
7.447368748142746853e+00  3.392988707094722866e-08  3.392988707094722866e-08
7.547368748142746497e+00  1.878224577909094998e-08  1.878224577909094998e-08
7.647368748142747918e+00  2.198392901386152615e-08  2.198392901386152615e-08
7.747368748142747563e+00  3.287751095629921903e-08  3.287751095629921903e-08
7.847368748142747208e+00  4.361327977961316901e-08  4.361327977961316901e-08
7.947368748142746853e+00  4.803154471939631501e-08  4.803154471939631501e-08
8.047368748142748274e+00  4.356071605290441815e-08  4.356071605290441815e-08
8.147368748142747918e+00  3.251358022877244300e-08  3.251358022877244300e-08
8.247368748142747563e+00  2.001107632165345347e-08  2.001107632165345347e-08
8.347368748142747208e+00  1.028213071801198456e-08  1.028213071801198456e-08
8.447368748142746853e+00  4.740606563552623488e-09  4.740606563552623488e-09
8.547368748142748274e+00  2.652373691470529961e-09  2.652373691470529961e-09
8.647368748142747918e+00  2.649728033390758731e-09  2.649728033390758731e-09
8.747368748142747563e+00  3.563331477254288846e-09  3.563331477254288846e-09
8.847368748142747208e+00  4.520688465176045661e-09  4.520688465176045661e-09
8.947368748142746853e+00  4.914342713777892764e-09  4.914342713777892764e-09
9.047368748142748274e+00  4.504297121254006883e-09  4.504297121254006883e-09
9.147368748142747918e+00  3.474123217173177947e-09  3.474123217173177947e-09
9.247368748142747563e+00  2.259793209094193946e-09  2.259793209094193946e-09
9.347368748142747208e+00  1.255579490738828131e-09  1.255579490738828131e-09
9.447368748142746853e+00  6.337059931295475818e-10  6.337059931295475818e-10
9.547368748142748274e+00  3.632840642594451781e-10  3.632840642594451781e-10
9.647368748142747918e+00  3.246597999409599135e-10  3.246597999409599135e-10
9.747368748142747563e+00  3.956258454510459819e-10  3.956258454510459819e-10
9.847368748142747208e+00  4.804646038854212254e-10  4.804646038854212254e-10
9.947368748142746853e+00  5.156810946090478066e-10  5.156810946090478066e-10
1.004736874814274827e+01  4.764230789369856085e-10  4.764230789369856085e-10
1.014736874814274792e+01  3.772395032459576169e-10  3.772395032459576169e-10
1.024736874814274756e+01  2.565429956163035077e-10  2.565429956163035077e-10
1.034736874814274721e+01  1.517622623081284504e-10  1.517622623081284504e-10
1.044736874814274685e+01  8.233864508964180520e-11  8.233864508964180520e-11
