-1.586956193997193676e+00  4.205953003675216053e-08  4.205953003675216053e-08
-1.486956193997193587e+00  1.546700354277635126e-07  1.546700354277635126e-07
-1.386956193997193942e+00  5.431938498668749802e-07  5.431938498668749802e-07
-1.286956193997193409e+00  1.816409239425924207e-06  1.816409239425924207e-06
-1.186956193997193765e+00  5.772751322455084807e-06  5.772751322455084807e-06
-1.086956193997193676e+00  1.741672658861723199e-05  1.741672658861723199e-05
-9.869561939971935871e-01  4.984878035846493431e-05  4.984878035846493431e-05
-8.869561939971934983e-01  1.352852148447898975e-04  1.352852148447898975e-04
-7.869561939971936315e-01  3.480388781081452830e-04  3.480388781081452830e-04
-6.869561939971937647e-01  8.486033309693724255e-04  8.486033309693724255e-04
-5.869561939971936759e-01  1.960772617211629845e-03  1.960772617211629845e-03
-4.869561939971935871e-01  4.292985510260549989e-03  4.292985510260549989e-03
-3.869561939971934983e-01  8.905893477598762417e-03  8.905893477598762417e-03
-2.869561939971936315e-01  1.750515068881862077e-02  1.750515068881862077e-02
-1.869561939971935427e-01  3.259978401497094086e-02  3.259978401497094086e-02
-8.695619399719367593e-02  5.751998178768082115e-02  5.751998178768082115e-02
1.304380600280641289e-02  9.615595728152086241e-02  9.615595728152086241e-02
1.130438060028065017e-01  1.522961062498381368e-01  1.522961062498381368e-01
2.130438060028063685e-01  2.285398382392839767e-01  2.285398382392839767e-01
3.130438060028064573e-01  3.249416004139861203e-01  3.249416004139861203e-01
4.130438060028063241e-01  4.377585113656894400e-01  4.377585113656894400e-01
5.130438060028064129e-01  5.588220972437611955e-01  5.588220972437611955e-01
6.130438060028065017e-01  6.760177074844628820e-01  6.760177074844628820e-01
7.130438060028065905e-01  7.750721297136971000e-01  7.750721297136971000e-01
8.130438060028066793e-01  8.423795110459446622e-01  8.423795110459446622e-01
9.130438060028063241e-01  8.681230058846194364e-01  8.681230058846194364e-01
1.013043806002806413e+00  8.487094811286749474e-01  8.487094811286749474e-01
1.113043806002806502e+00  7.876828319102229248e-01  7.876828319102229248e-01
1.213043806002806591e+00  6.947906969878004935e-01  6.947906969878004935e-01
1.313043806002806679e+00  5.835348641818257631e-01  5.835348641818257631e-01
1.413043806002806324e+00  4.680438170859405056e-01  4.680438170859405056e-01
1.513043806002806413e+00  3.602521582794261934e-01  3.602521582794261934e-01
1.613043806002806502e+00  2.681291445005045682e-01  2.681291445005045682e-01
1.713043806002806591e+00  1.952235012394004932e-01  1.952235012394004932e-01
1.813043806002806679e+00  1.413194363132985465e-01  1.413194363132985465e-01
1.913043806002806324e+00  1.037148392791900353e-01  1.037148392791900353e-01
2.013043806002806413e+00  7.859603383746907590e-02  7.859603383746907590e-02
2.113043806002806502e+00  6.213293125504799203e-02  6.213293125504799203e-02
2.213043806002806591e+00  5.113652186176030623e-02  5.113652186176030623e-02
2.313043806002806679e+00  4.330423936070783297e-02  4.330423936070783297e-02
2.413043806002806324e+00  3.717804905612641375e-02  3.717804905612641375e-02
2.513043806002806857e+00  3.195805327229387510e-02  3.195805327229387510e-02
2.613043806002806502e+00  2.728257044179669202e-02  2.728257044179669202e-02
2.713043806002806146e+00  2.303845597138549570e-02  2.303845597138549570e-02
2.813043806002806679e+00  1.922537146306314143e-02  1.922537146306314143e-02
2.913043806002806324e+00  1.587294835069276433e-02  1.587294835069276433e-02
3.013043806002806857e+00  1.299894072737749727e-02  1.299894072737749727e-02
3.113043806002806502e+00  1.059449779533928188e-02  1.059449779533928188e-02
3.213043806002807035e+00  8.624871909407720236e-03  8.624871909407720236e-03
3.313043806002806679e+00  7.037200794950902380e-03  7.037200794950902380e-03
3.413043806002806324e+00  5.770058071128604527e-03  5.770058071128604527e-03
3.513043806002806857e+00  4.761826202746233250e-03  4.761826202746233250e-03
3.613043806002806502e+00  3.956605770295054496e-03  3.956605770295054496e-03
3.713043806002807035e+00  3.307449973610377281e-03  3.307449973610377281e-03
3.813043806002806679e+00  2.777328124957048529e-03  2.777328124957048529e-03
3.913043806002806324e+00  2.338490272992250693e-03  2.338490272992250693e-03
4.013043806002807301e+00  1.970932803950397900e-03  1.970932803950397900e-03
4.113043806002806946e+00  1.660548828740143106e-03  1.660548828740143106e-03
4.213043806002806591e+00  1.397368984733800973e-03  1.397368984733800973e-03
4.313043806002806235e+00  1.174117732533994964e-03  1.174117732533994964e-03
4.413043806002805880e+00  9.851630084184799432e-04  9.851630084184799432e-04
4.513043806002807301e+00  8.258375098472211379e-04  8.258375098472211379e-04
4.613043806002806946e+00  6.920567731040242962e-04  6.920567731040242962e-04
4.713043806002806591e+00  5.801426662331989970e-04  5.801426662331989970e-04
4.813043806002806235e+00  4.867681543741512106e-04  4.867681543741512106e-04
4.913043806002805880e+00  4.089583590726450545e-04  4.089583590726450545e-04
5.013043806002807301e+00  3.441051278144105713e-04  3.441051278144105713e-04
5.113043806002806946e+00  2.899720551589935239e-04  2.899720551589935239e-04
5.213043806002806591e+00  2.446816007630633850e-04  2.446816007630633850e-04
5.313043806002806235e+00  2.066851854197414816e-04  2.066851854197414816e-04
5.413043806002805880e+00  1.747216989292898473e-04  1.747216989292898473e-04
5.513043806002807301e+00  1.477710295706768451e-04  1.477710295706768451e-04
5.613043806002806946e+00  1.250083690774913539e-04  1.250083690774913539e-04
5.713043806002806591e+00  1.057632739578200629e-04  1.057632739578200629e-04
5.813043806002806235e+00  8.948555463730964617e-05  8.948555463730964617e-05
5.913043806002805880e+00  7.571847043424452008e-05  7.571847043424452008e-05
6.013043806002807301e+00  6.407861748324244035e-05  6.407861748324244035e-05
6.113043806002806946e+00  5.424131340314435626e-05  5.424131340314435626e-05
6.213043806002806591e+00  4.593011013138171845e-05  4.593011013138171845e-05
6.313043806002806235e+00  3.890917016770994996e-05  3.890917016770994996e-05
6.413043806002805880e+00  3.297749120633168568e-05  3.297749120633168568e-05
6.513043806002805525e+00  2.796425701593089228e-05  2.796425701593089228e-05
6.613043806002806946e+00  2.372486092263236343e-05  2.372486092263236343e-05
6.713043806002806591e+00  2.013735773662394109e-05  2.013735773662394109e-05
6.813043806002806235e+00  1.709924113794773770e-05  1.709924113794773770e-05
6.913043806002805880e+00  1.452452331547123195e-05  1.452452331547123195e-05
7.013043806002805525e+00  1.234112692360706579e-05  1.234112692360706579e-05
7.113043806002806946e+00  1.048860285896324569e-05  1.048860285896324569e-05
7.213043806002806591e+00  8.916175576005336086e-06  8.916175576005336086e-06
7.313043806002806235e+00  7.581101409866714246e-06  7.581101409866714246e-06
7.413043806002805880e+00  6.447311254288953897e-06  6.447311254288953897e-06
7.513043806002805525e+00  5.484300008320225230e-06  5.484300008320225230e-06
7.613043806002806946e+00  4.666221975872417772e-06  4.666221975872417772e-06
7.713043806002806591e+00  3.971152902925506976e-06  3.971152902925506976e-06
7.813043806002806235e+00  3.380483965649110394e-06  3.380483965649110394e-06
7.913043806002805880e+00  2.878419151958710383e-06  2.878419151958710383e-06
8.013043806002807301e+00  2.451553798831956891e-06  2.451553798831956891e-06
8.113043806002806946e+00  2.088517694148044858e-06  2.088517694148044858e-06
8.213043806002806591e+00  1.779670692766572728e-06  1.779670692766572728e-06
8.313043806002806235e+00  1.516842139033835683e-06  1.516842139033835683e-06
8.413043806002805880e+00  1.293107658933784782e-06  1.293107658933784782e-06
8.513043806002807301e+00  1.102598320670565154e-06  1.102598320670565154e-06
8.613043806002806946e+00  9.403380222952777894e-07  9.403380222952777894e-07
8.713043806002806591e+00  8.021054784328320179e-07  8.021054784328320179e-07
8.813043806002806235e+00  6.843175182944690707e-07  6.843175182944690707e-07
8.913043806002805880e+00  5.839306859159605296e-07  5.839306859159605296e-07
9.013043806002807301e+00  4.983584099717465541e-07  4.983584099717465541e-07
9.113043806002806946e+00  4.254013049116337179e-07  4.254013049116337179e-07
9.213043806002806591e+00  3.631884741897149802e-07  3.631884741897149802e-07
9.313043806002806235e+00  3.101279956469982465e-07  3.101279956469982465e-07
9.413043806002805880e+00  2.648650623345808692e-07  2.648650623345808692e-07
9.513043806002807301e+00  2.262465161767575836e-07  2.262465161767575836e-07
9.613043806002806946e+00  1.932907392807526832e-07  1.932907392807526832e-07
9.713043806002806591e+00  1.651620562837740085e-07  1.651620562837740085e-07
9.813043806002806235e+00  1.411489530660782880e-07  1.411489530660782880e-07
9.913043806002805880e+00  1.206455373080030388e-07  1.206455373080030388e-07
1.001304380600280730e+01  1.031357607302091382e-07  1.031357607302091382e-07
1.011304380600280695e+01  8.817999739066653930e-08  8.817999739066653930e-08
1.021304380600280659e+01  7.540363229926871114e-08  7.540363229926871114e-08
1.031304380600280624e+01  6.448736391438942437e-08  6.448736391438942437e-08
1.041304380600280588e+01  5.515896572076646369e-08  5.515896572076646369e-08
