-1.623592428876870386e+00  1.897209493197675262e-08  1.897209493197675262e-08
-1.523592428876870741e+00  7.371311065650276730e-08  7.371311065650276730e-08
-1.423592428876870652e+00  2.737210079558105515e-07  2.737210079558105515e-07
-1.323592428876870564e+00  9.672550536104133885e-07  9.672550536104133885e-07
-1.223592428876870919e+00  3.244120174250654106e-06  3.244120174250654106e-06
-1.123592428876870386e+00  1.031029869697099254e-05  1.031029869697099254e-05
-1.023592428876870741e+00  3.101899731946684553e-05  3.101899731946684553e-05
-9.235924288768706525e-01  8.828632040404867164e-05  8.828632040404867164e-05
-8.235924288768705637e-01  2.376266033327109443e-04  2.376266033327109443e-04
-7.235924288768704749e-01  6.046740969490680545e-04  6.046740969490680545e-04
-6.235924288768706081e-01  1.454453643861179299e-03  1.454453643861179299e-03
-5.235924288768705193e-01  3.306610524948377493e-03  3.306610524948377493e-03
-4.235924288768704304e-01  7.104598396785897704e-03  7.104598396785897704e-03
-3.235924288768705637e-01  1.442610174354245524e-02  1.442610174354245524e-02
-2.235924288768704749e-01  2.768208118539030455e-02  2.768208118539030455e-02
-1.235924288768706081e-01  5.019747192199466856e-02  5.019747192199466856e-02
-2.359242887687051926e-02  8.601934074296503641e-02  8.601934074296503641e-02
7.640757112312956956e-02  1.392976322273571932e-01  1.392976322273571932e-01
1.764075711231294363e-01  2.131727308737259297e-01  2.131727308737259297e-01
2.764075711231295251e-01  3.082992944687305559e-01  3.082992944687305559e-01
3.764075711231293919e-01  4.213924429315502040e-01  4.213924429315502040e-01
4.764075711231294807e-01  5.443843045407363856e-01  5.443843045407363856e-01
5.764075711231295696e-01  6.647780367627315057e-01  6.647780367627315057e-01
6.764075711231296584e-01  7.674894085223089579e-01  7.674894085223089579e-01
7.764075711231297472e-01  8.379229802239491764e-01  8.379229802239491764e-01
8.764075711231293919e-01  8.654559439816027488e-01  8.654559439816027488e-01
9.764075711231294807e-01  8.461902621391954593e-01  8.461902621391954593e-01
1.076407571123129570e+00  7.839880964953072073e-01  7.839880964953072073e-01
1.176407571123129658e+00  6.894042614756394904e-01  6.894042614756394904e-01
1.276407571123129747e+00  5.769098358720879949e-01  5.769098358720879949e-01
1.376407571123129392e+00  4.613981678678290010e-01  4.613981678678290010e-01
1.476407571123129481e+00  3.551158904191782373e-01  3.551158904191782373e-01
1.576407571123129570e+00  2.658454164592602420e-01  2.658454164592602420e-01
1.676407571123129658e+00  1.965876988764335420e-01  1.965876988764335420e-01
1.776407571123129747e+00  1.464480994000550707e-01  1.464480994000550707e-01
1.876407571123129392e+00  1.121297826936193953e-01  1.121297826936193953e-01
1.976407571123129481e+00  8.943862107804019523e-02  8.943862107804019523e-02
2.076407571123129792e+00  7.440774215985571094e-02  7.440774215985571094e-02
2.176407571123129436e+00  6.390996546451553628e-02  6.390996546451553628e-02
2.276407571123129969e+00  5.582550180927172562e-02  5.582550180927172562e-02
2.376407571123129614e+00  4.892476128319705325e-02  4.892476128319705325e-02
2.476407571123130147e+00  4.262752203916224392e-02  4.262752203916224392e-02
2.576407571123129792e+00  3.675287661128333327e-02  3.675287661128333327e-02
2.676407571123129436e+00  3.131877851109265976e-02  3.131877851109265976e-02
2.776407571123129969e+00  2.640773583283690523e-02  2.640773583283690523e-02
2.876407571123129614e+00  2.209164230841804619e-02  2.209164230841804619e-02
2.976407571123130147e+00  1.839996130671411184e-02  1.839996130671411184e-02
3.076407571123129792e+00  1.531516259257600064e-02  1.531516259257600064e-02
3.176407571123130325e+00  1.278247983520258528e-02  1.278247983520258528e-02
3.276407571123129969e+00  1.072493124588217751e-02  1.072493124588217751e-02
3.376407571123129614e+00  9.057982834872356157e-03  9.057982834872356157e-03
3.476407571123130147e+00  7.700923765855959523e-03  7.700923765855959523e-03
3.576407571123129792e+00  6.583959867241881946e-03  6.583959867241881946e-03
3.676407571123130325e+00  5.651287500235017969e-03  5.651287500235017969e-03
3.776407571123129969e+00  4.861085390463418775e-03  4.861085390463418775e-03
3.876407571123129614e+00  4.183581695354733447e-03  4.183581695354733447e-03
3.976407571123130147e+00  3.598261175492030797e-03  3.598261175492030797e-03
4.076407571123129792e+00  3.091015464692952863e-03  3.091015464692952863e-03
4.176407571123130325e+00  2.651727512302681604e-03  2.651727512302681604e-03
4.276407571123129969e+00  2.272501502281136943e-03  2.272501502281136943e-03
4.376407571123129614e+00  1.946544483190379123e-03  1.946544483190379123e-03
4.476407571123130147e+00  1.667585337411074415e-03  1.667585337411074415e-03
4.576407571123129792e+00  1.429668954497926702e-03  1.429668954497926702e-03
4.676407571123130325e+00  1.227167000395191620e-03  1.227167000395191620e-03
4.776407571123129969e+00  1.054878798621872388e-03  1.054878798621872388e-03
4.876407571123129614e+00  9.081379467821538119e-04  9.081379467821538119e-04
4.976407571123130147e+00  7.828798807843937672e-04  7.828798807843937672e-04
5.076407571123129792e+00  6.756561193183325143e-04  6.756561193183325143e-04
5.176407571123130325e+00  5.836004527271063287e-04  5.836004527271063287e-04
5.276407571123129969e+00  5.043619310886816778e-04  5.043619310886816778e-04
5.376407571123129614e+00  4.360216641740366017e-04  4.360216641740366017e-04
5.476407571123130147e+00  3.770080183617614041e-04  3.770080183617614041e-04
5.576407571123129792e+00  3.260202771707235462e-04  3.260202771707235462e-04
5.676407571123130325e+00  2.819660415237862849e-04  2.819660415237862849e-04
5.776407571123129969e+00  2.439136699104358882e-04  2.439136699104358882e-04
5.876407571123129614e+00  2.110583577219055616e-04  2.110583577219055616e-04
5.976407571123130147e+00  1.826990420688456471e-04  1.826990420688456471e-04
6.076407571123129792e+00  1.582229464094007899e-04  1.582229464094007899e-04
6.176407571123130325e+00  1.370948995135723642e-04  1.370948995135723642e-04
6.276407571123129969e+00  1.188492359990159431e-04  1.188492359990159431e-04
6.376407571123129614e+00  1.030828429338592419e-04  1.030828429338592419e-04
6.476407571123129259e+00  8.944858497459914383e-05  8.944858497459914383e-05
6.576407571123130680e+00  7.764883417526076686e-05  7.764883417526076686e-05
6.676407571123130325e+00  6.742913336937036495e-05  6.742913336937036495e-05
6.776407571123129969e+00  5.857216047957079520e-05  5.857216047957079520e-05
6.876407571123129614e+00  5.089218191333698730e-05  5.089218191333698730e-05
6.976407571123129259e+00  4.423013571317175425e-05  4.423013571317175425e-05
7.076407571123130680e+00  3.844941074703376102e-05  3.844941074703376102e-05
7.176407571123130325e+00  3.343231573922178339e-05  3.343231573922178339e-05
7.276407571123129969e+00  2.907717726865268818e-05  2.907717726865268818e-05
7.376407571123129614e+00  2.529597438622024612e-05  2.529597438622024612e-05
7.476407571123129259e+00  2.201240748964422266e-05  2.201240748964422266e-05
7.576407571123130680e+00  1.916030504909926142e-05  1.916030504909926142e-05
7.676407571123130325e+00  1.668228713363596689e-05  1.668228713363596689e-05
7.776407571123129969e+00  1.452862357642168019e-05  1.452862357642168019e-05
7.876407571123129614e+00  1.265624275150717434e-05  1.265624275150717434e-05
7.976407571123131035e+00  1.102786182264565394e-05  1.102786182264565394e-05
8.076407571123130680e+00  9.611220029147599838e-06  9.611220029147599838e-06
8.176407571123130325e+00  8.378403270701762892e-06  8.378403270701762892e-06
8.276407571123129969e+00  7.305251750228353154e-06  7.305251750228353154e-06
8.376407571123129614e+00  6.370843763344133064e-06  6.370843763344133064e-06
8.476407571123131035e+00  5.557048857021542586e-06  5.557048857021542586e-06
8.576407571123130680e+00  4.848143273778667186e-06  4.848143273778667186e-06
8.676407571123130325e+00  4.230480338758041147e-06  4.230480338758041147e-06
8.776407571123129969e+00  3.692208476457012209e-06  3.692208476457012209e-06
8.876407571123129614e+00  3.223029916167111543e-06  3.223029916167111543e-06
8.976407571123131035e+00  2.813993799093574831e-06  2.813993799093574831e-06
9.076407571123130680e+00  2.457318222201199540e-06  2.457318222201199540e-06
9.176407571123130325e+00  2.146236625448791162e-06  2.146236625448791162e-06
9.276407571123129969e+00  1.874864754617146175e-06  1.874864754617146175e-06
9.376407571123129614e+00  1.638085150443124395e-06  1.638085150443124395e-06
9.476407571123131035e+00  1.431446699651403131e-06  1.431446699651403131e-06
9.576407571123130680e+00  1.251077235294328999e-06  1.251077235294328999e-06
9.676407571123130325e+00  1.093607510481512956e-06  1.093607510481512956e-06
9.776407571123129969e+00  9.561051169594883977e-07  9.561051169594883977e-07
9.876407571123129614e+00  8.360171046035767468e-07  8.360171046035767468e-07
9.976407571123131035e+00  7.311202023088405902e-07  7.311202023088405902e-07
1.007640757112313068e+01  6.394776616324557236e-07  6.394776616324557236e-07
1.017640757112313032e+01  5.594018523259168255e-07  5.594018523259168255e-07
1.027640757112312997e+01  4.894218389598467721e-07  4.894218389598467721e-07
1.037640757112312961e+01  4.282552619455336802e-07  4.282552619455336802e-07
