-1.662553223256280077e+00  0.000000000000000000e+00  0.000000000000000000e+00
-1.562553223256279988e+00  0.000000000000000000e+00  0.000000000000000000e+00
-1.462553223256279900e+00  4.743919518238481068e-319  4.743919518238481068e-319
-1.362553223256280255e+00  6.600181281798285094e-292  6.600181281798285094e-292
-1.262553223256280166e+00  5.709359923771664241e-266  5.709359923771664241e-266
-1.162553223256280077e+00  3.070756780615817797e-241  3.070756780615817797e-241
-1.062553223256279988e+00  1.026904024585391214e-217  1.026904024585391214e-217
-9.625532232562798995e-01  2.135210672367263052e-195  2.135210672367263052e-195
-8.625532232562800328e-01  2.760438311487968653e-174  2.760438311487968653e-174
-7.625532232562801660e-01  2.218920794502165216e-154  2.218920794502165216e-154
-6.625532232562800772e-01  1.109001141586668622e-135  1.109001141586668622e-135
-5.625532232562799884e-01  3.446264650986623798e-118  3.446264650986623798e-118
-4.625532232562798995e-01  6.658734468329122777e-102  6.658734468329122777e-102
-3.625532232562800328e-01  7.999469876425234431e-87  7.999469876425234431e-87
-2.625532232562799440e-01  5.975264810384958159e-73  5.975264810384958159e-73
-1.625532232562800772e-01  2.775105804749531589e-60  2.775105804749531589e-60
-6.255322325627998836e-02  8.013613157926892046e-49  8.013613157926892046e-49
3.744677674372010046e-02  1.438810640829958368e-38  1.438810640829958368e-38
1.374467767437199672e-01  1.606221176368609107e-29  1.606221176368609107e-29
2.374467767437200560e-01  1.114893780702618609e-21  1.114893780702618609e-21
3.374467767437199228e-01  4.811584059705860629e-15  4.811584059705860629e-15
4.374467767437200116e-01  1.291127410448577884e-09  1.291127410448577884e-09
5.374467767437201005e-01  2.154153089770660768e-05  2.154153089770660768e-05
6.374467767437201893e-01  2.234654911180495446e-02  2.234654911180495446e-02
7.374467767437202781e-01  1.441354497389782496e+00  1.441354497389782496e+00
8.374467767437199228e-01  5.780395948596086519e+00  5.780395948596086519e+00
9.374467767437200116e-01  1.441354497389765177e+00  1.441354497389765177e+00
1.037446776743720100e+00  2.234654911180441669e-02  2.234654911180441669e-02
1.137446776743720189e+00  2.154153089853507366e-05  2.154153089853507366e-05
1.237446776743720278e+00  1.298036285696068651e-09  1.298036285696068651e-09
1.337446776743719923e+00  1.435273904167675639e-08  1.435273904167675639e-08
1.437446776743720012e+00  7.434900400244359191e-06  7.434900400244359191e-06
1.537446776743720100e+00  9.603485532491606511e-04  9.603485532491606511e-04
1.637446776743720189e+00  3.093113364888444919e-02  3.093113364888444919e-02
1.737446776743720278e+00  2.484139657836077208e-01  2.484139657836077208e-01
1.837446776743719923e+00  4.974728667347494415e-01  4.974728667347494415e-01
1.937446776743720012e+00  2.484139657836061943e-01  2.484139657836061943e-01
2.037446776743720100e+00  3.093113364889411854e-02  3.093113364889411854e-02
2.137446776743720189e+00  9.603485636745035317e-04  9.603485636745035317e-04
2.237446776743720278e+00  7.439184903439282977e-06  7.439184903439282977e-06
2.337446776743719923e+00  7.119187792797764147e-07  7.119187792797764147e-07
2.437446776743720456e+00  4.499308173346403271e-05  4.499308173346403271e-05
2.537446776743720100e+00  1.149691961466479560e-03  1.149691961466479560e-03
2.637446776743719745e+00  1.163838703370718118e-02  1.163838703370718118e-02
2.737446776743720278e+00  4.667448943314490839e-02  4.667448943314490839e-02
2.837446776743719923e+00  7.415523851045063841e-02  7.415523851045063841e-02
2.937446776743720456e+00  4.667448943315300608e-02  4.667448943315300608e-02
3.037446776743720100e+00  1.163838703681094149e-02  1.163838703681094149e-02
3.137446776743720633e+00  1.149692528799462019e-03  1.149692528799462019e-03
3.237446776743720278e+00  4.504485884025676983e-05  4.504485884025676983e-05
3.337446776743719923e+00  3.057823464901092032e-06  3.057823464901092032e-06
3.437446776743720456e+00  5.372349577273199760e-05  5.372349577273199760e-05
3.537446776743720100e+00  6.105292853972133036e-04  6.105292853972133036e-04
3.637446776743720633e+00  3.464894126265810788e-03  3.464894126265810788e-03
3.737446776743720278e+00  9.819289266712404041e-03  9.819289266712404041e-03
3.837446776743719923e+00  1.389558224988880243e-02  1.389558224988880243e-02
3.937446776743720456e+00  9.819289267212198691e-03  9.819289267212198691e-03
4.037446776743720100e+00  3.464894182449441886e-03  3.464894182449441886e-03
4.137446776743720633e+00  6.105328994721561557e-04  6.105328994721561557e-04
4.237446776743720278e+00  5.385334369286189793e-05  5.385334369286189793e-05
4.337446776743719923e+00  5.208288260359449384e-06  5.208288260359449384e-06
4.437446776743720456e+00  3.474790253005626955e-05  3.474790253005626955e-05
4.537446776743720100e+00  2.425176778615704596e-04  2.425176778615704596e-04
4.637446776743720633e+00  9.725885825950745384e-04  9.725885825950745384e-04
4.737446776743720278e+00  2.237902873176138546e-03  2.237902873176138546e-03
4.837446776743719923e+00  2.954463234431564493e-03  2.954463234431564493e-03
4.937446776743720456e+00  2.237902878064048934e-03  2.237902878064048934e-03
5.037446776743720100e+00  9.725888300718960175e-04  9.725888300718960175e-04
5.137446776743720633e+00  2.425251812868530420e-04  2.425251812868530420e-04
5.237446776743720278e+00  3.485973199241596026e-05  3.485973199241596026e-05
5.337446776743719923e+00  4.935699192463967861e-06  4.935699192463967861e-06
5.437446776743720456e+00  1.690060404500286697e-05  1.690060404500286697e-05
5.537446776743720100e+00  8.475750440833759627e-05  8.475750440833759627e-05
5.637446776743720633e+00  2.696592545065239297e-04  2.696592545065239297e-04
5.737446776743720278e+00  5.400184894137683746e-04  5.400184894137683746e-04
5.837446776743719923e+00  6.806749366176161834e-04  6.806749366176161834e-04
5.937446776743720456e+00  5.400185062774821420e-04  5.400185062774821420e-04
6.037446776743720100e+00  2.696597049259997353e-04  2.696597049259997353e-04
6.137446776743720633e+00  8.476381609276884433e-05  8.476381609276884433e-05
6.237446776743720278e+00  1.689751759435899255e-05  1.689751759435899255e-05
6.337446776743719923e+00  3.249889087003535002e-06  3.249889087003535002e-06
6.437446776743719568e+00  7.094910023621263170e-06  7.094910023621263170e-06
6.537446776743720989e+00  2.780528410478384633e-05  2.780528410478384633e-05
6.637446776743720633e+00  7.496359615365449805e-05  7.496359615365449805e-05
6.737446776743720278e+00  1.359432337716524766e-04  1.359432337716524766e-04
6.837446776743719923e+00  1.657780871651918370e-04  1.657780871651918370e-04
6.937446776743719568e+00  1.359432616941991571e-04  1.359432616941991571e-04
7.037446776743720989e+00  7.496397408711155653e-05  7.496397408711155653e-05
7.137446776743720633e+00  2.780571083457732552e-05  2.780571083457732552e-05
7.237446776743720278e+00  7.012480298845087829e-06  7.012480298845087829e-06
7.337446776743719923e+00  1.710309561724137376e-06  1.710309561724137376e-06
7.437446776743719568e+00  2.745831524774852228e-06  2.745831524774852228e-06
7.537446776743720989e+00  8.824980693906694931e-06  8.824980693906694931e-06
7.637446776743720633e+00  2.100035925746856046e-05  2.100035925746856046e-05
7.737446776743720278e+00  3.535179778375517579e-05  3.535179778375517579e-05
7.837446776743719923e+00  4.205422792609982233e-05  4.205422792609982233e-05
7.937446776743721344e+00  3.535182135003925216e-05  3.535182135003925216e-05
8.037446776743720989e+00  2.100041796867617167e-05  2.100041796867617167e-05
8.137446776743720633e+00  8.820767340172548239e-06  8.820767340172548239e-06
8.237446776743720278e+00  2.657333705839441553e-06  2.657333705839441553e-06
8.337446776743719923e+00  7.804208138765555203e-07  7.804208138765555203e-07
8.437446776743721344e+00  1.012925999854634906e-06  1.012925999854634906e-06
8.537446776743720989e+00  2.752857365606259774e-06  2.752857365606259774e-06
8.637446776743720633e+00  5.937324759340024881e-06  5.937324759340024881e-06
8.737446776743720278e+00  9.432104584325502460e-06  9.432104584325502460e-06
8.837446776743719923e+00  1.100596171387287728e-05  1.100596171387287728e-05
8.937446776743721344e+00  9.432110016195217157e-06  9.432110016195217157e-06
9.037446776743720989e+00  5.937103376075826227e-06  5.937103376075826227e-06
9.137446776743720633e+00  2.747629672095730203e-06  2.747629672095730203e-06
9.237446776743720278e+00  9.516335581397510078e-07  9.516335581397510078e-07
9.337446776743719923e+00  3.239896709096208458e-07  3.239896709096208458e-07
9.437446776743721344e+00  3.624649045945270583e-07  3.624649045945270583e-07
9.537446776743720989e+00  8.515229207182523298e-07  8.515229207182523298e-07
9.637446776743720633e+00  1.694361391382565451e-06  1.694361391382565451e-06
9.737446776743720278e+00  2.569355011001572392e-06  2.569355011001572392e-06
9.837446776743719923e+00  2.952137223613146082e-06  2.952137223613146082e-06
9.937446776743721344e+00  2.569343112095201649e-06  2.569343112095201649e-06
1.003744677674372099e+01  1.694046004968078206e-06  1.694046004968078206e-06
1.013744677674372063e+01  8.474611194739055396e-07  8.474611194739055396e-07
1.023744677674372028e+01  3.284917608139438472e-07  3.284917608139438472e-07
1.033744677674371992e+01  1.260468315874603750e-07  1.260468315874603750e-07
