-1.552631571340588046e+00  1.221502985603523725e-09  1.221502985603523725e-09
-1.452631571340588401e+00  6.002795529125393539e-09  6.002795529125393539e-09
-1.352631571340588312e+00  2.783163484546647874e-08  2.783163484546647874e-08
-1.252631571340588224e+00  1.213552201870334189e-07  1.213552201870334189e-07
-1.152631571340588579e+00  4.967418618145245250e-07  4.967418618145245250e-07
-1.052631571340588046e+00  1.906825753698288491e-06  1.906825753698288491e-06
-9.526315713405881791e-01  6.860286473857164037e-06  6.860286473857164037e-06
-8.526315713405883123e-01  2.312454406781782061e-05  2.312454406781782061e-05
-7.526315713405882235e-01  7.301514334397742620e-05  7.301514334397742620e-05
-6.526315713405881347e-01  2.159265005152373484e-04  2.159265005152373484e-04
-5.526315713405882679e-01  5.980225636113681081e-04  5.980225636113681081e-04
-4.526315713405881791e-01  1.551050539803687425e-03  1.551050539803687425e-03
-3.526315713405880903e-01  3.767186926879311209e-03  3.767186926879311209e-03
-2.526315713405882235e-01  8.568058776753777542e-03  8.568058776753777542e-03
-1.526315713405881347e-01  1.824804702787570856e-02  1.824804702787570856e-02
-5.263157134058826792e-02  3.639285682691191515e-02  3.639285682691191515e-02
4.736842865941182090e-02  6.796429229714485987e-02  6.796429229714485987e-02
1.473684286594119097e-01  1.188533020604842089e-01  1.188533020604842089e-01
2.473684286594117765e-01  1.946302734515398536e-01  1.946302734515398536e-01
3.473684286594118653e-01  2.984582438224289702e-01  2.984582438224289702e-01
4.473684286594117321e-01  4.285876060298909884e-01  4.285876060298909884e-01
5.473684286594118209e-01  5.763580870775226739e-01  5.763580870775226739e-01
6.473684286594119097e-01  7.258782685942957169e-01  7.258782685942957169e-01
7.473684286594119985e-01  8.562260539670286663e-01  8.562260539670286663e-01
8.473684286594120874e-01  9.460670543801057430e-01  9.460670543801057430e-01
9.473684286594117321e-01  9.793886887020368803e-01  9.793886887020368803e-01
1.047368428659411821e+00  9.502529865708011503e-01  9.502529865708011503e-01
1.147368428659411910e+00  8.646320952650511371e-01  8.646320952650511371e-01
1.247368428659411999e+00  7.385433895467606868e-01  7.385433895467606868e-01
1.347368428659412087e+00  5.932739172524159610e-01  5.932739172524159610e-01
1.447368428659411732e+00  4.496355544662143933e-01  4.496355544662143933e-01
1.547368428659411821e+00  3.233509006211440773e-01  3.233509006211440773e-01
1.647368428659411910e+00  2.228720394560095852e-01  2.228720394560095852e-01
1.747368428659411999e+00  1.497318354049091138e-01  1.497318354049091138e-01
1.847368428659412087e+00  1.005782616254720374e-01  1.005782616254720374e-01
1.947368428659411732e+00  6.971390379481728905e-02  6.971390379481728905e-02
2.047368428659411599e+00  5.120752140543297082e-02  5.120752140543297082e-02
2.147368428659412132e+00  4.015378175832711588e-02  4.015378175832711588e-02
2.247368428659411776e+00  3.311353710433122960e-02  3.311353710433122960e-02
2.347368428659412309e+00  2.800748699078506321e-02  2.800748699078506321e-02
2.447368428659411954e+00  2.376617208082362764e-02  2.376617208082362764e-02
2.547368428659412487e+00  1.995214712002302965e-02  1.995214712002302965e-02
2.647368428659412132e+00  1.646011317359837370e-02  1.646011317359837370e-02
2.747368428659411776e+00  1.332003584796996945e-02  1.332003584796996945e-02
2.847368428659412309e+00  1.058762639386216266e-02  1.058762639386216266e-02
2.947368428659411954e+00  8.295026622129589647e-03  8.295026622129589647e-03
3.047368428659412487e+00  6.437296393207444373e-03  6.437296393207444373e-03
3.147368428659412132e+00  4.977177048969652282e-03  4.977177048969652282e-03
3.247368428659412665e+00  3.856979354572128565e-03  3.856979354572128565e-03
3.347368428659412309e+00  3.011149531037917489e-03  3.011149531037917489e-03
3.447368428659411954e+00  2.376275665872554753e-03  2.376275665872554753e-03
3.547368428659412487e+00  1.897405888188282265e-03  1.897405888188282265e-03
3.647368428659412132e+00  1.530844725454368191e-03  1.530844725454368191e-03
3.747368428659412665e+00  1.244262478412366899e-03  1.244262478412366899e-03
3.847368428659412309e+00  1.015154638648883660e-03  1.015154638648883660e-03
3.947368428659411954e+00  8.285862723491412571e-04  8.285862723491412571e-04
4.047368428659412487e+00  6.749021766241235405e-04  6.749021766241235405e-04
4.147368428659412132e+00  5.477979476995002966e-04  5.477979476995002966e-04
4.247368428659412665e+00  4.429056406505717659e-04  4.429056406505717659e-04
4.347368428659412309e+00  3.568829077116905234e-04  3.568829077116905234e-04
4.447368428659411954e+00  2.869068908024504879e-04  2.869068908024504879e-04
4.547368428659412487e+00  2.304466711531146742e-04  2.304466711531146742e-04
4.647368428659412132e+00  1.851983502792217771e-04  1.851983502792217771e-04
4.747368428659412665e+00  1.490948564928117656e-04  1.490948564928117656e-04
4.847368428659412309e+00  1.203341384925528650e-04  1.203341384925528650e-04
4.947368428659411954e+00  9.739644426230211762e-05  9.739644426230211762e-05
5.047368428659412487e+00  7.904067492609186433e-05  7.904067492609186433e-05
5.147368428659412132e+00  6.428127910949997406e-05  6.428127910949997406e-05
5.247368428659412665e+00  5.235235276947553326e-05  5.235235276947553326e-05
5.347368428659412309e+00  4.266657908802707060e-05  4.266657908802707060e-05
5.447368428659411954e+00  3.477528114647465669e-05  3.477528114647465669e-05
5.547368428659412487e+00  2.833361279545624584e-05  2.833361279545624584e-05
5.647368428659412132e+00  2.307270625078783105e-05  2.307270625078783105e-05
5.747368428659412665e+00  1.877889926200048532e-05  1.877889926200048532e-05
5.847368428659412309e+00  1.527911832545665182e-05  1.527911832545665182e-05
5.947368428659411954e+00  1.243103247016994479e-05  1.243103247016994479e-05
6.047368428659412487e+00  1.011655582067942554e-05  1.011655582067942554e-05
6.147368428659412132e+00  8.237490635675703937e-06  8.237490635675703937e-06
6.247368428659412665e+00  6.712417574859033608e-06  6.712417574859033608e-06
6.347368428659412309e+00  5.474254011555614205e-06  5.474254011555614205e-06
6.447368428659411954e+00  4.468157736866528101e-06  4.468157736866528101e-06
6.547368428659411599e+00  3.649632466267256255e-06  3.649632466267256255e-06
6.647368428659413020e+00  2.982797226422881990e-06  2.982797226422881990e-06
6.747368428659412665e+00  2.438830267194824404e-06  2.438830267194824404e-06
6.847368428659412309e+00  1.994609291737500007e-06  1.994609291737500007e-06
6.947368428659411954e+00  1.631561124112842345e-06  1.631561124112842345e-06
7.047368428659411599e+00  1.334718432472547459e-06  1.334718432472547459e-06
7.147368428659413020e+00  1.091966758701236762e-06  1.091966758701236762e-06
7.247368428659412665e+00  8.934555870709558846e-07  8.934555870709558846e-07
7.347368428659412309e+00  7.311432557993587265e-07  7.311432557993587265e-07
7.447368428659411954e+00  5.984462218871874094e-07  5.984462218871874094e-07
7.547368428659411599e+00  4.899669033174896288e-07  4.899669033174896288e-07
7.647368428659413020e+00  4.012794204025796367e-07  4.012794204025796367e-07
7.747368428659412665e+00  3.287577779619104903e-07  3.287577779619104903e-07
7.847368428659412309e+00  2.694355843409793907e-07  2.694355843409793907e-07
7.947368428659411954e+00  2.208899376992851733e-07  2.208899376992851733e-07
8.047368428659414263e+00  1.811445896261108361e-07  1.811445896261108361e-07
8.147368428659412132e+00  1.485890760484521564e-07  1.485890760484521564e-07
8.247368428659413553e+00  1.219114196882011375e-07  1.219114196882011375e-07
8.347368428659411421e+00  1.000424924474786533e-07  1.000424924474786533e-07
8.447368428659412842e+00  8.211037325277034310e-08  8.211037325277034310e-08
8.547368428659414263e+00  6.740318209728166441e-08  6.740318209728166441e-08
8.647368428659412132e+00  5.533899361494698958e-08  5.533899361494698958e-08
8.747368428659413553e+00  4.544156921673378358e-08  4.544156921673378358e-08
8.847368428659411421e+00  3.732080267097748357e-08  3.732080267097748357e-08
8.947368428659412842e+00  3.065694192967055250e-08  3.065694192967055250e-08
9.047368428659412487e+00  2.518781685124015117e-08  2.518781685124015117e-08
9.147368428659412132e+00  2.069845626326423996e-08  2.069845626326423996e-08
9.247368428659411776e+00  1.701261061770424243e-08  1.701261061770424243e-08
9.347368428659411421e+00  1.398580499837046347e-08  1.398580499837046347e-08
9.447368428659411066e+00  1.149963194167456251e-08  1.149963194167456251e-08
9.547368428659412487e+00  9.457057402491147071e-09  9.457057402491147071e-09
9.647368428659412132e+00  7.778560360122951320e-09  7.778560360122951320e-09
9.747368428659411776e+00  6.398961248464765173e-09  6.398961248464765173e-09
9.847368428659411421e+00  5.264820303845102874e-09  5.264820303845102874e-09
9.947368428659411066e+00  4.332306915169899913e-09  4.332306915169899913e-09
1.004736842865941249e+01  3.565457132368171405e-09  3.565457132368171405e-09
1.014736842865941213e+01  2.934749903463825425e-09  2.934749903463825425e-09
1.024736842865941178e+01  2.415944088022093338e-09  2.415944088022093338e-09
1.034736842865941142e+01  1.989128207386778685e-09  1.989128207386778685e-09
1.044736842865941107e+01  1.637943423728493208e-09  1.637943423728493208e-09
