-1.662781646906196897e+00  3.302340368453281694e-22  3.302340368453281694e-22
-1.562781646906197253e+00  1.447556623332087005e-20  1.447556623332087005e-20
-1.462781646906197164e+00  5.936288435454152905e-19  5.936288435454152905e-19
-1.362781646906197075e+00  2.139186954070218093e-17  2.139186954070218093e-17
-1.262781646906197430e+00  6.635027594823568989e-16  6.635027594823568989e-16
-1.162781646906196897e+00  1.759663274210509350e-14  1.759663274210509350e-14
-1.062781646906197253e+00  3.981660916121987866e-13  3.981660916121987866e-13
-9.627816469061971638e-01  7.681004884090607166e-12  7.681004884090607166e-12
-8.627816469061970750e-01  1.262901332082979369e-10  1.262901332082979369e-10
-7.627816469061969862e-01  1.769582284624007688e-09  1.769582284624007688e-09
-6.627816469061971194e-01  2.113013341703472340e-08  2.113013341703472340e-08
-5.627816469061970306e-01  2.150082542628674739e-07  2.150082542628674739e-07
-4.627816469061969418e-01  1.864341240508295765e-06  1.864341240508295765e-06
-3.627816469061970750e-01  1.377561867707790392e-05  1.377561867707790392e-05
-2.627816469061969862e-01  8.673837775036627429e-05  8.673837775036627429e-05
-1.627816469061971194e-01  4.653990722948851059e-04  4.653990722948851059e-04
-6.278164690619703059e-02  2.127911871409137248e-03  2.127911871409137248e-03
3.721835309380305823e-02  8.290787744417330712e-03  8.290787744417330712e-03
1.372183530938029250e-01  2.752659117980225945e-02  2.752659117980225945e-02
2.372183530938030138e-01  7.787974150446251576e-02  7.787974150446251576e-02
3.372183530938028806e-01  1.877647008568472109e-01  1.877647008568472109e-01
4.372183530938029694e-01  3.857667697420733011e-01  3.857667697420733011e-01
5.372183530938030582e-01  6.754074021143408046e-01  6.754074021143408046e-01
6.372183530938031470e-01  1.007759214846813078e+00  1.007759214846813078e+00
7.372183530938032359e-01  1.281578907086079244e+00  1.281578907086079244e+00
8.372183530938028806e-01  1.389482210564099818e+00  1.389482210564099818e+00
9.372183530938029694e-01  1.285311805169081056e+00  1.285311805169081056e+00
1.037218353093803058e+00  1.016615779694974631e+00  1.016615779694974631e+00
1.137218353093803147e+00  6.920945696734945862e-01  6.920945696734945862e-01
1.237218353093803236e+00  4.140267009607432880e-01  4.140267009607432880e-01
1.337218353093802881e+00  2.317165025729581163e-01  2.317165025729581163e-01
1.437218353093802969e+00  1.409263883812386375e-01  1.409263883812386375e-01
1.537218353093803058e+00  1.110199429379425673e-01  1.110199429379425673e-01
1.637218353093803147e+00  1.104136618155933530e-01  1.104136618155933530e-01
1.737218353093803236e+00  1.175467088132559623e-01  1.175467088132559623e-01
1.837218353093802881e+00  1.210966076504725458e-01  1.210966076504725458e-01
1.937218353093802969e+00  1.168536505396637476e-01  1.168536505396637476e-01
2.037218353093803280e+00  1.049889747608166307e-01  1.049889747608166307e-01
2.137218353093802925e+00  8.812827163524274143e-02  8.812827163524274143e-02
2.237218353093803458e+00  6.978988381205632197e-02  6.978988381205632197e-02
2.337218353093803103e+00  5.309692735855048307e-02  5.309692735855048307e-02
2.437218353093803636e+00  3.996980569444703868e-02  3.996980569444703868e-02
2.537218353093803280e+00  3.093109256667763568e-02  3.093109256667763568e-02
2.637218353093802925e+00  2.541381997871430820e-02  2.541381997871430820e-02
2.737218353093803458e+00  2.230200985160483290e-02  2.230200985160483290e-02
2.837218353093803103e+00  2.043653943554197411e-02  2.043653943554197411e-02
2.937218353093803636e+00  1.893516785628792873e-02  1.893516785628792873e-02
3.037218353093803280e+00  1.730406315030176903e-02  1.730406315030176903e-02
3.137218353093803813e+00  1.539683097413254223e-02  1.539683097413254223e-02
3.237218353093803458e+00  1.329804218813680772e-02  1.329804218813680772e-02
3.337218353093803103e+00  1.119430783203326750e-02  1.119430783203326750e-02
3.437218353093803636e+00  9.271259485169339176e-03  9.271259485169339176e-03
3.537218353093803280e+00  7.652410017363435457e-03  7.652410017363435457e-03
3.637218353093803813e+00  6.379545456326167312e-03  6.379545456326167312e-03
3.737218353093803458e+00  5.424200262127114834e-03  5.424200262127114834e-03
3.837218353093803103e+00  4.715517094978543058e-03  4.715517094978543058e-03
3.937218353093803636e+00  4.170619981443774750e-03  4.170619981443774750e-03
4.037218353093803280e+00  3.717909589569155359e-03  3.717909589569155359e-03
4.137218353093803813e+00  3.309191128592497283e-03  3.309191128592497283e-03
4.237218353093803458e+00  2.921255784594584820e-03  2.921255784594584820e-03
4.337218353093803103e+00  2.550327629550559055e-03  2.550327629550559055e-03
4.437218353093803636e+00  2.203539666531635025e-03  2.203539666531635025e-03
4.537218353093803280e+00  1.890876806687821895e-03  1.890876806687821895e-03
4.637218353093803813e+00  1.619605986209361444e-03  1.619605986209361444e-03
4.737218353093803458e+00  1.391773838153492586e-03  1.391773838153492586e-03
4.837218353093803103e+00  1.204295548732313903e-03  1.204295548732313903e-03
4.937218353093803636e+00  1.050625446674949325e-03  1.050625446674949325e-03
5.037218353093803280e+00  9.229383597124566447e-04  9.229383597124566447e-04
5.137218353093803813e+00  8.140043629054040863e-04  8.140043629054040863e-04
5.237218353093803458e+00  7.183254380230390821e-04  7.183254380230390821e-04
5.337218353093803103e+00  6.324677491257534555e-04  6.324677491257534555e-04
5.437218353093803636e+00  5.547744677986625027e-04  5.547744677986625027e-04
5.537218353093803280e+00  4.847525249610452522e-04  4.847525249610452522e-04
5.637218353093803813e+00  4.224135171736545513e-04  4.224135171736545513e-04
5.737218353093803458e+00  3.677618982172816721e-04  3.677618982172816721e-04
5.837218353093803103e+00  3.205137350445868010e-04  3.205137350445868010e-04
5.937218353093803636e+00  2.800357070367795855e-04  2.800357070367795855e-04
6.037218353093803280e+00  2.454369637285318457e-04  2.454369637285318457e-04
6.137218353093803813e+00  2.157286557650412459e-04  2.157286557650412459e-04
6.237218353093803458e+00  1.899782336791103936e-04  1.899782336791103936e-04
6.337218353093803103e+00  1.674137480856130054e-04  1.674137480856130054e-04
6.437218353093802747e+00  1.474638738133468964e-04  1.474638738133468964e-04
6.537218353093804168e+00  1.297428955543458425e-04  1.297428955543458425e-04
6.637218353093803813e+00  1.140023754306777946e-04  1.140023754306777946e-04
6.737218353093803458e+00  1.000731287571173428e-04  1.000731287571173428e-04
6.837218353093803103e+00  8.781570224514065803e-05  8.781570224514065803e-05
6.937218353093802747e+00  7.708891311375666241e-05  7.708891311375666241e-05
7.037218353093804168e+00  6.773772792530818431e-05  6.773772792530818431e-05
7.137218353093803813e+00  5.959603251245973492e-05  5.959603251245973492e-05
7.237218353093803458e+00  5.249737189839285493e-05  5.249737189839285493e-05
7.337218353093803103e+00  4.628706441553896917e-05  4.628706441553896917e-05
7.437218353093802747e+00  4.083113896534515413e-05  4.083113896534515413e-05
7.537218353093804168e+00  3.602013028240554798e-05  3.602013028240554798e-05
7.637218353093803813e+00  3.176798048560483236e-05  3.176798048560483236e-05
7.737218353093803458e+00  2.800764879126557935e-05  2.800764879126557935e-05
7.837218353093803103e+00  2.468544984308092857e-05  2.468544984308092857e-05
7.937218353093804524e+00  2.175583749701743628e-05  2.175583749701743628e-05
8.037218353093804168e+00  1.917766512221588213e-05  1.917766512221588213e-05
8.137218353093803813e+00  1.691221302683995606e-05  1.691221302683995606e-05
8.237218353093803458e+00  1.492270623675762485e-05  1.492270623675762485e-05
8.337218353093803103e+00  1.317475081324024716e-05  1.317475081324024716e-05
8.437218353093804524e+00  1.163708223336658587e-05  1.163708223336658587e-05
8.537218353093804168e+00  1.028216419808142225e-05  1.028216419808142225e-05
8.637218353093803813e+00  9.086397569330556214e-06  9.086397569330556214e-06
8.737218353093803458e+00  8.029908439724458590e-06  8.029908439724458590e-06
8.837218353093803103e+00  7.096027316681563260e-06  7.096027316681563260e-06
8.937218353093804524e+00  6.270631281995239166e-06  6.270631281995239166e-06
9.037218353093804168e+00  5.541510129319181509e-06  5.541510129319181509e-06
9.137218353093803813e+00  4.897863769662408894e-06  4.897863769662408894e-06
9.237218353093803458e+00  4.329971812140067773e-06  4.329971812140067773e-06
9.337218353093803103e+00  3.829020393681514094e-06  3.829020393681514094e-06
9.437218353093804524e+00  3.387038212869517489e-06  3.387038212869517489e-06
9.537218353093804168e+00  2.996884860898535283e-06  2.996884860898535283e-06
9.637218353093803813e+00  2.652244112555339072e-06  2.652244112555339072e-06
9.737218353093803458e+00  2.347593845208754438e-06  2.347593845208754438e-06
9.837218353093803103e+00  2.078144152503257134e-06  2.078144152503257134e-06
9.937218353093804524e+00  1.839750168030954628e-06  1.839750168030954628e-06
1.003721835309380417e+01  1.628813675113504878e-06  1.628813675113504878e-06
1.013721835309380381e+01  1.442188227559813709e-06  1.442188227559813709e-06
1.023721835309380346e+01  1.277098491425174911e-06  1.277098491425174911e-06
1.033721835309380310e+01  1.131078617064645872e-06  1.131078617064645872e-06
