-1.586955961330220877e+00  3.670198485199871890e-209  3.670198485199871890e-209
-1.486955961330220788e+00  1.719046098684826482e-195  1.719046098684826482e-195
-1.386955961330221143e+00  1.504216319504560055e-179  1.504216319504560055e-179
-1.286955961330220610e+00  2.789173630410896213e-164  2.789173630410896213e-164
-1.186955961330220966e+00  1.084066195612718519e-149  1.084066195612718519e-149
-1.086955961330220877e+00  8.831834567229371064e-136  8.831834567229371064e-136
-9.869559613302207879e-01  1.508206891872510446e-122  1.508206891872510446e-122
-8.869559613302206991e-01  5.398657656012633668e-110  5.398657656012633668e-110
-7.869559613302208323e-01  4.050657544149176942e-98  4.050657544149176942e-98
-6.869559613302209655e-01  6.370597100832571130e-87  6.370597100832571130e-87
-5.869559613302208767e-01  2.100146656356257286e-76  2.100146656356257286e-76
-4.869559613302207879e-01  1.451222418792406429e-66  1.451222418792406429e-66
-3.869559613302206991e-01  2.102002394829900102e-57  2.102002394829900102e-57
-2.869559613302208323e-01  6.381860490722657476e-49  6.381860490722657476e-49
-1.869559613302207435e-01  4.061404800979733697e-41  4.061404800979733697e-41
-8.695596133022087670e-02  5.417764480531886789e-34  5.417764480531886789e-34
1.304403866977921211e-02  1.514882111803882891e-27  1.514882111803882891e-27
1.130440386697793009e-01  8.878762213996321306e-22  8.878762213996321306e-22
2.130440386697791677e-01  1.090789339684443451e-16  1.090789339684443451e-16
3.130440386697792565e-01  2.808951345479674071e-12  2.808951345479674071e-12
4.130440386697791233e-01  1.516220696901820181e-08  1.516220696901820181e-08
5.130440386697792121e-01  1.715518858179058547e-05  1.715518858179058547e-05
6.130440386697793009e-01  4.068585475734269249e-03  4.068585475734269249e-03
7.130440386697793897e-01  2.022582588748773891e-01  2.022582588748773891e-01
8.130440386697794786e-01  2.107579454689693765e+00  2.107579454689693765e+00
9.130440386697791233e-01  4.603376753791541987e+00  4.603376753791541987e+00
1.013044038669779212e+00  2.107579454689683995e+00  2.107579454689683995e+00
1.113044038669779301e+00  2.022582588782130819e-01  2.022582588782130819e-01
1.213044038669779390e+00  4.068586645880403752e-03  4.068586645880403752e-03
1.313044038669779479e+00  1.734296532357836713e-05  1.734296532357836713e-05
1.413044038669779123e+00  1.381108963199176713e-05  1.381108963199176713e-05
1.513044038669779212e+00  4.640528471834794643e-04  4.640528471834794643e-04
1.613044038669779301e+00  7.146467334355617942e-03  7.146467334355617942e-03
1.713044038669779390e+00  5.038750136319411488e-02  5.038750136319411488e-02
1.813044038669779479e+00  1.626528468192472154e-01  1.626528468192472154e-01
1.913044038669779123e+00  2.403853247099335400e-01  2.403853247099335400e-01
2.013044038669779212e+00  1.626528468342569034e-01  1.626528468342569034e-01
2.113044038669779301e+00  5.038750261939334979e-02  5.038750261939334979e-02
2.213044038669779390e+00  7.146529782776718000e-03  7.146529782776718000e-03
2.313044038669779479e+00  4.658969646424472870e-04  4.658969646424472870e-04
2.413044038669779123e+00  4.614501052941108954e-05  4.614501052941108954e-05
2.513044038669779656e+00  3.372729633152387815e-04  3.372729633152387815e-04
2.613044038669779301e+00  2.086520040942034179e-03  2.086520040942034179e-03
2.713044038669778946e+00  7.672023487333486103e-03  7.672023487333486103e-03
2.813044038669779479e+00  1.675723991447424996e-02  1.675723991447424996e-02
2.913044038669779123e+00  2.174202591291375664e-02  2.174202591291375664e-02
3.013044038669779656e+00  1.675724024728593095e-02  1.675724024728593095e-02
3.113044038669779301e+00  7.672032696409042049e-03  7.672032696409042049e-03
3.213044038669779834e+00  2.086691343603485835e-03  2.086691343603485835e-03
3.313044038669779479e+00  3.392700357700521993e-04  3.392700357700521993e-04
3.413044038669779123e+00  5.107641974052975841e-05  5.107641974052975841e-05
3.513044038669779656e+00  1.104577396807903625e-04  1.104577396807903625e-04
3.613044038669779301e+00  4.262946656421027656e-04  4.262946656421027656e-04
3.713044038669779834e+00  1.131781160062641199e-03  1.131781160062641199e-03
3.813044038669779479e+00  2.033440198886945615e-03  2.033440198886945615e-03
3.913044038669779123e+00  2.472034635889741594e-03  2.472034635889741594e-03
4.013044038669779212e+00  2.033441198482329945e-03  2.033441198482329945e-03
4.113044038669778857e+00  1.131794382562923817e-03  1.131794382562923817e-03
4.213044038669780278e+00  4.263830892991416085e-04  4.263830892991416085e-04
4.313044038669779923e+00  1.097638092937481451e-04  1.097638092937481451e-04
4.413044038669779567e+00  2.514258069628884915e-05  2.514258069628884915e-05
4.513044038669779212e+00  2.836305022391347414e-05  2.836305022391347414e-05
4.613044038669778857e+00  7.832614483916496234e-05  7.832614483916496234e-05
4.713044038669780278e+00  1.707125265285517441e-04  1.707125265285517441e-04
4.813044038669779923e+00  2.727834580909442130e-04  2.727834580909442130e-04
4.913044038669779567e+00  3.189158827466491257e-04  3.189158827466491257e-04
5.013044038669779212e+00  2.727842902716046407e-04  2.727842902716046407e-04
5.113044038669778857e+00  1.707140298778346684e-04  1.707140298778346684e-04
5.213044038669780278e+00  7.822922776896923912e-05  7.822922776896923912e-05
5.313044038669779923e+00  2.658878444783837911e-05  2.658878444783837911e-05
5.413044038669779567e+00  8.134885001064513357e-06  8.134885001064513357e-06
5.513044038669779212e+00  6.701258837941115627e-06  6.701258837941115627e-06
5.613044038669778857e+00  1.396164384093621543e-05  1.396164384093621543e-05
5.713044038669780278e+00  2.649714830292356497e-05  2.649714830292356497e-05
5.813044038669779923e+00  3.913987297206481333e-05  3.913987297206481333e-05
5.913044038669779567e+00  4.458186312973685131e-05  4.458186312973685131e-05
6.013044038669779212e+00  3.913963039807716299e-05  3.913963039807716299e-05
6.113044038669778857e+00  2.648787678513506117e-05  2.648787678513506117e-05
6.213044038669780278e+00  1.383855067025684066e-05  1.383855067025684066e-05
6.313044038669779923e+00  5.669599583790131572e-06  5.669599583790131572e-06
6.413044038669779567e+00  2.124221134336011759e-06  2.124221134336011759e-06
6.513044038669779212e+00  1.515267044742475213e-06  1.515267044742475213e-06
6.613044038669780633e+00  2.488406674934232909e-06  2.488406674934232909e-06
6.713044038669780278e+00  4.226539298985013914e-06  4.226539298985013914e-06
6.813044038669779923e+00  5.893595002237901136e-06  5.893595002237901136e-06
6.913044038669779567e+00  6.588311377880412998e-06  6.588311377880412998e-06
7.013044038669779212e+00  5.892794678331743104e-06  5.892794678331743104e-06
7.113044038669780633e+00  4.217780350056242735e-06  4.217780350056242735e-06
7.213044038669780278e+00  2.421321171696841980e-06  2.421321171696841980e-06
7.313044038669779923e+00  1.134830985308749205e-06  1.134830985308749205e-06
7.413044038669779567e+00  4.928427799926578496e-07  4.928427799926578496e-07
7.513044038669779212e+00  3.310902643780571553e-07  3.310902643780571553e-07
7.613044038669780633e+00  4.488562675043113152e-07  4.488562675043113152e-07
7.713044038669780278e+00  6.913593599016076198e-07  6.913593599016076198e-07
7.813044038669779923e+00  9.205027108948555813e-07  9.205027108948555813e-07
7.913044038669779567e+00  1.014186324365635441e-06  1.014186324365635441e-06
8.013044038669780988e+00  9.198685820005674414e-07  9.198685820005674414e-07
8.113044038669780633e+00  6.867741024600089877e-07  6.867741024600089877e-07
8.213044038669780278e+00  4.233662830692838291e-07  4.233662830692838291e-07
8.313044038669779923e+00  2.196347457534931889e-07  2.196347457534931889e-07
8.413044038669779567e+00  1.066459257469662418e-07  1.066459257469662418e-07
8.513044038669780988e+00  7.030027538656080250e-08  7.030027538656080250e-08
8.613044038669780633e+00  8.219473881943864375e-08  8.219473881943864375e-08
8.713044038669780278e+00  1.157487185480429917e-07  1.157487185480429917e-07
8.813044038669779923e+00  1.480143936153649237e-07  1.480143936153649237e-07
8.913044038669779567e+00  1.610976694184153977e-07  1.610976694184153977e-07
9.013044038669780988e+00  1.476944558118155755e-07  1.476944558118155755e-07
9.113044038669780633e+00  1.139681503697744103e-07  1.139681503697744103e-07
9.213044038669780278e+00  7.429448630066599744e-08  7.429448630066599744e-08
9.313044038669779923e+00  4.172681205629956683e-08  4.172681205629956683e-08
9.413044038669779567e+00  2.210040269235577285e-08  2.210040269235577285e-08
9.513044038669780988e+00  1.458379240540700844e-08  1.458379240540700844e-08
9.613044038669780633e+00  1.526284338044578331e-08  1.526284338044578331e-08
9.713044038669780278e+00  1.979675253125550653e-08  1.979675253125550653e-08
9.813044038669779923e+00  2.438142378401021942e-08  2.438142378401021942e-08
9.913044038669779567e+00  2.623878084734552252e-08  2.623878084734552252e-08
1.001304403866978099e+01  2.425652474992269829e-08  2.425652474992269829e-08
1.011304403866978063e+01  1.922086069833959783e-08  1.922086069833959783e-08
1.021304403866978028e+01  1.310792951565572122e-08  1.310792951565572122e-08
1.031304403866977992e+01  7.846125917965982413e-09  7.846125917965982413e-09
1.041304403866977957e+01  4.454112558469728964e-09  4.454112558469728964e-09
