-1.623592606206017308e+00  8.115871859747599928e-09  8.115871859747599928e-09
-1.523592606206016775e+00  3.371261166494117644e-08  3.371261166494117644e-08
-1.423592606206017130e+00  1.336005452032867131e-07  1.336005452032867131e-07
-1.323592606206017042e+00  5.026804120633343055e-07  5.026804120633343055e-07
-1.223592606206016953e+00  1.790525893052902565e-06  1.790525893052902565e-06
-1.123592606206017308e+00  6.027146500029533475e-06  6.027146500029533475e-06
-1.023592606206016775e+00  1.915233228314803415e-05  1.915233228314803415e-05
-9.235926062060171304e-01  5.741493766620203075e-05  5.741493766620203075e-05
-8.235926062060170416e-01  1.623092188867612492e-04  1.623092188867612492e-04
-7.235926062060169528e-01  4.325771676744377182e-04  4.325771676744377182e-04
-6.235926062060170860e-01  1.086709763988037486e-03  1.086709763988037486e-03
-5.235926062060169972e-01  2.573037026530668094e-03  2.573037026530668094e-03
-4.235926062060169084e-01  5.741565496147208944e-03  5.741565496147208944e-03
-3.235926062060170416e-01  1.207387448259556080e-02  1.207387448259556080e-02
-2.235926062060169528e-01  2.392670010362445490e-02  2.392670010362445490e-02
-1.235926062060170860e-01  4.468194997326159490e-02  4.468194997326159490e-02
-2.359260620601699721e-02  7.863076143809100138e-02  7.863076143809100138e-02
7.640739379398309161e-02  1.303965217088654815e-01  1.303965217088654815e-01
1.764073937939829584e-01  2.037789633418322088e-01  2.037789633418322088e-01
2.764073937939830472e-01  3.001129502323312548e-01  3.001129502323312548e-01
3.764073937939829140e-01  4.165450180165957694e-01  4.165450180165957694e-01
4.764073937939830028e-01  5.449060667866725272e-01  5.449060667866725272e-01
5.764073937939830916e-01  6.719097037883206003e-01  6.719097037883206003e-01
6.764073937939831804e-01  7.810921951984655109e-01  7.810921951984655109e-01
7.764073937939832692e-01  8.562660865740782112e-01  8.562660865740782112e-01
8.764073937939829140e-01  8.855406433447614578e-01  8.855406433447614578e-01
9.764073937939830028e-01  8.645438617360319267e-01  8.645438617360319267e-01
1.076407393793983092e+00  7.976420910677511911e-01  7.976420910677511911e-01
1.176407393793983180e+00  6.966810640132448107e-01  6.966810640132448107e-01
1.276407393793983269e+00  5.777338965904361689e-01  5.777338965904361689e-01
1.376407393793982914e+00  4.570674641190118348e-01  4.570674641190118348e-01
1.476407393793983003e+00  3.476963633286317412e-01  3.476963633286317412e-01
1.576407393793983092e+00  2.574708543267393290e-01  2.574708543267393290e-01
1.676407393793983180e+00  1.889218074916798329e-01  1.889218074916798329e-01
1.776407393793983269e+00  1.404382502093193819e-01  1.404382502093193819e-01
1.876407393793982914e+00  1.080378178401221745e-01  1.080378178401221745e-01
1.976407393793983003e+00  8.704202450576954686e-02  8.704202450576954686e-02
2.076407393793982870e+00  7.324632107122851232e-02  7.324632107122851232e-02
2.176407393793983402e+00  6.348864698877769441e-02  6.348864698877769441e-02
2.276407393793983047e+00  5.573648436649569077e-02  5.573648436649569077e-02
2.376407393793982692e+00  4.889373065050652695e-02  4.889373065050652695e-02
2.476407393793983225e+00  4.250845834650245070e-02  4.250845834650245070e-02
2.576407393793982870e+00  3.649779927901261600e-02  3.649779927901261600e-02
2.676407393793982514e+00  3.094158567100823917e-02  3.094158567100823917e-02
2.776407393793983047e+00  2.595261300460011827e-02  2.595261300460011827e-02
2.876407393793982692e+00  2.161002152948958074e-02  2.161002152948958074e-02
2.976407393793983225e+00  1.793631127455091664e-02  1.793631127455091664e-02
3.076407393793982870e+00  1.490021103547133421e-02  1.490021103547133421e-02
3.176407393793983402e+00  1.243190101672999974e-02  1.243190101672999974e-02
3.276407393793983047e+00  1.044149618916643228e-02  1.044149618916643228e-02
3.376407393793982692e+00  8.835403044504469908e-03  8.835403044504469908e-03
3.476407393793983225e+00  7.528007621597243917e-03  7.528007621597243917e-03
3.576407393793982870e+00  6.448164916152111792e-03  6.448164916152111792e-03
3.676407393793983402e+00  5.541209677254653465e-03  5.541209677254653465e-03
3.776407393793983047e+00  4.767804961827209510e-03  4.767804961827209510e-03
3.876407393793982692e+00  4.101041430404575409e-03  4.101041430404575409e-03
3.976407393793983225e+00  3.522977255534644279e-03  3.522977255534644279e-03
4.076407393793982870e+00  3.021438008597042337e-03  3.021438008597042337e-03
4.176407393793983402e+00  2.587512970923465903e-03  2.587512970923465903e-03
4.276407393793983047e+00  2.213872563238616746e-03  2.213872563238616746e-03
4.376407393793982692e+00  1.893825349908332149e-03  1.893825349908332149e-03
4.476407393793983225e+00  1.620930053624909661e-03  1.620930053624909661e-03
4.576407393793982870e+00  1.388955179372980322e-03  1.388955179372980322e-03
4.676407393793983402e+00  1.192006341809723115e-03  1.192006341809723115e-03
4.776407393793983047e+00  1.024691934691464735e-03  1.024691934691464735e-03
4.876407393793982692e+00  8.822513018701988886e-04  8.822513018701988886e-04
4.976407393793983225e+00  7.606141848460194104e-04  7.606141848460194104e-04
5.076407393793982870e+00  6.563910350675447722e-04  6.563910350675447722e-04
5.176407393793983402e+00  5.668107685689853124e-04  5.668107685689853124e-04
5.276407393793983047e+00  4.896284134738380488e-04  4.896284134738380488e-04
5.376407393793982692e+00  4.230235661156498198e-04  4.230235661156498198e-04
5.476407393793983225e+00  3.655051810696307701e-04  3.655051810696307701e-04
5.576407393793982870e+00  3.158317484026166048e-04  3.158317484026166048e-04
5.676407393793983402e+00  2.729501505474412606e-04  2.729501505474412606e-04
5.776407393793983047e+00  2.359523235716808357e-04  2.359523235716808357e-04
5.876407393793982692e+00  2.040464602541694570e-04  2.040464602541694570e-04
5.976407393793983225e+00  1.765386353315417803e-04  1.765386353315417803e-04
6.076407393793982870e+00  1.528209537945302444e-04  1.528209537945302444e-04
6.176407393793983402e+00  1.323631411443263763e-04  1.323631411443263763e-04
6.276407393793983047e+00  1.147055098983646001e-04  1.147055098983646001e-04
6.376407393793982692e+00  9.945217554797060571e-05  9.945217554797060571e-05
6.476407393793982337e+00  8.626411204353171924e-05  8.626411204353171924e-05
6.576407393793983758e+00  7.485208993301255569e-05  7.485208993301255569e-05
6.676407393793983402e+00  6.496975659295305030e-05  6.496975659295305030e-05
6.776407393793983047e+00  5.640715946808075955e-05  5.640715946808075955e-05
6.876407393793982692e+00  4.898494983199559158e-05  4.898494983199559158e-05
6.976407393793982337e+00  4.254939712568264168e-05  4.254939712568264168e-05
7.076407393793983758e+00  3.696823593427820000e-05  3.696823593427820000e-05
7.176407393793983402e+00  3.212728398832238646e-05  3.212728398832238646e-05
7.276407393793983047e+00  2.792771936138455603e-05  2.792771936138455603e-05
7.376407393793982692e+00  2.428388651341777720e-05  2.428388651341777720e-05
7.476407393793982337e+00  2.112150629167241136e-05  2.112150629167241136e-05
7.576407393793983758e+00  1.837618487078341727e-05  1.837618487078341727e-05
7.676407393793983402e+00  1.599214217912854611e-05  1.599214217912854611e-05
7.776407393793983047e+00  1.392110519217338488e-05  1.392110519217338488e-05
7.876407393793982692e+00  1.212133179871249938e-05  1.212133179871249938e-05
7.976407393793984113e+00  1.055674531785489853e-05  1.055674531785489853e-05
8.076407393793983758e+00  9.196168393962180458e-06  9.196168393962180458e-06
8.176407393793983402e+00  8.012649107545429604e-06  8.012649107545429604e-06
8.276407393793983047e+00  6.982873233412106391e-06  6.982873233412106391e-06
8.376407393793982692e+00  6.086656080180025442e-06  6.086656080180025442e-06
8.476407393793984113e+00  5.306506354676320978e-06  5.306506354676320978e-06
8.576407393793983758e+00  4.627253703468194946e-06  4.627253703468194946e-06
8.676407393793983402e+00  4.035731316107736506e-06  4.035731316107736506e-06
8.776407393793983047e+00  3.520505279916276823e-06  3.520505279916276823e-06
8.876407393793982692e+00  3.071643137530400642e-06  3.071643137530400642e-06
8.976407393793984113e+00  2.680515129580760235e-06  2.680515129580760235e-06
9.076407393793983758e+00  2.339622719640320008e-06  2.339622719640320008e-06
9.176407393793983402e+00  2.042450051583967915e-06  2.042450051583967915e-06
9.276407393793983047e+00  1.783334891301829579e-06  1.783334891301829579e-06
9.376407393793982692e+00  1.557356319109571499e-06  1.557356319109571499e-06
9.476407393793984113e+00  1.360236970663885554e-06  1.360236970663885554e-06
9.576407393793983758e+00  1.188258001974740663e-06  1.188258001974740663e-06
9.676407393793983402e+00  1.038185217683902787e-06  1.038185217683902787e-06
9.776407393793983047e+00  9.072049899896446713e-07  9.072049899896446713e-07
9.876407393793982692e+00  7.928687401771101032e-07  7.928687401771101032e-07
9.976407393793984113e+00  6.930448777493673222e-07  6.930448777493673222e-07
1.007640739379398376e+01  6.058772063764545810e-07  6.058772063764545810e-07
1.017640739379398340e+01  5.297489165989932990e-07  5.297489165989932990e-07
1.027640739379398305e+01  4.632513928629997195e-07  4.632513928629997195e-07
1.037640739379398269e+01  4.051571649551337195e-07  4.051571649551337195e-07
