-1.649420363422358982e+00  3.296192159355639891e-22  3.296192159355639891e-22
-1.549420363422358449e+00  1.455893454590479129e-20  1.455893454590479129e-20
-1.449420363422358804e+00  5.986893425625325444e-19  5.986893425625325444e-19
-1.349420363422358715e+00  2.159467223250430198e-17  2.159467223250430198e-17
-1.249420363422358626e+00  6.700196052195850154e-16  6.700196052195850154e-16
-1.149420363422358982e+00  1.777174425078890149e-14  1.777174425078890149e-14
-1.049420363422358449e+00  4.021493261374436931e-13  4.021493261374436931e-13
-9.494203634223588040e-01  7.758020374087522355e-12  7.758020374087522355e-12
-8.494203634223587152e-01  1.275577466831659358e-10  1.275577466831659358e-10
-7.494203634223586263e-01  1.787353357344782195e-09  1.787353357344782195e-09
-6.494203634223587596e-01  2.134239077582022919e-08  2.134239077582022919e-08
-5.494203634223586707e-01  2.171683847347494585e-07  2.171683847347494585e-07
-4.494203634223585819e-01  1.883073342369042183e-06  1.883073342369042183e-06
-3.494203634223587152e-01  1.391403667177755913e-05  1.391403667177755913e-05
-2.494203634223586263e-01  8.760994945466737429e-05  8.760994945466737429e-05
-1.494203634223587596e-01  4.700755679420217823e-04  4.700755679420217823e-04
-4.942036342235867075e-02  2.149293730563849470e-03  2.149293730563849470e-03
5.057963657764141807e-02  8.374093927679520863e-03  8.374093927679520863e-03
1.505796365776412848e-01  2.780316657204031858e-02  2.780316657204031858e-02
2.505796365776413737e-01  7.866217845481515702e-02  7.866217845481515702e-02
3.505796365776412404e-01  1.896508432058063298e-01  1.896508432058063298e-01
4.505796365776413293e-01  3.896408418199373003e-01  3.896408418199373003e-01
5.505796365776414181e-01  6.821866769650022366e-01  6.821866769650022366e-01
6.505796365776415069e-01  1.017863761179167437e+00  1.017863761179167437e+00
7.505796365776415957e-01  1.294399761139374272e+00  1.294399761139374272e+00
8.505796365776412404e-01  1.403309533651828422e+00  1.403309533651828422e+00
9.505796365776413293e-01  1.297935985911087053e+00  1.297935985911087053e+00
1.050579636577641418e+00  1.026253666475200887e+00  1.026253666475200887e+00
1.150579636577641507e+00  6.979944580088851547e-01  6.979944580088851547e-01
1.250579636577641596e+00  4.164111815998723931e-01  4.164111815998723931e-01
1.350579636577641240e+00  2.312850989772530508e-01  2.312850989772530508e-01
1.450579636577641329e+00  1.383825195548598064e-01  1.383825195548598064e-01
1.550579636577641418e+00  1.068873453233155774e-01  1.068873453233155774e-01
1.650579636577641507e+00  1.050956112179878277e-01  1.050956112179878277e-01
1.750579636577641596e+00  1.114473527578780515e-01  1.114473527578780515e-01
1.850579636577641240e+00  1.146747438874805292e-01  1.146747438874805292e-01
1.950579636577641329e+00  1.105833710144776549e-01  1.105833710144776549e-01
2.050579636577641196e+00  9.926947954773823746e-02  9.926947954773823746e-02
2.150579636577641729e+00  8.320205367204848435e-02  8.320205367204848435e-02
2.250579636577641374e+00  6.571091288561113630e-02  6.571091288561113630e-02
2.350579636577641018e+00  4.975856052321120382e-02  4.975856052321120382e-02
2.450579636577641551e+00  3.717371911002737700e-02  3.717371911002737700e-02
2.550579636577641196e+00  2.846542889668975812e-02  2.846542889668975812e-02
2.650579636577640841e+00  2.311286541322076296e-02  2.311286541322076296e-02
2.750579636577641374e+00  2.007406548513689104e-02  2.007406548513689104e-02
2.850579636577641018e+00  1.826156090841394436e-02  1.826156090841394436e-02
2.950579636577641551e+00  1.684286149245373815e-02  1.684286149245373815e-02
3.050579636577641196e+00  1.534527968370037222e-02  1.534527968370037222e-02
3.150579636577641729e+00  1.361848817480839496e-02  1.361848817480839496e-02
3.250579636577641374e+00  1.172730477370163837e-02  1.172730477370163837e-02
3.350579636577641018e+00  9.833377862321406038e-03  9.833377862321406038e-03
3.450579636577641551e+00  8.100887227658649936e-03  8.100887227658649936e-03
3.550579636577641196e+00  6.640480424946465857e-03  6.640480424946465857e-03
3.650579636577641729e+00  5.490806999139420490e-03  5.490806999139420490e-03
3.750579636577641374e+00  4.628064244054162606e-03  4.628064244054162606e-03
3.850579636577641018e+00  3.990330033560275484e-03  3.990330033560275484e-03
3.950579636577641551e+00  3.504307636245767351e-03  3.504307636245767351e-03
4.050579636577641196e+00  3.105959018741350202e-03  3.105959018741350202e-03
4.150579636577641729e+00  2.751386893686053742e-03  2.751386893686053742e-03
4.250579636577641374e+00  2.418480131075585043e-03  2.418480131075585043e-03
4.350579636577641018e+00  2.102286271551104171e-03  2.102286271551104171e-03
4.450579636577641551e+00  1.807729979099741494e-03  1.807729979099741494e-03
4.550579636577641196e+00  1.542662688732861307e-03  1.542662688732861307e-03
4.650579636577641729e+00  1.312999990471700341e-03  1.312999990471700341e-03
4.750579636577641374e+00  1.120462467584227434e-03  1.120462467584227434e-03
4.850579636577641018e+00  9.625295200727270167e-04  9.625295200727270167e-04
4.950579636577641551e+00  8.337596987568641083e-04  8.337596987568641083e-04
5.050579636577641196e+00  7.275761427689566652e-04  7.275761427689566652e-04
5.150579636577641729e+00  6.378264918309386891e-04  6.378264918309386891e-04
5.250579636577641374e+00  5.597482076586718282e-04  5.597482076586718282e-04
5.350579636577641018e+00  4.902745611881219757e-04  4.902745611881219757e-04
5.450579636577641551e+00  4.278264089615679724e-04  4.278264089615679724e-04
5.550579636577641196e+00  3.718267991482032469e-04  3.718267991482032469e-04
5.650579636577641729e+00  3.221671251666459760e-04  3.221671251666459760e-04
5.750579636577641374e+00  2.787842013459994632e-04  2.787842013459994632e-04
5.850579636577641018e+00  2.414191547711168622e-04  2.414191547711168622e-04
5.950579636577641551e+00  2.095531851466424201e-04  2.095531851466424201e-04
6.050579636577641196e+00  1.824685307305739656e-04  1.824685307305739656e-04
6.150579636577641729e+00  1.593676782161292473e-04  1.593676782161292473e-04
6.250579636577641374e+00  1.394926934733845502e-04  1.394926934733845502e-04
6.350579636577641018e+00  1.222082456777558146e-04  1.222082456777558146e-04
6.450579636577640663e+00  1.070357439138055778e-04  1.070357439138055778e-04
6.550579636577642084e+00  9.364460881151334204e-05  9.364460881151334204e-05
6.650579636577641729e+00  8.181680867883216776e-05  8.181680867883216776e-05
6.750579636577641374e+00  7.140268147909349823e-05  7.140268147909349823e-05
6.850579636577641018e+00  6.228219985714907058e-05  6.228219985714907058e-05
6.950579636577640663e+00  5.433938416471362687e-05  5.433938416471362687e-05
7.050579636577642084e+00  4.745126925596366597e-05  4.745126925596366597e-05
7.150579636577641729e+00  4.148839123470866511e-05  4.148839123470866511e-05
7.250579636577641374e+00  3.632175120029288801e-05  3.632175120029288801e-05
7.350579636577641018e+00  3.183132101282769609e-05  3.183132101282769609e-05
7.450579636577640663e+00  2.791259024873295666e-05  2.791259024873295666e-05
7.550579636577642084e+00  2.447953793007503711e-05  2.447953793007503711e-05
7.650579636577641729e+00  2.146406090997361822e-05  2.146406090997361822e-05
7.750579636577641374e+00  1.881292902140321822e-05  1.881292902140321822e-05
7.850579636577641018e+00  1.648369553154004134e-05  1.648369553154004134e-05
7.950579636577642439e+00  1.444081482552184829e-05  1.444081482552184829e-05
8.050579636577641196e+00  1.265274957294038428e-05  1.265274957294038428e-05
8.150579636577642617e+00  1.109032392144034892e-05  1.109032392144034892e-05
8.250579636577640485e+00  9.726165272440377897e-06  9.726165272440377897e-06
8.350579636577641907e+00  8.534851417596780096e-06  8.534851417596780096e-06
8.450579636577643328e+00  7.493338755498081611e-06  7.493338755498081611e-06
8.550579636577641196e+00  6.581337021744593129e-06  6.581337021744593129e-06
8.650579636577642617e+00  5.781445122975019862e-06  5.781445122975019862e-06
8.750579636577640485e+00  5.079008675160334245e-06  5.079008675160334245e-06
8.850579636577641907e+00  4.461763231572586145e-06  4.461763231572586145e-06
8.950579636577643328e+00  3.919374391986607112e-06  3.919374391986607112e-06
9.050579636577642972e+00  3.442983955137281419e-06  3.442983955137281419e-06
9.150579636577642617e+00  3.024838233786267990e-06  3.024838233786267990e-06
9.250579636577642262e+00  2.658031004587879857e-06  2.658031004587879857e-06
9.350579636577641907e+00  2.336355431192013039e-06  2.336355431192013039e-06
9.450579636577643328e+00  2.054235523751620154e-06  2.054235523751620154e-06
9.550579636577642972e+00  1.806699959139484259e-06  1.806699959139484259e-06
9.650579636577642617e+00  1.589365964712740712e-06  1.589365964712740712e-06
9.750579636577642262e+00  1.398412709916708044e-06  1.398412709916708044e-06
9.850579636577641907e+00  1.230536601716403749e-06  1.230536601716403749e-06
9.950579636577643328e+00  1.082891038038941848e-06  1.082891038038941848e-06
1.005057963657764297e+01  9.530187227040059974e-07  9.530187227040059974e-07
1.015057963657764262e+01  8.387856955579874105e-07  8.387856955579874105e-07
1.025057963657764226e+01  7.383241089330851244e-07  7.383241089330851244e-07
1.035057963657764191e+01  6.499872294382412604e-07  6.499872294382412604e-07
