-1.563829752924650762e+00  1.749468832166534889e-07  1.749468832166534889e-07
-1.463829752924650673e+00  5.773357829212243040e-07  5.773357829212243040e-07
-1.363829752924650585e+00  1.823123944201800513e-06  1.823123944201800513e-06
-1.263829752924650940e+00  5.498571816220472094e-06  5.498571816220472094e-06
-1.163829752924650851e+00  1.582022560793280180e-05  1.582022560793280180e-05
-1.063829752924650762e+00  4.338863358525119112e-05  4.338863358525119112e-05
-9.638297529246506734e-01  1.133780013367450027e-04  1.133780013367450027e-04
-8.638297529246505846e-01  2.821850388343152762e-04  2.821850388343152762e-04
-7.638297529246507178e-01  6.688077072604268689e-04  6.688077072604268689e-04
-6.638297529246508510e-01  1.509282532003317079e-03  1.509282532003317079e-03
-5.638297529246507622e-01  3.242659851379771103e-03  3.242659851379771103e-03
-4.638297529246506734e-01  6.632335265092974969e-03  6.632335265092974969e-03
-3.638297529246505846e-01  1.291359925863262183e-02  1.291359925863262183e-02
-2.638297529246507178e-01  2.393489982206082820e-02  2.393489982206082820e-02
-1.638297529246506290e-01  4.222908005101667916e-02  4.222908005101667916e-02
-6.382975292465076222e-02  7.092233441698221619e-02  7.092233441698221619e-02
3.617024707534932659e-02  1.133820858197484849e-01  1.133820858197484849e-01
1.361702470753494154e-01  1.725429652541446979e-01  1.725429652541446979e-01
2.361702470753492822e-01  2.499457577050218648e-01  2.499457577050218648e-01
3.361702470753493710e-01  3.446654557663064167e-01  3.446654557663064167e-01
4.361702470753492378e-01  4.524446972903120034e-01  4.524446972903120034e-01
5.361702470753493266e-01  5.654151948812364825e-01  5.654151948812364825e-01
6.361702470753494154e-01  6.727148591772820208e-01  6.727148591772820208e-01
7.361702470753495042e-01  7.620729688544596314e-01  7.620729688544596314e-01
8.361702470753495930e-01  8.220991355491685804e-01  8.220991355491685804e-01
9.361702470753492378e-01  8.447032977223724037e-01  8.447032977223724037e-01
1.036170247075349327e+00  8.269394492995035817e-01  8.269394492995035817e-01
1.136170247075349415e+00  7.716915793685608094e-01  7.716915793685608094e-01
1.236170247075349504e+00  6.869780741679197833e-01  6.869780741679197833e-01
1.336170247075349593e+00  5.841010386458127535e-01  5.841010386458127535e-01
1.436170247075349238e+00  4.752241845776591367e-01  4.752241845776591367e-01
1.536170247075349327e+00  3.710876533108505848e-01  3.710876533108505848e-01
1.636170247075349415e+00  2.794323185824841849e-01  2.794323185824841849e-01
1.736170247075349504e+00  2.043963348238157507e-01  2.043963348238157507e-01
1.836170247075349593e+00  1.468091258535530186e-01  1.468091258535530186e-01
1.936170247075349238e+00  1.050722039603495805e-01  1.050722039603495805e-01
2.036170247075349327e+00  7.624145661272752061e-02  7.624145661272752061e-02
2.136170247075349415e+00  5.699259476991219014e-02  5.699259476991219014e-02
2.236170247075349504e+00  4.429272308797994884e-02  4.429272308797994884e-02
2.336170247075349593e+00  3.574355289930132573e-02  3.574355289930132573e-02
2.436170247075349238e+00  2.965861318126501028e-02  2.965861318126501028e-02
2.536170247075349771e+00  2.497557856814507093e-02  2.497557856814507093e-02
2.636170247075349415e+00  2.109856839708489085e-02  2.109856839708489085e-02
2.736170247075349060e+00  1.773650867843459822e-02  1.773650867843459822e-02
2.836170247075349593e+00  1.477175796403094876e-02  1.477175796403094876e-02
2.936170247075349238e+00  1.216894516215059376e-02  1.216894516215059376e-02
3.036170247075349771e+00  9.920109800136002465e-03  9.920109800136002465e-03
3.136170247075349415e+00  8.016840627338227276e-03  8.016840627338227276e-03
3.236170247075349948e+00  6.439808772390173512e-03  6.439808772390173512e-03
3.336170247075349593e+00  5.158014797116575699e-03  5.158014797116575699e-03
3.436170247075349238e+00  4.132455445965216301e-03  4.132455445965216301e-03
3.536170247075349771e+00  3.320970376644377491e-03  3.320970376644377491e-03
3.636170247075349415e+00  2.682537235306480493e-03  2.682537235306480493e-03
3.736170247075349948e+00  2.180286980188845918e-03  2.180286980188845918e-03
3.836170247075349593e+00  1.783123233407193486e-03  1.783123233407193486e-03
3.936170247075349238e+00  1.466158791738400927e-03  1.466158791738400927e-03
4.036170247075349771e+00  1.210317505461308476e-03  1.210317505461308476e-03
4.136170247075349415e+00  1.001460036746580412e-03  1.001460036746580412e-03
4.236170247075349948e+00  8.293321652412919028e-04  8.293321652412919028e-04
4.336170247075349593e+00  6.865456299516936676e-04  6.865456299516936676e-04
4.436170247075349238e+00  5.677123724112851343e-04  5.677123724112851343e-04
4.536170247075349771e+00  4.687798795736916645e-04  4.687798795736916645e-04
4.636170247075349415e+00  3.865646340269635202e-04  3.865646340269635202e-04
4.736170247075349948e+00  3.184520222621439983e-04  3.184520222621439983e-04
4.836170247075349593e+00  2.622200627043222237e-04  2.622200627043222237e-04
4.936170247075349238e+00  2.159452360422423045e-04  2.159452360422423045e-04
5.036170247075349771e+00  1.779561024516901726e-04  1.779561024516901726e-04
5.136170247075349415e+00  1.468100722489675903e-04  1.468100722489675903e-04
5.236170247075349948e+00  1.212779341820727875e-04  1.212779341820727875e-04
5.336170247075349593e+00  1.003281352074791025e-04  1.003281352074791025e-04
5.436170247075349238e+00  8.310792050209363203e-05  8.310792050209363203e-05
5.536170247075349771e+00  6.892146044804388263e-05  6.892146044804388263e-05
5.636170247075349415e+00  5.720648145970116878e-05  5.720648145970116878e-05
5.736170247075349948e+00  4.751121930232551899e-05  4.751121930232551899e-05
5.836170247075349593e+00  3.947320690452320438e-05  3.947320690452320438e-05
5.936170247075349238e+00  3.280085580397501999e-05  3.280085580397501999e-05
6.036170247075349771e+00  2.725822606204040692e-05  2.725822606204040692e-05
6.136170247075349415e+00  2.265292862598174037e-05  2.265292862598174037e-05
6.236170247075349948e+00  1.882681060287037550e-05  1.882681060287037550e-05
6.336170247075349593e+00  1.564893049791720220e-05  1.564893049791720220e-05
6.436170247075349238e+00  1.301030393716258709e-05  1.301030393716258709e-05
6.536170247075348883e+00  1.081994973303025288e-05  1.081994973303025288e-05
6.636170247075350304e+00  9.001853814782934273e-06  9.001853814782934273e-06
6.736170247075349948e+00  7.492565919182193177e-06  7.492565919182193177e-06
6.836170247075349593e+00  6.239232683169805109e-06  6.239232683169805109e-06
6.936170247075349238e+00  5.197941693395767009e-06  5.197941693395767009e-06
7.036170247075348883e+00  4.332301739504209561e-06  4.332301739504209561e-06
7.136170247075350304e+00  3.612216891983213273e-06  3.612216891983213273e-06
7.236170247075349948e+00  3.012830084754589095e-06  3.012830084754589095e-06
7.336170247075349593e+00  2.513620129806821351e-06  2.513620129806821351e-06
7.436170247075349238e+00  2.097638541209022304e-06  2.097638541209022304e-06
7.536170247075348883e+00  1.750872261931032890e-06  1.750872261931032890e-06
7.636170247075350304e+00  1.461717388530128583e-06  1.461717388530128583e-06
7.736170247075349948e+00  1.220548383911700807e-06  1.220548383911700807e-06
7.836170247075349593e+00  1.019367486135778469e-06  1.019367486135778469e-06
7.936170247075349238e+00  8.515200587439658091e-07  8.515200587439658091e-07
8.036170247075350659e+00  7.114632612210078532e-07  7.114632612210078532e-07
8.136170247075350304e+00  5.945773549939518754e-07  5.945773549939518754e-07
8.236170247075349948e+00  4.970109353680300238e-07  4.970109353680300238e-07
8.336170247075349593e+00  4.155531993958016575e-07  4.155531993958016575e-07
8.436170247075349238e+00  3.475279124300577238e-07  3.475279124300577238e-07
8.536170247075350659e+00  2.907049821931645359e-07  2.907049821931645359e-07
8.636170247075350304e+00  2.432265004697386356e-07  2.432265004697386356e-07
8.736170247075349948e+00  2.035448112579706767e-07  2.035448112579706767e-07
8.836170247075349593e+00  1.703706650280595676e-07  1.703706650280595676e-07
8.936170247075349238e+00  1.426298758134433765e-07  1.426298758134433765e-07
9.036170247075350659e+00  1.194271574304982900e-07  1.194271574304982900e-07
9.136170247075350304e+00  1.000160123596552361e-07  1.000160123596552361e-07
9.236170247075349948e+00  8.377370581599402861e-08  8.377370581599402861e-08
9.336170247075349593e+00  7.018049303513193433e-08  7.018049303513193433e-08
9.436170247075349238e+00  5.880238765142507475e-08  5.880238765142507475e-08
9.536170247075350659e+00  4.927686664845183865e-08  4.927686664845183865e-08
9.636170247075350304e+00  4.130100368574748935e-08  4.130100368574748935e-08
9.736170247075349948e+00  3.462160764080020519e-08  3.462160764080020519e-08
9.836170247075349593e+00  2.902701685015984971e-08  2.902701685015984971e-08
9.936170247075349238e+00  2.434026202717494351e-08  2.434026202717494351e-08
1.003617024707535066e+01  2.041336286891331554e-08  2.041336286891331554e-08
1.013617024707535030e+01  1.712256601413082020e-08  1.712256601413082020e-08
1.023617024707534995e+01  1.436436657692582478e-08  1.436436657692582478e-08
1.033617024707534959e+01  1.205218331898266995e-08  1.205218331898266995e-08
1.043617024707534924e+01  1.011357992934295890e-08  1.011357992934295890e-08
