-1.563829769583730211e+00  2.148299795039004400e-12  2.148299795039004400e-12
-1.463829769583730567e+00  1.734873914814974011e-11  1.734873914814974011e-11
-1.363829769583730478e+00  1.303942670572025793e-10  1.303942670572025793e-10
-1.263829769583730389e+00  9.055099709940486670e-10  9.055099709940486670e-10
-1.163829769583730744e+00  5.789059425430231615e-09  5.789059425430231615e-09
-1.063829769583730211e+00  3.401129903413029790e-08  3.401129903413029790e-08
-9.638297695837303447e-01  1.834601966020768415e-07  1.834601966020768415e-07
-8.638297695837304779e-01  9.081474698430723995e-07  9.081474698430723995e-07
-7.638297695837303891e-01  4.124347500475157094e-06  4.124347500475157094e-06
-6.638297695837303003e-01  1.718212367873971717e-05  1.718212367873971717e-05
-5.638297695837304335e-01  6.565777791765645089e-05  6.565777791765645089e-05
-4.638297695837303447e-01  2.301245515451491054e-04  2.301245515451491054e-04
-3.638297695837302559e-01  7.397673380926668256e-04  7.397673380926668256e-04
-2.638297695837303891e-01  2.181100279668248248e-03  2.181100279668248248e-03
-1.638297695837303003e-01  5.897938722871135485e-03  5.897938722871135485e-03
-6.382976958373043352e-02  1.462739081914451837e-02  1.462739081914451837e-02
3.617023041626965529e-02  3.327168473768084972e-02  3.327168473768084972e-02
1.361702304162697441e-01  6.941042534747718373e-02  6.941042534747718373e-02
2.361702304162696109e-01  1.328063256058037434e-01  1.328063256058037434e-01
3.361702304162696997e-01  2.330564355127591192e-01  2.330564355127591192e-01
4.361702304162695665e-01  3.751101894746378118e-01  3.751101894746378118e-01
5.361702304162696553e-01  5.537631569108020235e-01  5.537631569108020235e-01
6.361702304162697441e-01  7.498545018582600807e-01  7.498545018582600807e-01
7.361702304162698329e-01  9.314352433989322444e-01  9.314352433989322444e-01
8.361702304162699217e-01  1.061482112456779925e+00  1.061482112456779925e+00
9.361702304162695665e-01  1.110116560509509798e+00  1.110116560509509798e+00
1.036170230416269655e+00  1.065928085906940215e+00  1.065928085906940215e+00
1.136170230416269744e+00  9.405625245479353191e-01  9.405625245479353191e-01
1.236170230416269833e+00  7.640600062263072090e-01  7.640600062263072090e-01
1.336170230416269922e+00  5.734709505848275546e-01  5.734709505848275546e-01
1.436170230416269566e+00  4.006018305619863384e-01  4.006018305619863384e-01
1.536170230416269655e+00  2.643014140345399388e-01  2.643014140345399388e-01
1.636170230416269744e+00  1.693322631987245475e-01  1.693322631987245475e-01
1.736170230416269833e+00  1.102483553453081910e-01  1.102483553453081910e-01
1.836170230416269922e+00  7.699743746763329511e-02  7.699743746763329511e-02
1.936170230416269566e+00  5.949803402306382688e-02  5.949803402306382688e-02
2.036170230416269433e+00  5.005812086189550397e-02  5.005812086189550397e-02
2.136170230416269966e+00  4.389557741453137263e-02  4.389557741453137263e-02
2.236170230416269611e+00  3.860173675147085537e-02  3.860173675147085537e-02
2.336170230416270144e+00  3.330263594791131598e-02  3.330263594791131598e-02
2.436170230416269789e+00  2.793259982067075944e-02  2.793259982067075944e-02
2.536170230416270321e+00  2.274442208207084690e-02  2.274442208207084690e-02
2.636170230416269966e+00  1.803240771468692799e-02  1.803240771468692799e-02
2.736170230416269611e+00  1.400414007787957084e-02  1.400414007787957084e-02
2.836170230416270144e+00  1.074366367286986972e-02  1.074366367286986972e-02
2.936170230416269789e+00  8.225061392927071613e-03  8.225061392927071613e-03
3.036170230416270321e+00  6.348474145783903830e-03  6.348474145783903830e-03
3.136170230416269966e+00  4.979995450431568861e-03  4.979995450431568861e-03
3.236170230416270499e+00  3.984403131446437145e-03  3.984403131446437145e-03
3.336170230416270144e+00  3.246010866711102321e-03  3.246010866711102321e-03
3.436170230416269789e+00  2.677677200933327971e-03  2.677677200933327971e-03
3.536170230416270321e+00  2.220808933853296672e-03  2.220808933853296672e-03
3.636170230416269966e+00  1.840129565942281130e-03  1.840129565942281130e-03
3.736170230416270499e+00  1.516581418142269426e-03  1.516581418142269426e-03
3.836170230416270144e+00  1.240672779669001191e-03  1.240672779669001191e-03
3.936170230416269789e+00  1.007437108580762786e-03  1.007437108580762786e-03
4.036170230416270321e+00  8.132738948138249152e-04  8.132738948138249152e-04
4.136170230416269966e+00  6.543998738131250005e-04  6.543998738131250005e-04
4.236170230416270499e+00  5.264170741147428242e-04  5.264170741147428242e-04
4.336170230416270144e+00  4.244997927298408661e-04  4.244997927298408661e-04
4.436170230416269789e+00  3.438113970263537069e-04  3.438113970263537069e-04
4.536170230416270321e+00  2.799043577570757362e-04  2.799043577570757362e-04
4.636170230416269966e+00  2.289852215916663119e-04  2.289852215916663119e-04
4.736170230416270499e+00  1.880189807232227398e-04  1.880189807232227398e-04
4.836170230416270144e+00  1.547011089860293839e-04  1.547011089860293839e-04
4.936170230416269789e+00  1.273469628859252867e-04  1.273469628859252867e-04
5.036170230416270321e+00  1.047477233866269585e-04  1.047477233866269585e-04
5.136170230416269966e+00  8.602994078948833132e-05  8.602994078948833132e-05
5.236170230416270499e+00  7.054019196000405707e-05  7.054019196000405707e-05
5.336170230416270144e+00  5.776255936753097993e-05  5.776255936753097993e-05
5.436170230416269789e+00  4.726702163985681721e-05  4.726702163985681721e-05
5.536170230416270321e+00  3.868176857800332852e-05  3.868176857800332852e-05
5.636170230416269966e+00  3.168106828779460548e-05  3.168106828779460548e-05
5.736170230416270499e+00  2.598129981223130301e-05  2.598129981223130301e-05
5.836170230416270144e+00  2.133984991342948755e-05  2.133984991342948755e-05
5.936170230416269789e+00  1.755380673151132873e-05  1.755380673151132873e-05
6.036170230416270321e+00  1.445720945295360687e-05  1.445720945295360687e-05
6.136170230416269966e+00  1.191681815001533380e-05  1.191681815001533380e-05
6.236170230416270499e+00  9.826973721335782456e-06  9.826973721335782456e-06
6.336170230416270144e+00  8.104270204438697396e-06  8.104270204438697396e-06
6.436170230416269789e+00  6.682641113146085798e-06  6.682641113146085798e-06
6.536170230416269433e+00  5.509226663838226734e-06  5.509226663838226734e-06
6.636170230416270854e+00  4.541151087862640325e-06  4.541151087862640325e-06
6.736170230416270499e+00  3.743159072741200612e-06  3.743159072741200612e-06
6.836170230416270144e+00  3.085956790900726295e-06  3.085956790900726295e-06
6.936170230416269789e+00  2.545068221349405555e-06  2.545068221349405555e-06
7.036170230416269433e+00  2.100031002139879259e-06  2.100031002139879259e-06
7.136170230416270854e+00  1.733795077415286976e-06  1.733795077415286976e-06
7.236170230416270499e+00  1.432233175411146812e-06  1.432233175411146812e-06
7.336170230416270144e+00  1.183712497970475196e-06  1.183712497970475196e-06
7.436170230416269789e+00  9.787061977530061250e-07  9.787061977530061250e-07
7.536170230416269433e+00  8.094404561144417088e-07  8.094404561144417088e-07
7.636170230416270854e+00  6.695803732577602462e-07  6.695803732577602462e-07
7.736170230416270499e+00  5.539587277929868518e-07  5.539587277929868518e-07
7.836170230416270144e+00  4.583491588549759336e-07  4.583491588549759336e-07
7.936170230416269789e+00  3.792819185102225395e-07  3.792819185102225395e-07
8.036170230416271210e+00  3.138975239891031229e-07  3.138975239891031229e-07
8.136170230416270854e+00  2.598320402955061377e-07  2.598320402955061377e-07
8.236170230416270499e+00  2.151273687314237789e-07  2.151273687314237789e-07
8.336170230416270144e+00  1.781604976307040460e-07  1.781604976307040460e-07
8.436170230416269789e+00  1.475867729584422678e-07  1.475867729584422678e-07
8.536170230416271210e+00  1.222934944475805611e-07  1.222934944475805611e-07
8.636170230416270854e+00  1.013612764960183767e-07  1.013612764960183767e-07
8.736170230416270499e+00  8.403149696794697241e-08  8.403149696794697241e-08
8.836170230416270144e+00  6.967875996310771924e-08  6.967875996310771924e-08
8.936170230416269789e+00  5.778765643428368901e-08  5.778765643428368901e-08
9.036170230416271210e+00  4.793328632167978190e-08  4.793328632167978190e-08
9.136170230416270854e+00  3.976507835212687993e-08  3.976507835212687993e-08
9.236170230416270499e+00  3.299346674699611223e-08  3.299346674699611223e-08
9.336170230416270144e+00  2.737899646011148183e-08  2.737899646011148183e-08
9.436170230416269789e+00  2.272345022636702289e-08  2.272345022636702289e-08
9.536170230416271210e+00  1.886262740762668986e-08  1.886262740762668986e-08
9.636170230416270854e+00  1.566045348418216254e-08  1.566045348418216254e-08
9.736170230416270499e+00  1.300415348736534832e-08  1.300415348736534832e-08
9.836170230416270144e+00  1.080027597576878229e-08  1.080027597576878229e-08
9.936170230416269789e+00  8.971401369615250959e-09  8.971401369615250959e-09
1.003617023041627121e+01  7.453407004395781379e-09  7.453407004395781379e-09
1.013617023041627085e+01  6.193190708023039010e-09  6.193190708023039010e-09
1.023617023041627050e+01  5.146776074451237499e-09  5.146776074451237499e-09
1.033617023041627014e+01  4.277737658504374811e-09  4.277737658504374811e-09
1.043617023041626979e+01  3.555894932779745051e-09  3.555894932779745051e-09
