-1.598900159229024176e+00  1.784651763227125822e-06  1.784651763227125822e-06
-1.498900159229023643e+00  4.857613852272841742e-06  4.857613852272841742e-06
-1.398900159229023998e+00  1.275424899260702325e-05  1.275424899260702325e-05
-1.298900159229023910e+00  3.224621880538988591e-05  3.224621880538988591e-05
-1.198900159229023821e+00  7.841094206522112350e-05  7.841094206522112350e-05
-1.098900159229024176e+00  1.832310566099202914e-04  1.832310566099202914e-04
-9.989001592290238651e-01  4.112528148599605120e-04  4.112528148599605120e-04
-8.989001592290239984e-01  8.862247113630216744e-04  8.862247113630216744e-04
-7.989001592290239095e-01  1.833125242510394697e-03  1.833125242510394697e-03
-6.989001592290238207e-01  3.638949202093547455e-03  3.638949202093547455e-03
-5.989001592290239540e-01  6.931721307185426464e-03  6.931721307185426464e-03
-4.989001592290238651e-01  1.266920627576507453e-02  1.266920627576507453e-02
-3.989001592290237763e-01  2.221644018127455836e-02  2.221644018127455836e-02
-2.989001592290239095e-01  3.737646794569938341e-02  3.737646794569938341e-02
-1.989001592290238207e-01  6.032663898041484146e-02  6.032663898041484146e-02
-9.890015922902395396e-02  9.341154711471200134e-02  9.341154711471200134e-02
1.099840770976134863e-03  1.387619723404900085e-01  1.387619723404900085e-01
1.010998407709762237e-01  1.977520194104659124e-01  1.977520194104659124e-01
2.010998407709760905e-01  2.703699836224842667e-01  2.703699836224842667e-01
3.010998407709761793e-01  3.546457377269751632e-01  3.546457377269751632e-01
4.010998407709760460e-01  4.463214560460664337e-01  4.463214560460664337e-01
5.010998407709761349e-01  5.389444441881101611e-01  5.389444441881101611e-01
6.010998407709762237e-01  6.244842338002579707e-01  6.244842338002579707e-01
7.010998407709763125e-01  6.944396836614004087e-01  6.944396836614004087e-01
8.010998407709764013e-01  7.412434910733313176e-01  7.412434910733313176e-01
9.010998407709760460e-01  7.596480539679205668e-01  7.596480539679205668e-01
1.001099840770976135e+00  7.477412672870645816e-01  7.477412672870645816e-01
1.101099840770976224e+00  7.073181606703796698e-01  7.073181606703796698e-01
1.201099840770976312e+00  6.435054625913995130e-01  6.435054625913995130e-01
1.301099840770976401e+00  5.637436583110577715e-01  5.637436583110577715e-01
1.401099840770976046e+00  4.764019175178204057e-01  4.764019175178204057e-01
1.501099840770976135e+00  3.893779300076365413e-01  3.893779300076365413e-01
1.601099840770976224e+00  3.089985183760734500e-01  3.089985183760734500e-01
1.701099840770976312e+00  2.394126408957529817e-01  2.394126408957529817e-01
1.801099840770976401e+00  1.825094554611458308e-01  1.825094554611458308e-01
1.901099840770976046e+00  1.382574063078071125e-01  1.382574063078071125e-01
2.001099840770976357e+00  1.052837684194827400e-01  1.052837684194827400e-01
2.101099840770976002e+00  8.150647220023950201e-02  8.150647220023950201e-02
2.201099840770976535e+00  6.467474840882841969e-02  6.467474840882841969e-02
2.301099840770976179e+00  5.274320768207330784e-02  5.274320768207330784e-02
2.401099840770975824e+00  4.406806805828922952e-02  4.406806805828922952e-02
2.501099840770976357e+00  3.745765390495237740e-02  3.745765390495237740e-02
2.601099840770976002e+00  3.212784593987749043e-02  3.212784593987749043e-02
2.701099840770975646e+00  2.761186248941238652e-02  2.761186248941238652e-02
2.801099840770976179e+00  2.366140237687397452e-02  2.366140237687397452e-02
2.901099840770975824e+00  2.016092733081954053e-02  2.016092733081954053e-02
3.001099840770976357e+00  1.706392470643273637e-02  1.706392470643273637e-02
3.101099840770976002e+00  1.435143402550859669e-02  1.435143402550859669e-02
3.201099840770976535e+00  1.200878931295308941e-02  1.200878931295308941e-02
3.301099840770976179e+00  1.001523799600778815e-02  1.001523799600778815e-02
3.401099840770975824e+00  8.341521751002197241e-03  8.341521751002197241e-03
3.501099840770976357e+00  6.951629644340039625e-03  6.951629644340039625e-03
3.601099840770976002e+00  5.806151987600638269e-03  5.806151987600638269e-03
3.701099840770976535e+00  4.865694214327423266e-03  4.865694214327423266e-03
3.801099840770976179e+00  4.093573133731173361e-03  4.093573133731173361e-03
3.901099840770975824e+00  3.457528379745046683e-03  3.457528379745046683e-03
4.001099840770976357e+00  2.930488537903519226e-03  2.930488537903519226e-03
4.101099840770976002e+00  2.490587401246268252e-03  2.490587401246268252e-03
4.201099840770976535e+00  2.120678175647783617e-03  2.120678175647783617e-03
4.301099840770976179e+00  1.807580961590307634e-03  1.807580961590307634e-03
4.401099840770975824e+00  1.541251827961904108e-03  1.541251827961904108e-03
4.501099840770976357e+00  1.314002576743193880e-03  1.314002576743193880e-03
4.601099840770976002e+00  1.119843710381017172e-03  1.119843710381017172e-03
4.701099840770976535e+00  9.539774492467910849e-04  9.539774492467910849e-04
4.801099840770976179e+00  8.124360058656765818e-04  8.124360058656765818e-04
4.901099840770975824e+00  6.918421968024879559e-04  6.918421968024879559e-04
5.001099840770976357e+00  5.892622893931779432e-04  5.892622893931779432e-04
5.101099840770976002e+00  5.021213849026099057e-04  5.021213849026099057e-04
5.201099840770976535e+00  4.281563974936020102e-04  4.281563974936020102e-04
5.301099840770976179e+00  3.653881930869310661e-04  3.653881930869310661e-04
5.401099840770975824e+00  3.121009099008557755e-04  3.121009099008557755e-04
5.501099840770976357e+00  2.668218740562236513e-04  2.668218740562236513e-04
5.601099840770976002e+00  2.282994462638303910e-04  2.282994462638303910e-04
5.701099840770976535e+00  1.954786046775616173e-04  1.954786046775616173e-04
5.801099840770976179e+00  1.674753336563733009e-04  1.674753336563733009e-04
5.901099840770975824e+00  1.435512873197693304e-04  1.435512873197693304e-04
6.001099840770976357e+00  1.230900629384198454e-04  1.230900629384198454e-04
6.101099840770976002e+00  1.055760258183417071e-04  1.055760258183417071e-04
6.201099840770976535e+00  9.057616918503967054e-05  9.057616918503967054e-05
6.301099840770976179e+00  7.772508793281423373e-05  7.772508793281423373e-05
6.401099840770975824e+00  6.671284971636754759e-05  6.671284971636754759e-05
6.501099840770975469e+00  5.727537215094345377e-05  5.727537215094345377e-05
6.601099840770976890e+00  4.918684556107622805e-05  4.918684556107622805e-05
6.701099840770976535e+00  4.225374912419334534e-05  4.225374912419334534e-05
6.801099840770976179e+00  3.631006454423490255e-05  3.631006454423490255e-05
6.901099840770975824e+00  3.121336963041771871e-05  3.121336963041771871e-05
7.001099840770975469e+00  2.684157514067053821e-05  2.684157514067053821e-05
7.101099840770976890e+00  2.309013995628392873e-05  2.309013995628392873e-05
7.201099840770976535e+00  1.986965629085631489e-05  1.986965629085631489e-05
7.301099840770976179e+00  1.710373703275576844e-05  1.710373703275576844e-05
7.401099840770975824e+00  1.472716322064640662e-05  1.472716322064640662e-05
7.501099840770975469e+00  1.268426423452323799e-05  1.268426423452323799e-05
7.601099840770976890e+00  1.092751006186896597e-05  1.092751006186896597e-05
7.701099840770976535e+00  9.416297118922763496e-06  9.416297118922763496e-06
7.801099840770976179e+00  8.115909011270140252e-06  8.115909011270140252e-06
7.901099840770975824e+00  6.996632953547616604e-06  6.996632953547616604e-06
8.001099840770976357e+00  6.033012269758041145e-06  6.033012269758041145e-06
8.101099840770977778e+00  5.203215848148471642e-06  5.203215848148471642e-06
8.201099840770975646e+00  4.488506645611272929e-06  4.488506645611272929e-06
8.301099840770977067e+00  3.872793141976772141e-06  3.872793141976772141e-06
8.401099840770974936e+00  3.342249775219443140e-06  3.342249775219443140e-06
8.501099840770976357e+00  2.884994594471037553e-06  2.884994594471037553e-06
8.601099840770977778e+00  2.490814453470701034e-06  2.490814453470701034e-06
8.701099840770975646e+00  2.150929907911608818e-06  2.150929907911608818e-06
8.801099840770977067e+00  1.857793518181535907e-06  1.857793518181535907e-06
8.901099840770974936e+00  1.604916489025878838e-06  1.604916489025878838e-06
9.001099840770978133e+00  1.386719529374439813e-06  1.386719529374439813e-06
9.101099840770977778e+00  1.198404536832267867e-06  1.198404536832267867e-06
9.201099840770977423e+00  1.035844254971613616e-06  1.035844254971613616e-06
9.301099840770977067e+00  8.954874664927689343e-07  8.954874664927689343e-07
9.401099840770976712e+00  7.742776117298725527e-07  7.742776117298725527e-07
9.501099840770978133e+00  6.695829897178132347e-07  6.695829897178132347e-07
9.601099840770977778e+00  5.791369282101902828e-07  5.791369282101902828e-07
9.701099840770977423e+00  5.009865117787551411e-07  5.009865117787551411e-07
9.801099840770977067e+00  4.334486398051526139e-07  4.334486398051526139e-07
9.901099840770976712e+00  3.750723515226876614e-07  3.750723515226876614e-07
1.000109984077097813e+01  3.246065040827515359e-07  3.246065040827515359e-07
1.010109984077097778e+01  2.809720220121398714e-07  2.809720220121398714e-07
1.020109984077097742e+01  2.432380525451562024e-07  2.432380525451562024e-07
1.030109984077097707e+01  2.106014617099622102e-07  2.106014617099622102e-07
1.040109984077097671e+01  1.823691917520724422e-07  1.823691917520724422e-07
