-1.611110186004391487e+00  2.144693036639094369e-12  2.144693036639094369e-12
-1.511110186004390954e+00  1.702622648239281225e-11  1.702622648239281225e-11
-1.411110186004391309e+00  1.268023156764129513e-10  1.268023156764129513e-10
-1.311110186004391220e+00  8.761989849546775963e-10  8.761989849546775963e-10
-1.211110186004391132e+00  5.586236927463057853e-09  5.586236927463057853e-09
-1.111110186004391487e+00  3.276803025238271349e-08  3.276803025238271349e-08
-1.011110186004390954e+00  1.765900003544989271e-07  1.765900003544989271e-07
-9.111101860043913092e-01  8.736473022305228206e-07  8.736473022305228206e-07
-8.111101860043912204e-01  3.966270822302610855e-06  3.966270822302610855e-06
-7.111101860043911316e-01  1.651985573671901276e-05  1.651985573671901276e-05
-6.111101860043912648e-01  6.311779884099718890e-05  6.311779884099718890e-05
-5.111101860043911760e-01  2.212007675047395687e-04  2.212007675047395687e-04
-4.111101860043910872e-01  7.110356401426167015e-04  7.110356401426167015e-04
-3.111101860043912204e-01  2.096305781493106903e-03  2.096305781493106903e-03
-2.111101860043911316e-01  5.668521292089418774e-03  5.668521292089418774e-03
-1.111101860043912648e-01  1.405831816387262227e-02  1.405831816387262227e-02
-1.111018600439117598e-02  3.197748607117077008e-02  3.197748607117077008e-02
8.888981399560891283e-02  6.671196061372469677e-02  6.671196061372469677e-02
1.888898139956087796e-01  1.276482832907699094e-01  1.276482832907699094e-01
2.888898139956088684e-01  2.240189586951869261e-01  2.240189586951869261e-01
3.888898139956087352e-01  3.605990064446216170e-01  3.605990064446216170e-01
4.888898139956088240e-01  5.324189044102807244e-01  5.324189044102807244e-01
5.888898139956089128e-01  7.211143171980618494e-01  7.211143171980618494e-01
6.888898139956090017e-01  8.960503823663382716e-01  8.960503823663382716e-01
7.888898139956090905e-01  1.021731852940329199e+00  1.021731852940329199e+00
8.888898139956087352e-01  1.069536714900040986e+00  1.069536714900040986e+00
9.888898139956088240e-01  1.028582779675099923e+00  1.028582779675099923e+00
1.088889813995608913e+00  9.101169017394797889e-01  9.101169017394797889e-01
1.188889813995609002e+00  7.430125594611306505e-01  7.430125594611306505e-01
1.288889813995609090e+00  5.628101386706084730e-01  5.628101386706084730e-01
1.388889813995608735e+00  3.999292642745736481e-01  3.999292642745736481e-01
1.488889813995608824e+00  2.722588262263483383e-01  2.722588262263483383e-01
1.588889813995608913e+00  1.840937009693307258e-01  1.840937009693307258e-01
1.688889813995609002e+00  1.299001512699687888e-01  1.299001512699687888e-01
1.788889813995609090e+00  9.975012346254751028e-02  9.975012346254751028e-02
1.888889813995608735e+00  8.377011494927558144e-02  8.377011494927558144e-02
1.988889813995608824e+00  7.450242047988109295e-02  7.450242047988109295e-02
2.088889813995608691e+00  6.741804001616580333e-02  6.741804001616580333e-02
2.188889813995609224e+00  6.038576669297589933e-02  6.038576669297589933e-02
2.288889813995608868e+00  5.282691957509742103e-02  5.282691957509742103e-02
2.388889813995608513e+00  4.496523166922158921e-02  4.496523166922158921e-02
2.488889813995609046e+00  3.730517842608328111e-02  3.730517842608328111e-02
2.588889813995608691e+00  3.032798133391871945e-02  3.032798133391871945e-02
2.688889813995608336e+00  2.435038258042695677e-02  2.435038258042695677e-02
2.788889813995608868e+00  1.949135213587059254e-02  1.949135213587059254e-02
2.888889813995608513e+00  1.570222691838133941e-02  1.570222691838133941e-02
2.988889813995609046e+00  1.282568399880848302e-02  1.282568399880848302e-02
3.088889813995608691e+00  1.065817830450036495e-02  1.065817830450036495e-02
3.188889813995609224e+00  8.999960892690204300e-03  8.999960892690204300e-03
3.288889813995608868e+00  7.685881298291438735e-03  7.685881298291438735e-03
3.388889813995608513e+00  6.597391389640779903e-03  6.597391389640779903e-03
3.488889813995609046e+00  5.660495269379148958e-03  5.660495269379148958e-03
3.588889813995608691e+00  4.835816045213017084e-03  4.835816045213017084e-03
3.688889813995609224e+00  4.106254812173969725e-03  4.106254812173969725e-03
3.788889813995608868e+00  3.465962041223550130e-03  3.465962041223550130e-03
3.888889813995608513e+00  2.912435641109955599e-03  2.912435641109955599e-03
3.988889813995609046e+00  2.442053501684380689e-03  2.442053501684380689e-03
4.088889813995608691e+00  2.048436042375654902e-03  2.048436042375654902e-03
4.188889813995609224e+00  1.722668008786860895e-03  1.722668008786860895e-03
4.288889813995608868e+00  1.454427234288550039e-03  1.454427234288550039e-03
4.388889813995608513e+00  1.233293270754150543e-03  1.233293270754150543e-03
4.488889813995609046e+00  1.049797286425366164e-03  1.049797286425366164e-03
4.588889813995608691e+00  8.960341438689290111e-04  8.960341438689290111e-04
4.688889813995609224e+00  7.658433796747854188e-04  7.658433796747854188e-04
4.788889813995608868e+00  6.546687441475693712e-04  6.546687441475693712e-04
4.888889813995608513e+00  5.592387672911390334e-04  5.592387672911390334e-04
4.988889813995609046e+00  4.771961411625325533e-04  4.771961411625325533e-04
5.088889813995608691e+00  4.067651354532180992e-04  4.067651354532180992e-04
5.188889813995609224e+00  3.465028154418495123e-04  3.465028154418495123e-04
5.288889813995608868e+00  2.951436433676174172e-04  2.951436433676174172e-04
5.388889813995608513e+00  2.515234829637392837e-04  2.515234829637392837e-04
5.488889813995609046e+00  2.145582847038651124e-04  2.145582847038651124e-04
5.588889813995608691e+00  1.832519449395569107e-04  1.832519449395569107e-04
5.688889813995609224e+00  1.567130367859180095e-04  1.567130367859180095e-04
5.788889813995608868e+00  1.341676162269222507e-04  1.341676162269222507e-04
5.888889813995608513e+00  1.149624432142422727e-04  1.149624432142422727e-04
5.988889813995609046e+00  9.855826050227003803e-05  9.855826050227003803e-05
6.088889813995608691e+00  8.451581369382423360e-05  8.451581369382423360e-05
6.188889813995609224e+00  7.247834315526903144e-05  7.247834315526903144e-05
6.288889813995608868e+00  6.215394329116353590e-05  6.215394329116353590e-05
6.388889813995608513e+00  5.330013712762472696e-05  5.330013712762472696e-05
6.488889813995608158e+00  4.571180520072023741e-05  4.571180520072023741e-05
6.588889813995609579e+00  3.921259323463416958e-05  3.921259323463416958e-05
6.688889813995609224e+00  3.364926399747800823e-05  3.364926399747800823e-05
6.788889813995608868e+00  2.888816572823814502e-05  2.888816572823814502e-05
6.888889813995608513e+00  2.481298338255603174e-05  2.481298338255603174e-05
6.988889813995608158e+00  2.132310626411458227e-05  2.132310626411458227e-05
7.088889813995609579e+00  1.833217930909451597e-05  1.833217930909451597e-05
7.188889813995609224e+00  1.576662677398818038e-05  1.576662677398818038e-05
7.288889813995608868e+00  1.356410264237646837e-05  1.356410264237646837e-05
7.388889813995608513e+00  1.167191862220452966e-05  1.167191862220452966e-05
7.488889813995608158e+00  1.004553608852369193e-05  1.004553608852369193e-05
7.588889813995609579e+00  8.647201230308012939e-06  8.647201230308012939e-06
7.688889813995609224e+00  7.444773447013390098e-06  7.444773447013390098e-06
7.788889813995608868e+00  6.410762644658777449e-06  6.410762644658777449e-06
7.888889813995608513e+00  5.521562484578546018e-06  5.521562484578546018e-06
7.988889813995609934e+00  4.756848815736974222e-06  4.756848815736974222e-06
8.088889813995610467e+00  4.099105789871787479e-06  4.099105789871787479e-06
8.188889813995608336e+00  3.533244038932539847e-06  3.533244038932539847e-06
8.288889813995609757e+00  3.046282250879281338e-06  3.046282250879281338e-06
8.388889813995607625e+00  2.627072185625166659e-06  2.627072185625166659e-06
8.488889813995609046e+00  2.266055203458476508e-06  2.266055203458476508e-06
8.588889813995610467e+00  1.955044411636874943e-06  1.955044411636874943e-06
8.688889813995608336e+00  1.687030212706276414e-06  1.687030212706276414e-06
8.788889813995609757e+00  1.456008660281701753e-06  1.456008660281701753e-06
8.888889813995607625e+00  1.256832218999572951e-06  1.256832218999572951e-06
8.988889813995609046e+00  1.085081961374023166e-06  1.085081961374023166e-06
9.088889813995610467e+00  9.369594695262612788e-07  9.369594695262612788e-07
9.188889813995610112e+00  8.091961010950462662e-07  8.091961010950462662e-07
9.288889813995609757e+00  6.989769863446279029e-07  6.989769863446279029e-07
9.388889813995609401e+00  6.038771566357864093e-07  6.038771566357864093e-07
9.488889813995610822e+00  5.218074823913196495e-07  5.218074823913196495e-07
9.588889813995610467e+00  4.509685080062260711e-07  4.509685080062260711e-07
9.688889813995610112e+00  3.898107065470429291e-07  3.898107065470429291e-07
9.788889813995609757e+00  3.370000636632239161e-07  3.370000636632239161e-07
9.888889813995609401e+00  2.913881993427791946e-07  2.913881993427791946e-07
9.988889813995610822e+00  2.519864407392281245e-07  2.519864407392281245e-07
1.008888981399561047e+01  2.179433829829484537e-07  2.179433829829484537e-07
1.018888981399561011e+01  1.885255412231368864e-07  1.885255412231368864e-07
1.028888981399560976e+01  1.631007305727679661e-07  1.631007305727679661e-07
1.038888981399560940e+01  1.411238308815503661e-07  1.411238308815503661e-07
