-1.575268798007937399e+00  6.274971303912671133e-38  6.274971303912671133e-38
-1.475268798007936866e+00  4.564297191980572485e-35  4.564297191980572485e-35
-1.375268798007937221e+00  2.977833872988175436e-32  2.977833872988175436e-32
-1.275268798007937132e+00  1.509387127506779001e-29  1.509387127506779001e-29
-1.175268798007937043e+00  5.820882784691791127e-27  5.820882784691791127e-27
-1.075268798007937399e+00  1.702705075501826854e-24  1.702705075501826854e-24
-9.752687980079370877e-01  3.776043943662807765e-22  3.776043943662807765e-22
-8.752687980079372210e-01  6.348077567225154594e-20  6.348077567225154594e-20
-7.752687980079371322e-01  8.089968546188685829e-18  8.089968546188685829e-18
-6.752687980079370433e-01  7.815359693179640853e-16  7.815359693179640853e-16
-5.752687980079371766e-01  5.723321531635158262e-14  5.723321531635158262e-14
-4.752687980079370877e-01  3.177197503694686220e-12  3.177197503694686220e-12
-3.752687980079369989e-01  1.337017611736677229e-10  1.337017611736677229e-10
-2.752687980079371322e-01  4.265076985918415770e-09  4.265076985918415770e-09
-1.752687980079370433e-01  1.031367511021134108e-07  1.031367511021134108e-07
-7.526879800793717656e-02  1.890587757789739328e-06  1.890587757789739328e-06
2.473120199206291225e-02  2.627102745425869443e-05  2.627102745425869443e-05
1.247312019920630011e-01  2.767286331809278932e-04  2.767286331809278932e-04
2.247312019920628678e-01  2.209672765399159182e-03  2.209672765399159182e-03
3.247312019920629567e-01  1.337514993859180781e-02  1.337514993859180781e-02
4.247312019920628234e-01  6.137142440208429028e-02  6.137142440208429028e-02
5.247312019920629123e-01  2.134669478777661555e-01  2.134669478777661555e-01
6.247312019920630011e-01  5.628492797032030870e-01  5.628492797032030870e-01
7.247312019920630899e-01  1.124996361869509576e+00  1.124996361869509576e+00
8.247312019920631787e-01  1.704549213458228518e+00  1.704549213458228518e+00
9.247312019920628234e-01  1.957832561331866561e+00  1.957832561331866561e+00
1.024731201992062912e+00  1.704859453661752511e+00  1.704859453661752511e+00
1.124731201992063001e+00  1.126066352521245761e+00  1.126066352521245761e+00
1.224731201992063090e+00  5.658840032466712078e-01  5.658840032466712078e-01
1.324731201992063179e+00  2.209349778682799248e-01  2.209349778682799248e-01
1.424731201992062823e+00  7.736881031889901450e-02  7.736881031889901450e-02
1.524731201992062912e+00  4.321096356704695607e-02  4.321096356704695607e-02
1.624731201992063001e+00  5.065842379604414830e-02  5.065842379604414830e-02
1.724731201992063090e+00  6.877734248386510596e-02  6.877734248386510596e-02
1.824731201992063179e+00  8.436012266014764061e-02  8.436012266014764061e-02
1.924731201992062823e+00  9.042538573365616061e-02  9.042538573365616061e-02
2.024731201992063134e+00  8.447851048625945602e-02  8.447851048625945602e-02
2.124731201992062779e+00  6.886748983937586444e-02  6.886748983937586444e-02
2.224731201992063312e+00  4.919781027979118482e-02  4.919781027979118482e-02
2.324731201992062957e+00  3.120551629910433764e-02  3.120551629910433764e-02
2.424731201992062601e+00  1.827476762952381581e-02  1.827476762952381581e-02
2.524731201992063134e+00  1.091933814565104570e-02  1.091933814565104570e-02
2.624731201992062779e+00  7.804340967048756066e-03  7.804340967048756066e-03
2.724731201992062424e+00  7.083696644076415902e-03  7.083696644076415902e-03
2.824731201992062957e+00  7.238506156095510236e-03  7.238506156095510236e-03
2.924731201992062601e+00  7.333937657151103941e-03  7.333937657151103941e-03
3.024731201992063134e+00  6.961200099537860446e-03  6.961200099537860446e-03
3.124731201992062779e+00  6.087894066596982214e-03  6.087894066596982214e-03
3.224731201992063312e+00  4.900594221633202546e-03  4.900594221633202546e-03
3.324731201992062957e+00  3.659263051158580249e-03  3.659263051158580249e-03
3.424731201992062601e+00  2.582845824439254125e-03  2.582845824439254125e-03
3.524731201992063134e+00  1.787854453348978329e-03  1.787854453348978329e-03
3.624731201992062779e+00  1.284175001804388049e-03  1.284175001804388049e-03
3.724731201992063312e+00  1.009638396210088161e-03  1.009638396210088161e-03
3.824731201992062957e+00  8.755763999693673937e-04  8.755763999693673937e-04
3.924731201992062601e+00  8.023239593468358809e-04  8.023239593468358809e-04
4.024731201992063134e+00  7.369034788212031886e-04  7.369034788212031886e-04
4.124731201992062779e+00  6.553041429521778722e-04  6.553041429521778722e-04
4.224731201992063312e+00  5.556895912500011596e-04  5.556895912500011596e-04
4.324731201992062957e+00  4.484450287712750827e-04  4.484450287712750827e-04
4.424731201992062601e+00  3.470585190577786614e-04  3.470585190577786614e-04
4.524731201992063134e+00  2.619379988608433311e-04  2.619379988608433311e-04
4.624731201992062779e+00  1.977314046160924023e-04  1.977314046160924023e-04
4.724731201992063312e+00  1.535734436681025295e-04  1.535734436681025295e-04
4.824731201992062957e+00  1.250397269527083095e-04  1.250397269527083095e-04
4.924731201992062601e+00  1.065161263149986978e-04  1.065161263149986978e-04
5.024731201992063134e+00  9.305978202799725487e-05  9.305978202799725487e-05
5.124731201992062779e+00  8.136304733228963133e-05  8.136304733228963133e-05
5.224731201992063312e+00  6.987861368421341554e-05  6.987861368421341554e-05
5.324731201992062957e+00  5.840284489078509546e-05  5.840284489078509546e-05
5.424731201992062601e+00  4.745639038608373073e-05  4.745639038608373073e-05
5.524731201992063134e+00  3.772229200900585193e-05  3.772229200900585193e-05
5.624731201992062779e+00  2.968014221569234795e-05  2.968014221569234795e-05
5.724731201992063312e+00  2.346328112251711638e-05  2.346328112251711638e-05
5.824731201992062957e+00  1.889077995011163719e-05  1.889077995011163719e-05
5.924731201992062601e+00  1.559352977139634235e-05  1.559352977139634235e-05
6.024731201992063134e+00  1.315732763417577742e-05  1.315732763417577742e-05
6.124731201992062779e+00  1.123112019481776554e-05  1.123112019481776554e-05
6.224731201992063312e+00  9.579799871838364639e-06  9.579799871838364639e-06
6.324731201992062957e+00  8.086237115085328228e-06  8.086237115085328228e-06
6.424731201992062601e+00  6.721039066084094857e-06  6.721039066084094857e-06
6.524731201992062246e+00  5.501147910616807789e-06  5.501147910616807789e-06
6.624731201992063667e+00  4.453536858391033063e-06  4.453536858391033063e-06
6.724731201992063312e+00  3.592423783633210585e-06  3.592423783633210585e-06
6.824731201992062957e+00  2.911149668995509913e-06  2.911149668995509913e-06
6.924731201992062601e+00  2.385097201480011190e-06  2.385097201480011190e-06
7.024731201992062246e+00  1.980185026396494648e-06  1.980185026396494648e-06
7.124731201992063667e+00  1.661972250561880002e-06  1.661972250561880002e-06
7.224731201992063312e+00  1.402195251342839048e-06  1.402195251342839048e-06
7.324731201992062957e+00  1.181603660302966726e-06  1.181603660302966726e-06
7.424731201992062601e+00  9.895499717758947967e-07  9.895499717758947967e-07
7.524731201992062246e+00  8.216152611658417282e-07  8.216152611658417282e-07
7.624731201992063667e+00  6.766671330906955362e-07  6.766671330906955362e-07
7.724731201992063312e+00  5.543899890991376259e-07  5.543899890991376259e-07
7.824731201992062957e+00  4.537934940333853911e-07  4.537934940333853911e-07
7.924731201992062601e+00  3.727238160378266820e-07  3.727238160378266820e-07
8.024731201992064911e+00  3.080984720717246079e-07  3.080984720717246079e-07
8.124731201992062779e+00  2.564821123390898569e-07  2.564821123390898569e-07
8.224731201992064200e+00  2.146711580530435534e-07  2.146711580530435534e-07
8.324731201992062068e+00  1.800853613820138446e-07  1.800853613820138446e-07
8.424731201992063490e+00  1.509044012763974498e-07  1.509044012763974498e-07
8.524731201992064911e+00  1.259916940812576533e-07  1.259916940812576533e-07
8.624731201992062779e+00  1.046982648537008240e-07  1.046982648537008240e-07
8.724731201992064200e+00  8.664216320385205598e-08  8.664216320385205598e-08
8.824731201992062068e+00  7.153130224754060508e-08  7.153130224754060508e-08
8.924731201992063490e+00  5.905980358685789774e-08  5.905980358685789774e-08
9.024731201992064911e+00  4.887533479434332216e-08  4.887533479434332216e-08
9.124731201992064555e+00  4.059541087486125409e-08  4.059541087486125409e-08
9.224731201992064200e+00  3.384509327923768849e-08  3.384509327923768849e-08
9.324731201992063845e+00  2.829329173553390496e-08  2.829329173553390496e-08
9.424731201992063490e+00  2.367458470707279810e-08  2.367458470707279810e-08
9.524731201992064911e+00  1.979332040986484036e-08  1.979332040986484036e-08
9.624731201992064555e+00  1.651373490292213599e-08  1.651373490292213599e-08
9.724731201992064200e+00  1.374293419271689134e-08  1.374293419271689134e-08
9.824731201992063845e+00  1.141338430282359701e-08  1.141338430282359701e-08
9.924731201992063490e+00  9.469374990284463322e-09  9.469374990284463322e-09
1.002473120199206491e+01  7.859190306580999862e-09  7.859190306580999862e-09
1.012473120199206456e+01  6.532476235800064853e-09  6.532476235800064853e-09
1.022473120199206420e+01  5.441038114266785491e-09  5.441038114266785491e-09
1.032473120199206384e+01  4.541036479048709519e-09  4.541036479048709519e-09
1.042473120199206349e+01  3.794983682208246651e-09  3.794983682208246651e-09
