-1.560150305414280236e+00  0.000000000000000000e+00  0.000000000000000000e+00
-1.460150305414280147e+00  0.000000000000000000e+00  0.000000000000000000e+00
-1.360150305414280503e+00  0.000000000000000000e+00  0.000000000000000000e+00
-1.260150305414279970e+00  0.000000000000000000e+00  0.000000000000000000e+00
-1.160150305414280325e+00  0.000000000000000000e+00  0.000000000000000000e+00
-1.060150305414280236e+00  0.000000000000000000e+00  0.000000000000000000e+00
-9.601503054142801474e-01  0.000000000000000000e+00  0.000000000000000000e+00
-8.601503054142800586e-01  0.000000000000000000e+00  0.000000000000000000e+00
-7.601503054142801918e-01  0.000000000000000000e+00  0.000000000000000000e+00
-6.601503054142803251e-01  0.000000000000000000e+00  0.000000000000000000e+00
-5.601503054142802362e-01  0.000000000000000000e+00  0.000000000000000000e+00
-4.601503054142801474e-01  0.000000000000000000e+00  0.000000000000000000e+00
-3.601503054142800586e-01  0.000000000000000000e+00  0.000000000000000000e+00
-2.601503054142801918e-01  0.000000000000000000e+00  0.000000000000000000e+00
-1.601503054142801030e-01  0.000000000000000000e+00  0.000000000000000000e+00
-6.015030541428023625e-02  0.000000000000000000e+00  0.000000000000000000e+00
3.984969458571985257e-02  0.000000000000000000e+00  0.000000000000000000e+00
1.398496945857199414e-01  0.000000000000000000e+00  0.000000000000000000e+00
2.398496945857198082e-01  0.000000000000000000e+00  0.000000000000000000e+00
3.398496945857198970e-01  0.000000000000000000e+00  0.000000000000000000e+00
4.398496945857197638e-01  0.000000000000000000e+00  0.000000000000000000e+00
5.398496945857198526e-01  0.000000000000000000e+00  0.000000000000000000e+00
6.398496945857199414e-01  1.360346835896568337e-194  1.360346835896568337e-194
7.398496945857200302e-01  5.096477680668953663e-86  5.096477680668953663e-86
8.398496945857201190e-01  7.103009771199378693e-21  7.103009771199378693e-21
9.398496945857197638e-01  3.682701403033233589e+01  3.682701403033233589e+01
1.039849694585719853e+00  7.103009771196249057e-21  7.103009771196249057e-21
1.139849694585719941e+00  5.096477680664463866e-86  5.096477680664463866e-86
1.239849694585720030e+00  1.360346835894789828e-194  1.360346835894789828e-194
1.339849694585720119e+00  0.000000000000000000e+00  0.000000000000000000e+00
1.439849694585719764e+00  7.078589838932788820e-272  7.078589838932788820e-272
1.539849694585719853e+00  3.683029323044714516e-174  3.683029323044714516e-174
1.639849694585719941e+00  3.696064229026945892e-98  3.696064229026945892e-98
1.739849694585720030e+00  7.154013371529893349e-44  7.154013371529893349e-44
1.839849694585720119e+00  2.670766316425454896e-11  2.670766316425454896e-11
1.939849694585719764e+00  1.923082597678615890e+00  1.923082597678615890e+00
2.039849694585719853e+00  2.670766316424866499e-11  2.670766316424866499e-11
2.139849694585719941e+00  7.154013371526741018e-44  7.154013371526741018e-44
2.239849694585720030e+00  3.696064229024530259e-98  3.696064229024530259e-98
2.339849694585720119e+00  3.683029323041364505e-174  3.683029323041364505e-174
2.439849694585719764e+00  1.924668194117517124e-182  1.924668194117517124e-182
2.539849694585720297e+00  2.682428501747272744e-117  2.682428501747272744e-117
2.639849694585719941e+00  1.248008980142315676e-66  1.248008980142315676e-66
2.739849694585719586e+00  1.938315798848266983e-30  1.938315798848266983e-30
2.839849694585720119e+00  1.004959663843852830e-08  1.004959663843852830e-08
2.939849694585719764e+00  1.739362072381726299e-01  1.739362072381726299e-01
3.039849694585720297e+00  1.004959663843556369e-08  1.004959663843556369e-08
3.139849694585719941e+00  1.938315798848266983e-30  1.938315798848266983e-30
3.239849694585720474e+00  1.248008980141216125e-66  1.248008980141216125e-66
3.339849694585720119e+00  2.682428501744222956e-117  2.682428501744222956e-117
3.439849694585719764e+00  3.794188771280645086e-138  3.794188771280645086e-138
3.539849694585720297e+00  2.736832059336054557e-89  2.736832059336054557e-89
3.639849694585719941e+00  2.741670853259471371e-51  2.741670853259471371e-51
3.739849694585720474e+00  3.814349061770852198e-24  3.814349061770852198e-24
3.839849694585720119e+00  7.369932417864167165e-08  7.369932417864167165e-08
3.939849694585719764e+00  1.977627666851722657e-02  1.977627666851722657e-02
4.039849694585720741e+00  7.369932417862544567e-08  7.369932417862544567e-08
4.139849694585720385e+00  3.814349061769171976e-24  3.814349061769171976e-24
4.239849694585720030e+00  2.741670853257679082e-51  2.741670853257679082e-51
4.339849694585719675e+00  2.736832059333643568e-89  2.736832059333643568e-89
4.439849694585719320e+00  6.809974949184577221e-112  6.809974949184577221e-112
4.539849694585720741e+00  8.310915862210371507e-73  8.310915862210371507e-73
4.639849694585720385e+00  2.090559915055264386e-42  2.090559915055264386e-42
4.739849694585720030e+00  1.083893754943155397e-20  1.083893754943155397e-20
4.839849694585719675e+00  1.158300306127066576e-07  1.158300306127066576e-07
4.939849694585719320e+00  2.551326207302016293e-03  2.551326207302016293e-03
5.039849694585720741e+00  1.158300306126860774e-07  1.158300306126860774e-07
5.139849694585720385e+00  1.083893754942770060e-20  1.083893754942770060e-20
5.239849694585720030e+00  2.090559915054165152e-42  2.090559915054165152e-42
5.339849694585719675e+00  8.310915862204464886e-73  8.310915862204464886e-73
5.439849694585719320e+00  1.186396116947251215e-94  1.186396116947251215e-94
5.539849694585720741e+00  4.429103808628248645e-62  4.429103808628248645e-62
5.639849694585720385e+00  9.553458843999191142e-37  9.553458843999191142e-37
5.739849694585720030e+00  1.190594987085528827e-18  1.190594987085528827e-18
5.839849694585719675e+00  8.572867219667435439e-08  8.572867219667435439e-08
5.939849694585719320e+00  3.566537377110558325e-04  3.566537377110558325e-04
6.039849694585720741e+00  8.572867219666172831e-08  8.572867219666172831e-08
6.139849694585720385e+00  1.190594987085182160e-18  1.190594987085182160e-18
6.239849694585720030e+00  9.553458843994983208e-37  9.553458843994983208e-37
6.339849694585719675e+00  4.429103808625731202e-62  4.429103808625731202e-62
6.439849694585719320e+00  1.476616467302919342e-82  1.476616467302919342e-82
6.539849694585718964e+00  1.225176581334662362e-54  1.225176581334662362e-54
6.639849694585720385e+00  6.352179794745475998e-33  6.352179794745475998e-33
6.739849694585720030e+00  2.057974517448659013e-17  2.057974517448659013e-17
6.839849694585719675e+00  4.166297896019235373e-08  4.166297896019235373e-08
6.939849694585719320e+00  5.270523590440896066e-05  5.270523590440896066e-05
7.039849694585718964e+00  4.166297896019235373e-08  4.166297896019235373e-08
7.139849694585720385e+00  2.057974517447620552e-17  2.057974517447620552e-17
7.239849694585720030e+00  6.352179794740601559e-33  6.352179794740601559e-33
7.339849694585719675e+00  1.225176581334662362e-54  1.225176581334662362e-54
7.439849694585719320e+00  1.123681165537869148e-73  1.123681165537869148e-73
7.539849694585718964e+00  3.017919894777200939e-49  3.017919894777200939e-49
7.639849694585720385e+00  3.020586599050185778e-30  3.020586599050185778e-30
7.739849694585720030e+00  1.126662529416139232e-16  1.126662529416139232e-16
7.839849694585719675e+00  1.566085203966587419e-08  1.566085203966587419e-08
7.939849694585719320e+00  8.112522201779925283e-06  8.112522201779925283e-06
8.039849694585720741e+00  1.566085203966239672e-08  1.566085203966239672e-08
8.139849694585720385e+00  1.126662529415642990e-16  1.126662529415642990e-16
8.239849694585720030e+00  3.020586599048168609e-30  3.020586599048168609e-30
8.339849694585719675e+00  3.017919894777200939e-49  3.017919894777200939e-49
8.439849694585719320e+00  6.184659004458562087e-67  6.184659004458562087e-67
8.539849694585720741e+00  3.206562990690577843e-45  3.206562990690577843e-45
8.639849694585720385e+00  2.484675213194870468e-28  2.484675213194870468e-28
8.739849694585720030e+00  2.877433105596557060e-16  2.877433105596557060e-16
8.839849694585719675e+00  4.980197902219340452e-09  4.980197902219340452e-09
8.939849694585719320e+00  1.288230931458994744e-06  1.288230931458994744e-06
9.039849694585720741e+00  4.980197902218358589e-09  4.980197902218358589e-09
9.139849694585720385e+00  2.877433105595432440e-16  2.877433105595432440e-16
9.239849694585720030e+00  2.484675213193387110e-28  2.484675213193387110e-28
9.339849694585719675e+00  3.206562990688071212e-45  3.206562990688071212e-45
9.439849694585719320e+00  1.083212273173080801e-61  1.083212273173080801e-61
9.539849694585720741e+00  3.784101510733023787e-42  3.784101510733023787e-42
9.639849694585720385e+00  6.001635900940701879e-27  6.001635900940701879e-27
9.739849694585720030e+00  4.321471889068010879e-16  4.321471889068010879e-16
9.839849694585719675e+00  1.412696668001173001e-09  1.412696668001173001e-09
9.939849694585719320e+00  2.096627753517306900e-07  2.096627753517306900e-07
1.003984969458572074e+01  1.412696668000922158e-09  1.412696668000922158e-09
1.013984969458572039e+01  4.321471889066476545e-16  4.321471889066476545e-16
1.023984969458572003e+01  6.001635900937502703e-27  6.001635900937502703e-27
1.033984969458571967e+01  3.784101510730335285e-42  3.784101510730335285e-42
1.043984969458571932e+01  1.549138616671151101e-57  1.549138616671151101e-57
