-1.586956456876603472e+00  2.707004845473311432e-34  2.707004845473311432e-34
-1.486956456876603383e+00  1.030971238414682863e-31  1.030971238414682863e-31
-1.386956456876603738e+00  3.553602633680531962e-29  3.553602633680531962e-29
-1.286956456876603205e+00  9.795004848237800119e-27  9.795004848237800119e-27
-1.186956456876603561e+00  2.112592964556944618e-24  2.112592964556944618e-24
-1.086956456876603472e+00  3.551862903308825458e-22  3.551862903308825458e-22
-9.869564568766033830e-01  4.651696459699619261e-20  4.651696459699619261e-20
-8.869564568766032941e-01  4.744763923155887703e-18  4.744763923155887703e-18
-7.869564568766034274e-01  3.769208482906759898e-16  3.769208482906759898e-16
-6.869564568766035606e-01  2.331921317322452885e-14  2.331921317322452885e-14
-5.869564568766034718e-01  1.123581581325592967e-12  1.123581581325592967e-12
-4.869564568766033830e-01  4.216207094634554962e-11  4.216207094634554962e-11
-3.869564568766032941e-01  1.232156095176207967e-09  1.232156095176207967e-09
-2.869564568766034274e-01  2.804374089446081611e-08  2.804374089446081611e-08
-1.869564568766033386e-01  4.970871800703967501e-07  4.970871800703967501e-07
-8.695645687660347178e-02  6.862076768099805385e-06  6.862076768099805385e-06
1.304354312339661703e-02  7.377427874363880927e-05  7.377427874363880927e-05
1.130435431233967059e-01  6.177044995702646660e-04  6.177044995702646660e-04
2.130435431233965726e-01  4.027939680728388067e-03  4.027939680728388067e-03
3.130435431233966614e-01  2.045556938956510570e-02  2.045556938956510570e-02
4.130435431233965282e-01  8.090337866068962602e-02  8.090337866068962602e-02
5.130435431233966170e-01  2.492001788368146398e-01  2.492001788368146398e-01
6.130435431233967059e-01  5.978015358463942830e-01  5.978015358463942830e-01
7.130435431233967947e-01  1.116847522130700376e+00  1.116847522130700376e+00
8.130435431233968835e-01  1.625036250002892979e+00  1.625036250002892979e+00
9.130435431233965282e-01  1.841536323156846899e+00  1.841536323156846899e+00
1.013043543123396617e+00  1.625594921491535283e+00  1.625594921491535283e+00
1.113043543123396706e+00  1.118596791996801620e+00  1.118596791996801620e+00
1.213043543123396795e+00  6.022962882733186030e-01  6.022962882733186030e-01
1.313043543123396883e+00  2.593344921713670592e-01  2.593344921713670592e-01
1.413043543123396528e+00  1.010590417465919016e-01  1.010590417465919016e-01
1.513043543123396617e+00  5.583115572414535516e-02  5.583115572414535516e-02
1.613043543123396706e+00  5.882251692321793096e-02  5.882251692321793096e-02
1.713043543123396795e+00  7.552417349892946719e-02  7.552417349892946719e-02
1.813043543123396883e+00  9.045842814784352259e-02  9.045842814784352259e-02
1.913043543123396528e+00  9.629582971898063837e-02  9.629582971898063837e-02
2.013043543123396617e+00  9.062654369557750222e-02  9.062654369557750222e-02
2.113043543123396706e+00  7.548926370897690585e-02  7.548926370897690585e-02
2.213043543123396795e+00  5.591604312816938344e-02  5.591604312816938344e-02
2.313043543123396883e+00  3.731398001494563160e-02  3.731398001494563160e-02
2.413043543123396528e+00  2.322468390056476803e-02  2.322468390056476803e-02
2.513043543123397061e+00  1.460182514157731641e-02  1.460182514157731641e-02
2.613043543123396706e+00  1.047944242673944440e-02  1.047944242673944440e-02
2.713043543123396351e+00  9.133800795478288354e-03  9.133800795478288354e-03
2.813043543123396883e+00  8.973058368348657901e-03  8.973058368348657901e-03
2.913043543123396528e+00  8.925882739053401377e-03  8.925882739053401377e-03
3.013043543123397061e+00  8.470532958571240847e-03  8.470532958571240847e-03
3.113043543123396706e+00  7.507417521546903491e-03  7.507417521546903491e-03
3.213043543123397239e+00  6.193650726991493244e-03  6.193650726991493244e-03
3.313043543123396883e+00  4.786784252736739180e-03  4.786784252736739180e-03
3.413043543123396528e+00  3.522056581247649375e-03  3.522056581247649375e-03
3.513043543123397061e+00  2.541227458973621765e-03  2.541227458973621765e-03
3.613043543123396706e+00  1.877215092634761844e-03  1.877215092634761844e-03
3.713043543123397239e+00  1.480396029514734983e-03  1.480396029514734983e-03
3.813043543123396883e+00  1.262175897906470242e-03  1.262175897906470242e-03
3.913043543123396528e+00  1.134123476511129502e-03  1.134123476511129502e-03
4.013043543123396617e+00  1.031446062826277699e-03  1.031446062826277699e-03
4.113043543123396262e+00  9.199584588499233519e-04  9.199584588499233519e-04
4.213043543123397683e+00  7.915195416978127677e-04  7.915195416978127677e-04
4.313043543123397328e+00  6.541661807376924695e-04  6.541661807376924695e-04
4.413043543123396972e+00  5.218952059969909256e-04  5.218952059969909256e-04
4.513043543123396617e+00  4.070344127574385996e-04  4.070344127574385996e-04
4.613043543123396262e+00  3.162886166837190825e-04  3.162886166837190825e-04
4.713043543123397683e+00  2.501483961454499983e-04  2.501483961454499983e-04
4.813043543123397328e+00  2.045233992020886694e-04  2.045233992020886694e-04
4.913043543123396972e+00  1.732347716578717988e-04  1.732347716578717988e-04
5.013043543123396617e+00  1.502588755247169451e-04  1.502588755247169451e-04
5.113043543123396262e+00  1.311202558887415975e-04  1.311202558887415975e-04
5.213043543123397683e+00  1.133330906419272667e-04  1.133330906419272667e-04
5.313043543123397328e+00  9.612410913616546725e-05  9.612410913616546725e-05
5.413043543123396972e+00  7.979576831510011722e-05  7.979576831510011722e-05
5.513043543123396617e+00  6.505360807276178213e-05  6.505360807276178213e-05
5.613043543123396262e+00  5.250466173910090450e-05  5.250466173910090450e-05
5.713043543123397683e+00  4.240328903358963123e-05  4.240328903358963123e-05
5.813043543123397328e+00  3.461955704779158983e-05  3.461955704779158983e-05
5.913043543123396972e+00  2.875030899276369533e-05  2.875030899276369533e-05
6.013043543123396617e+00  2.428218769723459842e-05  2.428218769723459842e-05
6.113043543123396262e+00  2.073568832995163798e-05  2.073568832995163798e-05
6.213043543123397683e+00  1.775256146011382644e-05  1.775256146011382644e-05
6.313043543123397328e+00  1.512065047535212594e-05  1.512065047535212594e-05
6.413043543123396972e+00  1.275154561135953095e-05  1.275154561135953095e-05
6.513043543123396617e+00  1.063485662197728597e-05  1.063485662197728597e-05
6.613043543123398038e+00  8.790896059692512301e-06  8.790896059692512301e-06
6.713043543123397683e+00  7.235791039683201139e-06  7.235791039683201139e-06
6.813043543123397328e+00  5.964072195183422692e-06  5.964072195183422692e-06
6.913043543123396972e+00  4.946753877212578261e-06  4.946753877212578261e-06
7.013043543123396617e+00  4.139155387148366459e-06  4.139155387148366459e-06
7.113043543123398038e+00  3.492078215852587210e-06  3.492078215852587210e-06
7.213043543123397683e+00  2.961444834244163957e-06  2.961444834244163957e-06
7.313043543123397328e+00  2.513873682286564600e-06  2.513873682286564600e-06
7.413043543123396972e+00  2.127877869243173490e-06  2.127877869243173490e-06
7.513043543123396617e+00  1.791833688633087839e-06  1.791833688633087839e-06
7.613043543123398038e+00  1.500421676884875762e-06  1.500421676884875762e-06
7.713043543123397683e+00  1.251074943187046715e-06  1.251074943187046715e-06
7.813043543123397328e+00  1.041403250655178534e-06  1.041403250655178534e-06
7.913043543123396972e+00  8.679178720587367740e-07  8.679178720587367740e-07
8.013043543123398393e+00  7.258833169914898078e-07  7.258833169914898078e-07
8.113043543123398038e+00  6.098618670785950548e-07  6.098618670785950548e-07
8.213043543123397683e+00  5.144828090760629339e-07  5.144828090760629339e-07
8.313043543123397328e+00  4.350852075600798811e-07  4.350852075600798811e-07
8.413043543123396972e+00  3.680593867503768243e-07  3.680593867503768243e-07
8.513043543123398393e+00  3.108732670967409262e-07  3.108732670967409262e-07
8.613043543123398038e+00  2.618733001028133966e-07  2.618733001028133966e-07
8.713043543123397683e+00  2.199868226144494651e-07  2.199868226144494651e-07
8.813043543123397328e+00  1.844373094166242542e-07  1.844373094166242542e-07
8.913043543123396972e+00  1.545406459599228150e-07  1.545406459599228150e-07
9.013043543123398393e+00  1.296027339943477099e-07  1.296027339943477099e-07
9.113043543123398038e+00  1.089024952494857993e-07  1.089024952494857993e-07
9.213043543123397683e+00  9.172618412486594693e-08  9.172618412486594693e-08
9.313043543123397328e+00  7.741753116194461781e-08  7.741753116194461781e-08
9.413043543123396972e+00  6.541777775184997124e-08  6.541777775184997124e-08
9.513043543123398393e+00  5.528321668959559061e-08  5.528321668959559061e-08
9.613043543123398038e+00  4.667989869673758402e-08  4.667989869673758402e-08
9.713043543123397683e+00  3.936269239553073757e-08  3.936269239553073757e-08
9.813043543123397328e+00  3.314835553553497694e-08  3.314835553553497694e-08
9.913043543123396972e+00  2.789085716113717436e-08  2.789085716113717436e-08
1.001304354312339839e+01  2.346377358514189216e-08  2.346377358514189216e-08
1.011304354312339804e+01  1.975094362027025400e-08  1.975094362027025400e-08
1.021304354312339768e+01  1.664388862156566818e-08  1.664388862156566818e-08
1.031304354312339733e+01  1.404323143936543078e-08  1.404323143936543078e-08
1.041304354312339697e+01  1.186134624954526721e-08  1.186134624954526721e-08
