-1.500000000000000000e+00  1.286629905769842264e-20  1.286629905769842264e-20
-1.399999999999999911e+00  4.824473384814655052e-19  4.824473384814655052e-19
-1.299999999999999822e+00  1.560276050022687447e-17  1.560276050022687447e-17
-1.200000000000000178e+00  4.352193777399827420e-16  4.352193777399827420e-16
-1.100000000000000089e+00  1.047056842674496777e-14  1.047056842674496777e-14
-1.000000000000000000e+00  2.172638890103096426e-13  2.172638890103096426e-13
-8.999999999999999112e-01  3.888302934199859933e-12  3.888302934199859933e-12
-7.999999999999998224e-01  6.001888059291332071e-11  6.001888059291332071e-11
-6.999999999999999556e-01  7.990444575598840689e-10  7.990444575598840689e-10
-6.000000000000000888e-01  9.175067116876677501e-09  9.175067116876677501e-09
-5.000000000000000000e-01  9.086629291416218928e-08  9.086629291416218928e-08
-3.999999999999999112e-01  7.761606574800603540e-07  7.761606574800603540e-07
-2.999999999999998224e-01  5.718151979747329678e-06  5.718151979747329678e-06
-1.999999999999999556e-01  3.633415103149257772e-05  3.633415103149257772e-05
-9.999999999999986677e-02  1.991267448373040751e-04  1.991267448373040751e-04
0.000000000000000000e+00  9.412379421659620429e-04  9.412379421659620429e-04
1.000000000000000888e-01  3.837289021875408407e-03  3.837289021875408407e-03
2.000000000000001776e-01  1.349288599332839657e-02  1.349288599332839657e-02
3.000000000000000444e-01  4.092045411758291062e-02  4.092045411758291062e-02
4.000000000000001332e-01  1.070363504127881671e-01  1.070363504127881671e-01
5.000000000000000000e-01  2.414779024607876801e-01  2.414779024607876801e-01
6.000000000000000888e-01  4.698711184712275335e-01  4.698711184712275335e-01
7.000000000000001776e-01  7.885611221328049369e-01  7.885611221328049369e-01
8.000000000000002665e-01  1.141424594553836824e+00  1.141424594553836824e+00
9.000000000000003553e-01  1.424998295700881323e+00  1.424998295700881323e+00
1.000000000000000000e+00  1.534393386159356387e+00  1.534393386159356387e+00
1.100000000000000089e+00  1.424998295700880213e+00  1.424998295700880213e+00
1.200000000000000178e+00  1.141424594553835270e+00  1.141424594553835270e+00
1.300000000000000266e+00  7.885611221328033826e-01  7.885611221328033826e-01
1.400000000000000355e+00  4.698711184712262567e-01  4.698711184712262567e-01
1.500000000000000000e+00  2.414779024607876801e-01  2.414779024607876801e-01
1.600000000000000089e+00  1.070363504127879728e-01  1.070363504127879728e-01
1.700000000000000178e+00  4.092045411758279960e-02  4.092045411758279960e-02
1.800000000000000266e+00  1.349288599332832544e-02  1.349288599332832544e-02
1.900000000000000355e+00  3.837289021875384554e-03  3.837289021875384554e-03
2.000000000000000000e+00  9.412379421659620429e-04  9.412379421659620429e-04
2.100000000000000089e+00  1.991267448373037498e-04  1.991267448373037498e-04
2.200000000000000178e+00  3.633415103149251673e-05  3.633415103149251673e-05
2.300000000000000266e+00  5.718151979747278856e-06  5.718151979747278856e-06
2.400000000000000355e+00  7.761606574800519896e-07  7.761606574800519896e-07
2.500000000000000000e+00  9.086629291416218928e-08  9.086629291416218928e-08
2.600000000000000533e+00  9.175067116876579894e-09  9.175067116876579894e-09
2.700000000000000178e+00  7.990444575598782786e-10  7.990444575598782786e-10
2.799999999999999822e+00  6.001888059291332071e-11  6.001888059291332071e-11
2.900000000000000355e+00  3.888302934199831661e-12  3.888302934199831661e-12
3.000000000000000000e+00  2.172638890103096426e-13  2.172638890103096426e-13
3.100000000000000533e+00  1.047056842674481788e-14  1.047056842674481788e-14
3.200000000000000178e+00  4.352193777399827420e-16  4.352193777399827420e-16
3.300000000000000711e+00  1.560276050022642766e-17  1.560276050022642766e-17
3.400000000000000355e+00  4.824473384814621349e-19  4.824473384814621349e-19
3.500000000000000000e+00  1.286629905769842264e-20  1.286629905769842264e-20
3.600000000000000533e+00  2.959461010271657405e-22  2.959461010271657405e-22
3.700000000000000178e+00  5.871199772050940786e-24  5.871199772050940786e-24
3.800000000000000711e+00  1.004607340443995318e-25  1.004607340443995318e-25
3.900000000000000355e+00  1.482590082219552894e-27  1.482590082219552894e-27
4.000000000000000000e+00  1.887126825615791271e-29  1.887126825615791271e-29
4.100000000000000533e+00  2.071745193598599377e-31  2.071745193598599377e-31
4.200000000000000178e+00  1.961674044718988114e-33  1.961674044718988114e-33
4.300000000000000711e+00  1.602037235399676260e-35  1.602037235399676260e-35
4.400000000000000355e+00  1.128427392822775597e-37  1.128427392822775597e-37
4.500000000000000000e+00  6.855354040894606986e-40  6.855354040894606986e-40
4.600000000000000533e+00  3.592042042419972095e-42  3.592042042419972095e-42
4.700000000000000178e+00  1.623335132587342731e-44  1.623335132587342731e-44
4.800000000000000711e+00  6.327471806205159859e-47  6.327471806205159859e-47
4.900000000000000355e+00  2.127195980709360502e-49  2.127195980709360502e-49
5.000000000000000000e+00  6.167938615870509763e-52  6.167938615870509763e-52
5.100000000000000533e+00  1.542509460205793526e-54  1.542509460205793526e-54
5.200000000000000178e+00  3.327138530251361646e-57  3.327138530251361646e-57
5.300000000000000711e+00  6.189694086136731816e-60  6.189694086136731816e-60
5.400000000000000355e+00  9.931680527972175309e-63  9.931680527972175309e-63
5.500000000000000000e+00  1.374458245902778155e-65  1.374458245902778155e-65
5.600000000000000533e+00  1.640573209426702517e-68  1.640573209426702517e-68
5.700000000000000178e+00  1.688942769232448680e-71  1.688942769232448680e-71
5.800000000000000711e+00  1.499648598339245634e-74  1.499648598339245634e-74
5.900000000000000355e+00  1.148469146773590438e-77  1.148469146773590438e-77
6.000000000000000000e+00  7.585852836537133588e-81  7.585852836537133588e-81
6.100000000000000533e+00  4.321601804146545687e-84  4.321601804146545687e-84
6.200000000000000178e+00  2.123441677753754999e-87  2.123441677753754999e-87
6.300000000000000711e+00  8.998936357669524678e-91  8.998936357669524678e-91
6.400000000000000355e+00  3.289252987157888583e-94  3.289252987157888583e-94
6.500000000000000000e+00  1.036951942013491545e-97  1.036951942013491545e-97
6.599999999999999645e+00  2.819520359688700363e-101  2.819520359688700363e-101
6.700000000000001066e+00  6.612216953884551040e-105  6.612216953884551040e-105
6.800000000000000711e+00  1.337439694813411064e-108  1.337439694813411064e-108
6.900000000000000355e+00  2.333224762416345990e-112  2.333224762416345990e-112
7.000000000000000000e+00  3.510703879905543954e-116  3.510703879905543954e-116
7.099999999999999645e+00  4.556035251449566529e-120  4.556035251449566529e-120
7.200000000000001066e+00  5.099589359811941888e-124  5.099589359811941888e-124
7.300000000000000711e+00  4.923099247829836546e-128  4.923099247829836546e-128
7.400000000000000355e+00  4.099182273453222738e-132  4.099182273453222738e-132
7.500000000000000000e+00  2.943819129392241722e-136  2.943819129392241722e-136
7.599999999999999645e+00  1.823392945887477413e-140  1.823392945887477413e-140
7.700000000000001066e+00  9.741025308852994992e-145  9.741025308852994992e-145
7.800000000000000711e+00  4.488325316066903431e-149  4.488325316066903431e-149
7.900000000000000355e+00  1.783689422811005545e-153  1.783689422811005545e-153
8.000000000000000000e+00  6.113774283809325430e-158  6.113774283809325430e-158
8.100000000000001421e+00  1.807402251141111042e-162  1.807402251141111042e-162
8.200000000000001066e+00  4.608456484877398052e-167  4.608456484877398052e-167
8.300000000000000711e+00  1.013471213062212312e-171  1.013471213062212312e-171
8.400000000000000355e+00  1.922306338065600775e-176  1.922306338065600775e-176
8.500000000000000000e+00  3.144771047753924759e-181  3.144771047753924759e-181
8.600000000000001421e+00  4.437217542635252646e-186  4.437217542635252646e-186
8.700000000000001066e+00  5.399924208694305208e-191  5.399924208694305208e-191
8.800000000000000711e+00  5.667869749532553073e-196  5.667869749532553073e-196
8.900000000000000355e+00  5.131062593975911927e-201  5.131062593975911927e-201
9.000000000000000000e+00  4.006360432840978257e-206  4.006360432840978257e-206
9.100000000000001421e+00  2.698037475379004859e-211  2.698037475379004859e-211
9.200000000000001066e+00  1.567116168511903348e-216  1.567116168511903348e-216
9.300000000000000711e+00  7.850723091326003247e-222  7.850723091326003247e-222
9.400000000000000355e+00  3.392136979257097483e-227  3.392136979257097483e-227
9.500000000000000000e+00  1.264131803387382391e-232  1.264131803387382391e-232
9.600000000000001421e+00  4.063184919447199982e-238  4.063184919447199982e-238
9.700000000000001066e+00  1.126408897901900453e-243  1.126408897901900453e-243
9.800000000000000711e+00  2.693275690306490211e-249  2.693275690306490211e-249
9.900000000000000355e+00  5.554190917978426547e-255  5.554190917978426547e-255
1.000000000000000000e+01  9.879069732576098201e-261  9.879069732576098201e-261
1.010000000000000142e+01  1.515537029667529454e-266  1.515537029667529454e-266
1.020000000000000107e+01  2.005267464394857831e-272  2.005267464394857831e-272
1.030000000000000071e+01  2.288407259850153009e-278  2.288407259850153009e-278
1.040000000000000036e+01  2.252421066084812329e-284  2.252421066084812329e-284
1.050000000000000000e+01  1.912146215445580997e-290  1.912146215445580997e-290
