-1.530927973787991281e+00  1.066156191477101961e-06  1.066156191477101961e-06
-1.430927973787991192e+00  3.065535736268952605e-06  3.065535736268952605e-06
-1.330927973787991547e+00  8.458863370749163715e-06  8.458863370749163715e-06
-1.230927973787991014e+00  2.238285079642807717e-05  2.238285079642807717e-05
-1.130927973787991370e+00  5.676849049909890707e-05  5.676849049909890707e-05
-1.030927973787991281e+00  1.379591786900699548e-04  1.379591786900699548e-04
-9.309279737879911920e-01  3.211841257608650125e-04  3.211841257608650125e-04
-8.309279737879911032e-01  7.162367446824198730e-04  7.162367446824198730e-04
-7.309279737879912364e-01  1.529736536212967114e-03  1.529736536212967114e-03
-6.309279737879913696e-01  3.129001051545233537e-03  3.129001051545233537e-03
-5.309279737879912808e-01  6.129204568830677081e-03  6.129204568830677081e-03
-4.309279737879911920e-01  1.149736207094262733e-02  1.149736207094262733e-02
-3.309279737879911032e-01  2.065278185214858286e-02  2.065278185214858286e-02
-2.309279737879912364e-01  3.552538427381229935e-02  3.552538427381229935e-02
-1.309279737879911476e-01  5.851602121566418929e-02  5.851602121566418929e-02
-3.092797378799128083e-02  9.229629791008830964e-02  9.229629791008830964e-02
6.907202621200880799e-02  1.394012045475939432e-01  1.394012045475939432e-01
1.690720262120088968e-01  2.016147306105596226e-01  2.016147306105596226e-01
2.690720262120087636e-01  2.792246601731652178e-01  2.792246601731652178e-01
3.690720262120088524e-01  3.703097605788496227e-01  3.703097605788496227e-01
4.690720262120087192e-01  4.702868176610666695e-01  4.702868176610666695e-01
5.690720262120088080e-01  5.719474600401222020e-01  5.719474600401222020e-01
6.690720262120088968e-01  6.661297097167709902e-01  6.661297097167709902e-01
7.690720262120089856e-01  7.430028843692338958e-01  7.430028843692338958e-01
8.690720262120090744e-01  7.937426419686104406e-01  7.937426419686104406e-01
9.690720262120087192e-01  8.122093372066633288e-01  8.122093372066633288e-01
1.069072026212008808e+00  7.961895289463876146e-01  7.961895289463876146e-01
1.169072026212008897e+00  7.478530219047393457e-01  7.478530219047393457e-01
1.269072026212008986e+00  6.732937780240070280e-01  6.732937780240070280e-01
1.369072026212009074e+00  5.812871358612198280e-01  5.812871358612198280e-01
1.469072026212008719e+00  4.816115568302009597e-01  4.816115568302009597e-01
1.569072026212008808e+00  3.833753539461319249e-01  3.833753539461319249e-01
1.669072026212008897e+00  2.937351508049211302e-01  2.937351508049211302e-01
1.769072026212008986e+00  2.172288292912587793e-01  2.172288292912587793e-01
1.869072026212009074e+00  1.557436090194160849e-01  1.557436090194160849e-01
1.969072026212008719e+00  1.089734554951953122e-01  1.089734554951953122e-01
2.069072026212008808e+00  7.513504846608699828e-02  7.513504846608699828e-02
2.169072026212008897e+00  5.171423523794223265e-02  5.171423523794223265e-02
2.269072026212008986e+00  3.607945813452991674e-02  3.607945813452991674e-02
2.369072026212009074e+00  2.588603434914111753e-02  2.588603434914111753e-02
2.469072026212008719e+00  1.927154139075344316e-02  1.927154139075344316e-02
2.569072026212009252e+00  1.488968411171292562e-02  1.488968411171292562e-02
2.669072026212008897e+00  1.184594610594503529e-02  1.184594610594503529e-02
2.769072026212008542e+00  9.591668234932763590e-03  9.591668234932763590e-03
2.869072026212009074e+00  7.815777899299491960e-03  7.815777899299491960e-03
2.969072026212008719e+00  6.354905025905297107e-03  6.354905025905297107e-03
3.069072026212009252e+00  5.128453112245268466e-03  5.128453112245268466e-03
3.169072026212008897e+00  4.096806252139855581e-03  4.096806252139855581e-03
3.269072026212009430e+00  3.237317464723451100e-03  3.237317464723451100e-03
3.369072026212009074e+00  2.532271138326266241e-03  2.532271138326266241e-03
3.469072026212008719e+00  1.964026775214747656e-03  1.964026775214747656e-03
3.569072026212009252e+00  1.513957829449464427e-03  1.513957829449464427e-03
3.669072026212008897e+00  1.163056880971908690e-03  1.163056880971908690e-03
3.769072026212009430e+00  8.930084606728009439e-04  8.930084606728009439e-04
3.869072026212009074e+00  6.871416814423951872e-04  6.871416814423951872e-04
3.969072026212008719e+00  5.310402918541632170e-04  5.310402918541632170e-04
4.069072026212008808e+00  4.127862538450448662e-04  4.127862538450448662e-04
4.169072026212008453e+00  3.229060482993078326e-04  3.229060482993078326e-04
4.269072026212009874e+00  2.541194208206509200e-04  2.541194208206509200e-04
4.369072026212009519e+00  2.009864195188011302e-04  2.009864195188011302e-04
4.469072026212009163e+00  1.595285472223951183e-04  1.595285472223951183e-04
4.569072026212008808e+00  1.268750329273828602e-04  1.268750329273828602e-04
4.669072026212008453e+00  1.009622202426563471e-04  1.009622202426563471e-04
4.769072026212009874e+00  8.029607569829200014e-05  8.029607569829200014e-05
4.869072026212009519e+00  6.377572157163597050e-05  6.377572157163597050e-05
4.969072026212009163e+00  5.056916445917816511e-05  5.056916445917816511e-05
5.069072026212008808e+00  4.002979785113499836e-05  4.002979785113499836e-05
5.169072026212008453e+00  3.164241155008728953e-05  3.164241155008728953e-05
5.269072026212009874e+00  2.498910381392111733e-05  2.498910381392111733e-05
5.369072026212009519e+00  1.972772855125517200e-05  1.972772855125517200e-05
5.469072026212009163e+00  1.557771509781553007e-05  1.557771509781553007e-05
5.569072026212008808e+00  1.230995132439048972e-05  1.230995132439048972e-05
5.669072026212008453e+00  9.738808518127428930e-06  9.738808518127428930e-06
5.769072026212009874e+00  7.715324103362698169e-06  7.715324103362698169e-06
5.869072026212009519e+00  6.121126221776866296e-06  6.121126221776866296e-06
5.969072026212009163e+00  4.862983020592768575e-06  4.862983020592768575e-06
6.069072026212008808e+00  3.867983305786837666e-06  3.867983305786837666e-06
6.169072026212008453e+00  3.079379181014941109e-06  3.079379181014941109e-06
6.269072026212009874e+00  2.453098553822322040e-06  2.453098553822322040e-06
6.369072026212009519e+00  1.954899224254257539e-06  1.954899224254257539e-06
6.469072026212009163e+00  1.558104529405778519e-06  1.558104529405778519e-06
6.569072026212008808e+00  1.241840452136025345e-06  1.241840452136025345e-06
6.669072026212010229e+00  9.896865588899565252e-07  9.896865588899565252e-07
6.769072026212009874e+00  7.886557245349743324e-07  7.886557245349743324e-07
6.869072026212009519e+00  6.284268426754772787e-07  6.284268426754772787e-07
6.969072026212009163e+00  5.007672622143718339e-07  5.007672622143718339e-07
7.069072026212008808e+00  3.990949231153006922e-07  3.990949231153006922e-07
7.169072026212010229e+00  3.181423692865160208e-07  3.181423692865160208e-07
7.269072026212009874e+00  2.536950879082903907e-07  2.536950879082903907e-07
7.369072026212009519e+00  2.023846734948324659e-07  2.023846734948324659e-07
7.469072026212009163e+00  1.615232554259179527e-07  1.615232554259179527e-07
7.569072026212008808e+00  1.289697888140377794e-07  1.289697888140377794e-07
7.669072026212010229e+00  1.030215950297007149e-07  1.030215950297007149e-07
7.769072026212009874e+00  8.232634001451978054e-08  8.232634001451978054e-08
7.869072026212009519e+00  6.581078331833905564e-08  6.581078331833905564e-08
7.969072026212009163e+00  5.262336706196108409e-08  5.262336706196108409e-08
8.069072026212010584e+00  4.208821378504651152e-08  4.208821378504651152e-08
8.169072026212010229e+00  3.366847394281946562e-08  3.366847394281946562e-08
8.269072026212009874e+00  2.693726911564224646e-08  2.693726911564224646e-08
8.369072026212009519e+00  2.155474576994080759e-08  2.155474576994080759e-08
8.469072026212009163e+00  1.724999793441116341e-08  1.724999793441116341e-08
8.569072026212010584e+00  1.380683726714969019e-08  1.380683726714969019e-08
8.669072026212010229e+00  1.105258405067573082e-08  1.105258405067573082e-08
8.769072026212009874e+00  8.849220888447036028e-09  8.849220888447036028e-09
8.869072026212009519e+00  7.086391844701925279e-09  7.086391844701925279e-09
8.969072026212009163e+00  5.675844662277027834e-09  5.675844662277027834e-09
9.069072026212010584e+00  4.547005036618103734e-09  4.547005036618103734e-09
9.169072026212010229e+00  3.643443046764481922e-09  3.643443046764481922e-09
9.269072026212009874e+00  2.920046347453944834e-09  2.920046347453944834e-09
9.369072026212009519e+00  2.340756073350070065e-09  2.340756073350070065e-09
9.469072026212009163e+00  1.876752657752460958e-09  1.876752657752460958e-09
9.569072026212010584e+00  1.505002459211551987e-09  1.505002459211551987e-09
9.669072026212010229e+00  1.207094210883256172e-09  1.207094210883256172e-09
9.769072026212009874e+00  9.683083542666017669e-10  9.683083542666017669e-10
9.869072026212009519e+00  7.768733738851297619e-10  7.768733738851297619e-10
9.969072026212009163e+00  6.233720756522837450e-10  6.233720756522837450e-10
1.006907202621201058e+01  5.002678790623646540e-10  5.002678790623646540e-10
1.016907202621201023e+01  4.015269905237745276e-10  4.015269905237745276e-10
1.026907202621200987e+01  3.223170538987286367e-10  3.223170538987286367e-10
1.036907202621200952e+01  2.587667281956423804e-10  2.587667281956423804e-10
1.046907202621200916e+01  2.077737719061388367e-10  2.077737719061388367e-10
