-1.552631699036663537e+00  1.062878796410794858e-06  1.062878796410794858e-06
-1.452631699036663449e+00  3.042448640660753170e-06  3.042448640660753170e-06
-1.352631699036663804e+00  8.369028191835158525e-06  8.369028191835158525e-06
-1.252631699036663271e+00  2.209659336251293581e-05  2.209659336251293581e-05
-1.152631699036663626e+00  5.595487126044595749e-05  5.595487126044595749e-05
-1.052631699036663537e+00  1.358285082491082199e-04  1.358285082491082199e-04
-9.526316990366634485e-01  3.159632856844598638e-04  3.159632856844598638e-04
-8.526316990366633597e-01  7.041666715335356949e-04  7.041666715335356949e-04
-7.526316990366634929e-01  1.503279612515877588e-03  1.503279612515877588e-03
-6.526316990366636261e-01  3.073852570967150477e-03  3.073852570967150477e-03
-5.526316990366635373e-01  6.019675813973114978e-03  6.019675813973114978e-03
-4.526316990366634485e-01  1.128983666783362275e-02  1.128983666783362275e-02
-3.526316990366633597e-01  2.027735422354267486e-02  2.027735422354267486e-02
-2.526316990366634929e-01  3.487655282565497311e-02  3.487655282565497311e-02
-1.526316990366634041e-01  5.744440666978472415e-02  5.744440666978472415e-02
-5.263169903666353733e-02  9.060457491172485556e-02  9.060457491172485556e-02
4.736830096333655149e-02  1.368483249190259321e-01  1.368483249190259321e-01
1.473683009633366403e-01  1.979324628376440964e-01  1.979324628376440964e-01
2.473683009633365071e-01  2.741488959120810809e-01  2.741488959120810809e-01
3.473683009633365959e-01  3.636257332458716074e-01  3.636257332458716074e-01
4.473683009633364627e-01  4.618828022646334630e-01  4.618828022646334630e-01
5.473683009633365515e-01  5.618669158433952093e-01  5.618669158433952093e-01
6.473683009633366403e-01  6.546089396461479692e-01  6.546089396461479692e-01
7.473683009633367291e-01  7.304817463087381890e-01  7.304817463087381890e-01
8.473683009633368179e-01  7.808403748166317104e-01  7.808403748166317104e-01
9.473683009633364627e-01  7.996654061461058172e-01  7.996654061461058172e-01
1.047368300963336551e+00  7.847783550245606143e-01  7.847783550245606143e-01
1.147368300963336640e+00  7.382886241904723645e-01  7.382886241904723645e-01
1.247368300963336729e+00  6.661432349357200300e-01  6.661432349357200300e-01
1.347368300963336818e+00  5.769093589125884325e-01  5.769093589125884325e-01
1.447368300963336463e+00  4.801310689309137847e-01  4.801310689309137847e-01
1.547368300963336551e+00  3.846919817428289257e-01  3.846919817428289257e-01
1.647368300963336640e+00  2.975626507072927640e-01  2.975626507072927640e-01
1.747368300963336729e+00  2.231506703063813601e-01  2.231506703063813601e-01
1.847368300963336818e+00  1.632732373940102288e-01  1.632732373940102288e-01
1.947368300963336463e+00  1.176087365870816109e-01  1.176087365870816109e-01
2.047368300963336551e+00  8.440069539441028001e-02  8.440069539441028001e-02
2.147368300963336640e+00  6.119023830129474706e-02  6.119023830129474706e-02
2.247368300963336729e+00  4.541665667031158371e-02  4.541665667031158371e-02
2.347368300963336818e+00  3.481159227291780178e-02  3.481159227291780178e-02
2.447368300963336463e+00  2.758739558031586894e-02  2.758739558031586894e-02
2.547368300963336996e+00  2.246655145813070478e-02  2.246655145813070478e-02
2.647368300963336640e+00  1.861473540010894281e-02  1.861473540010894281e-02
2.747368300963336285e+00  1.553350585354627486e-02  1.553350585354627486e-02
2.847368300963336818e+00  1.295145867914391201e-02  1.295145867914391201e-02
2.947368300963336463e+00  1.073439376931123804e-02  1.073439376931123804e-02
3.047368300963336996e+00  8.820986697608824284e-03  8.820986697608824284e-03
3.147368300963336640e+00  7.182083584803396377e-03  7.182083584803396377e-03
3.247368300963337173e+00  5.798159468688054291e-03  5.798159468688054291e-03
3.347368300963336818e+00  4.648978077223917156e-03  4.648978077223917156e-03
3.447368300963336463e+00  3.710479772169252184e-03  3.710479772169252184e-03
3.547368300963336996e+00  2.955341019818433571e-03  2.955341019818433571e-03
3.647368300963336640e+00  2.354946289606300001e-03  2.354946289606300001e-03
3.747368300963337173e+00  1.881499644246393665e-03  1.881499644246393665e-03
3.847368300963336818e+00  1.509671510445165276e-03  1.509671510445165276e-03
3.947368300963336463e+00  1.217588509306874803e-03  1.217588509306874803e-03
4.047368300963336551e+00  9.872030942920230565e-04  9.872030942920230565e-04
4.147368300963336196e+00  8.041858078053458481e-04  8.041858078053458481e-04
4.247368300963337617e+00  6.575118726355059021e-04  6.575118726355059021e-04
4.347368300963337262e+00  5.388985656741287437e-04  5.388985656741287437e-04
4.447368300963336907e+00  4.422136142702751647e-04  4.422136142702751647e-04
4.547368300963336551e+00  3.629332965347712553e-04  3.629332965347712553e-04
4.647368300963336196e+00  2.976914578017516872e-04  2.976914578017516872e-04
4.747368300963337617e+00  2.439319047199542737e-04  2.439319047199542737e-04
4.847368300963337262e+00  1.996577560940318965e-04  1.996577560940318965e-04
4.947368300963336907e+00  1.632612781665972808e-04  1.632612781665972808e-04
5.047368300963336551e+00  1.334144008938481952e-04  1.334144008938481952e-04
5.147368300963336196e+00  1.090011501267542445e-04  1.090011501267542445e-04
5.247368300963337617e+00  8.907656770275554511e-05  8.907656770275554511e-05
5.347368300963337262e+00  7.284077961704709487e-05  7.284077961704709487e-05
5.447368300963336907e+00  5.962072712911897548e-05  5.962072712911897548e-05
5.547368300963336551e+00  4.885519468802976858e-05  4.885519468802976858e-05
5.647368300963336196e+00  4.008100041862761422e-05  4.008100041862761422e-05
5.747368300963337617e+00  3.291962430237025858e-05  3.291962430237025858e-05
5.847368300963337262e+00  2.706430619850627503e-05  2.706430619850627503e-05
5.947368300963336907e+00  2.226794814225616331e-05  2.226794814225616331e-05
6.047368300963336551e+00  1.833218193461820902e-05  1.833218193461820902e-05
6.147368300963336196e+00  1.509785295257993415e-05  1.509785295257993415e-05
6.247368300963337617e+00  1.243701898508697698e-05  1.243701898508697698e-05
6.347368300963337262e+00  1.024642410481971872e-05  1.024642410481971872e-05
6.447368300963336907e+00  8.442307566468697385e-06  8.442307566468697385e-06
6.547368300963336551e+00  6.956351974450961682e-06  6.956351974450961682e-06
6.647368300963337973e+00  5.732557653563492465e-06  5.732557653563492465e-06
6.747368300963337617e+00  4.724840594500486926e-06  4.724840594500486926e-06
6.847368300963337262e+00  3.895178234015621004e-06  3.895178234015621004e-06
6.947368300963336907e+00  3.212161114853363357e-06  3.212161114853363357e-06
7.047368300963336551e+00  2.649842295009780931e-06  2.649842295009780931e-06
7.147368300963337973e+00  2.186806107712886849e-06  2.186806107712886849e-06
7.247368300963337617e+00  1.805401644409615116e-06  1.805401644409615116e-06
7.347368300963337262e+00  1.491103886703761684e-06  1.491103886703761684e-06
7.447368300963336907e+00  1.231977464559184057e-06  1.231977464559184057e-06
7.547368300963336551e+00  1.018225729263393257e-06  1.018225729263393257e-06
7.647368300963337973e+00  8.418124402212485550e-07  8.418124402212485550e-07
7.747368300963337617e+00  6.961459706497076117e-07  6.961459706497076117e-07
7.847368300963337262e+00  5.758173900847409205e-07  5.758173900847409205e-07
7.947368300963336907e+00  4.763846706746970874e-07  4.763846706746970874e-07
8.047368300963338328e+00  3.941959488822478538e-07  3.941959488822478538e-07
8.147368300963337973e+00  3.262454379262119637e-07  3.262454379262119637e-07
8.247368300963337617e+00  2.700562941355051817e-07  2.700562941355051817e-07
8.347368300963337262e+00  2.235854889233833821e-07  2.235854889233833821e-07
8.447368300963336907e+00  1.851464929461427309e-07  1.851464929461427309e-07
8.547368300963338328e+00  1.533462995643098946e-07  1.533462995643098946e-07
8.647368300963337973e+00  1.270339677612972093e-07  1.270339677612972093e-07
8.747368300963337617e+00  1.052584298556652682e-07  1.052584298556652682e-07
8.847368300963337262e+00  8.723377940465620427e-08  8.723377940465620427e-08
8.947368300963336907e+00  7.231063284553827154e-08  7.231063284553827154e-08
9.047368300963338328e+00  5.995245473312480245e-08  5.995245473312480245e-08
9.147368300963337973e+00  4.971596438925519700e-08  4.971596438925519700e-08
9.247368300963337617e+00  4.123491553917700379e-08  4.123491553917700379e-08
9.347368300963337262e+00  3.420667307936792833e-08  3.420667307936792833e-08
9.447368300963336907e+00  2.838111339222811296e-08  2.838111339222811296e-08
9.547368300963338328e+00  2.355145506133590204e-08  2.355145506133590204e-08
9.647368300963337973e+00  1.954669162295648933e-08  1.954669162295648933e-08
9.747368300963337617e+00  1.622535137743900370e-08  1.622535137743900370e-08
9.847368300963337262e+00  1.347035408626874350e-08  1.347035408626874350e-08
9.947368300963336907e+00  1.118477239288986893e-08  1.118477239288986893e-08
1.004736830096333833e+01  9.288338179103586810e-09  9.288338179103586810e-09
1.014736830096333797e+01  7.714561582595865943e-09  7.714561582595865943e-09
1.024736830096333762e+01  6.408353642465835110e-09  6.408353642465835110e-09
1.034736830096333726e+01  5.324063010685871989e-09  5.324063010685871989e-09
1.044736830096333691e+01  4.423853336241993749e-09  4.423853336241993749e-09
