-1.541666737046492042e+00  6.069861537694357616e-07  6.069861537694357616e-07
-1.441666737046491953e+00  1.821979941020124720e-06  1.821979941020124720e-06
-1.341666737046492308e+00  5.243448693543439380e-06  5.243448693543439380e-06
-1.241666737046491775e+00  1.445221767106400915e-05  1.445221767106400915e-05
-1.141666737046492131e+00  3.812388409180244615e-05  3.812388409180244615e-05
-1.041666737046492042e+00  9.620791866603409541e-05  9.620791866603409541e-05
-9.416667370464919529e-01  2.321923943254462536e-04  2.321923943254462536e-04
-8.416667370464918640e-01  5.358261087349522377e-04  5.358261087349522377e-04
-7.416667370464919973e-01  1.182174127479549298e-03  1.182174127479549298e-03
-6.416667370464921305e-01  2.493342741145048499e-03  2.493342741145048499e-03
-5.416667370464920417e-01  5.026884599036526673e-03  5.026884599036526673e-03
-4.416667370464919529e-01  9.687550538595624330e-03  9.687550538595624330e-03
-3.416667370464918640e-01  1.784492189877682697e-02  1.784492189877682697e-02
-2.416667370464919973e-01  3.141900979446289599e-02  3.141900979446289599e-02
-1.416667370464919085e-01  5.287399356977190434e-02  5.287399356977190434e-02
-4.166673704649204169e-02  8.504729577192017553e-02  8.504729577192017553e-02
5.833326295350804713e-02  1.307515105718400628e-01  1.307515105718400628e-01
1.583332629535081360e-01  1.921328813726758677e-01  1.921328813726758677e-01
2.583332629535080027e-01  2.698537482745644311e-01  2.698537482745644311e-01
3.583332629535080915e-01  3.622700120443820282e-01  3.622700120443820282e-01
4.583332629535079583e-01  4.648597248296039708e-01  4.648597248296039708e-01
5.583332629535080471e-01  5.701768605047670135e-01  5.701768605047670135e-01
6.583332629535081360e-01  6.685188508430467413e-01  6.685188508430467413e-01
7.583332629535082248e-01  7.493085359249079813e-01  7.493085359249079813e-01
8.583332629535083136e-01  8.029516589614081878e-01  8.029516589614081878e-01
9.583332629535079583e-01  8.227290462605013621e-01  8.227290462605013621e-01
1.058333262953508047e+00  8.062092050243463426e-01  8.062092050243463426e-01
1.158333262953508136e+00  7.557701015310747117e-01  7.557701015310747117e-01
1.258333262953508225e+00  6.780736016377135744e-01  6.780736016377135744e-01
1.358333262953508314e+00  5.826503431625310592e-01  5.826503431625310592e-01
1.458333262953507958e+00  4.800072540484535688e-01  4.800072540484535688e-01
1.558333262953508047e+00  3.797724679504040357e-01  3.797724679504040357e-01
1.658333262953508136e+00  2.893183756065402235e-01  2.893183756065402235e-01
1.758333262953508225e+00  2.131009708335392105e-01  2.131009708335392105e-01
1.858333262953508314e+00  1.527136822278495620e-01  1.527136822278495620e-01
1.958333262953507958e+00  1.074657301896620037e-01  1.074657301896620037e-01
2.058333262953508047e+00  7.520964852887777885e-02  7.520964852887777885e-02
2.158333262953508136e+00  5.316088224252837890e-02  5.316088224252837890e-02
2.258333262953508225e+00  3.853795637318319089e-02  3.853795637318319089e-02
2.358333262953508314e+00  2.895593428095398492e-02  2.895593428095398492e-02
2.458333262953507958e+00  2.259015901576115135e-02  2.259015901576115135e-02
2.558333262953508491e+00  1.817384550059112855e-02  1.817384550059112855e-02
2.658333262953508136e+00  1.490358286205447497e-02  1.490358286205447497e-02
2.758333262953507781e+00  1.231376514138938193e-02  1.231376514138938193e-02
2.858333262953508314e+00  1.015878645913251971e-02  1.015878645913251971e-02
2.958333262953507958e+00  8.320994534845711083e-03  8.320994534845711083e-03
3.058333262953508491e+00  6.747833432178535103e-03  6.747833432178535103e-03
3.158333262953508136e+00  5.413882060013550622e-03  5.413882060013550622e-03
3.258333262953508669e+00  4.300901558566962851e-03  4.300901558566962851e-03
3.358333262953508314e+00  3.389336722300096642e-03  3.389336722300096642e-03
3.458333262953507958e+00  2.656228093996129518e-03  2.656228093996129518e-03
3.558333262953508491e+00  2.076150180648227411e-03  2.076150180648227411e-03
3.658333262953508136e+00  1.623149537414742645e-03  1.623149537414742645e-03
3.758333262953508669e+00  1.272614266986320675e-03  1.272614266986320675e-03
3.858333262953508314e+00  1.002616798500946364e-03  1.002616798500946364e-03
3.958333262953507958e+00  7.946269685619239062e-04  7.946269685619239062e-04
4.058333262953508935e+00  6.336758381247471154e-04  6.336758381247471154e-04
4.158333262953508580e+00  5.081249699602924125e-04  5.081249699602924125e-04
4.258333262953508225e+00  4.092051647917975001e-04  4.092051647917975001e-04
4.358333262953507869e+00  3.304634086528469373e-04  3.304634086528469373e-04
4.458333262953507514e+00  2.672176694445094701e-04  2.672176694445094701e-04
4.558333262953508935e+00  2.160793513374780340e-04  2.160793513374780340e-04
4.658333262953508580e+00  1.745699801357072575e-04  1.745699801357072575e-04
4.758333262953508225e+00  1.408349795128754597e-04  1.408349795128754597e-04
4.858333262953507869e+00  1.134431777092884109e-04  1.134431777092884109e-04
4.958333262953507514e+00  9.125426222385141510e-05  9.125426222385141510e-05
5.058333262953508935e+00  7.333544978815501958e-05  7.333544978815501958e-05
5.158333262953508580e+00  5.891090408163065524e-05  5.891090408163065524e-05
5.258333262953508225e+00  4.733110759727380786e-05  4.733110759727380786e-05
5.358333262953507869e+00  3.805324455970925172e-05  3.805324455970925172e-05
5.458333262953507514e+00  3.062698050767166549e-05  3.062698050767166549e-05
5.558333262953508935e+00  2.468254464695677196e-05  2.468254464695677196e-05
5.658333262953508580e+00  1.991971716561701306e-05  1.991971716561701306e-05
5.758333262953508225e+00  1.609732492183156877e-05  1.609732492183156877e-05
5.858333262953507869e+00  1.302333881648399768e-05  1.302333881648399768e-05
5.958333262953507514e+00  1.054582484446804226e-05  1.054582484446804226e-05
6.058333262953508935e+00  8.544975744856235565e-06  8.544975744856235565e-06
6.158333262953508580e+00  6.926346800372637334e-06  6.926346800372637334e-06
6.258333262953508225e+00  5.615303573418798064e-06  5.615303573418798064e-06
6.358333262953507869e+00  4.552595617578326063e-06  4.552595617578326063e-06
6.458333262953507514e+00  3.690910929532472693e-06  3.690910929532472693e-06
6.558333262953507159e+00  2.992240285739726830e-06  2.992240285739726830e-06
6.658333262953508580e+00  2.425881279760143774e-06  2.425881279760143774e-06
6.758333262953508225e+00  1.966929536156204902e-06  1.966929536156204902e-06
6.858333262953507869e+00  1.595130685208617029e-06  1.595130685208617029e-06
6.958333262953507514e+00  1.293994721740847661e-06  1.293994721740847661e-06
7.058333262953507159e+00  1.050100135253646001e-06  1.050100135253646001e-06
7.158333262953508580e+00  8.525365244130670780e-07  8.525365244130670780e-07
7.258333262953508225e+00  6.924506628250928907e-07  6.924506628250928907e-07
7.358333262953507869e+00  5.626725077420409208e-07  5.626725077420409208e-07
7.458333262953507514e+00  4.574052836918129482e-07  4.574052836918129482e-07
7.558333262953507159e+00  3.719685270828167060e-07  3.719685270828167060e-07
7.658333262953508580e+00  3.025857776209411053e-07  3.025857776209411053e-07
7.758333262953508225e+00  2.462102030197893111e-07  2.462102030197893111e-07
7.858333262953507869e+00  2.003823907720241953e-07  2.003823907720241953e-07
7.958333262953507514e+00  1.631151868978918774e-07  1.631151868978918774e-07
8.058333262953508935e+00  1.328010047450443707e-07  1.328010047450443707e-07
8.158333262953508580e+00  1.081375569454494433e-07  1.081375569454494433e-07
8.258333262953508225e+00  8.806850371612069958e-08  8.806850371612069958e-08
8.358333262953507869e+00  7.173604976687137074e-08  7.173604976687137074e-08
8.458333262953507514e+00  5.844303706947716728e-08  5.844303706947716728e-08
8.558333262953508935e+00  4.762254962324205901e-08  4.762254962324205901e-08
8.658333262953508580e+00  3.881345426284161331e-08  3.881345426284161331e-08
8.758333262953508225e+00  3.164064226625149624e-08  3.164064226625149624e-08
8.858333262953507869e+00  2.579901127165324525e-08  2.579901127165324525e-08
8.958333262953507514e+00  2.104044223255900067e-08  2.104044223255900067e-08
9.058333262953508935e+00  1.716319104866224885e-08  1.716319104866224885e-08
9.158333262953508580e+00  1.400323911576770675e-08  1.400323911576770675e-08
9.258333262953508225e+00  1.142724075499871713e-08  1.142724075499871713e-08
9.358333262953507869e+00  9.326776343396599385e-09  9.326776343396599385e-09
9.458333262953507514e+00  7.613674335471572575e-09  7.613674335471572575e-09
9.558333262953508935e+00  6.216207967088097427e-09  6.216207967088097427e-09
9.658333262953508580e+00  5.076006599788503858e-09  5.076006599788503858e-09
9.758333262953508225e+00  4.145549637455164855e-09  4.145549637455164855e-09
9.858333262953507869e+00  3.386134190716716041e-09  3.386134190716716041e-09
9.958333262953507514e+00  2.766227124528536606e-09  2.766227124528536606e-09
1.005833326295350894e+01  2.260128432933234530e-09  2.260128432933234530e-09
1.015833326295350858e+01  1.846886497677166142e-09  1.846886497677166142e-09
1.025833326295350822e+01  1.509417068466591111e-09  1.509417068466591111e-09
1.035833326295350787e+01  1.233787071093265294e-09  1.233787071093265294e-09
1.045833326295350751e+01  1.008631898530627840e-09  1.008631898530627840e-09
