-1.636362094913646814e+00  1.874223239639776072e-165  1.874223239639776072e-165
-1.536362094913646281e+00  1.542210162445871660e-154  1.542210162445871660e-154
-1.436362094913646636e+00  6.006760995537249187e-142  6.006760995537249187e-142
-1.336362094913646548e+00  6.956225877237372838e-130  6.956225877237372838e-130
-1.236362094913646459e+00  2.343922543353336944e-118  2.343922543353336944e-118
-1.136362094913646814e+00  2.297982993644826695e-107  2.297982993644826695e-107
-1.036362094913646281e+00  6.555175714468774092e-97  6.555175714468774092e-97
-9.363620949136466365e-01  5.440713258288613620e-87  5.440713258288613620e-87
-8.363620949136465477e-01  1.313896970055511335e-77  1.313896970055511335e-77
-7.363620949136464588e-01  9.232105469240309125e-69  9.232105469240309125e-69
-6.363620949136465921e-01  1.887444440480999719e-60  1.887444440480999719e-60
-5.363620949136465033e-01  1.122746134562782062e-52  1.122746134562782062e-52
-4.363620949136464144e-01  1.943224304050667433e-45  1.943224304050667433e-45
-3.363620949136465477e-01  9.785843625462773637e-39  9.785843625462773637e-39
-2.363620949136464588e-01  1.433862750380808661e-32  1.433862750380808661e-32
-1.363620949136465921e-01  6.112950322977314845e-27  6.112950322977314845e-27
-3.636209491364650326e-02  7.582774193735274267e-22  7.582774193735274267e-22
6.363790508635358556e-02  2.736776633735300241e-17  2.736776633735300241e-17
1.636379050863534523e-01  2.873985389960560327e-13  2.873985389960560327e-13
2.636379050863535412e-01  8.781399428566092786e-10  8.781399428566092786e-10
3.636379050863534079e-01  7.806868795374443562e-07  7.806868795374443562e-07
4.636379050863534967e-01  2.019407673651298345e-04  2.019407673651298345e-04
5.636379050863535856e-01  1.519865289922460970e-02  1.519865289922460970e-02
6.636379050863536744e-01  3.328282369526145978e-01  3.328282369526145978e-01
7.636379050863537632e-01  2.120651016567211666e+00  2.120651016567211666e+00
8.636379050863534079e-01  3.931445128428648683e+00  3.931445128428648683e+00
9.636379050863534967e-01  2.120651016571309722e+00  2.120651016571309722e+00
1.063637905086353586e+00  3.328282377332436592e-01  3.328282377332436592e-01
1.163637905086353674e+00  1.519873289541334715e-02  1.519873289541334715e-02
1.263637905086353763e+00  2.063626670460521836e-04  2.063626670460521836e-04
1.363637905086353408e+00  1.326262319300091340e-04  1.326262319300091340e-04
1.463637905086353497e+00  2.120504510726002340e-03  2.120504510726002340e-03
1.563637905086353586e+00  1.839626123442657246e-02  1.839626123442657246e-02
1.663637905086353674e+00  8.608690650138710321e-02  8.608690650138710321e-02
1.763637905086353763e+00  2.173009485993576684e-01  2.173009485993576684e-01
1.863637905086353408e+00  2.958714969394807826e-01  2.958714969394807826e-01
1.963637905086353497e+00  2.173009508270615231e-01  2.173009508270615231e-01
2.063637905086353364e+00  8.608698014080459759e-02  8.608698014080459759e-02
2.163637905086353896e+00  1.839787382964753332e-02  1.839787382964753332e-02
2.263637905086353541e+00  2.143903775209807325e-03  2.143903775209807325e-03
2.363637905086353186e+00  3.568491902533175606e-04  3.568491902533175606e-04
2.463637905086353719e+00  1.438056898020398551e-03  1.438056898020398551e-03
2.563637905086353364e+00  6.053009642862036861e-03  6.053009642862036861e-03
2.663637905086353008e+00  1.693443333431325637e-02  1.693443333431325637e-02
2.763637905086353541e+00  3.139450666472864970e-02  3.139450666472864970e-02
2.863637905086353186e+00  3.856689547607538432e-02  3.856689547607538432e-02
2.963637905086353719e+00  3.139453016241666727e-02  3.139453016241666727e-02
3.063637905086353364e+00  1.693475716119936109e-02  1.693475716119936109e-02
3.163637905086353896e+00  6.056215678460325456e-03  6.056215678460325456e-03
3.263637905086353541e+00  1.458066016026983392e-03  1.458066016026983392e-03
3.363637905086353186e+00  3.584079504146105502e-04  3.584079504146105502e-04
3.463637905086353719e+00  5.584036457969921222e-04  5.584036457969921222e-04
3.563637905086353364e+00  1.577415511072357591e-03  1.577415511072357591e-03
3.663637905086353896e+00  3.408906197081741727e-03  3.408906197081741727e-03
3.763637905086353541e+00  5.415868810075004369e-03  5.415868810075004369e-03
3.863637905086353186e+00  6.319591903556475571e-03  6.319591903556475571e-03
3.963637905086353719e+00  5.415919543960659444e-03  5.415919543960659444e-03
4.063637905086353364e+00  3.409267613239611548e-03  3.409267613239611548e-03
4.163637905086353896e+00  1.578575060470724161e-03  1.578575060470724161e-03
4.263637905086353541e+00  5.488020045768681084e-04  5.488020045768681084e-04
4.363637905086353186e+00  1.870598431194904552e-04  1.870598431194904552e-04
4.463637905086353719e+00  1.874221505833579800e-04  1.874221505833579800e-04
4.563637905086353364e+00  3.900804549233901969e-04  3.900804549233901969e-04
4.663637905086353896e+00  7.173974309921050041e-04  7.173974309921050041e-04
4.763637905086353541e+00  1.038540063390446661e-03  1.038540063390446661e-03
4.863637905086353186e+00  1.174987002245830425e-03  1.174987002245830425e-03
4.963637905086353719e+00  1.038572532463283510e-03  1.038572532463283510e-03
5.063637905086353364e+00  7.173998342217031846e-04  7.173998342217031846e-04
5.163637905086353896e+00  3.883250995530564652e-04  3.883250995530564652e-04
5.263637905086353541e+00  1.688219816787727920e-04  1.688219816787727920e-04
5.363637905086353186e+00  7.173632515864030736e-05  7.173632515864030736e-05
5.463637905086353719e+00  5.943810557690127532e-05  5.943810557690127532e-05
5.563637905086353364e+00  9.655111374733985291e-05  9.655111374733985291e-05
5.663637905086353896e+00  1.572936681655230456e-04  1.572936681655230456e-04
5.763637905086353541e+00  2.136290096649040332e-04  2.136290096649040332e-04
5.863637905086353186e+00  2.367298111961789713e-04  2.367298111961789713e-04
5.963637905086353719e+00  2.136147293492023081e-04  2.136147293492023081e-04
6.063637905086353364e+00  1.570369065124871378e-04  1.570369065124871378e-04
6.163637905086353896e+00  9.444879829497294628e-05  9.444879829497294628e-05
6.263637905086353541e+00  4.774747208731908144e-05  4.774747208731908144e-05
6.363637905086353186e+00  2.364132809096602261e-05  2.364132809096602261e-05
6.463637905086352831e+00  1.812773908679214500e-05  1.812773908679214500e-05
6.563637905086354252e+00  2.432773318470066154e-05  2.432773318470066154e-05
6.663637905086353896e+00  3.575684944232766283e-05  3.575684944232766283e-05
6.763637905086353541e+00  4.621713913119257782e-05  4.621713913119257782e-05
6.863637905086353186e+00  5.042764367258219775e-05  5.042764367258219775e-05
6.963637905086352831e+00  4.618177163010470549e-05  4.618177163010470549e-05
7.063637905086354252e+00  3.550982346035854402e-05  3.550982346035854402e-05
7.163637905086353896e+00  2.305204971207793849e-05  2.305204971207793849e-05
7.263637905086353541e+00  1.299223886692060628e-05  1.299223886692060628e-05
7.363637905086353186e+00  7.185410887307185028e-06  7.185410887307185028e-06
7.463637905086352831e+00  5.361831155237150271e-06  5.361831155237150271e-06
7.563637905086354252e+00  6.254373745525569273e-06  6.254373745525569273e-06
7.663637905086353896e+00  8.392234531941643026e-06  8.392234531941643026e-06
7.763637905086353541e+00  1.039352175192914550e-05  1.039352175192914550e-05
7.863637905086353186e+00  1.119365489028240388e-05  1.119365489028240388e-05
7.963637905086354607e+00  1.036409818690430380e-05  1.036409818690430380e-05
8.063637905086354252e+00  8.245560860568713367e-06  8.245560860568713367e-06
8.163637905086353896e+00  5.673353201896173280e-06  5.673353201896173280e-06
8.263637905086353541e+00  3.470631851180953648e-06  3.470631851180953648e-06
8.363637905086353186e+00  2.085614999106152579e-06  2.085614999106152579e-06
8.463637905086354607e+00  1.549522771267347806e-06  1.549522771267347806e-06
8.563637905086354252e+00  1.635585290799603401e-06  1.635585290799603401e-06
8.663637905086353896e+00  2.025537742090148690e-06  2.025537742090148690e-06
8.763637905086353541e+00  2.411658571496866021e-06  2.411658571496866021e-06
8.863637905086353186e+00  2.565618365441789164e-06  2.565618365441789164e-06
8.963637905086354607e+00  2.394757688192320275e-06  2.394757688192320275e-06
9.063637905086354252e+00  1.957022023953069630e-06  1.957022023953069630e-06
9.163637905086353896e+00  1.409733872866268723e-06  1.409733872866268723e-06
9.263637905086353541e+00  9.192264339420525583e-07  9.192264339420525583e-07
9.363637905086353186e+00  5.890300630997790961e-07  5.890300630997790961e-07
9.463637905086354607e+00  4.402631827764871215e-07  4.402631827764871215e-07
9.563637905086354252e+00  4.332787894320623218e-07  4.332787894320623218e-07
9.663637905086353896e+00  5.007705798367901346e-07  5.007705798367901346e-07
9.763637905086353541e+00  5.744391195259233735e-07  5.744391195259233735e-07
9.863637905086353186e+00  6.035324207715915300e-07  6.035324207715915300e-07
9.963637905086354607e+00  5.665446618690055209e-07  5.665446618690055209e-07
1.006363790508635425e+01  4.730643828198243856e-07  4.730643828198243856e-07
1.016363790508635390e+01  3.536443741375916285e-07  3.536443741375916285e-07
1.026363790508635354e+01  2.426435711431696820e-07  2.426435711431696820e-07
1.036363790508635319e+01  1.636043728213369983e-07  1.636043728213369983e-07
