-1.529348754873387506e+00  0.000000000000000000e+00  0.000000000000000000e+00
-1.429348754873387861e+00  0.000000000000000000e+00  0.000000000000000000e+00
-1.329348754873387772e+00  0.000000000000000000e+00  0.000000000000000000e+00
-1.229348754873387684e+00  0.000000000000000000e+00  0.000000000000000000e+00
-1.129348754873388039e+00  0.000000000000000000e+00  0.000000000000000000e+00
-1.029348754873387506e+00  0.000000000000000000e+00  0.000000000000000000e+00
-9.293487548733876391e-01  0.000000000000000000e+00  0.000000000000000000e+00
-8.293487548733877723e-01  0.000000000000000000e+00  0.000000000000000000e+00
-7.293487548733876835e-01  0.000000000000000000e+00  0.000000000000000000e+00
-6.293487548733875947e-01  0.000000000000000000e+00  0.000000000000000000e+00
-5.293487548733877279e-01  0.000000000000000000e+00  0.000000000000000000e+00
-4.293487548733876391e-01  0.000000000000000000e+00  0.000000000000000000e+00
-3.293487548733875503e-01  0.000000000000000000e+00  0.000000000000000000e+00
-2.293487548733876835e-01  0.000000000000000000e+00  0.000000000000000000e+00
-1.293487548733875947e-01  0.000000000000000000e+00  0.000000000000000000e+00
-2.934875487338772793e-02  0.000000000000000000e+00  0.000000000000000000e+00
7.065124512661236089e-02  0.000000000000000000e+00  0.000000000000000000e+00
1.706512451266124497e-01  0.000000000000000000e+00  0.000000000000000000e+00
2.706512451266123165e-01  1.892945564573927000e-265  1.892945564573927000e-265
3.706512451266124053e-01  7.079318217196352517e-195  7.079318217196352517e-195
4.706512451266122721e-01  3.676907429382839095e-135  3.676907429382839095e-135
5.706512451266123609e-01  2.652234440234510236e-86  2.652234440234510236e-86
6.706512451266124497e-01  2.656923663255047470e-48  2.656923663255047470e-48
7.706512451266125385e-01  3.696444549528247785e-21  3.696444549528247785e-21
8.706512451266126273e-01  7.142122043692535201e-05  7.142122043692535201e-05
9.706512451266122721e-01  1.916497649205206955e+01  1.916497649205206955e+01
1.070651245126612361e+00  7.142122043691747800e-05  7.142122043691747800e-05
1.170651245126612450e+00  3.696444549527433027e-21  3.696444549527433027e-21
1.270651245126612539e+00  2.656923663254179044e-48  2.656923663254179044e-48
1.370651245126612627e+00  2.652234440234304856e-86  2.652234440234304856e-86
1.470651245126612272e+00  7.213876578050724427e-69  7.213876578050724427e-69
1.570651245126612361e+00  1.937462541837602074e-44  1.937462541837602074e-44
1.670651245126612450e+00  1.939174528840531766e-25  1.939174528840531766e-25
1.770651245126612539e+00  7.233016528413157461e-12  7.233016528413157461e-12
1.870651245126612627e+00  1.005404890057453845e-03  1.005404890057453845e-03
1.970651245126612272e+00  5.208126270340024400e-01  5.208126270340024400e-01
2.070651245126612139e+00  1.005404890057398550e-03  1.005404890057398550e-03
2.170651245126612672e+00  7.233016528412360168e-12  7.233016528412360168e-12
2.270651245126612316e+00  1.939174528840214933e-25  1.939174528840214933e-25
2.370651245126612849e+00  1.937462541837161982e-44  1.937462541837161982e-44
2.470651245126612494e+00  1.413861325696672379e-47  1.413861325696672379e-47
2.570651245126613027e+00  2.731806200710755411e-31  2.731806200710755411e-31
2.670651245126612672e+00  1.268738957287152350e-18  1.268738957287152350e-18
2.770651245126612316e+00  1.416361071185058100e-09  1.416361071185058100e-09
2.870651245126612849e+00  3.800624865756189021e-04  3.800624865756189021e-04
2.970651245126612494e+00  2.451406575458717901e-02  2.451406575458717901e-02
3.070651245126613027e+00  3.800624865755908755e-04  3.800624865755908755e-04
3.170651245126612672e+00  1.416361071185058100e-09  1.416361071185058100e-09
3.270651245126613205e+00  1.268738957286872898e-18  1.268738957286872898e-18
3.370651245126612849e+00  2.731806200709979004e-31  2.731806200709979004e-31
3.470651245126612494e+00  1.707085466714829926e-37  1.707085466714829926e-37
3.570651245126613027e+00  2.797612556090325890e-25  2.797612556090325890e-25
3.670651245126612672e+00  8.850735456314260171e-16  8.850735456314260171e-16
3.770651245126613205e+00  5.405434881774098349e-09  5.405434881774098349e-09
3.870651245126612849e+00  6.372963155937340124e-05  6.372963155937340124e-05
3.970651245126612494e+00  1.450479728640416844e-03  1.450479728640416844e-03
4.070651245126613027e+00  6.372963155936989114e-05  6.372963155936989114e-05
4.170651245126612672e+00  5.405434881773503606e-09  5.405434881773503606e-09
4.270651245126613205e+00  8.850735456312812611e-16  8.850735456312812611e-16
4.370651245126612849e+00  2.797612556089709674e-25  2.797612556089709674e-25
4.470651245126612494e+00  6.999561737359363762e-32  6.999561737359363762e-32
4.570651245126613027e+00  4.137096318249743196e-22  4.137096318249743196e-22
4.670651245126612672e+00  1.647589689062889720e-14  1.647589689062889720e-14
4.770651245126613205e+00  4.421097464629274755e-09  4.421097464629274755e-09
4.870651245126612849e+00  7.993531734493466911e-06  7.993531734493466911e-06
4.970651245126612494e+00  9.738115208015648693e-05  9.738115208015648693e-05
5.070651245126613027e+00  7.993531734493112851e-06  7.993531734493112851e-06
5.170651245126612672e+00  4.421097464628881844e-09  4.421097464628881844e-09
5.270651245126613205e+00  1.647589689062672941e-14  1.647589689062672941e-14
5.370651245126612849e+00  4.137096318249007806e-22  4.137096318249007806e-22
5.470651245126612494e+00  1.702048192437087494e-28  1.702048192437087494e-28
5.570651245126613027e+00  2.364910727670588996e-20  2.364910727670588996e-20
5.670651245126612672e+00  5.096545969052029292e-14  5.096545969052029292e-14
5.770651245126613205e+00  1.702851588878195870e-09  1.702851588878195870e-09
5.870651245126612849e+00  8.820989615457290678e-07  8.820989615457290678e-07
5.970651245126612494e+00  7.084308766002077682e-06  7.084308766002077682e-06
6.070651245126613027e+00  8.820989615456963512e-07  8.820989615456963512e-07
6.170651245126612672e+00  1.702851588878072206e-09  1.702851588878072206e-09
6.270651245126613205e+00  5.096545969051467623e-14  5.096545969051467623e-14
6.370651245126612849e+00  2.364910727670259482e-20  2.364910727670259482e-20
6.470651245126612494e+00  2.245960438020896230e-26  2.245960438020896230e-26
6.570651245126612139e+00  2.127318310208113132e-19  2.127318310208113132e-19
6.670651245126613560e+00  5.708388229275122002e-14  5.708388229275122002e-14
6.770651245126613205e+00  4.306681994767022984e-10  4.306681994767022984e-10
6.870651245126612849e+00  9.135248933614291753e-08  9.135248933614291753e-08
6.970651245126612494e+00  5.448114757140701321e-07  5.448114757140701321e-07
7.070651245126612139e+00  9.135248933614291753e-08  9.135248933614291753e-08
7.170651245126613560e+00  4.306681994766479629e-10  4.306681994766479629e-10
7.270651245126613205e+00  5.708388229274026432e-14  5.708388229274026432e-14
7.370651245126612849e+00  2.127318310208275633e-19  2.127318310208275633e-19
7.470651245126612494e+00  4.957262210623514008e-25  4.957262210623514008e-25
7.570651245126612139e+00  6.060774415217190456e-19  6.060774415217190456e-19
7.670651245126613560e+00  3.408976563480758593e-14  3.408976563480758593e-14
7.770651245126613205e+00  8.424607092570812399e-11  8.424607092570812399e-11
7.870651245126612849e+00  9.147555208575999229e-09  9.147555208575999229e-09
7.970651245126612494e+00  4.364054516743360888e-08  4.364054516743360888e-08
8.070651245126613915e+00  9.147555208575491340e-09  9.147555208575491340e-09
8.170651245126613560e+00  8.424607092569884406e-11  8.424607092569884406e-11
8.270651245126613205e+00  3.408976563480189351e-14  3.408976563480189351e-14
8.370651245126612849e+00  6.060774415224144989e-19  6.060774415224144989e-19
8.470651245126612494e+00  3.475364703294781429e-24  3.475364703294781429e-24
8.570651245126613915e+00  8.055292009143237102e-19  8.055292009143237102e-19
8.670651245126613560e+00  1.343967452791548801e-14  1.343967452791548801e-14
8.770651245126613205e+00  1.394192215543492282e-11  1.394192215543492282e-11
8.870651245126612849e+00  8.992552765284999026e-10  8.992552765284999026e-10
8.970651245126612494e+00  3.606365794544223286e-09  3.606365794544223286e-09
9.070651245126613915e+00  8.992552765284555450e-10  8.992552765284555450e-10
9.170651245126613560e+00  1.394192215543356088e-11  1.394192215543356088e-11
9.270651245126613205e+00  1.343967452791348273e-14  1.343967452791348273e-14
9.370651245126612849e+00  8.055292009228935207e-19  8.055292009228935207e-19
9.470651245126612494e+00  1.119103610751333028e-23  1.119103610751333028e-23
9.570651245126613915e+00  6.295779779571541599e-19  6.295779779571541599e-19
9.670651245126613560e+00  3.973070258604316957e-15  3.973070258604316957e-15
9.770651245126613205e+00  2.058101347265312881e-12  2.058101347265312881e-12
9.870651245126612849e+00  8.751269615150578930e-11  8.751269615150578930e-11
9.970651245126612494e+00  3.054493227009036068e-10  3.054493227009036068e-10
1.007065124512661392e+01  8.751269615150191189e-11  8.751269615150191189e-11
1.017065124512661356e+01  2.058101347265130320e-12  2.058101347265130320e-12
1.027065124512661320e+01  3.973070258603787631e-15  3.973070258603787631e-15
1.037065124512661285e+01  6.295779780015192080e-19  6.295779780015192080e-19
1.047065124512661249e+01  2.031053611372840601e-23  2.031053611372840601e-23
