-1.662779456481664475e+00  9.838249791086957351e-15  9.838249791086957351e-15
-1.562779456481664386e+00  1.164262732124836334e-13  1.164262732124836334e-13
-1.462779456481664297e+00  1.293932264272835879e-12  1.293932264272835879e-12
-1.362779456481664653e+00  1.321129292686248239e-11  1.321129292686248239e-11
-1.262779456481664564e+00  1.226584897551397919e-10  1.226584897551397919e-10
-1.162779456481664475e+00  1.030692291829096254e-09  1.030692291829096254e-09
-1.062779456481664386e+00  7.821564099695902444e-09  7.821564099695902444e-09
-9.627794564816642975e-01  5.354768451155762342e-08  5.354768451155762342e-08
-8.627794564816644307e-01  3.305586829339473686e-07  3.305586829339473686e-07
-7.627794564816645639e-01  1.839519484270493915e-06  1.839519484270493915e-06
-6.627794564816644751e-01  9.226750867900467253e-06  9.226750867900467253e-06
-5.627794564816643863e-01  4.171089948249249578e-05  4.171089948249249578e-05
-4.627794564816642975e-01  1.699373075945001326e-04  1.699373075945001326e-04
-3.627794564816644307e-01  6.239592018144469836e-04  6.239592018144469836e-04
-2.627794564816643419e-01  2.064649295443929736e-03  2.064649295443929736e-03
-1.627794564816644751e-01  6.156815980856924705e-03  6.156815980856924705e-03
-6.277945648166438630e-02  1.654569309374765568e-02  1.654569309374765568e-02
3.722054351833570252e-02  4.007130975748411650e-02  4.007130975748411650e-02
1.372205435183355693e-01  8.745904871782107792e-02  8.745904871782107792e-02
2.372205435183356581e-01  1.720300214265528260e-01  1.720300214265528260e-01
3.372205435183355249e-01  3.049594912403643665e-01  3.049594912403643665e-01
4.372205435183356137e-01  4.872326962147675022e-01  4.872326962147675022e-01
5.372205435183357025e-01  7.016479708229843570e-01  7.016479708229843570e-01
6.372205435183357913e-01  9.108567312053151843e-01  9.108567312053151843e-01
7.372205435183358802e-01  1.066207312914539296e+00  1.066207312914539296e+00
8.372205435183355249e-01  1.125941296760288646e+00  1.125941296760288646e+00
9.372205435183356137e-01  1.073799024912295064e+00  1.073799024912295064e+00
1.037220543518335703e+00  9.268498547832321188e-01  9.268498547832321188e-01
1.137220543518335791e+00  7.274686433956339959e-01  7.274686433956339959e-01
1.237220543518335880e+00  5.245566585510271773e-01  5.245566585510271773e-01
1.337220543518335525e+00  3.552204214755634859e-01  3.552204214755634859e-01
1.437220543518335614e+00  2.358899368438140132e-01  2.358899368438140132e-01
1.537220543518335703e+00  1.643614592490126591e-01  1.643614592490126591e-01
1.637220543518335791e+00  1.280059173439319631e-01  1.280059173439319631e-01
1.737220543518335880e+00  1.121191076381762436e-01  1.121191076381762436e-01
1.837220543518335525e+00  1.049873815755661133e-01  1.049873815755661133e-01
1.937220543518335614e+00  9.942327484166488261e-02  9.942327484166488261e-02
2.037220543518335703e+00  9.216328605908136185e-02  9.216328605908136185e-02
2.137220543518335791e+00  8.255484004986905766e-02  8.255484004986905766e-02
2.237220543518335880e+00  7.132842756520914318e-02  7.132842756520914318e-02
2.337220543518335525e+00  5.970426775511415707e-02  5.970426775511415707e-02
2.437220543518336058e+00  4.883072223634582487e-02  4.883072223634582487e-02
2.537220543518335703e+00  3.949237496341283238e-02  3.949237496341283238e-02
2.637220543518335347e+00  3.202520859833540845e-02  3.202520859833540845e-02
2.737220543518335880e+00  2.637544056305403395e-02  2.637544056305403395e-02
2.837220543518335525e+00  2.223504362804330087e-02  2.223504362804330087e-02
2.937220543518336058e+00  1.919234070858140059e-02  1.919234070858140059e-02
3.037220543518335703e+00  1.685360134050105374e-02  1.685360134050105374e-02
3.137220543518336235e+00  1.491515301348957448e-02  1.491515301348957448e-02
3.237220543518335880e+00  1.318652236910536346e-02  1.318652236910536346e-02
3.337220543518335525e+00  1.157802716813358807e-02  1.157802716813358807e-02
3.437220543518336058e+00  1.007023092068516645e-02  1.007023092068516645e-02
3.537220543518335703e+00  8.680214999921574692e-03  8.680214999921574692e-03
3.637220543518336235e+00  7.434192852463078482e-03  7.434192852463078482e-03
3.737220543518335880e+00  6.350409497149503424e-03  6.350409497149503424e-03
3.837220543518335525e+00  5.432092461269940990e-03  5.432092461269940990e-03
3.937220543518336058e+00  4.667885985737931474e-03  4.667885985737931474e-03
4.037220543518335703e+00  4.036468663027476325e-03  4.036468663027476325e-03
4.137220543518336235e+00  3.512410160421630071e-03  3.512410160421630071e-03
4.237220543518335880e+00  3.071229249063984687e-03  3.071229249063984687e-03
4.337220543518335525e+00  2.692640503524420560e-03  2.692640503524420560e-03
4.437220543518336058e+00  2.361835930054190409e-03  2.361835930054190409e-03
4.537220543518335703e+00  2.069203466606040626e-03  2.069203466606040626e-03
4.637220543518336235e+00  1.809121802478345182e-03  1.809121802478345182e-03
4.737220543518335880e+00  1.578456255449872843e-03  1.578456255449872843e-03
4.837220543518335525e+00  1.375215400023831712e-03  1.375215400023831712e-03
4.937220543518336058e+00  1.197612505488637302e-03  1.197612505488637302e-03
5.037220543518335703e+00  1.043583272843586320e-03  1.043583272843586320e-03
5.137220543518336235e+00  9.106809584555780081e-04  9.106809584555780081e-04
5.237220543518335880e+00  7.962099091396500437e-04  7.962099091396500437e-04
5.337220543518335525e+00  6.974561735385952218e-04  6.974561735385952218e-04
5.437220543518336058e+00  6.119071685082801051e-04  6.119071685082801051e-04
5.537220543518335703e+00  5.373991603369668302e-04  5.373991603369668302e-04
5.637220543518336235e+00  4.721747576048132035e-04  4.721747576048132035e-04
5.737220543518335880e+00  4.148633032962715768e-04  4.148633032962715768e-04
5.837220543518335525e+00  3.644124048805794146e-04  3.644124048805794146e-04
5.937220543518336058e+00  3.200010431240888687e-04  3.200010431240888687e-04
6.037220543518335703e+00  2.809583312896800854e-04  2.809583312896800854e-04
6.137220543518336235e+00  2.467019739839367920e-04  2.467019739839367920e-04
6.237220543518335880e+00  2.167007175105579487e-04  2.167007175105579487e-04
6.337220543518335525e+00  1.904579302003816968e-04  1.904579302003816968e-04
6.437220543518335170e+00  1.675096920500497653e-04  1.675096920500497653e-04
6.537220543518336591e+00  1.474300496802943459e-04  1.474300496802943459e-04
6.637220543518336235e+00  1.298374283156462125e-04  1.298374283156462125e-04
6.737220543518335880e+00  1.143984719578766001e-04  1.143984719578766001e-04
6.837220543518335525e+00  1.008278827170019937e-04  1.008278827170019937e-04
6.937220543518335170e+00  8.888457472778555669e-05  8.888457472778555669e-05
7.037220543518336591e+00  7.836542931997422378e-05  7.836542931997422378e-05
7.137220543518336235e+00  6.909819334362948557e-05  6.909819334362948557e-05
7.237220543518335880e+00  6.093481481905067484e-05  6.093481481905067484e-05
7.337220543518335525e+00  5.374601588552052291e-05  5.374601588552052291e-05
7.437220543518335170e+00  4.741738206090184693e-05  4.741738206090184693e-05
7.537220543518336591e+00  4.184684144642486530e-05  4.184684144642486530e-05
7.637220543518336235e+00  3.694317680850213334e-05  3.694317680850213334e-05
7.737220543518335880e+00  3.262515026931689420e-05  3.262515026931689420e-05
7.837220543518335525e+00  2.882087819420396378e-05  2.882087819420396378e-05
7.937220543518336946e+00  2.546721355593287807e-05  2.546721355593287807e-05
8.037220543518337479e+00  2.250902221027963000e-05  2.250902221027963000e-05
8.137220543518335347e+00  1.989834308762927163e-05  1.989834308762927163e-05
8.237220543518336768e+00  1.759348477177702071e-05  1.759348477177702071e-05
8.337220543518334637e+00  1.555813280952260161e-05  1.555813280952260161e-05
8.437220543518336058e+00  1.376053374438754830e-05  1.376053374438754830e-05
8.537220543518337479e+00  1.217279723019942635e-05  1.217279723019942635e-05
8.637220543518335347e+00  1.077032934413473135e-05  1.077032934413473135e-05
8.737220543518336768e+00  9.531387138603073542e-06  9.531387138603073542e-06
8.837220543518334637e+00  8.436730671635949823e-06  8.436730671635949823e-06
8.937220543518336058e+00  7.469344450139967843e-06  7.469344450139967843e-06
9.037220543518337479e+00  6.614203135593645758e-06  6.614203135593645758e-06
9.137220543518335347e+00  5.858063243318307827e-06  5.858063243318307827e-06
9.237220543518336768e+00  5.189270364817723155e-06  5.189270364817723155e-06
9.337220543518334637e+00  4.597578001434431301e-06  4.597578001434431301e-06
9.437220543518336058e+00  4.073978360173256079e-06  4.073978360173256079e-06
9.537220543518337479e+00  3.610547326645449623e-06  3.610547326645449623e-06
9.637220543518335347e+00  3.200305817893096202e-06  3.200305817893096202e-06
9.737220543518336768e+00  2.837098613677520331e-06  2.837098613677520331e-06
9.837220543518334637e+00  2.515490322570652169e-06  2.515490322570652169e-06
9.937220543518336058e+00  2.230676906652901427e-06  2.230676906652901427e-06
1.003722054351833748e+01  1.978410448686542414e-06  1.978410448686542414e-06
1.013722054351833535e+01  1.754934645516761586e-06  1.754934645516761586e-06
1.023722054351833677e+01  1.556928739742515048e-06  1.556928739742515048e-06
1.033722054351833464e+01  1.381458076171184504e-06  1.381458076171184504e-06
