-1.530927835026970385e+00  3.154059029866656456e-22  3.154059029866656456e-22
-1.430927835026969852e+00  1.531811253887713246e-20  1.531811253887713246e-20
-1.330927835026970207e+00  6.503971125243182609e-19  6.503971125243182609e-19
-1.230927835026970119e+00  2.371426734070451305e-17  2.371426734070451305e-17
-1.130927835026970030e+00  7.386029971543779138e-16  7.386029971543779138e-16
-1.030927835026970385e+00  1.961921060918215737e-14  1.961921060918215737e-14
-9.309278350269700741e-01  4.442149413092071662e-13  4.442149413092071662e-13
-8.309278350269702074e-01  8.571701686519729262e-12  8.571701686519729262e-12
-7.309278350269701185e-01  1.409529252497668665e-10  1.409529252497668665e-10
-6.309278350269700297e-01  1.975162775219439526e-09  1.975162775219439526e-09
-5.309278350269701630e-01  2.358569625128037982e-08  2.358569625128037982e-08
-4.309278350269700741e-01  2.399990012597779185e-07  2.399990012597779185e-07
-3.309278350269699853e-01  2.081057721521076583e-06  2.081057721521076583e-06
-2.309278350269701185e-01  1.537702465839231071e-05  1.537702465839231071e-05
-1.309278350269700297e-01  9.682193537229159830e-05  9.682193537229159830e-05
-3.092783502697016296e-02  5.195033670563156160e-04  5.195033670563156160e-04
6.907216497302992586e-02  2.375287053263311961e-03  2.375287053263311961e-03
1.690721649730300147e-01  9.254585987890077969e-03  9.254585987890077969e-03
2.690721649730298815e-01  3.072636268361653156e-02  3.072636268361653156e-02
3.690721649730299703e-01  8.693182614556335674e-02  8.693182614556335674e-02
4.690721649730298370e-01  2.095851035920056893e-01  2.095851035920056893e-01
5.690721649730299259e-01  4.305830647898285513e-01  4.305830647898285513e-01
6.690721649730300147e-01  7.538249160474136401e-01  7.538249160474136401e-01
7.690721649730301035e-01  1.124619954271900646e+00  1.124619954271900646e+00
8.690721649730301923e-01  1.429796537141684531e+00  1.429796537141684531e+00
9.690721649730298370e-01  1.549190946148477632e+00  1.549190946148477632e+00
1.069072164973029926e+00  1.430793072083720086e+00  1.430793072083720086e+00
1.169072164973030015e+00  1.126984172028287601e+00  1.126984172028287601e+00
1.269072164973030103e+00  7.582790401844147210e-01  7.582790401844147210e-01
1.369072164973030192e+00  4.381250099093180195e-01  4.381250099093180195e-01
1.469072164973029837e+00  2.213119926374117197e-01  2.213119926374117197e-01
1.569072164973029926e+00  1.037468892755484123e-01  1.037468892755484123e-01
1.669072164973030015e+00  5.298054213801221823e-02  5.298054213801221823e-02
1.769072164973030103e+00  3.644531134344401041e-02  3.644531134344401041e-02
1.869072164973030192e+00  3.305038454023189604e-02  3.305038454023189604e-02
1.969072164973029837e+00  3.247852508283798761e-02  3.247852508283798761e-02
2.069072164973030148e+00  3.085794262881098871e-02  3.085794262881098871e-02
2.169072164973029793e+00  2.738810158069512196e-02  2.738810158069512196e-02
2.269072164973030326e+00  2.255191292224618602e-02  2.255191292224618602e-02
2.369072164973029970e+00  1.724588508189864311e-02  1.724588508189864311e-02
2.469072164973029615e+00  1.231221108339545720e-02  1.231221108339545720e-02
2.569072164973030148e+00  8.296196983702182684e-03  8.296196983702182684e-03
2.669072164973029793e+00  5.386487551146182211e-03  5.386487551146182211e-03
2.769072164973029437e+00  3.489058425725456367e-03  3.489058425725456367e-03
2.869072164973029970e+00  2.359895063011528595e-03  2.359895063011528595e-03
2.969072164973029615e+00  1.727531219937770502e-03  1.727531219937770502e-03
3.069072164973030148e+00  1.368984559452605292e-03  1.368984559452605292e-03
3.169072164973029793e+00  1.136358600671469234e-03  1.136358600671469234e-03
3.269072164973030326e+00  9.502865649928818543e-04  9.502865649928818543e-04
3.369072164973029970e+00  7.793151741438273305e-04  7.793151741438273305e-04
3.469072164973029615e+00  6.185246106711395943e-04  6.185246106711395943e-04
3.569072164973030148e+00  4.734948081753707319e-04  4.734948081753707319e-04
3.669072164973029793e+00  3.507722051295414541e-04  3.507722051295414541e-04
3.769072164973030326e+00  2.536499188357911952e-04  2.536499188357911952e-04
3.869072164973029970e+00  1.814273072729277064e-04  1.814273072729277064e-04
3.969072164973029615e+00  1.304627985874384181e-04  1.304627985874384181e-04
4.069072164973030148e+00  9.576979859660521050e-05  9.576979859660521050e-05
4.169072164973029793e+00  7.239929481601641687e-05  7.239929481601641687e-05
4.269072164973030326e+00  5.628849554055212847e-05  5.628849554055212847e-05
4.369072164973029970e+00  4.456563928728476205e-05  4.456563928728476205e-05
4.469072164973029615e+00  3.546547754961287081e-05  3.546547754961287081e-05
4.569072164973030148e+00  2.805006024057989648e-05  2.805006024057989648e-05
4.669072164973029793e+00  2.189282800571206979e-05  2.189282800571206979e-05
4.769072164973030326e+00  1.681915886871559305e-05  1.681915886871559305e-05
4.869072164973029970e+00  1.273691901933007311e-05  1.273691901933007311e-05
4.969072164973029615e+00  9.551107141420780012e-06  9.551107141420780012e-06
5.069072164973030148e+00  7.138412570880909804e-06  7.138412570880909804e-06
5.169072164973029793e+00  5.354704435286434196e-06  5.354704435286434196e-06
5.269072164973030326e+00  4.054040792789505240e-06  4.054040792789505240e-06
5.369072164973029970e+00  3.106056763963238421e-06  3.106056763963238421e-06
5.469072164973029615e+00  2.406077241564745301e-06  2.406077241564745301e-06
5.569072164973030148e+00  1.877467180942160866e-06  1.877467180942160866e-06
5.669072164973029793e+00  1.468390822729972093e-06  1.468390822729972093e-06
5.769072164973030326e+00  1.145844814631453786e-06  1.145844814631453786e-06
5.869072164973029970e+00  8.893495837069314501e-07  8.893495837069314501e-07
5.969072164973029615e+00  6.857453178321366178e-07  6.857453178321366178e-07
6.069072164973030148e+00  5.256330654573705575e-07  5.256330654573705575e-07
6.169072164973029793e+00  4.013675032189845345e-07  4.013675032189845345e-07
6.269072164973030326e+00  3.061917558003292225e-07  3.061917558003292225e-07
6.369072164973029970e+00  2.340409423001981901e-07  2.340409423001981901e-07
6.469072164973029615e+00  1.796264774875660674e-07  1.796264774875660674e-07
6.569072164973029260e+00  1.385536764806600695e-07  1.385536764806600695e-07
6.669072164973030681e+00  1.073576742417810644e-07  1.073576742417810644e-07
6.769072164973030326e+00  8.343667406597481717e-08  8.343667406597481717e-08
6.869072164973029970e+00  6.491162603145153678e-08  6.491162603145153678e-08
6.969072164973029615e+00  5.045638677929288615e-08  5.045638677929288615e-08
7.069072164973029260e+00  3.913598037288831589e-08  3.913598037288831589e-08
7.169072164973030681e+00  3.027542757934264859e-08  3.027542757934264859e-08
7.269072164973030326e+00  2.336647351186492913e-08  2.336647351186492913e-08
7.369072164973029970e+00  1.800881462452863134e-08  1.800881462452863134e-08
7.469072164973029615e+00  1.387710030490679701e-08  1.387710030490679701e-08
7.569072164973029260e+00  1.070405493605459968e-08  1.070405493605459968e-08
7.669072164973030681e+00  8.271782101626580773e-09  8.271782101626580773e-09
7.769072164973030326e+00  6.406024079577568942e-09  6.406024079577568942e-09
7.869072164973029970e+00  4.970714490285344675e-09  4.970714490285344675e-09
7.969072164973029615e+00  3.862013725779448913e-09  3.862013725779448913e-09
8.069072164973031036e+00  3.002043567218973789e-09  3.002043567218973789e-09
8.169072164973030681e+00  2.332894578889737014e-09  2.332894578889737014e-09
8.269072164973030326e+00  1.811420995545815461e-09  1.811420995545815461e-09
8.369072164973029970e+00  1.405100324811664352e-09  1.405100324811664352e-09
8.469072164973029615e+00  1.088985071455661834e-09  1.088985071455661834e-09
8.569072164973031036e+00  8.435975237160078597e-10  8.435975237160078597e-10
8.669072164973030681e+00  6.535370720376140372e-10  6.535370720376140372e-10
8.769072164973030326e+00  5.065663825886309591e-10  5.065663825886309591e-10
8.869072164973029970e+00  3.929864272896711965e-10  3.929864272896711965e-10
8.969072164973029615e+00  3.051706225901955917e-10  3.051706225901955917e-10
9.069072164973031036e+00  2.371840231307411217e-10  2.371840231307411217e-10
9.169072164973030681e+00  1.844542020971438352e-10  1.844542020971438352e-10
9.269072164973030326e+00  1.434842113485907505e-10  1.434842113485907505e-10
9.369072164973029970e+00  1.116080104358842628e-10  1.116080104358842628e-10
9.469072164973029615e+00  8.679002041987663678e-11  8.679002041987663678e-11
9.569072164973031036e+00  6.746771854852373180e-11  6.746771854852373180e-11
9.669072164973030681e+00  5.243278313772703650e-11  5.243278313772703650e-11
9.769072164973030326e+00  4.074398695075566403e-11  4.074398695075566403e-11
9.869072164973029970e+00  3.166432273394006192e-11  3.166432273394006192e-11
9.969072164973029615e+00  2.461546271344055016e-11  2.461546271344055016e-11
1.006907216497303104e+01  1.914403601439839183e-11  1.914403601439839183e-11
1.016907216497303068e+01  1.489579681650166370e-11  1.489579681650166370e-11
1.026907216497303033e+01  1.159516365203036866e-11  1.159516365203036866e-11
1.036907216497302997e+01  9.028651445789581549e-12  9.028651445789581549e-12
1.046907216497302961e+01  7.031370682300045957e-12  7.031370682300045957e-12
