-1.510101010101007279e+00  4.605525607636953845e-24  4.605525607636953845e-24
-1.410101010101007191e+00  3.192862301020555319e-22  3.192862301020555319e-22
-1.310101010101007546e+00  1.880546174943375502e-20  1.880546174943375502e-20
-1.210101010101007013e+00  9.337340783040414168e-19  9.337340783040414168e-19
-1.110101010101007368e+00  3.900486853818142743e-17  3.900486853818142743e-17
-1.010101010101007279e+00  1.370017113488489702e-15  1.370017113488489702e-15
-9.101010101010071907e-01  4.045493584925189497e-14  4.045493584925189497e-14
-8.101010101010071018e-01  1.004226971689040491e-12  1.004226971689040491e-12
-7.101010101010072351e-01  2.095554641043849492e-11  2.095554641043849492e-11
-6.101010101010073683e-01  3.675952207256064095e-10  3.675952207256064095e-10
-5.101010101010072795e-01  5.420549416930224555e-09  5.420549416930224555e-09
-4.101010101010071907e-01  6.719219882106749702e-08  6.719219882106749702e-08
-3.101010101010071018e-01  7.001583529059556246e-07  7.001583529059556246e-07
-2.101010101010072351e-01  6.133035377229291274e-06  6.133035377229291274e-06
-1.101010101010071462e-01  4.516025564076010140e-05  4.516025564076010140e-05
-1.010101010100727947e-02  2.795368185472062411e-04  2.795368185472062411e-04
8.989898989899280934e-02  1.454532209286022023e-03  1.454532209286022023e-03
1.898989898989928982e-01  6.362230099267595848e-03  6.362230099267595848e-03
2.898989898989927649e-01  2.339360364749075785e-02  2.339360364749075785e-02
3.898989898989928538e-01  7.230805131194806279e-02  7.230805131194806279e-02
4.898989898989927205e-01  1.878789235896161647e-01  1.878789235896161647e-01
5.898989898989928093e-01  4.103661810012739775e-01  4.103661810012739775e-01
6.898989898989928982e-01  7.534729174364143134e-01  7.534729174364143134e-01
7.898989898989929870e-01  1.162967263699663745e+00  1.162967263699663745e+00
8.898989898989930758e-01  1.508947313929959400e+00  1.508947313929959400e+00
9.898989898989927205e-01  1.645869899402793823e+00  1.645869899402793823e+00
1.089898989898992809e+00  1.509229481143272045e+00  1.509229481143272045e+00
1.189898989898992898e+00  1.163661382806762123e+00  1.163661382806762123e+00
1.289898989898992987e+00  7.548390601988331783e-01  7.548390601988331783e-01
1.389898989898993076e+00  4.127789137205561953e-01  4.127789137205561953e-01
1.489898989898992721e+00  1.917712359296344093e-01  1.917712359296344093e-01
1.589898989898992809e+00  7.806149493166886222e-02  7.806149493166886222e-02
1.689898989898992898e+00  3.119025109536690751e-02  3.119025109536690751e-02
1.789898989898992987e+00  1.604938626515799160e-02  1.604938626515799160e-02
1.889898989898993076e+00  1.249059432882982691e-02  1.249059432882982691e-02
1.989898989898992721e+00  1.180847951022687137e-02  1.180847951022687137e-02
2.089898989898992809e+00  1.109041781651752892e-02  1.109041781651752892e-02
2.189898989898992898e+00  9.713059711432398685e-03  9.713059711432398685e-03
2.289898989898992987e+00  7.830183345435543993e-03  7.830183345435543993e-03
2.389898989898993076e+00  5.802506047709781248e-03  5.802506047709781248e-03
2.489898989898992721e+00  3.960557772093317198e-03  3.960557772093317198e-03
2.589898989898993253e+00  2.502936841621829830e-03  2.502936841621829830e-03
2.689898989898992898e+00  1.481351465613133661e-03  1.481351465613133661e-03
2.789898989898992543e+00  8.408749556352775349e-04  8.408749556352775349e-04
2.889898989898993076e+00  4.783875553554563231e-04  4.783875553554563231e-04
2.989898989898992721e+00  2.900993019294106066e-04  2.900993019294106066e-04
3.089898989898993253e+00  1.964370945756596036e-04  1.964370945756596036e-04
3.189898989898992898e+00  1.472051256686053480e-04  1.472051256686053480e-04
3.289898989898993431e+00  1.159224057199678275e-04  1.159224057199678275e-04
3.389898989898993076e+00  9.123360103924549910e-05  9.123360103924549910e-05
3.489898989898992721e+00  6.967026368198159269e-05  6.967026368198159269e-05
3.589898989898993253e+00  5.097405064852111341e-05  5.097405064852111341e-05
3.689898989898992898e+00  3.563603405184149483e-05  3.563603405184149483e-05
3.789898989898993431e+00  2.389001846385584434e-05  2.389001846385584434e-05
3.889898989898993076e+00  1.549677425396223207e-05  1.549677425396223207e-05
3.989898989898992721e+00  9.873068128625594789e-06  9.873068128625594789e-06
4.089898989898992809e+00  6.306548692129018062e-06  6.306548692129018062e-06
4.189898989898992454e+00  4.130438622044572572e-06  4.130438622044572572e-06
4.289898989898993875e+00  2.818077749263517700e-06  2.818077749263517700e-06
4.389898989898993520e+00  2.005544541873945943e-06  2.005544541873945943e-06
4.489898989898993165e+00  1.469531473985380533e-06  1.469531473985380533e-06
4.589898989898992809e+00  1.087629858692364804e-06  1.087629858692364804e-06
4.689898989898992454e+00  7.994610575271212121e-07  7.994610575271212121e-07
4.789898989898993875e+00  5.772750663639435220e-07  5.772750663639435220e-07
4.889898989898993520e+00  4.075394764360751798e-07  4.075394764360751798e-07
4.989898989898993165e+00  2.814071756585013591e-07  2.814071756585013591e-07
5.089898989898992809e+00  1.909334250036544836e-07  1.909334250036544836e-07
5.189898989898992454e+00  1.283093043000098108e-07  1.283093043000098108e-07
5.289898989898993875e+00  8.625819822502391837e-08  8.625819822502391837e-08
5.389898989898993520e+00  5.858541774075329683e-08  5.858541774075329683e-08
5.489898989898993165e+00  4.047723284516833020e-08  4.047723284516833020e-08
5.589898989898992809e+00  2.849499980487855044e-08  2.849499980487855044e-08
5.689898989898992454e+00  2.036089977609384896e-08  2.036089977609384896e-08
5.789898989898993875e+00  1.465985409952395927e-08  1.465985409952395927e-08
5.889898989898993520e+00  1.055203463004145969e-08  1.055203463004145969e-08
5.989898989898993165e+00  7.545431051536468128e-09  7.545431051536468128e-09
6.089898989898992809e+00  5.340792294927101097e-09  5.340792294927101097e-09
6.189898989898992454e+00  3.739202672754671267e-09  3.739202672754671267e-09
6.289898989898993875e+00  2.594111877220843488e-09  2.594111877220843488e-09
6.389898989898993520e+00  1.790014066848802558e-09  1.790014066848802558e-09
6.489898989898993165e+00  1.234391082566318304e-09  1.234391082566318304e-09
6.589898989898992809e+00  8.546768267086564410e-10  8.546768267086564410e-10
6.689898989898994230e+00  5.961609400945024762e-10  5.961609400945024762e-10
6.789898989898993875e+00  4.194290134644795804e-10  4.194290134644795804e-10
6.889898989898993520e+00  2.973024146441018725e-10  2.973024146441018725e-10
6.989898989898993165e+00  2.117110502366589682e-10  2.117110502366589682e-10
7.089898989898992809e+00  1.509217071038072287e-10  1.509217071038072287e-10
7.189898989898994230e+00  1.073557986341089632e-10  1.073557986341089632e-10
7.289898989898993875e+00  7.603671023587052970e-11  7.603671023587052970e-11
7.389898989898993520e+00  5.357953495390555470e-11  5.357953495390555470e-11
7.489898989898993165e+00  3.758302598351887519e-11  3.758302598351887519e-11
7.589898989898992809e+00  2.628474319810287739e-11  2.628474319810287739e-11
7.689898989898994230e+00  1.836944339265730397e-11  1.836944339265730397e-11
7.789898989898993875e+00  1.285702442860885190e-11  1.285702442860885190e-11
7.889898989898993520e+00  9.027728448564926313e-12  9.027728448564926313e-12
7.989898989898993165e+00  6.364280951543834630e-12  6.364280951543834630e-12
8.089898989898994586e+00  4.503394738852753895e-12  4.503394738852753895e-12
8.189898989898994230e+00  3.194964064488366368e-12  3.194964064488366368e-12
8.289898989898993875e+00  2.269051124845462783e-12  2.269051124845462783e-12
8.389898989898993520e+00  1.610620485539072974e-12  1.610620485539072974e-12
8.489898989898993165e+00  1.141296729346550302e-12  1.141296729346550302e-12
8.589898989898994586e+00  8.068857615345431885e-13  8.068857615345431885e-13
8.689898989898994230e+00  5.692115421206082168e-13  5.692115421206082168e-13
8.789898989898993875e+00  4.009286842938093622e-13  4.009286842938093622e-13
8.889898989898993520e+00  2.822445496854341467e-13  2.822445496854341467e-13
8.989898989898993165e+00  1.987981822780175372e-13  1.987981822780175372e-13
9.089898989898994586e+00  1.402182506490460578e-13  1.402182506490460578e-13
9.189898989898994230e+00  9.908472852680194346e-14  9.908472852680194346e-14
9.289898989898993875e+00  7.014840931684666305e-14  7.014840931684666305e-14
9.389898989898993520e+00  4.973409593504232243e-14  4.973409593504232243e-14
9.489898989898993165e+00  3.528725448654607747e-14  3.528725448654607747e-14
9.589898989898994586e+00  2.503714171227864534e-14  2.503714171227864534e-14
9.689898989898994230e+00  1.775364589015577007e-14  1.775364589015577007e-14
9.789898989898993875e+00  1.257687756350778421e-14  1.257687756350778421e-14
9.889898989898993520e+00  8.900680185327760732e-15  8.900680185327760732e-15
9.989898989898993165e+00  6.294260687566873435e-15  6.294260687566873435e-15
1.008989898989899459e+01  4.449661190861237702e-15  4.449661190861237702e-15
1.018989898989899423e+01  3.146207763649290968e-15  3.146207763649290968e-15
1.028989898989899388e+01  2.225948956224688808e-15  2.225948956224688808e-15
1.038989898989899352e+01  1.576257819709574248e-15  1.576257819709574248e-15
1.048989898989899316e+01  1.117241415172611965e-15  1.117241415172611965e-15
