-1.500000000000000000e+00  0.000000000000000000e+00  0.000000000000000000e+00
-1.399999999999999911e+00  0.000000000000000000e+00  0.000000000000000000e+00
-1.299999999999999822e+00  0.000000000000000000e+00  0.000000000000000000e+00
-1.200000000000000178e+00  0.000000000000000000e+00  0.000000000000000000e+00
-1.100000000000000089e+00  0.000000000000000000e+00  0.000000000000000000e+00
-1.000000000000000000e+00  0.000000000000000000e+00  0.000000000000000000e+00
-8.999999999999999112e-01  0.000000000000000000e+00  0.000000000000000000e+00
-7.999999999999998224e-01  0.000000000000000000e+00  0.000000000000000000e+00
-6.999999999999999556e-01  0.000000000000000000e+00  0.000000000000000000e+00
-6.000000000000000888e-01  0.000000000000000000e+00  0.000000000000000000e+00
-5.000000000000000000e-01  0.000000000000000000e+00  0.000000000000000000e+00
-3.999999999999999112e-01  0.000000000000000000e+00  0.000000000000000000e+00
-2.999999999999998224e-01  0.000000000000000000e+00  0.000000000000000000e+00
-1.999999999999999556e-01  0.000000000000000000e+00  0.000000000000000000e+00
-9.999999999999986677e-02  0.000000000000000000e+00  0.000000000000000000e+00
0.000000000000000000e+00  0.000000000000000000e+00  0.000000000000000000e+00
1.000000000000000888e-01  0.000000000000000000e+00  0.000000000000000000e+00
2.000000000000001776e-01  0.000000000000000000e+00  0.000000000000000000e+00
3.000000000000000444e-01  1.970198138568236310e-265  1.970198138568236310e-265
4.000000000000001332e-01  7.368230674394413808e-195  7.368230674394413808e-195
5.000000000000000000e-01  3.826964868209696841e-135  3.826964868209696841e-135
6.000000000000000888e-01  2.760474181080195998e-86  2.760474181080195998e-86
7.000000000000001776e-01  2.765354774922562149e-48  2.765354774922562149e-48
8.000000000000002665e-01  3.847299313353729584e-21  3.847299313353729584e-21
9.000000000000003553e-01  7.433597573672149456e-05  7.433597573672149456e-05
1.000000000000000000e+00  1.994711402007163770e+01  1.994711402007163770e+01
1.100000000000000089e+00  7.433597573671330884e-05  7.433597573671330884e-05
1.200000000000000178e+00  3.847299313352881724e-21  3.847299313352881724e-21
1.300000000000000266e+00  2.765354774921658474e-48  2.765354774921658474e-48
1.400000000000000355e+00  2.760474181078940498e-86  2.760474181078940498e-86
1.500000000000000000e+00  3.826964868209696841e-135  3.826964868209696841e-135
1.600000000000000089e+00  7.368230674391901325e-195  7.368230674391901325e-195
1.700000000000000178e+00  1.970198138567340269e-265  1.970198138567340269e-265
1.800000000000000266e+00  0.000000000000000000e+00  0.000000000000000000e+00
1.900000000000000355e+00  0.000000000000000000e+00  0.000000000000000000e+00
2.000000000000000000e+00  0.000000000000000000e+00  0.000000000000000000e+00
2.100000000000000089e+00  0.000000000000000000e+00  0.000000000000000000e+00
2.200000000000000178e+00  0.000000000000000000e+00  0.000000000000000000e+00
2.300000000000000266e+00  0.000000000000000000e+00  0.000000000000000000e+00
2.400000000000000355e+00  0.000000000000000000e+00  0.000000000000000000e+00
2.500000000000000000e+00  0.000000000000000000e+00  0.000000000000000000e+00
2.600000000000000533e+00  0.000000000000000000e+00  0.000000000000000000e+00
2.700000000000000178e+00  0.000000000000000000e+00  0.000000000000000000e+00
2.799999999999999822e+00  0.000000000000000000e+00  0.000000000000000000e+00
2.900000000000000355e+00  0.000000000000000000e+00  0.000000000000000000e+00
3.000000000000000000e+00  0.000000000000000000e+00  0.000000000000000000e+00
3.100000000000000533e+00  0.000000000000000000e+00  0.000000000000000000e+00
3.200000000000000178e+00  0.000000000000000000e+00  0.000000000000000000e+00
3.300000000000000711e+00  0.000000000000000000e+00  0.000000000000000000e+00
3.400000000000000355e+00  0.000000000000000000e+00  0.000000000000000000e+00
3.500000000000000000e+00  0.000000000000000000e+00  0.000000000000000000e+00
3.600000000000000533e+00  0.000000000000000000e+00  0.000000000000000000e+00
3.700000000000000178e+00  0.000000000000000000e+00  0.000000000000000000e+00
3.800000000000000711e+00  0.000000000000000000e+00  0.000000000000000000e+00
3.900000000000000355e+00  0.000000000000000000e+00  0.000000000000000000e+00
4.000000000000000000e+00  0.000000000000000000e+00  0.000000000000000000e+00
4.100000000000000533e+00  0.000000000000000000e+00  0.000000000000000000e+00
4.200000000000000178e+00  0.000000000000000000e+00  0.000000000000000000e+00
4.300000000000000711e+00  0.000000000000000000e+00  0.000000000000000000e+00
4.400000000000000355e+00  0.000000000000000000e+00  0.000000000000000000e+00
4.500000000000000000e+00  0.000000000000000000e+00  0.000000000000000000e+00
4.600000000000000533e+00  0.000000000000000000e+00  0.000000000000000000e+00
4.700000000000000178e+00  0.000000000000000000e+00  0.000000000000000000e+00
4.800000000000000711e+00  0.000000000000000000e+00  0.000000000000000000e+00
4.900000000000000355e+00  0.000000000000000000e+00  0.000000000000000000e+00
5.000000000000000000e+00  0.000000000000000000e+00  0.000000000000000000e+00
5.100000000000000533e+00  0.000000000000000000e+00  0.000000000000000000e+00
5.200000000000000178e+00  0.000000000000000000e+00  0.000000000000000000e+00
5.300000000000000711e+00  0.000000000000000000e+00  0.000000000000000000e+00
5.400000000000000355e+00  0.000000000000000000e+00  0.000000000000000000e+00
5.500000000000000000e+00  0.000000000000000000e+00  0.000000000000000000e+00
5.600000000000000533e+00  0.000000000000000000e+00  0.000000000000000000e+00
5.700000000000000178e+00  0.000000000000000000e+00  0.000000000000000000e+00
5.800000000000000711e+00  0.000000000000000000e+00  0.000000000000000000e+00
5.900000000000000355e+00  0.000000000000000000e+00  0.000000000000000000e+00
6.000000000000000000e+00  0.000000000000000000e+00  0.000000000000000000e+00
6.100000000000000533e+00  0.000000000000000000e+00  0.000000000000000000e+00
6.200000000000000178e+00  0.000000000000000000e+00  0.000000000000000000e+00
6.300000000000000711e+00  0.000000000000000000e+00  0.000000000000000000e+00
6.400000000000000355e+00  0.000000000000000000e+00  0.000000000000000000e+00
6.500000000000000000e+00  0.000000000000000000e+00  0.000000000000000000e+00
6.599999999999999645e+00  0.000000000000000000e+00  0.000000000000000000e+00
6.700000000000001066e+00  0.000000000000000000e+00  0.000000000000000000e+00
6.800000000000000711e+00  0.000000000000000000e+00  0.000000000000000000e+00
6.900000000000000355e+00  0.000000000000000000e+00  0.000000000000000000e+00
7.000000000000000000e+00  0.000000000000000000e+00  0.000000000000000000e+00
7.099999999999999645e+00  0.000000000000000000e+00  0.000000000000000000e+00
7.200000000000001066e+00  0.000000000000000000e+00  0.000000000000000000e+00
7.300000000000000711e+00  0.000000000000000000e+00  0.000000000000000000e+00
7.400000000000000355e+00  0.000000000000000000e+00  0.000000000000000000e+00
7.500000000000000000e+00  0.000000000000000000e+00  0.000000000000000000e+00
7.599999999999999645e+00  0.000000000000000000e+00  0.000000000000000000e+00
7.700000000000001066e+00  0.000000000000000000e+00  0.000000000000000000e+00
7.800000000000000711e+00  0.000000000000000000e+00  0.000000000000000000e+00
7.900000000000000355e+00  0.000000000000000000e+00  0.000000000000000000e+00
8.000000000000000000e+00  0.000000000000000000e+00  0.000000000000000000e+00
8.100000000000001421e+00  0.000000000000000000e+00  0.000000000000000000e+00
8.200000000000001066e+00  0.000000000000000000e+00  0.000000000000000000e+00
8.300000000000000711e+00  0.000000000000000000e+00  0.000000000000000000e+00
8.400000000000000355e+00  0.000000000000000000e+00  0.000000000000000000e+00
8.500000000000000000e+00  0.000000000000000000e+00  0.000000000000000000e+00
8.600000000000001421e+00  0.000000000000000000e+00  0.000000000000000000e+00
8.700000000000001066e+00  0.000000000000000000e+00  0.000000000000000000e+00
8.800000000000000711e+00  0.000000000000000000e+00  0.000000000000000000e+00
8.900000000000000355e+00  0.000000000000000000e+00  0.000000000000000000e+00
9.000000000000000000e+00  0.000000000000000000e+00  0.000000000000000000e+00
9.100000000000001421e+00  0.000000000000000000e+00  0.000000000000000000e+00
9.200000000000001066e+00  0.000000000000000000e+00  0.000000000000000000e+00
9.300000000000000711e+00  0.000000000000000000e+00  0.000000000000000000e+00
9.400000000000000355e+00  0.000000000000000000e+00  0.000000000000000000e+00
9.500000000000000000e+00  0.000000000000000000e+00  0.000000000000000000e+00
9.600000000000001421e+00  0.000000000000000000e+00  0.000000000000000000e+00
9.700000000000001066e+00  0.000000000000000000e+00  0.000000000000000000e+00
9.800000000000000711e+00  0.000000000000000000e+00  0.000000000000000000e+00
9.900000000000000355e+00  0.000000000000000000e+00  0.000000000000000000e+00
1.000000000000000000e+01  0.000000000000000000e+00  0.000000000000000000e+00
1.010000000000000142e+01  0.000000000000000000e+00  0.000000000000000000e+00
1.020000000000000107e+01  0.000000000000000000e+00  0.000000000000000000e+00
1.030000000000000071e+01  0.000000000000000000e+00  0.000000000000000000e+00
1.040000000000000036e+01  0.000000000000000000e+00  0.000000000000000000e+00
1.050000000000000000e+01  0.000000000000000000e+00  0.000000000000000000e+00
