-1.610946277106411362e+00  0.000000000000000000e+00  0.000000000000000000e+00
-1.510946277106411273e+00  0.000000000000000000e+00  0.000000000000000000e+00
-1.410946277106411628e+00  4.937543844843665589e-319  4.937543844843665589e-319
-1.310946277106411095e+00  6.869539789718581503e-292  6.869539789718581503e-292
-1.210946277106411451e+00  5.942363322403779696e-266  5.942363322403779696e-266
-1.110946277106411362e+00  3.196076742189274559e-241  3.196076742189274559e-241
-1.010946277106411273e+00  1.068812772850000312e-217  1.068812772850000312e-217
-9.109462771064111841e-01  2.222350272970420349e-195  2.222350272970420349e-195
-8.109462771064113173e-01  2.873093936090120913e-174  2.873093936090120913e-174
-7.109462771064114506e-01  2.309476669997387715e-154  2.309476669997387715e-154
-6.109462771064113618e-01  1.154260336755062817e-135  1.154260336755062817e-135
-5.109462771064112729e-01  3.586909379465248513e-118  3.586909379465248513e-118
-4.109462771064111841e-01  6.930482577123174004e-102  6.930482577123174004e-102
-3.109462771064113173e-01  8.325934435210834307e-87  8.325934435210834307e-87
-2.109462771064112285e-01  6.219119993301301230e-73  6.219119993301301230e-73
-1.109462771064113618e-01  2.888360021107150116e-60  2.888360021107150116e-60
-1.094627710641127294e-02  8.340654914980196707e-49  8.340654914980196707e-49
8.905372289358881588e-02  1.497529616998475173e-38  1.497529616998475173e-38
1.890537228935886827e-01  1.671772306100420460e-29  1.671772306100420460e-29
2.890537228935887715e-01  1.160393459035371133e-21  1.160393459035371133e-21
3.890537228935886382e-01  5.007948530274210342e-15  5.007948530274210342e-15
4.890537228935887271e-01  1.343819319649997640e-09  1.343819319649997640e-09
5.890537228935888159e-01  2.242065745093126353e-05  2.242065745093126353e-05
6.890537228935889047e-01  2.325852908158593593e-02  2.325852908158593593e-02
7.890537228935889935e-01  1.500177290313939871e+00  1.500177290313939871e+00
8.890537228935886382e-01  6.016298382396836786e+00  6.016298382396836786e+00
9.890537228935887271e-01  1.500177290313921885e+00  1.500177290313921885e+00
1.089053722893588816e+00  2.325852908158537735e-02  2.325852908158537735e-02
1.189053722893588905e+00  2.242065745157209477e-05  2.242065745157209477e-05
1.289053722893588994e+00  1.349165244798399354e-09  1.349165244798399354e-09
1.389053722893588638e+00  1.110581313454504626e-08  1.110581313454504626e-08
1.489053722893588727e+00  5.752951037882920004e-06  5.752951037882920004e-06
1.589053722893588816e+00  7.430951201394085529e-04  7.430951201394085529e-04
1.689053722893588905e+00  2.393378362168734064e-02  2.393378362168734064e-02
1.789053722893588994e+00  1.922168832594513543e-01  1.922168832594513543e-01
1.889053722893588638e+00  3.849328021806729949e-01  3.849328021806729949e-01
1.989053722893588727e+00  1.922168832594501608e-01  1.922168832594501608e-01
2.089053722893588816e+00  2.393378362169282583e-02  2.393378362169282583e-02
2.189053722893588905e+00  7.430951261366199609e-04  7.430951261366199609e-04
2.289053722893588994e+00  5.755415713323116516e-06  5.755415713323116516e-06
2.389053722893588638e+00  4.123831140256759616e-07  4.123831140256759616e-07
2.489053722893589171e+00  2.588242892123083589e-05  2.588242892123083589e-05
2.589053722893588816e+00  6.613643198162732963e-04  6.613643198162732963e-04
2.689053722893588461e+00  6.695022825493408131e-03  6.695022825493408131e-03
2.789053722893588994e+00  2.684966320660496855e-02  2.684966320660496855e-02
2.889053722893588638e+00  4.265806017788306009e-02  4.265806017788306009e-02
2.989053722893589171e+00  2.684966320660837902e-02  2.684966320660837902e-02
3.089053722893588816e+00  6.695022826820776034e-03  6.695022826820776034e-03
3.189053722893589349e+00  6.613645624440514081e-04  6.613645624440514081e-04
3.289053722893588994e+00  2.590456975071727923e-05  2.590456975071727923e-05
3.389053722893588638e+00  1.410675170525430874e-06  1.410675170525430874e-06
3.489053722893589171e+00  2.297625418196632256e-05  2.297625418196632256e-05
3.589053722893588816e+00  2.611015880811235856e-04  2.611015880811235856e-04
3.689053722893589349e+00  1.481811561229106787e-03  1.481811561229106787e-03
3.789053722893588994e+00  4.199359584511738221e-03  4.199359584511738221e-03
3.889053722893588638e+00  5.942644616984175086e-03  5.942644616984175086e-03
3.989053722893589171e+00  4.199359584670634554e-03  4.199359584670634554e-03
4.089053722893588372e+00  1.481811579089605023e-03  1.481811579089605023e-03
4.189053722893589793e+00  2.611027344617260649e-04  2.611027344617260649e-04
4.289053722893589438e+00  2.301643572471822970e-05  2.301643572471822970e-05
4.389053722893589082e+00  1.914904092219476079e-06  1.914904092219476079e-06
4.489053722893588727e+00  1.105347032444516881e-05  1.105347032444516881e-05
4.589053722893588372e+00  7.710641393716289726e-05  7.710641393716289726e-05
4.689053722893589793e+00  3.092259419629808095e-04  3.092259419629808095e-04
4.789053722893589438e+00  7.115214342449323369e-04  7.115214342449323369e-04
4.889053722893589082e+00  9.393454663157692688e-04  9.393454663157692688e-04
4.989053722893588727e+00  7.115214353986598411e-04  7.115214353986598411e-04
5.089053722893588372e+00  3.092259998650911078e-04  3.092259998650911078e-04
5.189053722893589793e+00  7.710807898589910078e-05  7.710807898589910078e-05
5.289053722893589438e+00  1.106999730138841982e-05  1.106999730138841982e-05
5.389053722893589082e+00  1.398966284893813895e-06  1.398966284893813895e-06
5.489053722893588727e+00  4.005720161145190983e-06  4.005720161145190983e-06
5.589053722893588372e+00  2.003434126853214248e-05  2.003434126853214248e-05
5.689053722893589793e+00  6.373908989199318935e-05  6.373908989199318935e-05
5.789053722893589438e+00  1.276436243162028315e-04  1.276436243162028315e-04
5.889053722893589082e+00  1.608904464454399559e-04  1.608904464454399559e-04
5.989053722893588727e+00  1.276436272084958176e-04  1.276436272084958176e-04
6.089053722893588372e+00  6.373916105044130111e-05  6.373916105044130111e-05
6.189053722893589793e+00  2.003493492953358014e-05  2.003493492953358014e-05
6.289053722893589438e+00  3.986102033028959959e-06  3.986102033028959959e-06
6.389053722893589082e+00  6.976916199173258748e-07  6.976916199173258748e-07
6.489053722893588727e+00  1.256677169817721215e-06  1.256677169817721215e-06
6.589053722893590148e+00  4.886580740366401840e-06  4.886580740366401840e-06
6.689053722893589793e+00  1.317301402511202886e-05  1.317301402511202886e-05
6.789053722893589438e+00  2.388866294205685382e-05  2.388866294205685382e-05
6.889053722893589082e+00  2.913140052403770914e-05  2.913140052403770914e-05
6.989053722893588727e+00  2.388866607218484995e-05  2.388866607218484995e-05
7.089053722893590148e+00  1.317303690504892829e-05  1.317303690504892829e-05
7.189053722893589793e+00  4.885783179778906038e-06  4.885783179778906038e-06
7.289053722893589438e+00  1.228609907255479981e-06  1.228609907255479981e-06
7.389053722893589082e+00  2.758341858003383399e-07  2.758341858003383399e-07
7.489053722893588727e+00  3.646251004151110644e-07  3.646251004151110644e-07
7.589053722893590148e+00  1.153348260253877138e-06  1.153348260253877138e-06
7.689053722893589793e+00  2.743521225097302369e-06  2.743521225097302369e-06
7.789053722893589438e+00  4.618378919653238568e-06  4.618378919653238568e-06
7.889053722893589082e+00  5.493987212765909242e-06  5.493987212765909242e-06
7.989053722893590503e+00  4.618379843661697426e-06  4.618379843661697426e-06
8.089053722893590148e+00  2.743487106308337458e-06  2.743487106308337458e-06
8.189053722893589793e+00  1.152158039474525322e-06  1.152158039474525322e-06
8.289053722893589438e+00  3.457294112431545655e-07  3.457294112431545655e-07
8.389053722893589082e+00  9.416738403777764504e-08  9.416738403777764504e-08
8.489053722893590503e+00  1.010994168604370032e-07  1.010994168604370032e-07
8.589053722893590148e+00  2.676503595385466942e-07  2.676503595385466942e-07
8.689053722893589793e+00  5.766713798928835432e-07  5.766713798928835432e-07
8.789053722893589438e+00  9.160746301719956351e-07  9.160746301719956351e-07
8.889053722893589082e+00  1.068931104160221799e-06  1.068931104160221799e-06
8.989053722893590503e+00  9.160731045756677910e-07  9.160731045756677910e-07
9.089053722893590148e+00  5.766186672311689163e-07  5.766186672311689163e-07
9.189053722893589793e+00  2.667763375510725525e-07  2.667763375510725525e-07
9.289053722893589438e+00  9.192977326149163113e-08  9.192977326149163113e-08
9.389053722893589082e+00  2.918287646631673827e-08  2.918287646631673827e-08
9.489053722893590503e+00  2.723189412432700752e-08  2.723189412432700752e-08
9.589053722893590148e+00  6.162656031401514314e-08  6.162656031401514314e-08
9.689053722893589793e+00  1.223549437641050248e-07  1.223549437641050248e-07
9.789053722893589438e+00  1.855205279321112283e-07  1.855205279321112283e-07
9.889053722893589082e+00  2.131581897419431636e-07  2.131581897419431636e-07
9.989053722893590503e+00  1.855181110744960576e-07  1.855181110744960576e-07
1.008905372289359015e+01  1.223134543770124033e-07  1.223134543770124033e-07
1.018905372289358979e+01  6.115990566123581951e-08  6.115990566123581951e-08
1.028905372289358944e+01  2.355979626560433802e-08  2.355979626560433802e-08
1.038905372289358908e+01  8.464111077809010210e-09  8.464111077809010210e-09
