-1.649411903110715283e+00  5.945528144733333703e-07  5.945528144733333703e-07
-1.549411903110715194e+00  1.751676288218662886e-06  1.751676288218662886e-06
-1.449411903110715549e+00  4.976087591218875088e-06  4.976087591218875088e-06
-1.349411903110715016e+00  1.359089464216711665e-05  1.359089464216711665e-05
-1.249411903110715372e+00  3.562088612593859141e-05  3.562088612593859141e-05
-1.149411903110715283e+00  8.947599159782107232e-05  8.947599159782107232e-05
-1.049411903110715194e+00  2.152213087621592099e-04  2.152213087621592099e-04
-9.494119031107151052e-01  4.954427864117623339e-04  4.954427864117623339e-04
-8.494119031107152384e-01  1.091097521848245896e-03  1.091097521848245896e-03
-7.494119031107153717e-01  2.298163359641692063e-03  2.298163359641692063e-03
-6.494119031107152828e-01  4.628781768171674055e-03  4.628781768171674055e-03
-5.494119031107151940e-01  8.913877195447113960e-03  8.913877195447113960e-03
-4.494119031107151052e-01  1.641131511149137440e-02  1.641131511149137440e-02
-3.494119031107152384e-01  2.888495917076048733e-02  2.888495917076048733e-02
-2.494119031107151496e-01  4.859993202257629347e-02  4.859993202257629347e-02
-1.494119031107152828e-01  7.816748224957172086e-02  7.816748224957172086e-02
-4.941190311071519403e-02  1.201822313129279896e-01  1.201822313129279896e-01
5.058809688928489479e-02  1.766367072073788680e-01  1.766367072073788680e-01
1.505880968892847616e-01  2.481745183347935091e-01  2.481745183347935091e-01
2.505880968892848504e-01  3.333381731626972599e-01  3.333381731626972599e-01
3.505880968892847172e-01  4.280452786723973890e-01  4.280452786723973890e-01
4.505880968892848060e-01  5.255432988429882268e-01  5.255432988429882268e-01
5.505880968892848948e-01  6.170150779892650261e-01  6.170150779892650261e-01
6.505880968892849836e-01  6.928357966677377577e-01  6.928357966677377577e-01
7.505880968892850724e-01  7.442634260974261284e-01  7.442634260974261284e-01
8.505880968892847172e-01  7.651604800434929077e-01  7.651604800434929077e-01
9.505880968892848060e-01  7.532780819683260187e-01  7.532780819683260187e-01
1.050588096889284895e+00  7.107277275635277558e-01  7.107277275635277558e-01
1.150588096889284984e+00  6.434989321431348053e-01  6.434989321431348053e-01
1.250588096889285072e+00  5.601679620406971871e-01  5.601679620406971871e-01
1.350588096889284717e+00  4.701749160006867267e-01  4.701749160006867267e-01
1.450588096889284806e+00  3.821394564862129473e-01  3.821394564862129473e-01
1.550588096889284895e+00  3.026170764135031610e-01  3.026170764135031610e-01
1.650588096889284984e+00  2.355119282132444036e-01  2.355119282132444036e-01
1.750588096889285072e+00  1.821424287892153826e-01  1.821424287892153826e-01
1.850588096889284717e+00  1.417837420880505017e-01  1.417837420880505017e-01
1.950588096889284806e+00  1.124334449703587868e-01  1.124334449703587868e-01
2.050588096889284895e+00  9.156401962365641467e-02  9.156401962365641467e-02
2.150588096889284984e+00  7.670494233388211458e-02  7.670494233388211458e-02
2.250588096889285072e+00  6.579339538892123307e-02  6.579339538892123307e-02
2.350588096889284717e+00  5.731054960998203940e-02  5.731054960998203940e-02
2.450588096889285250e+00  5.026354966035413013e-02  5.026354966035413013e-02
2.550588096889284895e+00  4.408315399945614971e-02  4.408315399945614971e-02
2.650588096889284540e+00  3.849488609967274128e-02  3.849488609967274128e-02
2.750588096889285072e+00  3.340076466214712825e-02  3.340076466214712825e-02
2.850588096889284717e+00  2.878891025050836147e-02  2.878891025050836147e-02
2.950588096889285250e+00  2.467424916163737936e-02  2.467424916163737936e-02
3.050588096889284895e+00  2.106581305906199408e-02  2.106581305906199408e-02
3.150588096889285428e+00  1.795330972247664511e-02  1.795330972247664511e-02
3.250588096889285072e+00  1.530574600938520297e-02  1.530574600938520297e-02
3.350588096889284717e+00  1.307630904504327070e-02  1.307630904504327070e-02
3.450588096889285250e+00  1.120945340572344386e-02  1.120945340572344386e-02
3.550588096889284895e+00  9.647709362964924582e-03  9.647709362964924582e-03
3.650588096889285428e+00  8.336946457765411975e-03  8.336946457765411975e-03
3.750588096889285072e+00  7.229681011069646890e-03  7.229681011069646890e-03
3.850588096889284717e+00  6.286551107056150868e-03  6.286551107056150868e-03
3.950588096889285250e+00  5.476362615638517839e-03  5.476362615638517839e-03
4.050588096889285339e+00  4.775202309512551098e-03  4.775202309512551098e-03
4.150588096889284984e+00  4.165082797589388271e-03  4.165082797589388271e-03
4.250588096889284628e+00  3.632484602682165952e-03  3.632484602682165952e-03
4.350588096889284273e+00  3.167037530727178068e-03  3.167037530727178068e-03
4.450588096889285694e+00  2.760467307905280655e-03  2.760467307905280655e-03
4.550588096889285339e+00  2.405841780235553826e-03  2.405841780235553826e-03
4.650588096889284984e+00  2.097090044097177537e-03  2.097090044097177537e-03
4.750588096889284628e+00  1.828736006738518457e-03  1.828736006738518457e-03
4.850588096889284273e+00  1.595778855666196271e-03  1.595778855666196271e-03
4.950588096889285694e+00  1.393658973224078459e-03  1.393658973224078459e-03
5.050588096889285339e+00  1.218261691455300565e-03  1.218261691455300565e-03
5.150588096889284984e+00  1.065927287195376572e-03  1.065927287195376572e-03
5.250588096889284628e+00  9.334500886499954957e-04  9.334500886499954957e-04
5.350588096889284273e+00  8.180606363210282152e-04  8.180606363210282152e-04
5.450588096889285694e+00  7.173920319098894089e-04  7.173920319098894089e-04
5.550588096889285339e+00  6.294353231751025849e-04  6.294353231751025849e-04
5.650588096889284984e+00  5.524898540414073392e-04  5.524898540414073392e-04
5.750588096889284628e+00  4.851139052612870629e-04  4.851139052612870629e-04
5.850588096889284273e+00  4.260795030744738950e-04  4.260795030744738950e-04
5.950588096889285694e+00  3.743336143712962640e-04  3.743336143712962640e-04
6.050588096889285339e+00  3.289664783117845289e-04  3.289664783117845289e-04
6.150588096889284984e+00  2.891867434895578756e-04  2.891867434895578756e-04
6.250588096889284628e+00  2.543024308604776998e-04  2.543024308604776998e-04
6.350588096889284273e+00  2.237064733766795730e-04  2.237064733766795730e-04
6.450588096889283918e+00  1.968655940902146650e-04  1.968655940902146650e-04
6.550588096889285339e+00  1.733114660529677783e-04  1.733114660529677783e-04
6.650588096889284984e+00  1.526333539210044288e-04  1.526333539210044288e-04
6.750588096889284628e+00  1.344716981139817643e-04  1.344716981139817643e-04
6.850588096889284273e+00  1.185123243983156842e-04  1.185123243983156842e-04
6.950588096889283918e+00  1.044811254813765285e-04  1.044811254813765285e-04
7.050588096889285339e+00  9.213916489342963286e-05  9.213916489342963286e-05
7.150588096889284984e+00  8.127820618653777685e-05  8.127820618653777685e-05
7.250588096889284628e+00  7.171668625520153924e-05  7.171668625520153924e-05
7.350588096889284273e+00  6.329614481847112403e-05  6.329614481847112403e-05
7.450588096889283918e+00  5.587810501831610142e-05  5.587810501831610142e-05
7.550588096889285339e+00  4.934138147908652037e-05  4.934138147908652037e-05
7.650588096889284984e+00  4.357977728851028027e-05  4.357977728851028027e-05
7.750588096889284628e+00  3.850012245817415591e-05  3.850012245817415591e-05
7.850588096889284273e+00  3.402060361267780845e-05  3.402060361267780845e-05
7.950588096889285694e+00  3.006933678719509622e-05  3.006933678719509622e-05
8.050588096889285339e+00  2.658314060307144180e-05  2.658314060307144180e-05
8.150588096889284984e+00  2.350647406387031767e-05  2.350647406387031767e-05
8.250588096889284628e+00  2.079051040762676668e-05  2.079051040762676668e-05
8.350588096889284273e+00  1.839232494328453914e-05  1.839232494328453914e-05
8.450588096889285694e+00  1.627418010464676959e-05  1.627418010464676959e-05
8.550588096889285339e+00  1.440289494225768125e-05  1.440289494225768125e-05
8.650588096889284984e+00  1.274928905282192662e-05  1.274928905282192662e-05
8.750588096889284628e+00  1.128769275824655915e-05  1.128769275824655915e-05
8.850588096889284273e+00  9.995516473994263569e-06  9.995516473994263569e-06
8.950588096889285694e+00  8.852872909947125414e-06  8.852872909947125414e-06
9.050588096889285339e+00  7.842246232375237348e-06  7.842246232375237348e-06
9.150588096889284984e+00  6.948202723085717674e-06  6.948202723085717674e-06
9.250588096889284628e+00  6.157137880424826061e-06  6.157137880424826061e-06
9.350588096889284273e+00  5.457055347544401349e-06  5.457055347544401349e-06
9.450588096889285694e+00  4.837373525262677668e-06  4.837373525262677668e-06
9.550588096889285339e+00  4.288756211919637220e-06  4.288756211919637220e-06
9.650588096889284984e+00  3.802964087435797721e-06  3.802964087435797721e-06
9.750588096889284628e+00  3.372724302245390715e-06  3.372724302245390715e-06
9.850588096889284273e+00  2.991615829134117510e-06  2.991615829134117510e-06
9.950588096889285694e+00  2.653968579953369432e-06  2.653968579953369432e-06
1.005058809688928534e+01  2.354774579030461101e-06  2.354774579030461101e-06
1.015058809688928498e+01  2.089609725035172081e-06  2.089609725035172081e-06
1.025058809688928463e+01  1.854564870115250944e-06  1.854564870115250944e-06
1.035058809688928427e+01  1.646185107317227693e-06  1.646185107317227693e-06
