-1.510101010319465420e+00  3.286025857003810620e-09  3.286025857003810620e-09
-1.410101010319465331e+00  1.513761542896260364e-08  1.513761542896260364e-08
-1.310101010319465686e+00  6.560666530924316825e-08  6.560666530924316825e-08
-1.210101010319465153e+00  2.673437812815382019e-07  2.673437812815382019e-07
-1.110101010319465509e+00  1.023931922874272489e-06  1.023931922874272489e-06
-1.010101010319465420e+00  3.685220734806510815e-06  3.685220734806510815e-06
-9.101010103194653311e-01  1.246224343772436881e-05  1.246224343772436881e-05
-8.101010103194652423e-01  3.959485337151190403e-05  3.959485337151190403e-05
-7.101010103194653755e-01  1.181877444425950238e-04  1.181877444425950238e-04
-6.101010103194655088e-01  3.314254159470707783e-04  3.314254159470707783e-04
-5.101010103194654199e-01  8.731152100437281158e-04  8.731152100437281158e-04
-4.101010103194653311e-01  2.160851985059514084e-03  2.160851985059514084e-03
-3.101010103194652423e-01  5.023925731502582731e-03  5.023925731502582731e-03
-2.101010103194653755e-01  1.097297058983658265e-02  1.097297058983658265e-02
-1.101010103194652867e-01  2.251473603624699546e-02  2.251473603624699546e-02
-1.010101031946541994e-02  4.339807928391024167e-02  4.339807928391024167e-02
8.989898968053466888e-02  7.858415036322699554e-02  7.858415036322699554e-02
1.898989896805347577e-01  1.336781479416610241e-01  1.336781479416610241e-01
2.898989896805346245e-01  2.136227579914463104e-01  2.136227579914463104e-01
3.898989896805347133e-01  3.206988694557558750e-01  3.206988694557558750e-01
4.898989896805345801e-01  4.522848762156436164e-01  4.522848762156436164e-01
5.898989896805346689e-01  5.992312092610472263e-01  5.992312092610472263e-01
6.898989896805347577e-01  7.458459933757467519e-01  7.458459933757467519e-01
7.898989896805348465e-01  8.721346834379912760e-01  8.721346834379912760e-01
8.898989896805349353e-01  9.580962755801302189e-01  9.580962755801302189e-01
9.898989896805345801e-01  9.888821322084403453e-01  9.888821322084403453e-01
1.089898989680534669e+00  9.590035377322538857e-01  9.590035377322538857e-01
1.189898989680534758e+00  8.739514654317325215e-01  8.739514654317325215e-01
1.289898989680534847e+00  7.485715108307082755e-01  7.485715108307082755e-01
1.389898989680534935e+00  6.028522707518565449e-01  6.028522707518565449e-01
1.489898989680534580e+00  4.567646779886103126e-01  4.567646779886103126e-01
1.589898989680534669e+00  3.259667148009637860e-01  3.259667148009637860e-01
1.689898989680534758e+00  2.195674266201256830e-01  2.195674266201256830e-01
1.789898989680534847e+00  1.401470034331181724e-01  1.401470034331181724e-01
1.889898989680534935e+00  8.538895124147252713e-02  8.538895124147252713e-02
1.989898989680534580e+00  5.032708472850245390e-02  5.032708472850245390e-02
2.089898989680534669e+00  2.934937890951976047e-02  2.934937890951976047e-02
2.189898989680534758e+00  1.750641658502830392e-02  1.750641658502830392e-02
2.289898989680534847e+00  1.107847190919446570e-02  1.107847190919446570e-02
2.389898989680534935e+00  7.601415263687258915e-03  7.601415263687258915e-03
2.489898989680534580e+00  5.614924931810001858e-03  5.614924931810001858e-03
2.589898989680535113e+00  4.341227319600148883e-03  4.341227319600148883e-03
2.689898989680534758e+00  3.409486286483860273e-03  3.409486286483860273e-03
2.789898989680534402e+00  2.663426527434333609e-03  2.663426527434333609e-03
2.889898989680534935e+00  2.045721922032884416e-03  2.045721922032884416e-03
2.989898989680534580e+00  1.537072970201969115e-03  1.537072970201969115e-03
3.089898989680535113e+00  1.128320093451814794e-03  1.128320093451814794e-03
3.189898989680534758e+00  8.100401706547794142e-04  8.100401706547794142e-04
3.289898989680535291e+00  5.702524845664264140e-04  5.702524845664264140e-04
3.389898989680534935e+00  3.952491125807834778e-04  3.952491125807834778e-04
3.489898989680534580e+00  2.711727630841891785e-04  2.711727630841891785e-04
3.589898989680535113e+00  1.853548024616099796e-04  1.853548024616099796e-04
3.689898989680534758e+00  1.271146617766669704e-04  1.271146617766669704e-04
3.789898989680535291e+00  8.803800905782318967e-05  8.803800905782318967e-05
3.889898989680534935e+00  6.187367549317094239e-05  6.187367549317094239e-05
3.989898989680534580e+00  4.421176324598534191e-05  4.421176324598534191e-05
4.089898989680534669e+00  3.207947227264501165e-05  3.207947227264501165e-05
4.189898989680534314e+00  2.354787262198427430e-05  2.354787262198427430e-05
4.289898989680535735e+00  1.740021711959864628e-05  1.740021711959864628e-05
4.389898989680535379e+00  1.287935064303488472e-05  1.287935064303488472e-05
4.489898989680535024e+00  9.510775267523893079e-06  9.510775267523893079e-06
4.589898989680534669e+00  6.987555409056581959e-06  6.987555409056581959e-06
4.689898989680534314e+00  5.100421220579869239e-06  5.100421220579869239e-06
4.789898989680535735e+00  3.697960543329201173e-06  3.697960543329201173e-06
4.889898989680535379e+00  2.665168904574815381e-06  2.665168904574815381e-06
4.989898989680535024e+00  1.912248387049573833e-06  1.912248387049573833e-06
5.089898989680534669e+00  1.368597852293784858e-06  1.368597852293784858e-06
5.189898989680534314e+00  9.791571506790041355e-07  9.791571506790041355e-07
5.289898989680535735e+00  7.017035213486894284e-07  7.017035213486894284e-07
5.389898989680535379e+00  5.045252594566346541e-07  5.045252594566346541e-07
5.489898989680535024e+00  3.643121937482161501e-07  3.643121937482161501e-07
5.589898989680534669e+00  2.642695261677111979e-07  2.642695261677111979e-07
5.689898989680534314e+00  1.924992391820389763e-07  1.924992391820389763e-07
5.789898989680535735e+00  1.406760504107541269e-07  1.406760504107541269e-07
5.889898989680535379e+00  1.030139661437910104e-07  1.030139661437910104e-07
5.989898989680535024e+00  7.549383787614143820e-08  7.549383787614143820e-08
6.089898989680534669e+00  5.530788268421142035e-08  5.530788268421142035e-08
6.189898989680534314e+00  4.047323001701980528e-08  4.047323001701980528e-08
6.289898989680535735e+00  2.957002962091405966e-08  2.957002962091405966e-08
6.389898989680535379e+00  2.156704322769036172e-08  2.156704322769036172e-08
6.489898989680535024e+00  1.570621450355300116e-08  1.570621450355300116e-08
6.589898989680534669e+00  1.142572489484989992e-08  1.142572489484989992e-08
6.689898989680536090e+00  8.307634696466365520e-09  8.307634696466365520e-09
6.789898989680535735e+00  6.041145992168078118e-09  6.041145992168078118e-09
6.889898989680535379e+00  4.395945938009350577e-09  4.395945938009350577e-09
6.989898989680535024e+00  3.202301161082328808e-09  3.202301161082328808e-09
7.089898989680534669e+00  2.335914745294033751e-09  2.335914745294033751e-09
7.189898989680536090e+00  1.706322827940769795e-09  1.706322827940769795e-09
7.289898989680535735e+00  1.248024670972518436e-09  1.248024670972518436e-09
7.389898989680535379e+00  9.137634253818586366e-10  9.137634253818586366e-10
7.489898989680535024e+00  6.695009092211320442e-10  6.695009092211320442e-10
7.589898989680534669e+00  4.907120943314742626e-10  4.907120943314742626e-10
7.689898989680536090e+00  3.596895974185046064e-10  3.596895974185046064e-10
7.789898989680535735e+00  2.636054469208484282e-10  2.636054469208484282e-10
7.889898989680535379e+00  1.931291146589450543e-10  1.931291146589450543e-10
7.989898989680535024e+00  1.414466707192340244e-10  1.414466707192340244e-10
8.089898989680536445e+00  1.035648951461633739e-10  1.035648951461633739e-10
8.189898989680536090e+00  7.581577233609072567e-11  7.581577233609072567e-11
8.289898989680535735e+00  5.550126516994162242e-11  5.550126516994162242e-11
8.389898989680535379e+00  4.063645038239636954e-11  4.063645038239636954e-11
8.489898989680535024e+00  2.976212418690844591e-11  2.976212418690844591e-11
8.589898989680536445e+00  2.180703865448799279e-11  2.180703865448799279e-11
8.689898989680536090e+00  1.598607404918525120e-11  1.598607404918525120e-11
8.789898989680535735e+00  1.172476700609957957e-11  1.172476700609957957e-11
8.889898989680535379e+00  8.603364589052187081e-12  8.603364589052187081e-12
8.989898989680535024e+00  6.315433470903557923e-12  6.315433470903557923e-12
9.089898989680536445e+00  4.637340443813458811e-12  4.637340443813458811e-12
9.189898989680536090e+00  3.405839567318258916e-12  3.405839567318258916e-12
9.289898989680535735e+00  2.501678615834772486e-12  2.501678615834772486e-12
9.389898989680535379e+00  1.837649171893764617e-12  1.837649171893764617e-12
9.489898989680535024e+00  1.349896783009515241e-12  1.349896783009515241e-12
9.589898989680536445e+00  9.916091060550108928e-13  9.916091060550108928e-13
9.689898989680536090e+00  7.284307065960625616e-13  7.284307065960625616e-13
9.789898989680535735e+00  5.351279469545068688e-13  5.351279469545068688e-13
9.889898989680535379e+00  3.931580255524630297e-13  3.931580255524630297e-13
9.989898989680535024e+00  2.888925203462772163e-13  2.888925203462772163e-13
1.008989898968053645e+01  2.123158602002872766e-13  2.123158602002872766e-13
1.018989898968053609e+01  1.560696060798070188e-13  1.560696060798070188e-13
1.028989898968053573e+01  1.147494989155037189e-13  1.147494989155037189e-13
1.038989898968053538e+01  8.438793973692020106e-14  8.438793973692020106e-14
1.048989898968053502e+01  6.207290499746805472e-14  6.207290499746805472e-14
