-1.510101010101008168e+00  3.883693851573862504e-26  3.883693851573862504e-26
-1.410101010101008079e+00  3.920479244680677542e-24  3.920479244680677542e-24
-1.310101010101008434e+00  3.317547687924514813e-22  3.317547687924514813e-22
-1.210101010101007901e+00  2.330874800762177877e-20  2.330874800762177877e-20
-1.110101010101008256e+00  1.356647828274055562e-18  1.356647828274055562e-18
-1.010101010101008168e+00  6.537551433576443343e-17  6.537551433576443343e-17
-9.101010101010080788e-01  2.607928226346809682e-15  2.607928226346809682e-15
-8.101010101010079900e-01  8.611698184195207479e-14  8.611698184195207479e-14
-7.101010101010081232e-01  2.353901450264858876e-12  2.353901450264858876e-12
-6.101010101010082565e-01  5.325886200462063843e-11  5.325886200462063843e-11
-5.101010101010081677e-01  9.974676351416201250e-10  9.974676351416201250e-10
-4.101010101010080788e-01  1.546353383584786931e-08  1.546353383584786931e-08
-3.101010101010079900e-01  1.984364987784005385e-07  1.984364987784005385e-07
-2.101010101010081232e-01  2.107837726327840942e-06  2.107837726327840942e-06
-1.101010101010080344e-01  1.853342027103719304e-05  1.853342027103719304e-05
-1.010101010100816765e-02  1.348890654882679548e-04  1.348890654882679548e-04
8.989898989899192117e-02  8.126446587904843574e-04  8.126446587904843574e-04
1.898989898989920100e-01  4.052540797345585699e-03  4.052540797345585699e-03
2.898989898989918768e-01  1.672849570665128904e-02  1.672849570665128904e-02
3.898989898989919656e-01  5.715960166708801415e-02  5.715960166708801415e-02
4.898989898989918323e-01  1.616681128571603732e-01  1.616681128571603732e-01
5.898989898989919212e-01  3.784970940563953112e-01  3.784970940563953112e-01
6.898989898989920100e-01  7.335066484899216421e-01  7.335066484899216421e-01
7.898989898989920988e-01  1.176656477490536368e+00  1.176656477490536368e+00
8.898989898989921876e-01  1.562433835665665516e+00  1.562433835665665516e+00
9.898989898989918323e-01  1.717379325226974673e+00  1.717379325226974673e+00
1.089898989898991921e+00  1.562655866678256400e+00  1.562655866678256400e+00
1.189898989898992010e+00  1.177227180253150429e+00  1.177227180253150429e+00
1.289898989898992099e+00  7.346891386838987348e-01  7.346891386838987348e-01
1.389898989898992188e+00  3.806893394594709767e-01  3.806893394594709767e-01
1.489898989898991832e+00  1.653566460986553854e-01  1.653566460986553854e-01
1.589898989898991921e+00  6.280390706963392966e-02  6.280390706963392966e-02
1.689898989898992010e+00  2.458629595471815976e-02  2.458629595471815976e-02
1.789898989898992099e+00  1.400549672895502404e-02  1.400549672895502404e-02
1.889898989898992188e+00  1.228305627029177387e-02  1.228305627029177387e-02
1.989898989898991832e+00  1.216326006447208258e-02  1.216326006447208258e-02
2.089898989898991921e+00  1.149708418777808938e-02  1.149708418777808938e-02
2.189898989898992010e+00  9.972914641717544812e-03  9.972914641717544812e-03
2.289898989898992099e+00  7.888438276589981174e-03  7.888438276589981174e-03
2.389898989898992188e+00  5.690981968184681203e-03  5.690981968184681203e-03
2.489898989898991832e+00  3.755028314025839285e-03  3.755028314025839285e-03
2.589898989898992365e+00  2.281417929633674721e-03  2.281417929633674721e-03
2.689898989898992010e+00  1.296385447671332888e-03  1.296385447671332888e-03
2.789898989898991655e+00  7.126052636824102690e-04  7.126052636824102690e-04
2.889898989898992188e+00  4.029057177329217125e-04  4.029057177329217125e-04
2.989898989898991832e+00  2.525336754811123314e-04  2.525336754811123314e-04
3.089898989898992365e+00  1.810766486688362412e-04  1.810766486688362412e-04
3.189898989898992010e+00  1.423237078932090838e-04  1.423237078932090838e-04
3.289898989898992543e+00  1.145687066943094131e-04  1.145687066943094131e-04
3.389898989898992188e+00  9.014602887097017674e-05  9.014602887097017674e-05
3.489898989898991832e+00  6.783616415703848639e-05  6.783616415703848639e-05
3.589898989898992365e+00  4.848257476839522615e-05  4.848257476839522615e-05
3.689898989898992010e+00  3.294514837395169903e-05  3.294514837395169903e-05
3.789898989898992543e+00  2.143480716231368393e-05  2.143480716231368393e-05
3.889898989898992188e+00  1.353431798102461145e-05  1.353431798102461145e-05
3.989898989898991832e+00  8.470950061209870925e-06  8.470950061209870925e-06
4.089898989898992809e+00  5.399945744183492413e-06  5.399945744183492413e-06
4.189898989898992454e+00  3.593902023885058632e-06  3.593902023885058632e-06
4.289898989898992099e+00  2.521604634668757713e-06  2.521604634668757713e-06
4.389898989898991744e+00  1.845240666720094107e-06  1.845240666720094107e-06
4.489898989898991388e+00  1.376429107054002467e-06  1.376429107054002467e-06
4.589898989898992809e+00  1.023332626764265535e-06  1.023332626764265535e-06
4.689898989898992454e+00  7.467393156034607668e-07  7.467393156034607668e-07
4.789898989898992099e+00  5.308286663727001887e-07  5.308286663727001887e-07
4.889898989898991744e+00  3.672226907196709484e-07  3.672226907196709484e-07
4.989898989898991388e+00  2.482568805170492255e-07  2.482568805170492255e-07
5.089898989898992809e+00  1.654057974096399799e-07  1.654057974096399799e-07
5.189898989898992454e+00  1.098902093886092967e-07  1.098902093886092967e-07
5.289898989898992099e+00  7.372810839668546576e-08  7.372810839668546576e-08
5.389898989898991744e+00  5.045677482907541255e-08  5.045677482907541255e-08
5.489898989898991388e+00  3.535265539901440271e-08  3.535265539901440271e-08
5.589898989898992809e+00  2.526403070343725504e-08  2.526403070343725504e-08
5.689898989898992454e+00  1.825043743969104253e-08  1.825043743969104253e-08
5.789898989898992099e+00  1.319175599367362498e-08  1.319175599367362498e-08
5.889898989898991744e+00  9.462174754065165135e-09  9.462174754065165135e-09
5.989898989898991388e+00  6.702220125128976980e-09  6.702220125128976980e-09
6.089898989898992809e+00  4.682156761787468164e-09  4.682156761787468164e-09
6.189898989898992454e+00  3.232525721902943644e-09  3.232525721902943644e-09
6.289898989898992099e+00  2.215526144076674728e-09  2.215526144076674728e-09
6.389898989898991744e+00  1.516599276565791576e-09  1.516599276565791576e-09
6.489898989898991388e+00  1.043212969840438674e-09  1.043212969840438674e-09
6.589898989898991033e+00  7.243544164641848615e-10  7.243544164641848615e-10
6.689898989898992454e+00  5.085507437170663166e-10  5.085507437170663166e-10
6.789898989898992099e+00  3.604768508381007501e-10  3.604768508381007501e-10
6.889898989898991744e+00  2.569890822285466260e-10  2.569890822285466260e-10
6.989898989898991388e+00  1.833985616966252984e-10  1.833985616966252984e-10
7.089898989898991033e+00  1.304673763386177836e-10  1.304673763386177836e-10
7.189898989898992454e+00  9.226763627609408358e-11  9.226763627609408358e-11
7.289898989898992099e+00  6.481169031619025451e-11  6.481169031619025451e-11
7.389898989898991744e+00  4.525810944925774736e-11  4.525810944925774736e-11
7.489898989898991388e+00  3.148897400278779410e-11  3.148897400278779410e-11
7.589898989898991033e+00  2.189491097320945792e-11  2.189491097320945792e-11
7.689898989898992454e+00  1.525948169211989509e-11  1.525948169211989509e-11
7.789898989898992099e+00  1.068294580378951778e-11  1.068294580378951778e-11
7.889898989898991744e+00  7.519038731368799891e-12  7.519038731368799891e-12
7.989898989898991388e+00  5.317317220637644753e-12  5.317317220637644753e-12
8.089898989898992809e+00  3.771695319468250556e-12  3.771695319468250556e-12
8.189898989898992454e+00  2.677502898686088533e-12  2.677502898686088533e-12
8.289898989898992099e+00  1.898327224922954330e-12  1.898327224922954330e-12
8.389898989898991744e+00  1.342260713626564443e-12  1.342260713626564443e-12
8.489898989898991388e+00  9.460044031255464978e-13  9.460044031255464978e-13
8.589898989898992809e+00  6.648127824123379617e-13  6.648127824123379617e-13
8.689898989898992454e+00  4.663647326197305663e-13  4.663647326197305663e-13
8.789898989898992099e+00  3.270458912605638557e-13  3.270458912605638557e-13
8.889898989898991744e+00  2.296034194730526448e-13  2.296034194730526448e-13
8.989898989898991388e+00  1.615466285740297757e-13  1.615466285740297757e-13
9.089898989898992809e+00  1.139614810844886244e-13  1.139614810844886244e-13
9.189898989898992454e+00  8.058497758989406923e-14  8.058497758989406923e-14
9.289898989898992099e+00  5.707501341868448281e-14  5.707501341868448281e-14
9.389898989898991744e+00  4.044604144664915724e-14  4.044604144664915724e-14
9.489898989898991388e+00  2.864841070500444079e-14  2.864841070500444079e-14
9.589898989898992809e+00  2.026747605659518961e-14  2.026747605659518961e-14
9.689898989898992454e+00  1.431661060561848236e-14  1.431661060561848236e-14
9.789898989898992099e+00  1.009915962458123306e-14  1.009915962458123306e-14
9.889898989898991744e+00  7.117966669484225959e-15  7.117966669484225959e-15
9.989898989898991388e+00  5.016027439182193469e-15  5.016027439182193469e-15
1.008989898989899281e+01  3.536755324894179791e-15  3.536755324894179791e-15
1.018989898989899245e+01  2.496440577083191426e-15  2.496440577083191426e-15
1.028989898989899210e+01  1.764449856012839552e-15  1.764449856012839552e-15
1.038989898989899174e+01  1.248614628873506572e-15  1.248614628873506572e-15
1.048989898989899139e+01  8.843460117555842982e-16  8.843460117555842982e-16
