-1.623591209620760978e+00  1.048434200473962117e-06  1.048434200473962117e-06
-1.523591209620760889e+00  2.965137173667317387e-06  2.965137173667317387e-06
-1.423591209620760800e+00  8.087466235098245325e-06  8.087466235098245325e-06
-1.323591209620761155e+00  2.122508426252526901e-05  2.122508426252526901e-05
-1.223591209620761067e+00  5.351674149701968978e-05  5.351674149701968978e-05
-1.123591209620760978e+00  1.295051367791409658e-04  1.295051367791409658e-04
-1.023591209620760889e+00  3.005667723520060765e-04  3.005667723520060765e-04
-9.235912096207608002e-01  6.687253679155289940e-04  6.687253679155289940e-04
-8.235912096207609334e-01  1.425831273185040361e-03  1.425831273185040361e-03
-7.235912096207610666e-01  2.912768268336357515e-03  2.912768268336357515e-03
-6.235912096207609778e-01  5.700258979183627124e-03  5.700258979183627124e-03
-5.235912096207608890e-01  1.068532644047872834e-02  1.068532644047872834e-02
-4.235912096207608002e-01  1.918463496544021984e-02  1.918463496544021984e-02
-3.235912096207609334e-01  3.298907408393458168e-02  3.298907408393458168e-02
-2.235912096207608446e-01  5.432798572688030819e-02  5.432798572688030819e-02
-1.235912096207609778e-01  8.568527149526915243e-02  8.568527149526915243e-02
-2.359120962076088901e-02  1.294241558744989029e-01  1.294241558744989029e-01
7.640879037923919981e-02  1.872205866447767264e-01  1.872205866447767264e-01
1.764087903792390666e-01  2.593753818308973669e-01  2.593753818308973669e-01
2.764087903792391554e-01  3.441555246729843809e-01  3.441555246729843809e-01
3.764087903792390222e-01  4.373743158772754325e-01  4.373743158772754325e-01
4.764087903792391110e-01  5.324224521873290872e-01  5.324224521873290872e-01
5.764087903792391998e-01  6.208837598029476323e-01  6.208837598029476323e-01
6.764087903792392886e-01  6.937159827403514001e-01  6.937159827403514001e-01
7.764087903792393774e-01  7.427909564630429395e-01  7.427909564630429395e-01
8.764087903792390222e-01  7.624377174971932458e-01  7.624377174971932458e-01
9.764087903792391110e-01  7.505830933435523322e-01  7.505830933435523322e-01
1.076408790379239200e+00  7.091698707318081496e-01  7.091698707318081496e-01
1.176408790379239289e+00  6.437319598872572879e-01  6.437319598872572879e-01
1.276408790379239377e+00  5.622495522477538588e-01  5.622495522477538588e-01
1.376408790379239022e+00  4.736060546857843168e-01  4.736060546857843168e-01
1.476408790379239111e+00  3.860531819728099112e-01  3.860531819728099112e-01
1.576408790379239200e+00  3.060404089324310073e-01  3.060404089324310073e-01
1.676408790379239289e+00  2.376130600935484338e-01  2.376130600935484338e-01
1.776408790379239377e+00  1.823963728586220356e-01  1.823963728586220356e-01
1.876408790379239022e+00  1.400291250745974991e-01  1.400291250745974991e-01
1.976408790379239111e+00  1.088322009514495481e-01  1.088322009514495481e-01
2.076408790379239200e+00  8.650046160207174040e-02  8.650046160207174040e-02
2.176408790379239289e+00  7.066659691568920321e-02  7.066659691568920321e-02
2.276408790379239377e+00  5.926708721390121226e-02  5.926708721390121226e-02
2.376408790379239022e+00  5.071161008100772555e-02  5.071161008100772555e-02
2.476408790379239555e+00  4.390122293827062455e-02  4.390122293827062455e-02
2.576408790379239200e+00  3.815555724473269905e-02  3.815555724473269905e-02
2.676408790379238845e+00  3.310300356114576764e-02  3.310300356114576764e-02
2.776408790379239377e+00  2.857141196430284039e-02  2.857141196430284039e-02
2.876408790379239022e+00  2.449922005680321355e-02  2.449922005680321355e-02
2.976408790379239555e+00  2.087324419784328949e-02  2.087324419784328949e-02
3.076408790379239200e+00  1.769109058579826019e-02  1.769109058579826019e-02
3.176408790379239733e+00  1.494248982340360896e-02  1.494248982340360896e-02
3.276408790379239377e+00  1.260324175256671148e-02  1.260324175256671148e-02
3.376408790379239022e+00  1.063638330847102922e-02  1.063638330847102922e-02
3.476408790379239555e+00  8.996631755910467626e-03  8.996631755910467626e-03
3.576408790379239200e+00  7.635551268119397314e-03  7.635551268119397314e-03
3.676408790379239733e+00  6.506015609639057527e-03  6.506015609639057527e-03
3.776408790379239377e+00  5.565348255942161905e-03  5.565348255942161905e-03
3.876408790379239022e+00  4.777046470488365351e-03  4.777046470488365351e-03
3.976408790379239555e+00  4.111294717819550908e-03  4.111294717819550908e-03
4.076408790379239200e+00  3.544604323214456312e-03  3.544604323214456312e-03
4.176408790379239733e+00  3.058934092869323908e-03  3.058934092869323908e-03
4.276408790379239377e+00  2.640596424519175717e-03  2.640596424519175717e-03
4.376408790379239022e+00  2.279171797405417713e-03  2.279171797405417713e-03
4.476408790379239555e+00  1.966567954412748714e-03  1.966567954412748714e-03
4.576408790379239200e+00  1.696285225228221774e-03  1.696285225228221774e-03
4.676408790379239733e+00  1.462894289007943402e-03  1.462894289007943402e-03
4.776408790379239377e+00  1.261698648106454471e-03  1.261698648106454471e-03
4.876408790379239022e+00  1.088538368966450063e-03  1.088538368966450063e-03
4.976408790379239555e+00  9.396893988782622966e-04  9.396893988782622966e-04
5.076408790379239200e+00  8.118187990891085346e-04  8.118187990891085346e-04
5.176408790379239733e+00  7.019660761852903295e-04  7.019660761852903295e-04
5.276408790379239377e+00  6.075311884026842087e-04  6.075311884026842087e-04
5.376408790379239022e+00  5.262587738357171188e-04  5.262587738357171188e-04
5.476408790379239555e+00  4.562148002341179362e-04  4.562148002341179362e-04
5.576408790379239200e+00  3.957560562089287707e-04  3.957560562089287707e-04
5.676408790379239733e+00  3.434950410504110938e-04  3.434950410504110938e-04
5.776408790379239377e+00  2.982634194877848951e-04  2.982634194877848951e-04
5.876408790379239022e+00  2.590768643099144487e-04  2.590768643099144487e-04
5.976408790379239555e+00  2.251033029715830051e-04  2.251033029715830051e-04
6.076408790379239200e+00  1.956356703873120891e-04  1.956356703873120891e-04
6.176408790379239733e+00  1.700694687651140068e-04  1.700694687651140068e-04
6.276408790379239377e+00  1.478848508504569399e-04  1.478848508504569399e-04
6.376408790379239022e+00  1.286325958950847929e-04  1.286325958950847929e-04
6.476408790379238667e+00  1.119232072061117849e-04  1.119232072061117849e-04
6.576408790379240088e+00  9.741837134732361325e-05  9.741837134732361325e-05
6.676408790379239733e+00  8.482412275544454867e-05  8.482412275544454867e-05
6.776408790379239377e+00  7.388520237248147218e-05  7.388520237248147218e-05
6.876408790379239022e+00  6.438024710481834100e-05  6.438024710481834100e-05
6.976408790379238667e+00  5.611757523161815532e-05  5.611757523161815532e-05
7.076408790379240088e+00  4.893143059081020972e-05  4.893143059081020972e-05
7.176408790379239733e+00  4.267861401747981227e-05  4.267861401747981227e-05
7.276408790379239377e+00  3.723546836918232412e-05  3.723546836918232412e-05
7.376408790379239022e+00  3.249520048749013470e-05  3.249520048749013470e-05
7.476408790379238667e+00  2.836552697320388766e-05  2.836552697320388766e-05
7.576408790379240088e+00  2.476662707261487236e-05  2.476662707261487236e-05
7.676408790379239733e+00  2.162938002854113286e-05  2.162938002854113286e-05
7.776408790379239377e+00  1.889385894632588704e-05  1.889385894632588704e-05
7.876408790379239022e+00  1.650805005685979229e-05  1.650805005685979229e-05
7.976408790379240443e+00  1.442676560426391921e-05  1.442676560426391921e-05
8.076408790379240088e+00  1.261072012434607560e-05  1.261072012434607560e-05
8.176408790379239733e+00  1.102574295333112849e-05  1.102574295333112849e-05
8.276408790379239377e+00  9.642103686891265437e-06  9.642103686891265437e-06
8.376408790379239022e+00  8.433931365998715378e-06  8.433931365998715378e-06
8.476408790379240443e+00  7.378711943026283422e-06  7.378711943026283422e-06
8.576408790379240088e+00  6.456851813295018581e-06  6.456851813295018581e-06
8.676408790379239733e+00  5.651297782795330270e-06  5.651297782795330270e-06
8.776408790379239377e+00  4.947205800883366967e-06  4.947205800883366967e-06
8.876408790379239022e+00  4.331652208347257067e-06  4.331652208347257067e-06
8.976408790379240443e+00  3.793382258232960090e-06  3.793382258232960090e-06
9.076408790379240088e+00  3.322591381778246390e-06  3.322591381778246390e-06
9.176408790379239733e+00  2.910735199536829820e-06  2.910735199536829820e-06
9.276408790379239377e+00  2.550364697107563781e-06  2.550364697107563781e-06
9.376408790379239022e+00  2.234983347910560032e-06  2.234983347910560032e-06
9.476408790379240443e+00  1.958923301395561982e-06  1.958923301395561982e-06
9.576408790379240088e+00  1.717238076219363639e-06  1.717238076219363639e-06
9.676408790379239733e+00  1.505609505845681610e-06  1.505609505845681610e-06
9.776408790379239377e+00  1.320266974831202257e-06  1.320266974831202257e-06
9.876408790379239022e+00  1.157917252362090563e-06  1.157917252362090563e-06
9.976408790379240443e+00  1.015683470881942815e-06  1.015683470881942815e-06
1.007640879037924009e+01  8.910520094288114983e-07  8.910520094288114983e-07
1.017640879037923973e+01  7.818262233603859606e-07  7.818262233603859606e-07
1.027640879037923938e+01  6.860861161885345164e-07  6.860861161885345164e-07
1.037640879037923902e+01  6.021531782598163610e-07  6.021531782598163610e-07
