-1.520408163263496704e+00  8.373862463703223822e-112  8.373862463703223822e-112
-1.420408163263496615e+00  1.528244646631416982e-103  1.528244646631416982e-103
-1.320408163263496526e+00  4.132579592212852134e-95  4.132579592212852134e-95
-1.220408163263496881e+00  4.919660880324606910e-87  4.919660880324606910e-87
-1.120408163263496792e+00  2.562936750003269765e-79  2.562936750003269765e-79
-1.020408163263496704e+00  5.842780971372022129e-72  5.842780971372022129e-72
-9.204081632634966148e-01  5.828814911942404793e-65  5.828814911942404793e-65
-8.204081632634965260e-01  2.544602000697899922e-58  2.544602000697899922e-58
-7.204081632634966592e-01  4.861143082268813244e-52  4.861143082268813244e-52
-6.204081632634967924e-01  4.063833300141747216e-46  4.063833300141747216e-46
-5.204081632634967036e-01  1.486662222748270687e-40  1.486662222748270687e-40
-4.204081632634966148e-01  2.379949092114039119e-35  2.379949092114039119e-35
-3.204081632634965260e-01  1.667254774134700803e-30  1.667254774134700803e-30
-2.204081632634966592e-01  5.111109819392433617e-26  5.111109819392433617e-26
-1.204081632634965704e-01  6.856577605023333227e-22  6.856577605023333227e-22
-2.040816326349670362e-02  4.025117102721221986e-18  4.025117102721221986e-18
7.959183673650338520e-02  1.034019155699707338e-14  1.034019155699707338e-14
1.795918367365034740e-01  1.162405321374869958e-11  1.162405321374869958e-11
2.795918367365033408e-01  5.718281554011600879e-09  5.718281554011600879e-09
3.795918367365034296e-01  1.230984037598189869e-06  1.230984037598189869e-06
4.795918367365032964e-01  1.159626812000406150e-04  1.159626812000406150e-04
5.795918367365033852e-01  4.780386548081915106e-03  4.780386548081915106e-03
6.795918367365034740e-01  8.623562665141303041e-02  8.623562665141303041e-02
7.795918367365035628e-01  6.807526994717280067e-01  6.807526994717280067e-01
8.795918367365036517e-01  2.351640664085940635e+00  2.351640664085940635e+00
9.795918367365032964e-01  3.554933581647489849e+00  3.554933581647489849e+00
1.079591836736503385e+00  2.351640666742967234e+00  2.351640666742967234e+00
1.179591836736503474e+00  6.807527885811438528e-01  6.807527885811438528e-01
1.279591836736503563e+00  8.623760306404548714e-02  8.623760306404548714e-02
1.379591836736503652e+00  4.809384749654155473e-03  4.809384749654155473e-03
1.479591836736503296e+00  3.974144470603039377e-04  3.974144470603039377e-04
1.579591836736503385e+00  1.808306748949578329e-03  1.808306748949578329e-03
1.679591836736503474e+00  7.675179463570098830e-03  7.675179463570098830e-03
1.779591836736503563e+00  2.156450730662247406e-02  2.156450730662247406e-02
1.879591836736503652e+00  4.008024200138136234e-02  4.008024200138136234e-02
1.979591836736503296e+00  4.927885519250959495e-02  4.927885519250959495e-02
2.079591836736503385e+00  4.008025882248029970e-02  4.008025882248029970e-02
2.179591836736503474e+00  2.156468290608055949e-02  2.156468290608055949e-02
2.279591836736503563e+00  7.676560059431929671e-03  7.676560059431929671e-03
2.379591836736503652e+00  1.815384290813782308e-03  1.815384290813782308e-03
2.479591836736503296e+00  3.192564766959479273e-04  3.192564766959479273e-04
2.579591836736503829e+00  1.595934902823214162e-04  1.595934902823214162e-04
2.679591836736503474e+00  3.444828566279898013e-04  3.444828566279898013e-04
2.779591836736503119e+00  6.820659653500060239e-04  6.820659653500060239e-04
2.879591836736503652e+00  1.030935118202021706e-03  1.030935118202021706e-03
2.979591836736503296e+00  1.183179895639983317e-03  1.183179895639983317e-03
3.079591836736503829e+00  1.030940621373577313e-03  1.030940621373577313e-03
3.179591836736503474e+00  6.820248648810326103e-04  6.820248648810326103e-04
3.279591836736504007e+00  3.427326005924461621e-04  3.427326005924461621e-04
3.379591836736503652e+00  1.314615676369508513e-04  1.314615676369508513e-04
3.479591836736503296e+00  4.050353280131792545e-05  4.050353280131792545e-05
3.579591836736503829e+00  1.514701933417497163e-05  1.514701933417497163e-05
3.679591836736503474e+00  1.547973396460310965e-05  1.547973396460310965e-05
3.779591836736504007e+00  2.379900117077194191e-05  2.379900117077194191e-05
3.879591836736503652e+00  3.222299131898079863e-05  3.222299131898079863e-05
3.979591836736503296e+00  3.571259203368632313e-05  3.571259203368632313e-05
4.079591836736503829e+00  3.220762880894588345e-05  3.220762880894588345e-05
4.179591836736503474e+00  2.362955238388127812e-05  2.362955238388127812e-05
4.279591836736504007e+00  1.411473490667744333e-05  1.411473490667744333e-05
4.379591836736503652e+00  6.900910748803535150e-06  6.900910748803535150e-06
4.479591836736503296e+00  2.853746085883743865e-06  2.853746085883743865e-06
4.579591836736503829e+00  1.192226797175501948e-06  1.192226797175501948e-06
4.679591836736503474e+00  8.074477703418930482e-07  8.074477703418930482e-07
4.779591836736504007e+00  9.267491180356649976e-07  9.267491180356649976e-07
4.879591836736503652e+00  1.134281350974818869e-06  1.134281350974818869e-06
4.979591836736503296e+00  1.224197794493144179e-06  1.224197794493144179e-06
5.079591836736503829e+00  1.126281703386690798e-06  1.126281703386690798e-06
5.179591836736503474e+00  8.792908386007180988e-07  8.792908386007180988e-07
5.279591836736504007e+00  5.828442531819296199e-07  5.828442531819296199e-07
5.379591836736503652e+00  3.297509024488537050e-07  3.297509024488537050e-07
5.479591836736503296e+00  1.630364987263752594e-07  1.630364987263752594e-07
5.579591836736503829e+00  7.749527152994073428e-08  7.749527152994073428e-08
5.679591836736503474e+00  4.573417809960432639e-08  4.573417809960432639e-08
5.779591836736504007e+00  4.062655357332912327e-08  4.062655357332912327e-08
5.879591836736503652e+00  4.387885746408638994e-08  4.387885746408638994e-08
5.979591836736503296e+00  4.570351581039123278e-08  4.570351581039123278e-08
6.079591836736503829e+00  4.243377497537299922e-08  4.243377497537299922e-08
6.179591836736503474e+00  3.450460827084432142e-08  3.450460827084432142e-08
6.279591836736504007e+00  2.451770177440755047e-08  2.451770177440755047e-08
6.379591836736503652e+00  1.529054022908867982e-08  1.529054022908867982e-08
6.479591836736503296e+00  8.519365748419092422e-09  8.519365748419092422e-09
6.579591836736502941e+00  4.495420834967827916e-09  4.495420834967827916e-09
6.679591836736504362e+00  2.600066154281987409e-09  2.600066154281987409e-09
6.779591836736504007e+00  1.958857756264417556e-09  1.958857756264417556e-09
6.879591836736503652e+00  1.849900661460263744e-09  1.849900661460263744e-09
6.979591836736503296e+00  1.827096204421661763e-09  1.827096204421661763e-09
7.079591836736502941e+00  1.690309704325096056e-09  1.690309704325096056e-09
7.179591836736504362e+00  1.410810408398315681e-09  1.410810408398315681e-09
7.279591836736504007e+00  1.052762874256821934e-09  1.052762874256821934e-09
7.379591836736503652e+00  7.037162739756590039e-10  7.037162739756590039e-10
7.479591836736503296e+00  4.269879348041735661e-10  4.269879348041735661e-10
7.579591836736502941e+00  2.444356422717609259e-10  2.444356422717609259e-10
7.679591836736504362e+00  1.443927274732917914e-10  1.443927274732917914e-10
7.779591836736504007e+00  9.988246214646076206e-11  9.988246214646076206e-11
7.879591836736503652e+00  8.401916121948269311e-11  8.401916121948269311e-11
7.979591836736503296e+00  7.763798023094946027e-11  7.763798023094946027e-11
8.079591836736504717e+00  7.056487272484926649e-11  7.056487272484926649e-11
8.179591836736504362e+00  5.969068291799345905e-11  5.969068291799345905e-11
8.279591836736504007e+00  4.610554711327177801e-11  4.610554711327177801e-11
8.379591836736503652e+00  3.243747072009243389e-11  3.243747072009243389e-11
8.479591836736503296e+00  2.097428463795808844e-11  2.097428463795808844e-11
8.579591836736504717e+00  1.280154222375388762e-11  1.280154222375388762e-11
8.679591836736504362e+00  7.817784702678355209e-12  7.817784702678355209e-12
8.779591836736504007e+00  5.219947335657708696e-12  5.219947335657708696e-12
8.879591836736503652e+00  4.038342772004254262e-12  4.038342772004254262e-12
8.979591836736503296e+00  3.484083991963459025e-12  3.484083991963459025e-12
9.079591836736504717e+00  3.073962796913677216e-12  3.073962796913677216e-12
9.179591836736504362e+00  2.604213102019002512e-12  2.604213102019002512e-12
9.279591836736504007e+00  2.057780248931411376e-12  2.057780248931411376e-12
9.379591836736503652e+00  1.503802333541923250e-12  1.503802333541923250e-12
9.479591836736503296e+00  1.020864946757947766e-12  1.020864946757947766e-12
9.579591836736504717e+00  6.557470832430809212e-13  6.557470832430809212e-13
9.679591836736504362e+00  4.146508304428845560e-13  4.146508304428845560e-13
9.779591836736504007e+00  2.746894183712128046e-13  2.746894183712128046e-13
9.879591836736503652e+00  2.015708787586354907e-13  2.015708787586354907e-13
9.979591836736503296e+00  1.637120727632378162e-13  1.637120727632378162e-13
1.007959183673650472e+01  1.392549052106188506e-13  1.392549052106188506e-13
1.017959183673650436e+01  1.169514208004319607e-13  1.169514208004319607e-13
1.027959183673650401e+01  9.357306891619403839e-14  9.357306891619403839e-14
1.037959183673650365e+01  7.028463991642522529e-14  7.028463991642522529e-14
1.047959183673650330e+01  4.953653581663076725e-14  4.953653581663076725e-14
