-1.577380953741477576e+00  0.000000000000000000e+00  0.000000000000000000e+00
-1.477380953741477487e+00  0.000000000000000000e+00  0.000000000000000000e+00
-1.377380953741477398e+00  0.000000000000000000e+00  0.000000000000000000e+00
-1.277380953741477754e+00  0.000000000000000000e+00  0.000000000000000000e+00
-1.177380953741477665e+00  0.000000000000000000e+00  0.000000000000000000e+00
-1.077380953741477576e+00  0.000000000000000000e+00  0.000000000000000000e+00
-9.773809537414774873e-01  0.000000000000000000e+00  0.000000000000000000e+00
-8.773809537414773985e-01  0.000000000000000000e+00  0.000000000000000000e+00
-7.773809537414775317e-01  0.000000000000000000e+00  0.000000000000000000e+00
-6.773809537414776649e-01  0.000000000000000000e+00  0.000000000000000000e+00
-5.773809537414775761e-01  0.000000000000000000e+00  0.000000000000000000e+00
-4.773809537414774873e-01  0.000000000000000000e+00  0.000000000000000000e+00
-3.773809537414773985e-01  0.000000000000000000e+00  0.000000000000000000e+00
-2.773809537414775317e-01  0.000000000000000000e+00  0.000000000000000000e+00
-1.773809537414774429e-01  0.000000000000000000e+00  0.000000000000000000e+00
-7.738095374147757610e-02  0.000000000000000000e+00  0.000000000000000000e+00
2.261904625852251272e-02  0.000000000000000000e+00  0.000000000000000000e+00
1.226190462585226015e-01  0.000000000000000000e+00  0.000000000000000000e+00
2.226190462585224683e-01  1.782708996721336434e-265  1.782708996721336434e-265
3.226190462585225571e-01  6.667050818912397898e-195  6.667050818912397898e-195
4.226190462585224239e-01  3.462781010265187991e-135  3.462781010265187991e-135
5.226190462585225127e-01  2.497780330563534253e-86  2.497780330563534253e-86
6.226190462585226015e-01  2.502196474494343119e-48  2.502196474494343119e-48
7.226190462585226904e-01  3.481180377106508553e-21  3.481180377106508553e-21
8.226190462585227792e-01  6.726197235279881518e-05  6.726197235279881518e-05
9.226190462585224239e-01  1.804889514719051036e+01  1.804889514719051036e+01
1.022619046258522513e+00  6.726197235279140194e-05  6.726197235279140194e-05
1.122619046258522602e+00  3.481180377105741190e-21  3.481180377105741190e-21
1.222619046258522690e+00  2.502196474493525437e-48  2.502196474493525437e-48
1.322619046258522779e+00  2.497780330564617948e-86  2.497780330564617948e-86
1.422619046258522424e+00  1.599533641257105772e-68  1.599533641257105772e-68
1.522619046258522513e+00  4.295937809324351203e-44  4.295937809324351203e-44
1.622619046258522602e+00  4.299733799975081976e-25  4.299733799975081976e-25
1.722619046258522690e+00  1.603777544540654059e-11  1.603777544540654059e-11
1.822619046258522779e+00  2.229285360418307299e-03  2.229285360418307299e-03
1.922619046258522424e+00  1.154798406542018929e+00  1.154798406542018929e+00
2.022619046258522513e+00  2.229285360418184567e-03  2.229285360418184567e-03
2.122619046258522602e+00  1.603777544540477637e-11  1.603777544540477637e-11
2.222619046258522690e+00  4.299733799974379435e-25  4.299733799974379435e-25
2.322619046258522779e+00  4.295937809323374936e-44  4.295937809323374936e-44
2.422619046258522424e+00  7.380976552630509023e-47  7.380976552630509023e-47
2.522619046258522957e+00  1.426122714251436203e-30  1.426122714251436203e-30
2.622619046258522602e+00  6.623374106743483220e-18  6.623374106743483220e-18
2.722619046258522246e+00  7.394026321021499090e-09  7.394026321021499090e-09
2.822619046258522779e+00  1.984092959446944436e-03  1.984092959446944436e-03
2.922619046258522424e+00  1.279741805336491733e-01  1.279741805336491733e-01
3.022619046258522957e+00  1.984092959446798286e-03  1.984092959446798286e-03
3.122619046258522602e+00  7.394026321021499090e-09  7.394026321021499090e-09
3.222619046258523134e+00  6.623374106742023365e-18  6.623374106742023365e-18
3.322619046258522779e+00  1.426122714251030877e-30  1.426122714251030877e-30
3.422619046258522424e+00  2.098189045743290274e-36  2.098189045743290274e-36
3.522619046258522957e+00  3.438562470453541110e-24  3.438562470453541110e-24
3.622619046258522602e+00  1.087849234510373774e-14  1.087849234510373774e-14
3.722619046258523134e+00  6.643852623725777127e-08  6.643852623725777127e-08
3.822619046258522779e+00  7.833047462517098072e-04  7.833047462517098072e-04
3.922619046258522424e+00  1.782793385095009231e-02  1.782793385095009231e-02
4.022619046258522957e+00  7.833047462516665475e-04  7.833047462516665475e-04
4.122619046258522602e+00  6.643852623725045238e-08  6.643852623725045238e-08
4.222619046258523134e+00  1.087849234510195964e-14  1.087849234510195964e-14
4.322619046258522779e+00  3.438562470452783651e-24  3.438562470452783651e-24
4.422619046258522424e+00  2.025545154994599832e-30  2.025545154994599832e-30
4.522619046258522957e+00  1.197201692685414129e-20  1.197201692685414129e-20
4.622619046258522602e+00  4.767829929160604025e-13  4.767829929160604025e-13
4.722619046258523134e+00  1.279386545784028609e-07  1.279386545784028609e-07
4.822619046258522779e+00  2.313185139261834261e-04  2.313185139261834261e-04
4.922619046258522424e+00  2.818036398904581567e-03  2.818036398904581567e-03
5.022619046258522957e+00  2.313185139261731533e-04  2.313185139261731533e-04
5.122619046258522602e+00  1.279386545783914789e-07  1.279386545783914789e-07
5.222619046258523134e+00  4.767829929159976975e-13  4.767829929159976975e-13
5.322619046258522779e+00  1.197201692685201524e-20  1.197201692685201524e-20
5.422619046258522424e+00  1.159372855120756218e-26  1.159372855120756218e-26
5.522619046258522957e+00  1.611271706999205317e-18  1.611271706999205317e-18
5.622619046258522602e+00  3.472401823574555224e-12  3.472401823574555224e-12
5.722619046258523134e+00  1.160194570676521823e-07  1.160194570676521823e-07
5.822619046258522779e+00  6.009956667209925439e-05  6.009956667209925439e-05
5.922619046258522424e+00  4.826713391227668154e-04  4.826713391227668154e-04
6.022619046258522957e+00  6.009956667209702500e-05  6.009956667209702500e-05
6.122619046258522602e+00  1.160194570676437516e-07  1.160194570676437516e-07
6.222619046258523134e+00  3.472401823574173137e-12  3.472401823574173137e-12
6.322619046258522779e+00  1.611271706998986916e-18  1.611271706998986916e-18
6.422619046258522424e+00  3.587086109112881360e-24  3.587086109112881360e-24
6.522619046258522069e+00  3.412470045060012695e-17  3.412470045060012695e-17
6.622619046258523490e+00  9.156929522253230017e-12  9.156929522253230017e-12
6.722619046258523134e+00  6.908427022989350185e-08  6.908427022989350185e-08
6.822619046258522779e+00  1.465401918957558499e-05  1.465401918957558499e-05
6.922619046258522424e+00  8.739420105387642537e-05  8.739420105387642537e-05
7.022619046258522069e+00  1.465401918957558499e-05  1.465401918957558499e-05
7.122619046258523490e+00  6.908427022988478005e-08  6.908427022988478005e-08
7.222619046258523134e+00  9.156929522251472259e-12  9.156929522251472259e-12
7.322619046258522779e+00  3.412470045060626528e-17  3.412470045060626528e-17
7.422619046258522424e+00  1.823809136581349667e-22  1.823809136581349667e-22
7.522619046258522069e+00  2.289005462414534142e-16  2.289005462414534142e-16
7.622619046258523490e+00  1.287486621422281596e-11  1.287486621422281596e-11
7.722619046258523134e+00  3.181766938095116664e-08  3.181766938095116664e-08
7.822619046258522779e+00  3.454806664243522792e-06  3.454806664243522792e-06
7.922619046258522424e+00  1.648196079038919743e-05  1.648196079038919743e-05
8.022619046258522957e+00  3.454806664243331363e-06  3.454806664243331363e-06
8.122619046258524378e+00  3.181766938094765939e-08  3.181766938094765939e-08
8.222619046258522246e+00  1.287486621422066723e-11  1.287486621422066723e-11
8.322619046258523667e+00  2.289005462420719304e-16  2.289005462420719304e-16
8.422619046258521536e+00  2.848129558133834596e-21  2.848129558133834596e-21
8.522619046258522957e+00  7.162791962723287298e-16  7.162791962723287298e-16
8.622619046258524378e+00  1.195060248354794491e-11  1.195060248354794491e-11
8.722619046258522246e+00  1.239720271425462998e-08  1.239720271425462998e-08
8.822619046258523667e+00  7.996207288132820227e-07  7.996207288132820227e-07
8.922619046258521536e+00  3.206792242724582441e-06  3.206792242724582441e-06
9.022619046258522957e+00  7.996207288132425298e-07  7.996207288132425298e-07
9.122619046258524378e+00  1.239720271425341899e-08  1.239720271425341899e-08
9.222619046258522246e+00  1.195060248354616130e-11  1.195060248354616130e-11
9.322619046258523667e+00  7.162791962904876176e-16  7.162791962904876176e-16
9.422619046258521536e+00  1.981363354552124410e-20  1.981363354552124410e-20
9.522619046258522957e+00  1.318053131604060908e-15  1.318053131604060908e-15
9.622619046258524378e+00  8.317822223438839437e-12  8.317822223438839437e-12
9.722619046258522246e+00  4.308738585052474224e-09  4.308738585052474224e-09
9.822619046258523667e+00  1.832122266918460150e-07  1.832122266918460150e-07
9.922619046258521536e+00  6.394735051547816163e-07  6.394735051547816163e-07
1.002261904625852296e+01  1.832122266918378888e-07  1.832122266918378888e-07
1.012261904625852438e+01  4.308738585052092067e-09  4.308738585052092067e-09
1.022261904625852225e+01  8.317822223437731145e-12  8.317822223437731145e-12
1.032261904625852367e+01  1.318053131825866309e-15  1.318053131825866309e-15
1.042261904625852154e+01  7.689177850796658744e-20  7.689177850796658744e-20
