-1.586956136922752059e+00  3.308325110954475981e-07  3.308325110954475981e-07
-1.486956136922751526e+00  1.032528593134255702e-06  1.032528593134255702e-06
-1.386956136922751881e+00  3.093345520173456304e-06  3.093345520173456304e-06
-1.286956136922751792e+00  8.876581549073977046e-06  8.876581549073977046e-06
-1.186956136922751703e+00  2.436388035170942247e-05  2.436388035170942247e-05
-1.086956136922752059e+00  6.390527552936105119e-05  6.390527552936105119e-05
-9.869561369227517478e-01  1.600881244063338837e-04  1.600881244063338837e-04
-8.869561369227518810e-01  3.828633206540421065e-04  3.828633206540421065e-04
-7.869561369227517922e-01  8.739312620108039952e-04  8.739312620108039952e-04
-6.869561369227517034e-01  1.903633012644057737e-03  1.903633012644057737e-03
-5.869561369227518366e-01  3.956486217829477056e-03  3.956486217829477056e-03
-4.869561369227517478e-01  7.845508011846814497e-03  7.845508011846814497e-03
-3.869561369227516590e-01  1.484202945520556385e-02  1.484202945520556385e-02
-2.869561369227517922e-01  2.678613977505039240e-02  2.678613977505039240e-02
-1.869561369227517034e-01  4.611702572665320882e-02  4.611702572665320882e-02
-8.695613692275183659e-02  7.574274614976989062e-02  7.574274614976989062e-02
1.304386307724825222e-02  1.186718104295013537e-01  1.186718104295013537e-01
1.130438630772483410e-01  1.773710293145617511e-01  1.773710293145617511e-01
2.130438630772482078e-01  2.529019177018578257e-01  2.529019177018578257e-01
3.130438630772482966e-01  3.440061299040765297e-01  3.440061299040765297e-01
4.130438630772481634e-01  4.464173305548678750e-01  4.464173305548678750e-01
5.130438630772482522e-01  5.527145462705083112e-01  5.527145462705083112e-01
6.130438630772483410e-01  6.529519446029714569e-01  6.529519446029714569e-01
7.130438630772484299e-01  7.360951971671761962e-01  7.360951971671761962e-01
8.130438630772485187e-01  7.920190299638069087e-01  7.920190299638069087e-01
9.130438630772481634e-01  8.135785494046819943e-01  8.135785494046819943e-01
1.013043863077248252e+00  7.981702084052542112e-01  7.981702084052542112e-01
1.113043863077248341e+00  7.483091933568621901e-01  7.483091933568621901e-01
1.213043863077248430e+00  6.710425262761364751e-01  6.710425262761364751e-01
1.313043863077248519e+00  5.763814247510982147e-01  5.763814247510982147e-01
1.413043863077248163e+00  4.752283580917104344e-01  4.752283580917104344e-01
1.513043863077248252e+00  3.773840485368503139e-01  3.773840485368503139e-01
1.613043863077248341e+00  2.901215807457408480e-01  2.901215807457408480e-01
1.713043863077248430e+00  2.175714399679381239e-01  2.175714399679381239e-01
1.813043863077248519e+00  1.608847338985709696e-01  1.608847338985709696e-01
1.913043863077248163e+00  1.189365855534429695e-01  1.189365855534429695e-01
2.013043863077248474e+00  8.925174208194321113e-02  8.925174208194321113e-02
2.113043863077248119e+00  6.887283761453162623e-02  6.887283761453162623e-02
2.213043863077248652e+00  5.499984709380608544e-02  5.499984709380608544e-02
2.313043863077248297e+00  4.534881002351206364e-02  4.534881002351206364e-02
2.413043863077247941e+00  3.826693290111447127e-02  3.826693290111447127e-02
2.513043863077248474e+00  3.268412931637917906e-02  3.268412931637917906e-02
2.613043863077248119e+00  2.798421904587763617e-02  2.798421904587763617e-02
2.713043863077247764e+00  2.385907616558941360e-02  2.385907616558941360e-02
2.813043863077248297e+00  2.018249456013732068e-02  2.018249456013732068e-02
2.913043863077247941e+00  1.691806377723055824e-02  1.691806377723055824e-02
3.013043863077248474e+00  1.406095525473283550e-02  1.406095525473283550e-02
3.113043863077248119e+00  1.160671298351140419e-02  1.160671298351140419e-02
3.213043863077248652e+00  9.538504661341873359e-03  9.538504661341873359e-03
3.313043863077248297e+00  7.825325284616978586e-03  7.825325284616978586e-03
3.413043863077247941e+00  6.425598843191863800e-03  6.425598843191863800e-03
3.513043863077248474e+00  5.292555489737615915e-03  5.292555489737615915e-03
3.613043863077248119e+00  4.379307317953094227e-03  4.379307317953094227e-03
3.713043863077248652e+00  3.642646026125219427e-03  3.642646026125219427e-03
3.813043863077248297e+00  3.045299598318255193e-03  3.045299598318255193e-03
3.913043863077247941e+00  2.556799300760500063e-03  2.556799300760500063e-03
4.013043863077248474e+00  2.153304195403637697e-03  2.153304195403637697e-03
4.113043863077248119e+00  1.816777692796068882e-03  1.816777692796068882e-03
4.213043863077248652e+00  1.533867399395673825e-03  1.533867399395673825e-03
4.313043863077248297e+00  1.294751934536836173e-03  1.294751934536836173e-03
4.413043863077247941e+00  1.092120445310867417e-03  1.092120445310867417e-03
4.513043863077248474e+00  9.203638823460639400e-04  9.203638823460639400e-04
4.613043863077248119e+00  7.749924337190922802e-04  7.749924337190922802e-04
4.713043863077248652e+00  6.522531618774091459e-04  6.522531618774091459e-04
4.813043863077248297e+00  5.489027794113735328e-04  5.489027794113735328e-04
4.913043863077247941e+00  4.620869920233476439e-04  4.620869920233476439e-04
5.013043863077248474e+00  3.892838618863840735e-04  3.892838618863840735e-04
5.113043863077248119e+00  3.282790254642001444e-04  3.282790254642001444e-04
5.213043863077248652e+00  2.771516312885703584e-04  2.771516312885703584e-04
5.313043863077248297e+00  2.342593515433589655e-04  2.342593515433589655e-04
5.413043863077247941e+00  1.982178186912917782e-04  1.982178186912917782e-04
5.513043863077248474e+00  1.678742602037810333e-04  1.678742602037810333e-04
5.613043863077248119e+00  1.422773582239332979e-04  1.422773582239332979e-04
5.713043863077248652e+00  1.206460524048862267e-04  1.206460524048862267e-04
5.813043863077248297e+00  1.023397402882288132e-04  1.023397402882288132e-04
5.913043863077247941e+00  8.683161088186163888e-05  8.683161088186163888e-05
6.013043863077248474e+00  7.368602714797221009e-05  7.368602714797221009e-05
6.113043863077248119e+00  6.254016237019184381e-05  6.254016237019184381e-05
6.213043863077248652e+00  5.308958829763376540e-05  5.308958829763376540e-05
6.313043863077248297e+00  4.507722332508513864e-05  4.507722332508513864e-05
6.413043863077247941e+00  3.828494350441136011e-05  3.828494350441136011e-05
6.513043863077247586e+00  3.252718458185683387e-05  3.252718458185683387e-05
6.613043863077249007e+00  2.764596472163928829e-05  2.764596472163928829e-05
6.713043863077248652e+00  2.350688946052065641e-05  2.350688946052065641e-05
6.813043863077248297e+00  1.999583057546339108e-05  1.999583057546339108e-05
6.913043863077247941e+00  1.701608027716624286e-05  1.701608027716624286e-05
7.013043863077247586e+00  1.448586390164187977e-05  1.448586390164187977e-05
7.113043863077249007e+00  1.233614823321901084e-05  1.233614823321901084e-05
7.213043863077248652e+00  1.050871337012560045e-05  1.050871337012560045e-05
7.313043863077248297e+00  8.954470021043237619e-06  8.954470021043237619e-06
7.413043863077247941e+00  7.632007606291170757e-06  7.632007606291170757e-06
7.513043863077247586e+00  6.506356723369911047e-06  6.506356723369911047e-06
7.613043863077249007e+00  5.547946100355532556e-06  5.547946100355532556e-06
7.713043863077248652e+00  4.731731299332787472e-06  4.731731299332787472e-06
7.813043863077248297e+00  4.036471141672507363e-06  4.036471141672507363e-06
7.913043863077247941e+00  3.444128269256690937e-06  3.444128269256690937e-06
8.013043863077250251e+00  2.939372111022716071e-06  2.939372111022716071e-06
8.113043863077248119e+00  2.509165273772951624e-06  2.509165273772951624e-06
8.213043863077249540e+00  2.142417495372177021e-06  2.142417495372177021e-06
8.313043863077247408e+00  1.829694364682930818e-06  1.829694364682930818e-06
8.413043863077248830e+00  1.562970746689280133e-06  1.562970746689280133e-06
8.513043863077250251e+00  1.335421113598754875e-06  1.335421113598754875e-06
8.613043863077248119e+00  1.141240744728197368e-06  1.141240744728197368e-06
8.713043863077249540e+00  9.754930650092186397e-07  9.754930650092186397e-07
8.813043863077247408e+00  8.339793279241733508e-07  8.339793279241733508e-07
8.913043863077248830e+00  7.131275083439108815e-07  7.131275083439108815e-07
9.013043863077250251e+00  6.098977412241854144e-07  6.098977412241854144e-07
9.113043863077249895e+00  5.217019932943272696e-07  5.217019932943272696e-07
9.213043863077249540e+00  4.463359364605738871e-07  4.463359364605738871e-07
9.313043863077249185e+00  3.819212348190390354e-07  3.819212348190390354e-07
9.413043863077248830e+00  3.268566784758500567e-07  3.268566784758500567e-07
9.513043863077250251e+00  2.797768033299681742e-07  2.797768033299681742e-07
9.613043863077249895e+00  2.395168273044296179e-07  2.395168273044296179e-07
9.713043863077249540e+00  2.050829083945766347e-07  2.050829083945766347e-07
9.813043863077249185e+00  1.756268861592886734e-07  1.756268861592886734e-07
9.913043863077248830e+00  1.504248045642409152e-07  1.504248045642409152e-07
1.001304386307725025e+01  1.288586303035966563e-07  1.288586303035966563e-07
1.011304386307724990e+01  1.104006779785947432e-07  1.104006779785947432e-07
1.021304386307724954e+01  9.460033376696684392e-08  9.460033376696684392e-08
1.031304386307724918e+01  8.107273491173966221e-08  8.107273491173966221e-08
1.041304386307724883e+01  6.948911602979495797e-08  6.948911602979495797e-08
