-1.510101010101008612e+00  1.676324264216351707e-28  1.676324264216351707e-28
-1.410101010101008523e+00  2.595936214419688711e-26  2.595936214419688711e-26
-1.310101010101008434e+00  3.319724452529570144e-24  3.319724452529570144e-24
-1.210101010101008789e+00  3.464087496687830904e-22  3.464087496687830904e-22
-1.110101010101008701e+00  2.942201494585569081e-20  2.942201494585569081e-20
-1.010101010101008612e+00  2.032866379977539970e-18  2.032866379977539970e-18
-9.101010101010085229e-01  1.142452471898471821e-16  1.142452471898471821e-16
-8.101010101010084341e-01  5.222088625255494565e-15  5.222088625255494565e-15
-7.101010101010085673e-01  1.941433032900909999e-13  1.941433032900909999e-13
-6.101010101010087006e-01  5.870447052772356615e-12  5.870447052772356615e-12
-5.101010101010086117e-01  1.443743375921011598e-10  1.443743375921011598e-10
-4.101010101010085229e-01  2.887877126585070448e-09  2.887877126585070448e-09
-3.101010101010084341e-01  4.698261848941452046e-08  4.698261848941452046e-08
-2.101010101010085673e-01  6.216779909789149250e-07  6.216779909789149250e-07
-1.101010101010084785e-01  6.690576192495513405e-06  6.690576192495513405e-06
-1.010101010100861174e-02  5.856407613477962329e-05  5.856407613477962329e-05
8.989898989899147708e-02  4.169354454824288916e-04  4.169354454824288916e-04
1.898989898989915659e-01  2.414215793661064757e-03  2.414215793661064757e-03
2.898989898989914327e-01  1.136980742890906018e-02  1.136980742890906018e-02
3.898989898989915215e-01  4.355117728133464650e-02  4.355117728133464650e-02
4.898989898989913883e-01  1.356802047361539698e-01  1.356802047361539698e-01
5.898989898989914771e-01  3.437976930072794146e-01  3.437976930072794146e-01
6.898989898989915659e-01  7.085320410644280198e-01  7.085320410644280198e-01
7.898989898989916547e-01  1.187644918850447429e+00  1.187644918850447429e+00
8.898989898989917435e-01  1.619145271065323577e+00  1.619145271065323577e+00
9.898989898989913883e-01  1.795402413557617427e+00  1.795402413557617427e+00
1.089898989898991477e+00  1.619312543767251755e+00  1.619312543767251755e+00
1.189898989898991566e+00  1.188098420295319757e+00  1.188098420295319757e+00
1.289898989898991655e+00  7.095302240990878362e-01  7.095302240990878362e-01
1.389898989898991744e+00  3.457547671774860998e-01  3.457547671774860998e-01
1.489898989898991388e+00  1.391353510553140771e-01  1.391353510553140771e-01
1.589898989898991477e+00  4.905136793057142397e-02  4.905136793057142397e-02
1.689898989898991566e+00  1.926600599471813002e-02  1.926600599471813002e-02
1.789898989898991655e+00  1.263776445140248582e-02  1.263776445140248582e-02
1.889898989898991744e+00  1.235516409483770200e-02  1.235516409483770200e-02
1.989898989898991388e+00  1.263202185406732923e-02  1.263202185406732923e-02
2.089898989898991477e+00  1.195192434411241657e-02  1.195192434411241657e-02
2.189898989898991566e+00  1.023992291288062552e-02  1.023992291288062552e-02
2.289898989898991655e+00  7.923994837422287940e-03  7.923994837422287940e-03
2.389898989898991744e+00  5.544157985483856056e-03  5.544157985483856056e-03
2.489898989898991388e+00  3.519634048711304305e-03  3.519634048711304305e-03
2.589898989898991921e+00  2.045413619101654756e-03  2.045413619101654756e-03
2.689898989898991566e+00  1.112026174913134224e-03  1.112026174913134224e-03
2.789898989898991211e+00  5.937427444542835598e-04  5.937427444542835598e-04
2.889898989898991744e+00  3.388801103726433788e-04  3.388801103726433788e-04
2.989898989898991388e+00  2.243614168944638176e-04  2.243614168944638176e-04
3.089898989898991921e+00  1.717927013153984527e-04  1.717927013153984527e-04
3.189898989898991566e+00  1.406320107352400264e-04  1.406320107352400264e-04
3.289898989898992099e+00  1.144762790881675676e-04  1.144762790881675676e-04
3.389898989898991744e+00  8.926434011584125712e-05  8.926434011584125712e-05
3.489898989898991388e+00  6.576479490157497202e-05  6.576479490157497202e-05
3.589898989898991921e+00  4.567730905960907818e-05  4.567730905960907818e-05
3.689898989898991566e+00  3.004287874001614818e-05  3.004287874001614818e-05
3.789898989898992099e+00  1.891931699814501490e-05  1.891931699814501490e-05
3.889898989898991744e+00  1.163484759229287501e-05  1.163484759229287501e-05
3.989898989898991388e+00  7.197635658123310092e-06  7.197635658123310092e-06
4.089898989898991921e+00  4.634149881514724366e-06  4.634149881514724366e-06
4.189898989898991566e+00  3.175930901458688799e-06  3.175930901458688799e-06
4.289898989898992099e+00  2.308299463688956536e-06  2.308299463688956536e-06
4.389898989898991744e+00  1.734389267988859081e-06  1.734389267988859081e-06
4.489898989898991388e+00  1.307766750170553346e-06  1.307766750170553346e-06
4.589898989898991921e+00  9.683005145994048439e-07  9.683005145994048439e-07
4.689898989898991566e+00  6.959866231695654671e-07  6.959866231695654671e-07
4.789898989898992099e+00  4.840780349499113385e-07  4.840780349499113385e-07
4.889898989898991744e+00  3.268295595923228980e-07  3.268295595923228980e-07
4.989898989898991388e+00  2.160314903799374107e-07  2.160314903799374107e-07
5.089898989898991921e+00  1.416483872183217097e-07  1.416483872183217097e-07
5.189898989898991566e+00  9.360197195369921802e-08  9.360197195369921802e-08
5.289898989898992099e+00  6.323245642037007028e-08  6.323245642037007028e-08
5.389898989898991744e+00  4.398562171852760936e-08  4.398562171852760936e-08
5.489898989898991388e+00  3.141630247632937347e-08  3.141630247632937347e-08
5.589898989898991921e+00  2.279298024830236946e-08  2.279298024830236946e-08
5.689898989898991566e+00  1.657674828135449631e-08  1.657674828135449631e-08
5.789898989898992099e+00  1.195223239149073982e-08  1.195223239149073982e-08
5.889898989898991744e+00  8.486626695713657877e-09  8.486626695713657877e-09
5.989898989898991388e+00  5.921761311329289041e-09  5.921761311329289041e-09
6.089898989898991921e+00  4.068913287569056530e-09  4.068913287569056530e-09
6.189898989898991566e+00  2.767872231806481481e-09  2.767872231806481481e-09
6.289898989898992099e+00  1.878169252617630116e-09  1.878169252617630116e-09
6.389898989898991744e+00  1.281526941082301348e-09  1.281526941082301348e-09
6.489898989898991388e+00  8.847977082764156680e-10  8.847977082764156680e-10
6.589898989898991033e+00  6.197061649152857462e-10  6.197061649152857462e-10
6.689898989898992454e+00  4.395022986700825767e-10  4.395022986700825767e-10
6.789898989898992099e+00  3.140155391879689442e-10  3.140155391879689442e-10
6.889898989898991744e+00  2.246039138892556664e-10  2.246039138892556664e-10
6.989898989898991388e+00  1.599424182645061541e-10  1.599424182645061541e-10
7.089898989898991033e+00  1.129978203528140437e-10  1.129978203528140437e-10
7.189898989898992454e+00  7.911916945017173459e-11  7.911916945017173459e-11
7.289898989898992099e+00  5.497331684572795995e-11  5.497331684572795995e-11
7.389898989898991744e+00  3.802046292692251296e-11  3.802046292692251296e-11
7.489898989898991388e+00  2.628084108701209425e-11  2.628084108701209425e-11
7.589898989898991033e+00  1.822824040213054919e-11  1.822824040213054919e-11
7.689898989898992454e+00  1.272215098232119872e-11  1.272215098232119872e-11
7.789898989898992099e+00  8.943115188337057518e-12  8.943115188337057518e-12
7.889898989898991744e+00  6.324951266389370470e-12  6.324951266389370470e-12
7.989898989898991388e+00  4.489052149897657574e-12  4.489052149897657574e-12
8.089898989898992809e+00  3.187367409713609895e-12  3.187367409713609895e-12
8.189898989898992454e+00  2.257873152118347098e-12  2.257873152118347098e-12
8.289898989898992099e+00  1.592953049521170202e-12  1.592953049521170202e-12
8.389898989898991744e+00  1.118780161826470910e-12  1.118780161826470910e-12
8.489898989898991388e+00  7.828172402860768936e-13  7.828172402860768936e-13
8.589898989898992809e+00  5.466162934996303701e-13  5.466162934996303701e-13
8.689898989898992454e+00  3.817039617121873025e-13  3.817039617121873025e-13
8.789898989898992099e+00  2.670804438820836516e-13  2.670804438820836516e-13
8.889898989898991744e+00  1.874954329673904762e-13  1.874954329673904762e-13
8.989898989898991388e+00  1.321041504955495566e-13  1.321041504955495566e-13
9.089898989898992809e+00  9.335677520669074512e-14  9.335677520669074512e-14
9.189898989898992454e+00  6.608602192388293333e-14  6.608602192388293333e-14
9.289898989898992099e+00  4.678786705170815452e-14  4.678786705170815452e-14
9.389898989898991744e+00  3.308475995121791213e-14  3.308475995121791213e-14
9.489898989898991388e+00  2.334694545638952611e-14  2.334694545638952611e-14
9.589898989898992809e+00  1.643854758519114346e-14  1.643854758519114346e-14
9.689898989898992454e+00  1.155380517469255326e-14  1.155380517469255326e-14
9.789898989898992099e+00  8.113468323717191457e-15  8.113468323717191457e-15
9.889898989898991744e+00  5.698702642337426028e-15  5.698702642337426028e-15
9.989898989898991388e+00  4.007277044027172439e-15  4.007277044027172439e-15
1.008989898989899281e+01  2.822833827959656884e-15  2.822833827959656884e-15
1.018989898989899245e+01  1.992190452928900176e-15  1.992190452928900176e-15
1.028989898989899210e+01  1.408089833243850474e-15  1.408089833243850474e-15
1.038989898989899174e+01  9.960690928219816621e-16  9.960690928219816621e-16
1.048989898989899139e+01  7.046428427138623890e-16  7.046428427138623890e-16
