-1.636361525548555740e+00  2.829728891660359685e-34  2.829728891660359685e-34
-1.536361525548555651e+00  1.007625219853277985e-31  1.007625219853277985e-31
-1.436361525548555562e+00  3.425511484449420655e-29  3.425511484449420655e-29
-1.336361525548555917e+00  9.417474183383129396e-27  9.417474183383129396e-27
-1.236361525548555829e+00  2.030092289999210687e-24  2.030092289999210687e-24
-1.136361525548555740e+00  3.412744125774041752e-22  3.412744125774041752e-22
-1.036361525548555651e+00  4.469361452393825075e-20  4.469361452393825075e-20
-9.363615255485555622e-01  4.558740437817065902e-18  4.558740437817065902e-18
-8.363615255485556954e-01  3.621422352090999538e-16  3.621422352090999538e-16
-7.363615255485558286e-01  2.240487199668435567e-14  2.240487199668435567e-14
-6.363615255485557398e-01  1.079525759532884284e-12  1.079525759532884284e-12
-5.363615255485556510e-01  4.050888195203164612e-11  4.050888195203164612e-11
-4.363615255485555622e-01  1.183842742016177183e-09  1.183842742016177183e-09
-3.363615255485556954e-01  2.694413305607726601e-08  2.694413305607726601e-08
-2.363615255485556066e-01  4.775961565986947661e-07  4.775961565986947661e-07
-1.363615255485557398e-01  6.593011455492261633e-06  6.593011455492261633e-06
-3.636152554855565100e-02  7.088155437606104953e-05  7.088155437606104953e-05
6.363847445144443782e-02  5.934840251304079797e-04  5.934840251304079797e-04
1.636384744514443046e-01  3.870002489925868094e-03  3.870002489925868094e-03
2.636384744514443934e-01  1.965349962808948803e-02  1.965349962808948803e-02
3.636384744514442602e-01  7.773114364727984338e-02  7.773114364727984338e-02
4.636384744514443490e-01  2.394290950948768648e-01  2.394290950948768648e-01
5.636384744514444378e-01  5.743624566924796504e-01  5.743624566924796504e-01
6.636384744514445266e-01  1.073060334396269910e+00  1.073060334396269910e+00
7.636384744514446155e-01  1.561338844318001851e+00  1.561338844318001851e+00
8.636384744514442602e-01  1.769407333655360404e+00  1.769407333655360404e+00
9.636384744514443490e-01  1.562112423996423027e+00  1.562112423996423027e+00
1.063638474451444438e+00  1.075482511082195503e+00  1.075482511082195503e+00
1.163638474451444527e+00  5.805862571597225630e-01  5.805862571597225630e-01
1.263638474451444615e+00  2.534619443812317630e-01  2.534619443812317630e-01
1.363638474451444260e+00  1.056406273790175959e-01  1.056406273790175959e-01
1.463638474451444349e+00  6.863868131617406609e-02  6.863868131617406609e-02
1.563638474451444438e+00  7.974730448450173537e-02  7.974730448450173537e-02
1.663638474451444527e+00  1.043277326385506076e-01  1.043277326385506076e-01
1.763638474451444615e+00  1.252585470365418507e-01  1.252585470365418507e-01
1.863638474451444260e+00  1.334178481770627034e-01  1.334178481770627034e-01
1.963638474451444349e+00  1.256698694896041246e-01  1.256698694896041246e-01
2.063638474451444438e+00  1.048972623566287038e-01  1.048972623566287038e-01
2.163638474451444527e+00  7.811536873523894364e-02  7.811536873523894364e-02
2.263638474451444615e+00  5.285366925712556979e-02  5.285366925712556979e-02
2.363638474451444260e+00  3.403465619951422105e-02  3.403465619951422105e-02
2.463638474451444793e+00  2.294970964136669109e-02  2.294970964136669109e-02
2.563638474451444438e+00  1.816958292587471033e-02  1.816958292587471033e-02
2.663638474451444083e+00  1.716095584725497308e-02  1.716095584725497308e-02
2.763638474451444615e+00  1.755441434357094682e-02  1.755441434357094682e-02
2.863638474451444260e+00  1.773709973337193532e-02  1.773709973337193532e-02
2.963638474451444793e+00  1.694232464213386857e-02  1.694232464213386857e-02
3.063638474451444438e+00  1.509223694442469663e-02  1.509223694442469663e-02
3.163638474451444971e+00  1.254682289416145929e-02  1.254682289416145929e-02
3.263638474451444615e+00  9.835173632537609970e-03  9.835173632537609970e-03
3.363638474451444260e+00  7.428031091708167839e-03  7.428031091708167839e-03
3.463638474451444793e+00  5.601260125660974948e-03  5.601260125660974948e-03
3.563638474451444438e+00  4.407263724358635379e-03  4.407263724358635379e-03
3.663638474451444971e+00  3.730001297822472996e-03  3.730001297822472996e-03
3.763638474451444615e+00  3.375863405651504355e-03  3.375863405651504355e-03
3.863638474451444260e+00  3.156312232049119596e-03  3.156312232049119596e-03
3.963638474451444793e+00  2.938332672003977301e-03  2.938332672003977301e-03
4.063638474451444438e+00  2.659551578435262811e-03  2.659551578435262811e-03
4.163638474451444971e+00  2.317383486007604503e-03  2.317383486007604503e-03
4.263638474451444615e+00  1.945272652998973530e-03  1.945272652998973530e-03
4.363638474451444260e+00  1.587460440080814194e-03  1.587460440080814194e-03
4.463638474451444793e+00  1.279876580982712781e-03  1.279876580982712781e-03
4.563638474451444438e+00  1.040479811763795909e-03  1.040479811763795909e-03
4.663638474451444971e+00  8.686233300276276301e-04  8.686233300276276301e-04
4.763638474451444615e+00  7.505151296954403611e-04  7.505151296954403611e-04
4.863638474451444260e+00  6.669709943232069067e-04  6.669709943232069067e-04
4.963638474451444793e+00  6.002486414457870604e-04  6.002486414457870604e-04
5.063638474451444438e+00  5.381644427535983710e-04  5.381644427535983710e-04
5.163638474451444971e+00  4.751810684768100813e-04  4.751810684768100813e-04
5.263638474451444615e+00  4.111983828178395915e-04  4.111983828178395915e-04
5.363638474451444260e+00  3.492132138341865421e-04  3.492132138341865421e-04
5.463638474451444793e+00  2.929362071407829219e-04  2.929362071407829219e-04
5.563638474451444438e+00  2.450828621334035493e-04  2.450828621334035493e-04
5.663638474451444971e+00  2.066068300508986408e-04  2.066068300508986408e-04
5.763638474451444615e+00  1.767723479539940487e-04  1.767723479539940487e-04
5.863638474451444260e+00  1.537487165122251409e-04  1.537487165122251409e-04
5.963638474451444793e+00  1.353624087778043401e-04  1.353624087778043401e-04
6.063638474451444438e+00  1.197203531366611068e-04  1.197203531366611068e-04
6.163638474451444971e+00  1.055559116870759051e-04  1.055559116870759051e-04
6.263638474451444615e+00  9.228483976163800724e-05  9.228483976163800724e-05
6.363638474451444260e+00  7.985132113018730696e-05  7.985132113018730696e-05
6.463638474451443905e+00  6.848052829237171694e-05  6.848052829237171694e-05
6.563638474451445326e+00  5.844264135942759655e-05  5.844264135942759655e-05
6.663638474451444971e+00  4.989402679652091483e-05  4.989402679652091483e-05
6.763638474451444615e+00  4.281574587957306688e-05  4.281574587957306688e-05
6.863638474451444260e+00  3.703354261281355692e-05  3.703354261281355692e-05
6.963638474451443905e+00  3.228446666579028461e-05  3.228446666579028461e-05
7.063638474451445326e+00  2.829320887392383163e-05  2.829320887392383163e-05
7.163638474451444971e+00  2.483095777530431583e-05  2.483095777530431583e-05
7.263638474451444615e+00  2.174420800396852503e-05  2.174420800396852503e-05
7.363638474451444260e+00  1.895440389421530571e-05  1.895440389421530571e-05
7.463638474451443905e+00  1.643791648805209451e-05  1.643791648805209451e-05
7.563638474451445326e+00  1.419866263372980992e-05  1.419866263372980992e-05
7.663638474451444971e+00  1.224379867317450418e-05  1.224379867317450418e-05
7.763638474451444615e+00  1.056851505420558706e-05  1.056851505420558706e-05
7.863638474451444260e+00  9.151211453975519039e-06  9.151211453975519039e-06
7.963638474451445681e+00  7.956794391901041754e-06  7.956794391901041754e-06
8.063638474451444438e+00  6.944171511759120283e-06  6.944171511759120283e-06
8.163638474451445859e+00  6.074092935972152733e-06  6.074092935972152733e-06
8.263638474451443727e+00  5.314701367881378969e-06  5.314701367881378969e-06
8.363638474451445148e+00  4.643752334069645171e-06  4.643752334069645171e-06
8.463638474451446569e+00  4.047840693822736377e-06  4.047840693822736377e-06
8.563638474451444438e+00  3.519779310803049777e-06  3.519779310803049777e-06
8.663638474451445859e+00  3.055465153332570887e-06  3.055465153332570887e-06
8.763638474451443727e+00  2.651287749361913309e-06  2.651287749361913309e-06
8.863638474451445148e+00  2.302627161305266801e-06  2.302627161305266801e-06
8.963638474451446569e+00  2.003483454732684638e-06  2.003483454732684638e-06
9.063638474451444438e+00  1.746929292094274038e-06  1.746929292094274038e-06
9.163638474451445859e+00  1.525936322244556534e-06  1.525936322244556534e-06
9.263638474451443727e+00  1.334167433653526147e-06  1.334167433653526147e-06
9.363638474451445148e+00  1.166477501650338332e-06  1.166477501650338332e-06
9.463638474451446569e+00  1.019043138034044477e-06  1.019043138034044477e-06
9.563638474451444438e+00  8.891842587249369193e-07  8.891842587249369193e-07
9.663638474451445859e+00  7.750158032353042006e-07  7.750158032353042006e-07
9.763638474451443727e+00  6.750760341552827323e-07  6.750760341552827323e-07
9.863638474451445148e+00  5.880384998676744236e-07  5.880384998676744236e-07
9.963638474451446569e+00  5.125556715749236112e-07  5.125556715749236112e-07
1.006363847445144444e+01  4.472279559118121825e-07  4.472279559118121825e-07
1.016363847445144586e+01  3.906571597991830997e-07  3.906571597991830997e-07
1.026363847445144373e+01  3.415325545910117483e-07  3.415325545910117483e-07
1.036363847445144515e+01  2.987059501649045882e-07  2.987059501649045882e-07
