-1.541666666119849260e+00  9.812573322766428118e-15  9.812573322766428118e-15
-1.441666666119848728e+00  1.222987387078475726e-13  1.222987387078475726e-13
-1.341666666119849083e+00  1.393648303481299520e-12  1.393648303481299520e-12
-1.241666666119848994e+00  1.440363365899723279e-11  1.440363365899723279e-11
-1.141666666119848905e+00  1.345442846291700652e-10  1.345442846291700652e-10
-1.041666666119849260e+00  1.134135213048233285e-09  1.134135213048233285e-09
-9.416666661198489496e-01  8.621175277580107795e-09  8.621175277580107795e-09
-8.416666661198490829e-01  5.907809425247399707e-08  5.907809425247399707e-08
-7.416666661198489940e-01  3.649005102497737527e-07  3.649005102497737527e-07
-6.416666661198489052e-01  2.031303091472515874e-06  2.031303091472515874e-06
-5.416666661198490385e-01  1.019080477662284056e-05  1.019080477662284056e-05
-4.416666661198489496e-01  4.607502167677203964e-05  4.607502167677203964e-05
-3.416666661198488608e-01  1.877328450709053948e-04  1.877328450709053948e-04
-2.416666661198489940e-01  6.893335612960408776e-04  6.893335612960408776e-04
-1.416666661198489052e-01  2.281031330597844443e-03  2.281031330597844443e-03
-4.166666611984903845e-02  6.802128656570417993e-03  6.802128656570417993e-03
5.833333388015105037e-02  1.827973613561321639e-02  1.827973613561321639e-02
1.583333338801511392e-01  4.426971920695817186e-02  4.426971920695817186e-02
2.583333338801510060e-01  9.661760725414043904e-02  9.661760725414043904e-02
3.583333338801510948e-01  1.900291546004880261e-01  1.900291546004880261e-01
4.583333338801509615e-01  3.368230793811330392e-01  3.368230793811330392e-01
5.583333338801510504e-01  5.380303337640606198e-01  5.380303337640606198e-01
6.583333338801511392e-01  7.745423605169250436e-01  7.745423605169250436e-01
7.583333338801512280e-01  1.004930097491580243e+00  1.004930097491580243e+00
8.583333338801513168e-01  1.175207415001728872e+00  1.175207415001728872e+00
9.583333338801509615e-01  1.238943652343500679e+00  1.238943652343500679e+00
1.058333333880151050e+00  1.177851789392924564e+00  1.177851789392924564e+00
1.158333333880151139e+00  1.010499565719864767e+00  1.010499565719864767e+00
1.258333333880151228e+00  7.835305361010710401e-01  7.835305361010710401e-01
1.358333333880151317e+00  5.510149552284646646e-01  5.510149552284646646e-01
1.458333333880150962e+00  3.542933454109685187e-01  3.542933454109685187e-01
1.558333333880151050e+00  2.121995851149826029e-01  2.121995851149826029e-01
1.658333333880151139e+00  1.232707331414640561e-01  1.232707331414640561e-01
1.758333333880151228e+00  7.467284771667119514e-02  7.467284771667119514e-02
1.858333333880151317e+00  5.120916984498950081e-02  5.120916984498950081e-02
1.958333333880150962e+00  4.068162198955952574e-02  4.068162198955952574e-02
2.058333333880151272e+00  3.540765671408331594e-02  3.540765671408331594e-02
2.158333333880150917e+00  3.149198224346289737e-02  3.149198224346289737e-02
2.258333333880151450e+00  2.745290514237576709e-02  2.745290514237576709e-02
2.358333333880151095e+00  2.305714338924453807e-02  2.305714338924453807e-02
2.458333333880150740e+00  1.857512873504526055e-02  1.857512873504526055e-02
2.558333333880151272e+00  1.437878536295606781e-02  1.437878536295606781e-02
2.658333333880150917e+00  1.075556650439385593e-02  1.075556650439385593e-02
2.758333333880150562e+00  7.847425002035722172e-03  7.847425002035722172e-03
2.858333333880151095e+00  5.659024441085186083e-03  5.659024441085186083e-03
2.958333333880150740e+00  4.099156226391478114e-03  4.099156226391478114e-03
3.058333333880151272e+00  3.030228328393766869e-03  3.030228328393766869e-03
3.158333333880150917e+00  2.309781954296879266e-03  2.309781954296879266e-03
3.258333333880151450e+00  1.816769960428895464e-03  1.816769960428895464e-03
3.358333333880151095e+00  1.462435642389937462e-03  1.462435642389937462e-03
3.458333333880150740e+00  1.189799798598646912e-03  1.189799798598646912e-03
3.558333333880151272e+00  9.669714111113190957e-04  9.669714111113190957e-04
3.658333333880150917e+00  7.786853378528701269e-04  7.786853378528701269e-04
3.758333333880151450e+00  6.188260644589420366e-04  6.188260644589420366e-04
3.858333333880151095e+00  4.851114125769749011e-04  4.851114125769749011e-04
3.958333333880150740e+00  3.760098687785717723e-04  3.760098687785717723e-04
4.058333333880151272e+00  2.894048158246242150e-04  2.894048158246242150e-04
4.158333333880150917e+00  2.223647030301270481e-04  2.223647030301270481e-04
4.258333333880151450e+00  1.714553328814556537e-04  1.714553328814556537e-04
4.358333333880151095e+00  1.331988173849235071e-04  1.331988173849235071e-04
4.458333333880150740e+00  1.044568450036678311e-04  1.044568450036678311e-04
4.558333333880151272e+00  8.265215150224420216e-05  8.265215150224420216e-05
4.658333333880150917e+00  6.582952732719792217e-05  6.582952732719792217e-05
4.758333333880151450e+00  5.260079735646321580e-05  5.260079735646321580e-05
4.858333333880151095e+00  4.202880951354315134e-05  4.202880951354315134e-05
4.958333333880150740e+00  3.349690162024847860e-05  3.349690162024847860e-05
5.058333333880151272e+00  2.659394909811781344e-05  2.659394909811781344e-05
5.158333333880150917e+00  2.102873547926285591e-05  2.102873547926285591e-05
5.258333333880151450e+00  1.657511886928787650e-05  1.657511886928787650e-05
5.358333333880151095e+00  1.304241478459748190e-05  1.304241478459748190e-05
5.458333333880150740e+00  1.026286690333236422e-05  1.026286690333236422e-05
5.558333333880151272e+00  8.088539240901629067e-06  8.088539240901629067e-06
5.658333333880150917e+00  6.391912328368258996e-06  6.391912328368258996e-06
5.758333333880151450e+00  5.066742852450870697e-06  5.066742852450870697e-06
5.858333333880151095e+00  4.027666500846175349e-06  4.027666500846175349e-06
5.958333333880150740e+00  3.208315494177352114e-06  3.208315494177352114e-06
6.058333333880151272e+00  2.558392404822936885e-06  2.558392404822936885e-06
6.158333333880150917e+00  2.040340054880397154e-06  2.040340054880397154e-06
6.258333333880151450e+00  1.626161820179854300e-06  1.626161820179854300e-06
6.358333333880151095e+00  1.294741420217539635e-06  1.294741420217539635e-06
6.458333333880150740e+00  1.029798792185705974e-06  1.029798792185705974e-06
6.558333333880150384e+00  8.184581889141986658e-07  8.184581889141986658e-07
6.658333333880151805e+00  6.503137023544565937e-07  6.503137023544565937e-07
6.758333333880151450e+00  5.168476384729941900e-07  5.168476384729941900e-07
6.858333333880151095e+00  4.110688156261996296e-07  4.110688156261996296e-07
6.958333333880150740e+00  3.272700972331240865e-07  3.272700972331240865e-07
7.058333333880150384e+00  2.608410258253731609e-07  2.608410258253731609e-07
7.158333333880151805e+00  2.081024251380399265e-07  2.081024251380399265e-07
7.258333333880151450e+00  1.661512148356518407e-07  1.661512148356518407e-07
7.358333333880151095e+00  1.327154559416665290e-07  1.327154559416665290e-07
7.458333333880150740e+00  1.060240098636995545e-07  1.060240098636995545e-07
7.558333333880150384e+00  8.469499023180095060e-08  8.469499023180095060e-08
7.658333333880151805e+00  6.764493086461322733e-08  6.764493086461322733e-08
7.758333333880151450e+00  5.401804139686320307e-08  5.401804139686320307e-08
7.858333333880151095e+00  4.313302067928041422e-08  4.313302067928041422e-08
7.958333333880150740e+00  3.444394884653579571e-08  3.444394884653579571e-08
8.058333333880153049e+00  2.751167961264935071e-08  2.751167961264935071e-08
8.158333333880150917e+00  2.198262063110016184e-08  2.198262063110016184e-08
8.258333333880152338e+00  1.757251516476202541e-08  1.757251516476202541e-08
8.358333333880150207e+00  1.405358275534494481e-08  1.405358275534494481e-08
8.458333333880151628e+00  1.124399631543498520e-08  1.124399631543498520e-08
8.558333333880153049e+00  8.999112605035785778e-09  8.999112605035785778e-09
8.658333333880150917e+00  7.204139066724874830e-09  7.204139066724874830e-09
8.758333333880152338e+00  5.768052047183264708e-09  5.768052047183264708e-09
8.858333333880150207e+00  4.618628222782272588e-09  4.618628222782272588e-09
8.958333333880151628e+00  3.698455326617285568e-09  3.698455326617285568e-09
9.058333333880153049e+00  2.961780091534882710e-09  2.961780091534882710e-09
9.158333333880152693e+00  2.372047334488009644e-09  2.372047334488009644e-09
9.258333333880152338e+00  1.899990316201756148e-09  1.899990316201756148e-09
9.358333333880151983e+00  1.522148193127391394e-09  1.522148193127391394e-09
9.458333333880151628e+00  1.219707713246319793e-09  1.219707713246319793e-09
9.558333333880153049e+00  9.775889847869834758e-10  9.775889847869834758e-10
9.658333333880152693e+00  7.837158296700438502e-10  7.837158296700438502e-10
9.758333333880152338e+00  6.284280560592840705e-10  6.284280560592840705e-10
9.858333333880151983e+00  5.040054337953845588e-10  5.040054337953845588e-10
9.958333333880151628e+00  4.042816574235592726e-10  4.042816574235592726e-10
1.005833333388015305e+01  3.243320296801164892e-10  3.243320296801164892e-10
1.015833333388015269e+01  2.602219826654624353e-10  2.602219826654624353e-10
1.025833333388015234e+01  2.088057208319146821e-10  2.088057208319146821e-10
1.035833333388015198e+01  1.675658220512616247e-10  1.675658220512616247e-10
1.045833333388015163e+01  1.344859268180205756e-10  1.344859268180205756e-10
