-1.586956370356297441e+00  4.205391423306648529e-13  4.205391423306648529e-13
-1.486956370356297796e+00  3.823588516250406421e-12  3.823588516250406421e-12
-1.386956370356297708e+00  3.238834800145741497e-11  3.238834800145741497e-11
-1.286956370356297619e+00  2.528754823499929122e-10  2.528754823499929122e-10
-1.186956370356297974e+00  1.810412748499753074e-09  1.810412748499753074e-09
-1.086956370356297441e+00  1.185526016939655023e-08  1.185526016939655023e-08
-9.869563703562975743e-01  7.091982479765854899e-08  7.091982479765854899e-08
-8.869563703562977075e-01  3.873228640090813213e-07  3.873228640090813213e-07
-7.869563703562976187e-01  1.930563547977976829e-06  1.930563547977976829e-06
-6.869563703562975299e-01  8.780581263048263676e-06  8.780581263048263676e-06
-5.869563703562976631e-01  3.643743309018969797e-05  3.643743309018969797e-05
-4.869563703562975743e-01  1.379536650377066926e-04  1.379536650377066926e-04
-3.869563703562974855e-01  4.765028645640770810e-04  4.765028645640770810e-04
-2.869563703562976187e-01  1.501537936788407751e-03  1.501537936788407751e-03
-1.869563703562975299e-01  4.316590760159520757e-03  4.316590760159520757e-03
-8.695637035629766309e-02  1.132079091338488580e-02  1.132079091338488580e-02
1.304362964370242572e-02  2.708589752473770235e-02  2.708589752473770235e-02
1.130436296437025145e-01  5.912089742440622409e-02  5.912089742440622409e-02
2.130436296437023813e-01  1.177260516326614492e-01  1.177260516326614492e-01
3.130436296437024701e-01  2.138664497386761343e-01  2.138664497386761343e-01
4.130436296437023369e-01  3.544537259979019805e-01  3.544537259979019805e-01
5.130436296437024257e-01  5.359661875279277954e-01  5.359661875279277954e-01
6.130436296437025145e-01  7.394359846863933772e-01  7.394359846863933772e-01
7.130436296437026034e-01  9.308762900902014525e-01  9.308762900902014525e-01
8.130436296437026922e-01  1.069519833129586761e+00  1.069519833129586761e+00
9.130436296437023369e-01  1.121849585922314985e+00  1.121849585922314985e+00
1.013043629643702426e+00  1.074987702737254303e+00  1.074987702737254303e+00
1.113043629643702515e+00  9.421823742889090525e-01  9.421823742889090525e-01
1.213043629643702603e+00  7.572153383434665486e-01  7.572153383434665486e-01
1.313043629643702692e+00  5.609241111715077555e-01  5.609241111715077555e-01
1.413043629643702337e+00  3.871165501057110547e-01  3.871165501057110547e-01
1.513043629643702426e+00  2.543273712091623784e-01  2.543273712091623784e-01
1.613043629643702515e+00  1.654449040717774766e-01  1.654449040717774766e-01
1.713043629643702603e+00  1.128329830456408084e-01  1.128329830456408084e-01
1.813043629643702692e+00  8.485491048109493339e-02  8.485491048109493339e-02
1.913043629643702337e+00  7.073691560059708339e-02  7.073691560059708339e-02
2.013043629643702204e+00  6.280223577309126948e-02  6.280223577309126948e-02
2.113043629643702737e+00  5.665676891029079038e-02  5.665676891029079038e-02
2.213043629643702381e+00  5.038526531235906769e-02  5.038526531235906769e-02
2.313043629643702914e+00  4.356893677535408904e-02  4.356893677535408904e-02
2.413043629643702559e+00  3.650418189679104780e-02  3.650418189679104780e-02
2.513043629643703092e+00  2.969967475990138717e-02  2.969967475990138717e-02
2.613043629643702737e+00  2.360260238481633535e-02  2.360260238481633535e-02
2.713043629643702381e+00  1.848303834492772205e-02  1.848303834492772205e-02
2.813043629643702914e+00  1.441795627700764859e-02  1.441795627700764859e-02
2.913043629643702559e+00  1.133082268203263257e-02  1.133082268203263257e-02
3.013043629643703092e+00  9.053427970649504525e-03  9.053427970649504525e-03
3.113043629643702737e+00  7.386221163327350882e-03  7.386221163327350882e-03
3.213043629643703269e+00  6.143318496433439538e-03  6.143318496433439538e-03
3.313043629643702914e+00  5.177537565855535456e-03  5.177537565855535456e-03
3.413043629643702559e+00  4.387586617231786258e-03  4.387586617231786258e-03
3.513043629643703092e+00  3.713067221021959432e-03  3.713067221021959432e-03
3.613043629643702737e+00  3.123553653378493503e-03  3.123553653378493503e-03
3.713043629643703269e+00  2.606746518317510936e-03  2.606746518317510936e-03
3.813043629643702914e+00  2.158720068398676736e-03  2.158720068398676736e-03
3.913043629643702559e+00  1.777440837604988980e-03  1.777440837604988980e-03
4.013043629643703092e+00  1.459446187280202941e-03  1.459446187280202941e-03
4.113043629643702737e+00  1.198902129514378559e-03  1.198902129514378559e-03
4.213043629643703269e+00  9.880819756312947486e-04  9.880819756312947486e-04
4.313043629643702914e+00  8.184316298732916516e-04  8.184316298732916516e-04
4.413043629643702559e+00  6.816437487018614733e-04  6.816437487018614733e-04
4.513043629643703092e+00  5.704325400368496059e-04  5.704325400368496059e-04
4.613043629643702737e+00  4.789175792812607455e-04  4.789175792812607455e-04
4.713043629643703269e+00  4.026643583241235795e-04  4.026643583241235795e-04
4.813043629643702914e+00  3.384946507539811399e-04  3.384946507539811399e-04
4.913043629643702559e+00  2.841891286966236291e-04  2.841891286966236291e-04
5.013043629643703092e+00  2.381805305284518987e-04  2.381805305284518987e-04
5.113043629643702737e+00  1.992983639659482971e-04  1.992983639659482971e-04
5.213043629643703269e+00  1.665901769169483382e-04  1.665901769169483382e-04
5.313043629643702914e+00  1.392177648784749750e-04  1.392177648784749750e-04
5.413043629643702559e+00  1.164116146231182361e-04  1.164116146231182361e-04
5.513043629643703092e+00  9.746197526449148715e-05  9.746197526449148715e-05
5.613043629643702737e+00  8.172698481813598617e-05  8.172698481813598617e-05
5.713043629643703269e+00  6.864380462896473435e-05  6.864380462896473435e-05
5.813043629643702914e+00  5.773494846425177181e-05  5.773494846425177181e-05
5.913043629643702559e+00  4.860719950158021759e-05  4.860719950158021759e-05
6.013043629643703092e+00  4.094394201037287491e-05  4.094394201037287491e-05
6.113043629643702737e+00  3.449338444343257672e-05  3.449338444343257672e-05
6.213043629643703269e+00  2.905542309991687307e-05  2.905542309991687307e-05
6.313043629643702914e+00  2.446933828606533742e-05  2.446933828606533742e-05
6.413043629643702559e+00  2.060362922396009172e-05  2.060362922396009172e-05
6.513043629643702204e+00  1.734843878180660466e-05  1.734843878180660466e-05
6.613043629643703625e+00  1.461038956078085611e-05  1.461038956078085611e-05
6.713043629643703269e+00  1.230930588760263335e-05  1.230930588760263335e-05
6.813043629643702914e+00  1.037619702723380754e-05  1.037619702723380754e-05
6.913043629643702559e+00  8.751946679062521658e-06  8.751946679062521658e-06
7.013043629643702204e+00  7.386307255534880626e-06  7.386307255534880626e-06
7.113043629643703625e+00  6.236965610154643798e-06  6.236965610154643798e-06
7.213043629643703269e+00  5.268586404663889246e-06  5.268586404663889246e-06
7.313043629643702914e+00  4.451831669277356585e-06  4.451831669277356585e-06
7.413043629643702559e+00  3.762400430977596980e-06  3.762400430977596980e-06
7.513043629643702204e+00  3.180141374024076701e-06  3.180141374024076701e-06
7.613043629643703625e+00  2.688278807327112314e-06  2.688278807327112314e-06
7.713043629643703269e+00  2.272770942108034729e-06  2.272770942108034729e-06
7.813043629643702914e+00  1.921799050837774995e-06  1.921799050837774995e-06
7.913043629643702559e+00  1.625371561451712295e-06  1.625371561451712295e-06
8.013043629643703980e+00  1.375019957281800916e-06  1.375019957281800916e-06
8.113043629643703625e+00  1.163562507141458962e-06  1.163562507141458962e-06
8.213043629643703269e+00  9.849152077658565771e-07  9.849152077658565771e-07
8.313043629643702914e+00  8.339346073102371855e-07  8.339346073102371855e-07
8.413043629643702559e+00  7.062825813442136899e-07  7.062825813442136899e-07
8.513043629643703980e+00  5.983075390524730377e-07  5.983075390524730377e-07
8.613043629643703625e+00  5.069395054832053133e-07  5.069395054832053133e-07
8.713043629643703269e+00  4.295981100721669508e-07  4.295981100721669508e-07
8.813043629643702914e+00  3.641130447723623610e-07  3.641130447723623610e-07
8.913043629643702559e+00  3.086564557986639421e-07  3.086564557986639421e-07
9.013043629643703980e+00  2.616863750416781390e-07  2.616863750416781390e-07
9.113043629643703625e+00  2.218999434581353985e-07  2.218999434581353985e-07
9.213043629643703269e+00  1.881949686081452660e-07  1.881949686081452660e-07
9.313043629643702914e+00  1.596383292719728748e-07  1.596383292719728748e-07
9.413043629643702559e+00  1.354398628524374703e-07  1.354398628524374703e-07
9.513043629643703980e+00  1.149305870053710584e-07  1.149305870053710584e-07
9.613043629643703625e+00  9.754435410538581784e-08  9.754435410538581784e-08
9.713043629643703269e+00  8.280226813323710003e-08  8.280226813323710003e-08
9.813043629643702914e+00  7.029938074595842644e-08  7.029938074595842644e-08
9.913043629643702559e+00  5.969331773919141467e-08  5.969331773919141467e-08
1.001304362964370398e+01  5.069457336264869053e-08  5.069457336264869053e-08
1.011304362964370362e+01  4.305825970549395419e-08  4.305825970549395419e-08
1.021304362964370327e+01  3.657712510578500581e-08  3.657712510578500581e-08
1.031304362964370291e+01  3.107567090533015578e-08  3.107567090533015578e-08
1.041304362964370256e+01  2.640520797599194034e-08  2.640520797599194034e-08
