-1.598900631910379566e+00  3.740823848346819213e-11  3.740823848346819213e-11
-1.498900631910379921e+00  2.384930728791382418e-10  2.384930728791382418e-10
-1.398900631910379833e+00  1.431478123075014980e-09  1.431478123075014980e-09
-1.298900631910379744e+00  8.026894745696728566e-09  8.026894745696728566e-09
-1.198900631910380099e+00  4.187710352307941437e-08  4.187710352307941437e-08
-1.098900631910379566e+00  2.028220079958056687e-07  2.028220079958056687e-07
-9.989006319103796994e-01  9.108431232446067784e-07  9.108431232446067784e-07
-8.989006319103798326e-01  3.790309538486349406e-06  3.790309538486349406e-06
-7.989006319103797438e-01  1.460984598264731995e-05  1.460984598264731995e-05
-6.989006319103796550e-01  5.215094987881863423e-05  5.215094987881863423e-05
-5.989006319103797882e-01  1.723727666873020332e-04  1.723727666873020332e-04
-4.989006319103796994e-01  5.275106985779250222e-04  5.275106985779250222e-04
-3.989006319103796105e-01  1.494615612531187583e-03  1.494615612531187583e-03
-2.989006319103797438e-01  3.920584417565047171e-03  3.920584417565047171e-03
-1.989006319103796550e-01  9.521112636047114261e-03  9.521112636047114261e-03
-9.890063191037978818e-02  2.140603621109211235e-02  2.140603621109211235e-02
1.099368089620300637e-03  4.455487573569822529e-02  4.455487573569822529e-02
1.010993680896203895e-01  8.585505624571758421e-02  8.585505624571758421e-02
2.010993680896202562e-01  1.531623834086349445e-01  1.531623834086349445e-01
3.010993680896203450e-01  2.529655653174147090e-01  2.529655653174147090e-01
4.010993680896202118e-01  3.868176849217538349e-01  3.868176849217538349e-01
5.010993680896203006e-01  5.476554651072381708e-01  5.476554651072381708e-01
6.010993680896203895e-01  7.179569008779109751e-01  7.179569008779109751e-01
7.010993680896204783e-01  8.716355781100068034e-01  8.716355781100068034e-01
8.010993680896205671e-01  9.801925290180567574e-01  9.801925290180567574e-01
9.010993680896202118e-01  1.021387211919935201e+00  1.021387211919935201e+00
1.001099368089620301e+00  9.868690010732181772e-01  9.868690010732181772e-01
1.101099368089620389e+00  8.851930059807370244e-01  8.851930059807370244e-01
1.201099368089620478e+00  7.387247583026906872e-01  7.387247583026906872e-01
1.301099368089620567e+00  5.759453052552588881e-01  5.759453052552588881e-01
1.401099368089620212e+00  4.227467380279388842e-01  4.227467380279388842e-01
1.501099368089620301e+00  2.962858885868754899e-01  2.962858885868754899e-01
1.601099368089620389e+00  2.031364560564045685e-01  2.031364560564045685e-01
1.701099368089620478e+00  1.412115747892539741e-01  1.412115747892539741e-01
1.801099368089620567e+00  1.035426318671379825e-01  1.035426318671379825e-01
1.901099368089620212e+00  8.194209443910985269e-02  8.194209443910985269e-02
2.001099368089620079e+00  6.940736639601709224e-02  6.940736639601709224e-02
2.101099368089620611e+00  6.108636024895756911e-02  6.108636024895756911e-02
2.201099368089620256e+00  5.421723357980706703e-02  5.421723357980706703e-02
2.301099368089620789e+00  4.758932370477216012e-02  4.758932370477216012e-02
2.401099368089620434e+00  4.092959273222069455e-02  4.092959273222069455e-02
2.501099368089620967e+00  3.441238828221997864e-02  3.441238828221997864e-02
2.601099368089620611e+00  2.834003326716487414e-02  2.834003326716487414e-02
2.701099368089620256e+00  2.296986231277261051e-02  2.296986231277261051e-02
2.801099368089620789e+00  1.844429841567813214e-02  1.844429841567813214e-02
2.901099368089620434e+00  1.478445306358448959e-02  1.478445306358448959e-02
3.001099368089620967e+00  1.191709373721588396e-02  1.191709373721588396e-02
3.101099368089620611e+00  9.713617751924738530e-03  9.713617751924738530e-03
3.201099368089621144e+00  8.027131542324117755e-03  8.027131542324117755e-03
3.301099368089620789e+00  6.720102312899399466e-03  6.720102312899399466e-03
3.401099368089620434e+00  5.680198390733150714e-03  5.680198390733150714e-03
3.501099368089620967e+00  4.825522694559048788e-03  4.825522694559048788e-03
3.601099368089620611e+00  4.102331944319670062e-03  4.102331944319670062e-03
3.701099368089621144e+00  3.478750500798162126e-03  3.478750500798162126e-03
3.801099368089620789e+00  2.937420401160408760e-03  2.937420401160408760e-03
3.901099368089620434e+00  2.469020547276528938e-03  2.469020547276528938e-03
4.001099368089620967e+00  2.067568443893775133e-03  2.067568443893775133e-03
4.101099368089620611e+00  1.727635528184111617e-03  1.727635528184111617e-03
4.201099368089621144e+00  1.443141009650671103e-03  1.443141009650671103e-03
4.301099368089620789e+00  1.207205107479359654e-03  1.207205107479359654e-03
4.401099368089620434e+00  1.012554758592315194e-03  1.012554758592315194e-03
4.501099368089620967e+00  8.520914529088457600e-04  8.520914529088457600e-04
4.601099368089620611e+00  7.193788678224007560e-04  7.193788678224007560e-04
4.701099368089621144e+00  6.089411380902059329e-04  6.089411380902059329e-04
4.801099368089620789e+00  5.163589855095439447e-04  5.163589855095439447e-04
4.901099368089620434e+00  4.382063647434083402e-04  4.382063647434083402e-04
5.001099368089620967e+00  3.718911030473152088e-04  3.718911030473152088e-04
5.101099368089620611e+00  3.154600709694456440e-04  3.154600709694456440e-04
5.201099368089621144e+00  2.674138502844900433e-04  2.674138502844900433e-04
5.301099368089620789e+00  2.265566458303344601e-04  2.265566458303344601e-04
5.401099368089620434e+00  1.918901908485641191e-04  1.918901908485641191e-04
5.501099368089620967e+00  1.625484664616560202e-04  1.625484664616560202e-04
5.601099368089620611e+00  1.377636970881258860e-04  1.377636970881258860e-04
5.701099368089621144e+00  1.168523476830289994e-04  1.168523476830289994e-04
5.801099368089620789e+00  9.921116866261108153e-05  9.921116866261108153e-05
5.901099368089620434e+00  8.431613559132394593e-05  8.431613559132394593e-05
6.001099368089620967e+00  7.172018306235527065e-05  7.172018306235527065e-05
6.101099368089620611e+00  6.104817478698985628e-05  6.104817478698985628e-05
6.201099368089621144e+00  5.198926001403275860e-05  5.198926001403275860e-05
6.301099368089620789e+00  4.428763605538025189e-05  4.428763605538025189e-05
6.401099368089620434e+00  3.773294802409825387e-05  3.773294802409825387e-05
6.501099368089620079e+00  3.215135571462736792e-05  3.215135571462736792e-05
6.601099368089621500e+00  2.739791343785381706e-05  2.739791343785381706e-05
6.701099368089621144e+00  2.335051167903836466e-05  2.335051167903836466e-05
6.801099368089620789e+00  1.990531865424227168e-05  1.990531865424227168e-05
6.901099368089620434e+00  1.697347191689006177e-05  1.697347191689006177e-05
7.001099368089620079e+00  1.447869824467515721e-05  1.447869824467515721e-05
7.101099368089621500e+00  1.235555390296437643e-05  1.235555390296437643e-05
7.201099368089621144e+00  1.054804017867529904e-05  1.054804017867529904e-05
7.301099368089620789e+00  9.008428350451707996e-06  9.008428350451707996e-06
7.401099368089620434e+00  7.696201311750403739e-06  7.696201311750403739e-06
7.501099368089620079e+00  6.577073888059191754e-06  6.577073888059191754e-06
7.601099368089621500e+00  5.622087342849103902e-06  5.622087342849103902e-06
7.701099368089621144e+00  4.806788348976655200e-06  4.806788348976655200e-06
7.801099368089620789e+00  4.110504324048619569e-06  4.110504324048619569e-06
7.901099368089620434e+00  3.515721435526169669e-06  3.515721435526169669e-06
8.001099368089622743e+00  3.007563682224355293e-06  3.007563682224355293e-06
8.101099368089620611e+00  2.573364498241003711e-06  2.573364498241003711e-06
8.201099368089622033e+00  2.202317886818544209e-06  2.202317886818544209e-06
8.301099368089619901e+00  1.885194462311522831e-06  1.885194462311522831e-06
8.401099368089621322e+00  1.614108443590187738e-06  1.614108443590187738e-06
8.501099368089622743e+00  1.382323746532186608e-06  1.382323746532186608e-06
8.601099368089620611e+00  1.184090011335716953e-06  1.184090011335716953e-06
8.701099368089622033e+00  1.014502012647989394e-06  1.014502012647989394e-06
8.801099368089619901e+00  8.693780423475087774e-07  8.693780423475087774e-07
8.901099368089621322e+00  7.451543772875514540e-07  7.451543772875514540e-07
9.001099368089620967e+00  6.387938778276983081e-07  6.387938778276983081e-07
9.101099368089620611e+00  5.477072386443828146e-07  5.477072386443828146e-07
9.201099368089620256e+00  4.696855944039259490e-07  4.696855944039259490e-07
9.301099368089619901e+00  4.028432175410740017e-07  4.028432175410740017e-07
9.401099368089619546e+00  3.455690420758566270e-07  3.455690420758566270e-07
9.501099368089620967e+00  2.964857691100692130e-07  2.964857691100692130e-07
9.601099368089620611e+00  2.544153803062519560e-07  2.544153803062519560e-07
9.701099368089620256e+00  2.183500023024747247e-07  2.183500023024747247e-07
9.801099368089619901e+00  1.874272106345110264e-07  1.874272106345110264e-07
9.901099368089619546e+00  1.609090156799704718e-07  1.609090156799704718e-07
1.000109936808962097e+01  1.381639178944272553e-07  1.381639178944272553e-07
1.010109936808962061e+01  1.186515439319354329e-07  1.186515439319354329e-07
1.020109936808962026e+01  1.019094745057493191e-07  1.019094745057493191e-07
1.030109936808961990e+01  8.754194971000962276e-08  8.754194971000962276e-08
1.040109936808961955e+01  7.521019192618171869e-08  7.521019192618171869e-08
