-1.586956463188317734e+00  3.599767528275590573e-42  3.599767528275590573e-42
-1.486956463188317201e+00  5.287918755492783402e-39  5.287918755492783402e-39
-1.386956463188317557e+00  7.227439427647190635e-36  7.227439427647190635e-36
-1.286956463188317468e+00  7.467076257061913011e-33  7.467076257061913011e-33
-1.186956463188317379e+00  5.685816557325819532e-30  5.685816557325819532e-30
-1.086956463188317734e+00  3.181286305509083547e-27  3.181286305509083547e-27
-9.869564631883174233e-01  1.307387609615802575e-24  1.307387609615802575e-24
-8.869564631883175565e-01  3.946122248949597345e-22  3.946122248949597345e-22
-7.869564631883174677e-01  8.747752212877471360e-20  8.747752212877471360e-20
-6.869564631883173789e-01  1.424233541000608897e-17  1.424233541000608897e-17
-5.869564631883175121e-01  1.703038722002740536e-15  1.703038722002740536e-15
-4.869564631883174233e-01  1.495637532673841342e-13  1.495637532673841342e-13
-3.869564631883173345e-01  9.646875861398589043e-12  9.646875861398589043e-12
-2.869564631883174677e-01  4.569887633390488544e-10  4.569887633390488544e-10
-1.869564631883173789e-01  1.589947733800132973e-08  1.589947733800132973e-08
-8.695646318831751209e-02  4.062736619594416210e-07  4.062736619594416210e-07
1.304353681168257673e-02  7.624528343977799184e-06  7.624528343977799184e-06
1.130435368116826655e-01  1.050910646949119716e-04  1.050910646949119716e-04
2.130435368116825323e-01  1.063841910553561853e-03  1.063841910553561853e-03
3.130435368116826211e-01  7.909461127244736892e-03  7.909461127244736892e-03
4.130435368116824879e-01  4.318920388212534045e-02  4.318920388212534045e-02
5.130435368116825767e-01  1.732056363741485694e-01  1.732056363741485694e-01
6.130435368116826655e-01  5.101611926100126926e-01  5.101611926100126926e-01
7.130435368116827544e-01  1.103599809901655959e+00  1.103599809901655959e+00
8.130435368116828432e-01  1.753378115178988006e+00  1.753378115178988006e+00
9.130435368116824879e-01  2.045992832776507342e+00  2.045992832776507342e+00
1.013043536811682577e+00  1.753574942727297969e+00  1.753574942727297969e+00
1.113043536811682666e+00  1.104363918451615190e+00  1.104363918451615190e+00
1.213043536811682754e+00  5.125971866384804176e-01  5.125971866384804176e-01
1.313043536811682843e+00  1.798484365680919905e-01  1.798484365680919905e-01
1.413043536811682488e+00  5.871194706998326962e-02  5.871194706998326962e-02
1.513043536811682577e+00  3.899547572560563974e-02  3.899547572560563974e-02
1.613043536811682666e+00  5.441516975065944367e-02  5.441516975065944367e-02
1.713043536811682754e+00  7.857738989462638435e-02  7.857738989462638435e-02
1.813043536811682843e+00  9.893103804835136350e-02  9.893103804835136350e-02
1.913043536811682488e+00  1.068947043409873565e-01  1.068947043409873565e-01
2.013043536811682799e+00  9.905410576760782793e-02  9.905410576760782793e-02
2.113043536811682443e+00  7.882564456534517372e-02  7.882564456534517372e-02
2.213043536811682976e+00  5.412676653402305471e-02  5.412676653402305471e-02
2.313043536811682621e+00  3.260225818644942042e-02  3.260225818644942042e-02
2.413043536811682266e+00  1.819345655088401223e-02  1.819345655088401223e-02
2.513043536811682799e+00  1.088638622820169502e-02  1.088638622820169502e-02
2.613043536811682443e+00  8.519965092623189504e-03  8.519965092623189504e-03
2.713043536811682088e+00  8.635998264149673254e-03  8.635998264149673254e-03
2.813043536811682621e+00  9.395178293876224260e-03  9.395178293876224260e-03
2.913043536811682266e+00  9.733924899020016119e-03  9.733924899020016119e-03
3.013043536811682799e+00  9.236309833428275884e-03  9.236309833428275884e-03
3.113043536811682443e+00  7.960661455652372556e-03  7.960661455652372556e-03
3.213043536811682976e+00  6.248282570100465068e-03  6.248282570100465068e-03
3.313043536811682621e+00  4.517044472015103659e-03  4.517044472015103659e-03
3.413043536811682266e+00  3.089540434629976101e-03  3.089540434629976101e-03
3.513043536811682799e+00  2.109562954041245900e-03  2.109562954041245900e-03
3.613043536811682443e+00  1.554194524674332471e-03  1.554194524674332471e-03
3.713043536811682976e+00  1.302435926105542739e-03  1.302435926105542739e-03
3.813043536811682621e+00  1.210302984446985641e-03  1.210302984446985641e-03
3.913043536811682266e+00  1.161531062225592235e-03  1.161531062225592235e-03
4.013043536811682799e+00  1.087878679834200675e-03  1.087878679834200675e-03
4.113043536811682443e+00  9.670968794551503857e-04  9.670968794551503857e-04
4.213043536811682976e+00  8.092523546994890692e-04  8.092523546994890692e-04
4.313043536811682621e+00  6.397286904234792369e-04  6.397286904234792369e-04
4.413043536811682266e+00  4.844602164614456442e-04  4.844602164614456442e-04
4.513043536811682799e+00  3.606075604437926504e-04  3.606075604437926504e-04
4.613043536811682443e+00  2.735315313316994843e-04  2.735315313316994843e-04
4.713043536811682976e+00  2.187794984407418061e-04  2.187794984407418061e-04
4.813043536811682621e+00  1.865872814778005346e-04  1.865872814778005346e-04
4.913043536811682266e+00  1.664470175876354638e-04  1.664470175876354638e-04
5.013043536811682799e+00  1.502162252776435987e-04  1.502162252776435987e-04
5.113043536811682443e+00  1.333485304835329806e-04  1.333485304835329806e-04
5.213043536811682976e+00  1.146060992218383669e-04  1.146060992218383669e-04
5.313043536811682621e+00  9.493347779351531731e-05  9.493347779351531731e-05
5.413043536811682266e+00  7.614602069282160079e-05  7.614602069282160079e-05
5.513043536811682799e+00  5.988489655506664896e-05  5.988489655506664896e-05
5.613043536811682443e+00  4.704452216128012838e-05  4.704452216128012838e-05
5.713043536811682976e+00  3.766552979036901107e-05  3.766552979036901107e-05
5.813043536811682621e+00  3.115007504448523196e-05  3.115007504448523196e-05
5.913043536811682266e+00  2.661006525749599544e-05  2.661006525749599544e-05
6.013043536811682799e+00  2.318766816589822716e-05  2.318766816589822716e-05
6.113043536811682443e+00  2.025658930705995852e-05  2.025658930705995852e-05
6.213043536811682976e+00  1.748495480408772661e-05  1.748495480408772661e-05
6.313043536811682621e+00  1.479131092668760121e-05  1.479131092668760121e-05
6.413043536811682266e+00  1.224640650371975836e-05  1.224640650371975836e-05
6.513043536811681911e+00  9.970147827843009127e-06  9.970147827843009127e-06
6.613043536811683332e+00  8.056100466790513441e-06  8.056100466790513441e-06
6.713043536811682976e+00  6.535595655197627781e-06  6.535595655197627781e-06
6.813043536811682621e+00  5.377127319920527710e-06  5.377127319920527710e-06
6.913043536811682266e+00  4.507670342741903711e-06  4.507670342741903711e-06
7.013043536811681911e+00  3.840853348198157118e-06  3.840853348198157118e-06
7.113043536811683332e+00  3.300439770985387565e-06  3.300439770985387565e-06
7.213043536811682976e+00  2.833342489840578465e-06  2.833342489840578465e-06
7.313043536811682621e+00  2.411812561016876782e-06  2.411812561016876782e-06
7.413043536811682266e+00  2.027951567589198306e-06  2.027951567589198306e-06
7.513043536811681911e+00  1.684921711323220403e-06  1.684921711323220403e-06
7.613043536811683332e+00  1.388645703427999197e-06  1.388645703427999197e-06
7.713043536811682976e+00  1.142256166107118620e-06  1.142256166107118620e-06
7.813043536811682621e+00  9.438953536374192450e-07  9.438953536374192450e-07
7.913043536811682266e+00  7.872331822440288596e-07  7.872331822440288596e-07
8.013043536811682799e+00  6.634830293130689214e-07  6.634830293130689214e-07
8.113043536811684220e+00  5.636936359698345046e-07  5.636936359698345046e-07
8.213043536811682088e+00  4.804674881521082778e-07  4.804674881521082778e-07
8.313043536811683509e+00  4.087512222467649867e-07  4.087512222467649867e-07
8.413043536811681378e+00  3.457650637945864569e-07  3.457650637945864569e-07
8.513043536811682799e+00  2.903836222163850418e-07  2.903836222163850418e-07
8.613043536811684220e+00  2.423388083808993364e-07  2.423388083808993364e-07
8.713043536811682088e+00  2.015379740312220839e-07  2.015379740312220839e-07
8.813043536811683509e+00  1.676505396513718756e-07  1.676505396513718756e-07
8.913043536811681378e+00  1.399801949819353079e-07  1.399801949819353079e-07
9.013043536811684575e+00  1.175477261051420675e-07  1.175477261051420675e-07
9.113043536811684220e+00  9.927377685059507896e-08  9.927377685059507896e-08
9.213043536811683865e+00  8.416185984164364807e-08  8.416185984164364807e-08
9.313043536811683509e+00  7.141932293564425601e-08  7.141932293564425601e-08
9.413043536811683154e+00  6.049670619055617622e-08  6.049670619055617622e-08
9.513043536811684575e+00  5.105895842856968755e-08  5.105895842856968755e-08
9.613043536811684220e+00  4.291872364404019425e-08  4.291872364404019425e-08
9.713043536811683865e+00  3.596315835912436713e-08  3.596315835912436713e-08
9.813043536811683509e+00  3.009676880142771426e-08  3.009676880142771426e-08
9.913043536811683154e+00  2.521005128052162065e-08  2.521005128052162065e-08
1.001304353681168458e+01  2.117255446072345513e-08  2.117255446072345513e-08
1.011304353681168422e+01  1.784224019448235362e-08  1.784224019448235362e-08
1.021304353681168386e+01  1.508117582379735853e-08  1.508117582379735853e-08
1.031304353681168351e+01  1.276944329855448774e-08  1.276944329855448774e-08
1.041304353681168315e+01  1.081279682309244949e-08  1.081279682309244949e-08
