-1.662767058197861303e+00  1.038878203565031051e-06  1.038878203565031051e-06
-1.562767058197861214e+00  2.922500381177156071e-06  2.922500381177156071e-06
-1.462767058197861125e+00  7.940995269412556251e-06  7.940995269412556251e-06
-1.362767058197861481e+00  2.078422956631942786e-05  2.078422956631942786e-05
-1.262767058197861392e+00  5.230288584575095535e-05  5.230288584575095535e-05
-1.162767058197861303e+00  1.263881499281556756e-04  1.263881499281556756e-04
-1.062767058197861214e+00  2.930273421074504532e-04  2.930273421074504532e-04
-9.627670581978611253e-01  6.514493516186519633e-04  6.514493516186519633e-04
-8.627670581978612585e-01  1.388200778304149018e-03  1.388200778304149018e-03
-7.627670581978613917e-01  2.834683389085912528e-03  2.834683389085912528e-03
-6.627670581978613029e-01  5.545685412393267823e-03  5.545685412393267823e-03
-5.627670581978612141e-01  1.039314716567436674e-02  1.039314716567436674e-02
-4.627670581978611253e-01  1.865694407322887605e-02  1.865694407322887605e-02
-3.627670581978612585e-01  3.207810372359368861e-02  3.207810372359368861e-02
-2.627670581978611697e-01  5.282437281830552195e-02  5.282437281830552195e-02
-1.627670581978613029e-01  8.331205557000991024e-02  8.331205557000991024e-02
-6.276705819786121410e-02  1.258421377147863340e-01  1.258421377147863340e-01
3.723294180213887472e-02  1.820506202236190085e-01  1.820506202236190085e-01
1.372329418021387415e-01  2.522410252532211739e-01  2.522410252532211739e-01
2.372329418021388303e-01  3.347449453912939576e-01  3.347449453912939576e-01
3.372329418021386971e-01  4.255140638651244145e-01  4.255140638651244145e-01
4.372329418021387859e-01  5.181493830450939475e-01  5.181493830450939475e-01
5.372329418021388747e-01  6.044974148094743871e-01  6.044974148094743871e-01
6.372329418021389635e-01  6.757943527286421892e-01  6.757943527286421892e-01
7.372329418021390524e-01  7.241587551763978281e-01  7.241587551763978281e-01
8.372329418021386971e-01  7.440870296462016587e-01  7.440870296462016587e-01
9.372329418021387859e-01  7.335585230106858035e-01  7.335585230106858035e-01
1.037232941802138875e+00  6.944400885527192147e-01  6.944400885527192147e-01
1.137232941802138964e+00  6.320734207272131755e-01  6.320734207272131755e-01
1.237232941802139052e+00  5.541647601849217786e-01  5.541647601849217786e-01
1.337232941802138697e+00  4.692893527004975418e-01  4.692893527004975418e-01
1.437232941802138786e+00  3.854049689133103307e-01  3.854049689133103307e-01
1.537232941802138875e+00  3.087199016490320691e-01  3.087199016490320691e-01
1.637232941802138964e+00  2.431132500254565287e-01  2.431132500254565287e-01
1.737232941802139052e+00  1.901237655207120847e-01  1.901237655207120847e-01
1.837232941802138697e+00  1.493743032315209551e-01  1.493743032315209551e-01
1.937232941802138786e+00  1.192230856743994871e-01  1.192230856743994871e-01
2.037232941802138875e+00  9.743605254773783642e-02  9.743605254773783642e-02
2.137232941802138964e+00  8.173332496729342200e-02  8.173332496729342200e-02
2.237232941802139052e+00  7.014210651109488437e-02  7.014210651109488437e-02
2.337232941802138697e+00  6.115766961239669369e-02  6.115766961239669369e-02
2.437232941802139230e+00  5.375692694640362562e-02  5.375692694640362562e-02
2.537232941802138875e+00  4.732361433073608431e-02  4.732361433073608431e-02
2.637232941802138519e+00  4.153800218811725536e-02  4.153800218811725536e-02
2.737232941802139052e+00  3.626796179050673780e-02  3.626796179050673780e-02
2.837232941802138697e+00  3.148094475522892483e-02  3.148094475522892483e-02
2.937232941802139230e+00  2.718297066932899575e-02  2.718297066932899575e-02
3.037232941802138875e+00  2.338251373853485193e-02  2.338251373853485193e-02
3.137232941802139408e+00  2.007351331690831672e-02  2.007351331690831672e-02
3.237232941802139052e+00  1.723107545967569876e-02  1.723107545967569876e-02
3.337232941802138697e+00  1.481433288286209717e-02  1.481433288286209717e-02
3.437232941802139230e+00  1.277237750547517182e-02  1.277237750547517182e-02
3.537232941802138875e+00  1.105061267710012382e-02  1.105061267710012382e-02
3.637232941802139408e+00  9.596050768081032870e-03  9.596050768081032870e-03
3.737232941802139052e+00  8.360944792021964000e-03  8.360944792021964000e-03
3.837232941802138697e+00  7.304710830546583614e-03  7.304710830546583614e-03
3.937232941802139230e+00  6.394422083430420858e-03  6.394422083430420858e-03
4.037232941802138875e+00  5.604293870309467497e-03  5.604293870309467497e-03
4.137232941802139408e+00  4.914588994299133595e-03  4.914588994299133595e-03
4.237232941802139052e+00  4.310305783251685251e-03  4.310305783251685251e-03
4.337232941802138697e+00  3.779909028745849150e-03  3.779909028745849150e-03
4.437232941802139230e+00  3.314258037393725750e-03  3.314258037393725750e-03
4.537232941802138875e+00  2.905795662656082863e-03  2.905795662656082863e-03
4.637232941802139408e+00  2.547996749352219453e-03  2.547996749352219453e-03
4.737232941802139052e+00  2.235035213136764547e-03  2.235035213136764547e-03
4.837232941802138697e+00  1.961612225696972994e-03  1.961612225696972994e-03
4.937232941802139230e+00  1.722887501820922259e-03  1.722887501820922259e-03
5.037232941802138875e+00  1.514464956882527512e-03  1.514464956882527512e-03
5.137232941802139408e+00  1.332397450297511873e-03  1.332397450297511873e-03
5.237232941802139052e+00  1.173188938651111186e-03  1.173188938651111186e-03
5.337232941802138697e+00  1.033783746933587171e-03  1.033783746933587171e-03
5.437232941802139230e+00  9.115408177198266017e-04  9.115408177198266017e-04
5.537232941802138875e+00  8.041956857014356894e-04  8.041956857014356894e-04
5.637232941802139408e+00  7.098150938514763203e-04  7.098150938514763203e-04
5.737232941802139052e+00  6.267494029027469854e-04  6.267494029027469854e-04
5.837232941802138697e+00  5.535870367855379648e-04  5.535870367855379648e-04
5.937232941802139230e+00  4.891138084358707689e-04  4.891138084358707689e-04
6.037232941802138875e+00  4.322785475721611405e-04  4.322785475721611405e-04
6.137232941802139408e+00  3.821652782955183144e-04  3.821652782955183144e-04
6.237232941802139052e+00  3.379713848069401173e-04  3.379713848069401173e-04
6.337232941802138697e+00  2.989907607482763944e-04  2.989907607482763944e-04
6.437232941802138342e+00  2.646007979209979185e-04  2.646007979209979185e-04
6.537232941802139763e+00  2.342521418058284791e-04  2.342521418058284791e-04
6.637232941802139408e+00  2.074603323399485256e-04  2.074603323399485256e-04
6.737232941802139052e+00  1.837986825615753393e-04  1.837986825615753393e-04
6.837232941802138697e+00  1.628919714596525447e-04  1.628919714596525447e-04
6.937232941802138342e+00  1.444107099845094787e-04  1.444107099845094787e-04
7.037232941802139763e+00  1.280658689970448020e-04  1.280658689970448020e-04
7.137232941802139408e+00  1.136040366807493992e-04  1.136040366807493992e-04
7.237232941802139052e+00  1.008030100874095084e-04  1.008030100874095084e-04
7.337232941802138697e+00  8.946783354308941217e-05  8.946783354308941217e-05
7.437232941802138342e+00  7.942728780546198179e-05  7.942728780546198179e-05
7.537232941802139763e+00  7.053081807932826922e-05  7.053081807932826922e-05
7.637232941802139408e+00  6.264587317387630997e-05  6.264587317387630997e-05
7.737232941802139052e+00  5.565561615709478259e-05  5.565561615709478259e-05
7.837232941802138697e+00  4.945696033398263967e-05  4.945696033398263967e-05
7.937232941802140118e+00  4.395888306270489063e-05  4.395888306270489063e-05
8.037232941802139763e+00  3.908097268880027833e-05  3.908097268880027833e-05
8.137232941802139408e+00  3.475216922925132823e-05  3.475216922925132823e-05
8.237232941802139052e+00  3.090966594551949832e-05  3.090966594551949832e-05
8.337232941802138697e+00  2.749794547615392958e-05  2.749794547615392958e-05
8.437232941802140118e+00  2.446793001026203323e-05  2.446793001026203323e-05
8.537232941802139763e+00  2.177622969786267894e-05  2.177622969786267894e-05
8.637232941802139408e+00  1.938447703133023176e-05  1.938447703133023176e-05
8.737232941802139052e+00  1.725873741021232956e-05  1.725873741021232956e-05
8.837232941802138697e+00  1.536898773950811075e-05  1.536898773950811075e-05
8.937232941802140118e+00  1.368865595739666142e-05  1.368865595739666142e-05
9.037232941802139763e+00  1.219421506871638499e-05  1.219421506871638499e-05
9.137232941802139408e+00  1.086482575239471816e-05  1.086482575239471816e-05
9.237232941802139052e+00  9.682022034346667608e-06  9.682022034346667608e-06
9.337232941802138697e+00  8.629434939207132296e-06  8.629434939207132296e-06
9.437232941802140118e+00  7.692549480617526364e-06  7.692549480617526364e-06
9.537232941802139763e+00  6.858490819308155992e-06  6.858490819308155992e-06
9.637232941802139408e+00  6.115835895041447269e-06  6.115835895041447269e-06
9.737232941802139052e+00  5.454447302218188582e-06  5.454447302218188582e-06
9.837232941802138697e+00  4.865326611287957214e-06  4.865326611287957214e-06
9.937232941802140118e+00  4.340484726265815096e-06  4.340484726265815096e-06
1.003723294180213976e+01  3.872827206351857712e-06  3.872827206351857712e-06
1.013723294180213941e+01  3.456052766412847891e-06  3.456052766412847891e-06
1.023723294180213905e+01  3.084563410745054114e-06  3.084563410745054114e-06
1.033723294180213870e+01  2.753384853454169515e-06  2.753384853454169515e-06
