-1.598900910545938636e+00  3.615622429887526309e-31  3.615622429887526309e-31
-1.498900910545938103e+00  7.892208000049621786e-29  7.892208000049621786e-29
-1.398900910545938459e+00  1.570792914499647857e-26  1.570792914499647857e-26
-1.298900910545938370e+00  2.562278483526991861e-24  2.562278483526991861e-24
-1.198900910545938281e+00  3.350941143065560948e-22  3.350941143065560948e-22
-1.098900910545938636e+00  3.497812883829473022e-20  3.497812883829473022e-20
-9.989009105459383253e-01  2.911312595753150520e-18  2.911312595753150520e-18
-8.989009105459384585e-01  1.931704757450007610e-16  1.931704757450007610e-16
-7.989009105459383697e-01  1.021703928474229669e-14  1.021703928474229669e-14
-6.989009105459382809e-01  4.307585104282906370e-13  4.307585104282906370e-13
-5.989009105459384141e-01  1.447653565557677408e-11  1.447653565557677408e-11
-4.989009105459383253e-01  3.878077879659901774e-10  3.878077879659901774e-10
-3.989009105459382365e-01  8.281122059830272169e-09  8.281122059830272169e-09
-2.989009105459383697e-01  1.409556510040387454e-07  1.409556510040387454e-07
-1.989009105459382809e-01  1.912477734685233795e-06  1.912477734685233795e-06
-9.890091054593841413e-02  2.068382482091415682e-05  2.068382482091415682e-05
1.099089454061674687e-03  1.783141775670175682e-04  1.783141775670175682e-04
1.010990894540617635e-01  1.225353698306425694e-03  1.225353698306425694e-03
2.010990894540616303e-01  6.712088085038369310e-03  6.712088085038369310e-03
3.010990894540617191e-01  2.930720989489594627e-02  2.930720989489594627e-02
4.010990894540615859e-01  1.020027968016132547e-01  1.020027968016132547e-01
5.010990894540616747e-01  2.829898044339878016e-01  2.829898044339878016e-01
6.010990894540617635e-01  6.258229319269834612e-01  6.258229319269834612e-01
7.010990894540618523e-01  1.103206078624537900e+00  1.103206078624537900e+00
8.010990894540619411e-01  1.550223168178047173e+00  1.550223168178047173e+00
9.010990894540615859e-01  1.736566600662877491e+00  1.736566600662877491e+00
1.001099089454061675e+00  1.551140573095283637e+00  1.551140573095283637e+00
1.101099089454061764e+00  1.105860064241048768e+00  1.105860064241048768e+00
1.201099089454061852e+00  6.320948701401988279e-01  6.320948701401988279e-01
1.301099089454061941e+00  2.961088187986978815e-01  2.961088187986978815e-01
1.401099089454061586e+00  1.264810255272699191e-01  1.264810255272699191e-01
1.501099089454061675e+00  7.008208042628298606e-02  7.008208042628298606e-02
1.601099089454061764e+00  6.735625791278361529e-02  6.735625791278361529e-02
1.701099089454061852e+00  8.176382825385682118e-02  8.176382825385682118e-02
1.801099089454061941e+00  9.570030349304915751e-02  9.570030349304915751e-02
1.901099089454061586e+00  1.012353424331909058e-01  1.012353424331909058e-01
2.001099089454061897e+00  9.589528431337238090e-02  9.589528431337238090e-02
2.101099089454061541e+00  8.140042901964726629e-02  8.140042901964726629e-02
2.201099089454062074e+00  6.222402457795900982e-02  6.222402457795900982e-02
2.301099089454061719e+00  4.337923471532628000e-02  4.337923471532628000e-02
2.401099089454061364e+00  2.843336699850767396e-02  2.843336699850767396e-02
2.501099089454061897e+00  1.868179582816692497e-02  1.868179582816692497e-02
2.601099089454061541e+00  1.352925477847265537e-02  1.352925477847265537e-02
2.701099089454061186e+00  1.145014593336571296e-02  1.145014593336571296e-02
2.801099089454061719e+00  1.086078102722159294e-02  1.086078102722159294e-02
2.901099089454061364e+00  1.059720233535194414e-02  1.059720233535194414e-02
3.001099089454061897e+00  1.003138490359399039e-02  1.003138490359399039e-02
3.101099089454061541e+00  8.984557925823878285e-03  8.984557925823878285e-03
3.201099089454062074e+00  7.568292865472496522e-03  7.568292865472496522e-03
3.301099089454061719e+00  6.023356130656680463e-03  6.023356130656680463e-03
3.401099089454061364e+00  4.590391558864818228e-03  4.590391558864818228e-03
3.501099089454061897e+00  3.430364391190113705e-03  3.430364391190113705e-03
3.601099089454061541e+00  2.598834733906614687e-03  2.598834733906614687e-03
3.701099089454062074e+00  2.062998206563458094e-03  2.062998206563458094e-03
3.801099089454061719e+00  1.740596549463055854e-03  1.740596549463055854e-03
3.901099089454061364e+00  1.539807531104720340e-03  1.539807531104720340e-03
4.001099089454061897e+00  1.386867709297575279e-03  1.386867709297575279e-03
4.101099089454061541e+00  1.237675476385569811e-03  1.237675476385569811e-03
4.201099089454062074e+00  1.076394554922186159e-03  1.076394554922186159e-03
4.301099089454061719e+00  9.067944829937629779e-04  9.067944829937629779e-04
4.401099089454061364e+00  7.417397407389390938e-04  7.417397407389390938e-04
4.501099089454061897e+00  5.944959504454187717e-04  5.944959504454187717e-04
4.601099089454061541e+00  4.735452713328351269e-04  4.735452713328351269e-04
4.701099089454062074e+00  3.809897646852604056e-04  3.809897646852604056e-04
4.801099089454061719e+00  3.135996747139571401e-04  3.135996747139571401e-04
4.901099089454061364e+00  2.651674249220480322e-04  2.651674249220480322e-04
5.001099089454061897e+00  2.289522106493919584e-04  2.289522106493919584e-04
5.101099089454061541e+00  1.994349940806191060e-04  1.994349940806191060e-04
5.201099089454062074e+00  1.731107683935621583e-04  1.731107683935621583e-04
5.301099089454061719e+00  1.484413857606217127e-04  1.484413857606217127e-04
5.401099089454061364e+00  1.252971258361049536e-04  1.252971258361049536e-04
5.501099089454061897e+00  1.042407407909608864e-04  1.042407407909608864e-04
5.601099089454061541e+00  8.591796297517965628e-05  8.591796297517965628e-05
5.701099089454062074e+00  7.068632854958598207e-05  7.068632854958598207e-05
5.801099089454061719e+00  5.849497565247635696e-05  5.849497565247635696e-05
5.901099089454061364e+00  4.895094744844494575e-05  4.895094744844494575e-05
6.001099089454061897e+00  4.147828991717893946e-05  4.147828991717893946e-05
6.101099089454061541e+00  3.548512073142374269e-05  3.548512073142374269e-05
6.201099089454062074e+00  3.048403027289123406e-05  3.048403027289123406e-05
6.301099089454061719e+00  2.614595075326255102e-05  2.614595075326255102e-05
6.401099089454061364e+00  2.229509456322111379e-05  2.229509456322111379e-05
6.501099089454061009e+00  1.886736707797258936e-05  1.886736707797258936e-05
6.601099089454062430e+00  1.585720229786906655e-05  1.585720229786906655e-05
6.701099089454062074e+00  1.327194659191551901e-05  1.327194659191551901e-05
6.801099089454061719e+00  1.110362589461728288e-05  1.110362589461728288e-05
6.901099089454061364e+00  9.319231736197166818e-06  9.319231736197166818e-06
7.001099089454061009e+00  7.864888007948469466e-06  7.864888007948469466e-06
7.101099089454062430e+00  6.677004498743369447e-06  6.677004498743369447e-06
7.201099089454062074e+00  5.694124945658040840e-06  5.694124945658040840e-06
7.301099089454061719e+00  4.865390878312978868e-06  4.865390878312978868e-06
7.401099089454061364e+00  4.154117735032114645e-06  4.154117735032114645e-06
7.501099089454061009e+00  3.537026938319408784e-06  3.537026938319408784e-06
7.601099089454062430e+00  3.000793188884055900e-06  3.000793188884055900e-06
7.701099089454062074e+00  2.537770360571148945e-06  2.537770360571148945e-06
7.801099089454061719e+00  2.142332779160075479e-06  2.142332779160075479e-06
7.901099089454061364e+00  1.808573074124993352e-06  1.808573074124993352e-06
8.001099089454061897e+00  1.529439177496613771e-06  1.529439177496613771e-06
8.101099089454063318e+00  1.296952292873983186e-06  1.296952292873983186e-06
8.201099089454061186e+00  1.102974013154863809e-06  1.102974013154863809e-06
8.301099089454062607e+00  9.400364615862120399e-07  9.400364615862120399e-07
8.401099089454060476e+00  8.019197757862900453e-07  8.019197757862900453e-07
8.501099089454061897e+00  6.838602327317621178e-07  6.838602327317621178e-07
8.601099089454063318e+00  5.824308483225538658e-07  5.824308483225538658e-07
8.701099089454061186e+00  4.952228145328746744e-07  4.952228145328746744e-07
8.801099089454062607e+00  4.204719455962375232e-07  4.204719455962375232e-07
8.901099089454060476e+00  3.567410074694979254e-07  3.567410074694979254e-07
9.001099089454063673e+00  3.027144780110510074e-07  3.027144780110510074e-07
9.101099089454063318e+00  2.571108159066003233e-07  2.571108159066003233e-07
9.201099089454062963e+00  2.186829160825727817e-07  2.186829160825727817e-07
9.301099089454062607e+00  1.862640212128527122e-07  1.862640212128527122e-07
9.401099089454062252e+00  1.588202191941092357e-07  1.588202191941092357e-07
9.501099089454063673e+00  1.354843327167970894e-07  1.354843327167970894e-07
9.601099089454063318e+00  1.155618890166621510e-07  1.155618890166621510e-07
9.701099089454062963e+00  9.851247886656390157e-08  9.851247886656390157e-08
9.801099089454062607e+00  8.391667386801007680e-08  8.391667386801007680e-08
9.901099089454062252e+00  7.143988375891754795e-08  7.143988375891754795e-08
1.000109908945406367e+01  6.080183509364612410e-08  6.080183509364612410e-08
1.010109908945406332e+01  5.175598861778443945e-08  5.175598861778443945e-08
1.020109908945406296e+01  4.407909763085516548e-08  4.407909763085516548e-08
1.030109908945406261e+01  3.756837944144137263e-08  3.756837944144137263e-08
1.040109908945406225e+01  3.204273573616554200e-08  3.204273573616554200e-08
