-1.520408163265155377e+00  2.319459967302136144e-80  2.319459967302136144e-80
-1.420408163265155288e+00  2.962459064177600495e-74  2.962459064177600495e-74
-1.320408163265155643e+00  3.216629916733868778e-68  3.216629916733868778e-68
-1.220408163265155110e+00  1.947010830826740652e-62  1.947010830826740652e-62
-1.120408163265155466e+00  6.522514306687631383e-57  6.522514306687631383e-57
-1.020408163265155377e+00  1.209161055969985693e-51  1.209161055969985693e-51
-9.204081632651552880e-01  1.240435894354969359e-46  1.240435894354969359e-46
-8.204081632651551992e-01  7.041829689063432061e-42  7.041829689063432061e-42
-7.204081632651553324e-01  2.212166066741938975e-37  2.212166066741938975e-37
-6.204081632651554656e-01  3.845660592189248220e-33  3.845660592189248220e-33
-5.204081632651553768e-01  3.699518421660667163e-29  3.699518421660667163e-29
-4.204081632651552880e-01  1.969429564594989135e-25  1.969429564594989135e-25
-3.204081632651551992e-01  5.801719511942946074e-22  5.801719511942946074e-22
-2.204081632651553324e-01  9.457884822398184593e-19  9.457884822398184593e-19
-1.204081632651552436e-01  8.532029133162533191e-16  8.532029133162533191e-16
-2.040816326515537682e-02  4.259235515307441173e-13  4.259235515307441173e-13
7.959183673484471200e-02  1.176608542610606563e-10  1.176608542610606563e-10
1.795918367348448008e-01  1.798677723092616484e-08  1.798677723092616484e-08
2.795918367348446676e-01  1.521583293469719399e-06  1.521583293469719399e-06
3.795918367348447564e-01  7.122937327359446654e-05  7.122937327359446654e-05
4.795918367348446232e-01  1.845200364354258969e-03  1.845200364354258969e-03
5.795918367348447120e-01  2.645141789949025796e-02  2.645141789949025796e-02
6.795918367348448008e-01  2.098337773410032803e-01  2.098337773410032803e-01
7.795918367348448896e-01  9.211340939247005810e-01  9.211340939247005810e-01
8.795918367348449785e-01  2.237645747225003312e+00  2.237645747225003312e+00
9.795918367348446232e-01  3.008020738578569997e+00  3.008020738578569997e+00
1.079591836734844712e+00  2.237646007309488816e+00  2.237646007309488816e+00
1.179591836734844801e+00  9.211373182811615212e-01  9.211373182811615212e-01
1.279591836734844890e+00  2.098634336690627655e-01  2.098634336690627655e-01
1.379591836734844978e+00  2.665432585814797931e-02  2.665432585814797931e-02
1.479591836734844623e+00  2.877941048427171307e-03  2.877941048427171307e-03
1.579591836734844712e+00  3.981384604548009881e-03  3.981384604548009881e-03
1.679591836734844801e+00  1.101456171385591619e-02  1.101456171385591619e-02
1.779591836734844890e+00  2.307444691941646850e-02  2.307444691941646850e-02
1.879591836734844978e+00  3.596377459874294108e-02  3.596377459874294108e-02
1.979591836734844623e+00  4.169754399365771524e-02  4.169754399365771524e-02
2.079591836734844712e+00  3.596410775010106670e-02  3.596410775010106670e-02
2.179591836734844801e+00  2.307624540074829436e-02  2.307624540074829436e-02
2.279591836734844890e+00  1.102101704294197737e-02  1.102101704294197737e-02
2.379591836734844978e+00  3.938904427634078338e-03  3.938904427634078338e-03
2.479591836734844623e+00  1.117806272697271282e-03  1.117806272697271282e-03
2.579591836734845156e+00  4.095517735086700618e-04  4.095517735086700618e-04
2.679591836734844801e+00  4.417835597060364096e-04  4.417835597060364096e-04
2.779591836734844446e+00  6.780332861381254328e-04  6.780332861381254328e-04
2.879591836734844978e+00  9.073953498054650527e-04  9.073953498054650527e-04
2.979591836734844623e+00  1.001185415719151083e-03  1.001185415719151083e-03
3.079591836734845156e+00  9.072069121851791991e-04  9.072069121851791991e-04
3.179591836734844801e+00  6.750739315538465323e-04  6.750739315538465323e-04
3.279591836734845334e+00  4.129329716643585888e-04  4.129329716643585888e-04
3.379591836734844978e+00  2.087516826169560913e-04  2.087516826169560913e-04
3.479591836734844623e+00  8.982104902186758546e-05  8.982104902186758546e-05
3.579591836734845156e+00  3.800245153860380926e-05  3.800245153860380926e-05
3.679591836734844801e+00  2.350626864453603455e-05  2.350626864453603455e-05
3.779591836734845334e+00  2.429559942057228761e-05  2.429559942057228761e-05
3.879591836734844978e+00  2.840335464264490063e-05  2.840335464264490063e-05
3.979591836734844623e+00  3.027200530151096720e-05  3.027200530151096720e-05
4.079591836734845600e+00  2.807785842718638219e-05  2.807785842718638219e-05
4.179591836734845245e+00  2.250237846119834337e-05  2.250237846119834337e-05
4.279591836734844890e+00  1.558628296825730850e-05  1.558628296825730850e-05
4.379591836734844534e+00  9.376201114947298488e-06  9.376201114947298488e-06
4.479591836734844179e+00  4.991195784635476852e-06  4.991195784635476852e-06
4.579591836734845600e+00  2.509402868907326326e-06  2.509402868907326326e-06
4.679591836734845245e+00  1.413422881044408861e-06  1.413422881044408861e-06
4.779591836734844890e+00  1.082480798768904347e-06  1.082480798768904347e-06
4.879591836734844534e+00  1.051045103565167702e-06  1.051045103565167702e-06
4.979591836734844179e+00  1.053647961393904179e-06  1.053647961393904179e-06
5.079591836734845600e+00  9.800073234767640640e-07  9.800073234767640640e-07
5.179591836734845245e+00  8.190833008330821089e-07  8.190833008330821089e-07
5.279591836734844890e+00  6.111015021365753891e-07  6.111015021365753891e-07
5.379591836734844534e+00  4.080404432053343507e-07  4.080404432053343507e-07
5.479591836734844179e+00  2.469304005114541869e-07  2.469304005114541869e-07
5.579591836734845600e+00  1.404022992208278304e-07  1.404022992208278304e-07
5.679591836734845245e+00  8.161340643881581568e-08  8.161340643881581568e-08
5.779591836734844890e+00  5.498433228805829419e-08  5.498433228805829419e-08
5.879591836734844534e+00  4.514014265117102224e-08  4.514014265117102224e-08
5.979591836734844179e+00  4.121025496606853675e-08  4.121025496606853675e-08
6.079591836734845600e+00  3.740739246046185837e-08  3.740739246046185837e-08
6.179591836734845245e+00  3.183449965319811550e-08  3.183449965319811550e-08
6.279591836734844890e+00  2.487543976531402791e-08  2.487543976531402791e-08
6.379591836734844534e+00  1.778508008118069228e-08  1.778508008118069228e-08
6.479591836734844179e+00  1.171917665067632585e-08  1.171917665067632585e-08
6.579591836734843824e+00  7.273854118969458494e-09  7.273854118969458494e-09
6.679591836734845245e+00  4.457783659022343296e-09  4.457783659022343296e-09
6.779591836734844890e+00  2.908478381994666732e-09  2.908478381994666732e-09
6.879591836734844534e+00  2.152330142708523045e-09  2.152330142708523045e-09
6.979591836734844179e+00  1.785213900798803234e-09  1.785213900798803234e-09
7.079591836734843824e+00  1.545616243248842106e-09  1.545616243248842106e-09
7.179591836734845245e+00  1.309569077054735845e-09  1.309569077054735845e-09
7.279591836734844890e+00  1.049083988407222217e-09  1.049083988407222217e-09
7.379591836734844534e+00  7.847578616181072092e-10  7.847578616181072092e-10
7.479591836734844179e+00  5.486803468781173009e-10  5.486803468781173009e-10
7.579591836734843824e+00  3.631590422365828760e-10  3.631590422365828760e-10
7.679591836734845245e+00  2.340629701742232228e-10  2.340629701742232228e-10
7.779591836734844890e+00  1.538547551793808130e-10  1.538547551793808130e-10
7.879591836734844534e+00  1.084755945387298981e-10  1.084755945387298981e-10
7.979591836734844179e+00  8.364904274358356155e-11  8.364904274358356155e-11
8.079591836734845600e+00  6.855556437709254365e-11  6.855556437709254365e-11
8.179591836734845245e+00  5.683172932793550388e-11  5.683172932793550388e-11
8.279591836734844890e+00  4.583598587818648440e-11  4.583598587818648440e-11
8.379591836734844534e+00  3.523741209336039066e-11  3.523741209336039066e-11
8.479591836734844179e+00  2.567131969379163099e-11  2.567131969379163099e-11
8.579591836734845600e+00  1.782129846500845018e-11  1.782129846500845018e-11
8.679591836734845245e+00  1.199048974622850270e-11  1.199048974622850270e-11
8.779591836734844890e+00  8.050447685094404662e-12  8.050447685094404662e-12
8.879591836734844534e+00  5.592492887845323858e-12  5.592492887845323858e-12
8.979591836734844179e+00  4.125127347382902625e-12  4.125127347382902625e-12
9.079591836734845600e+00  3.222236200618173355e-12  3.222236200618173355e-12
9.179591836734845245e+00  2.591419658693619446e-12  2.591419658693619446e-12
9.279591836734844890e+00  2.075322162083261846e-12  2.075322162083261846e-12
9.379591836734844534e+00  1.615854109027733055e-12  1.615854109027733055e-12
9.479591836734844179e+00  1.209202626237146791e-12  1.209202626237146791e-12
9.579591836734845600e+00  8.691822767487428548e-13  8.691822767487428548e-13
9.679591836734845245e+00  6.055988831772250314e-13  6.055988831772250314e-13
9.779591836734844890e+00  4.165877052421536639e-13  4.165877052421536639e-13
9.879591836734844534e+00  2.901252950900123027e-13  2.901252950900123027e-13
9.979591836734844179e+00  2.093844003969846231e-13  2.093844003969846231e-13
1.007959183673484560e+01  1.579968571221983028e-13  1.579968571221983028e-13
1.017959183673484524e+01  1.232923297630893886e-13  1.232923297630893886e-13
1.027959183673484489e+01  9.725019830554481609e-14  9.725019830554481609e-14
1.037959183673484453e+01  7.583425424150524249e-14  7.583425424150524249e-14
1.047959183673484418e+01  5.761929669786216360e-14  5.761929669786216360e-14
