-1.586956281471571195e+00  1.217627371899503574e-09  1.217627371899503574e-09
-1.486956281471571106e+00  5.925277446275963450e-09  5.925277446275963450e-09
-1.386956281471571018e+00  2.730888141428806787e-08  2.730888141428806787e-08
-1.286956281471571373e+00  1.186396680936300648e-07  1.186396680936300648e-07
-1.186956281471571284e+00  4.845106670016656106e-07  4.845106670016656106e-07
-1.086956281471571195e+00  1.857139349620734847e-06  1.857139349620734847e-06
-9.869562814715711063e-01  6.675105333858147309e-06  6.675105333858147309e-06
-8.869562814715710175e-01  2.248591733146444385e-05  2.248591733146444385e-05
-7.869562814715711507e-01  7.096780066824784816e-05  7.096780066824784816e-05
-6.869562814715712840e-01  2.098090230014044478e-04  2.098090230014044478e-04
-5.869562814715711951e-01  5.809588100019147340e-04  5.809588100019147340e-04
-4.869562814715711063e-01  1.506575651242858917e-03  1.506575651242858917e-03
-3.869562814715710175e-01  3.658805826401701627e-03  3.658805826401701627e-03
-2.869562814715711507e-01  8.321026986158027230e-03  8.321026986158027230e-03
-1.869562814715710619e-01  1.772128969911730342e-02  1.772128969911730342e-02
-8.695628147157119514e-02  3.534191387056723893e-02  3.534191387056723893e-02
1.304371852842889368e-02  6.600240075846622312e-02  6.600240075846622312e-02
1.130437185284289825e-01  1.154265580579946909e-01  1.154265580579946909e-01
2.130437185284288493e-01  1.890308052986785503e-01  1.890308052986785503e-01
3.130437185284289381e-01  2.899002395579495239e-01  2.899002395579495239e-01
4.130437185284288049e-01  4.163584465393267431e-01  4.163584465393267431e-01
5.130437185284288937e-01  5.600291157414465371e-01  5.600291157414465371e-01
6.130437185284289825e-01  7.055246612655171612e-01  7.055246612655171612e-01
7.130437185284290713e-01  8.325797996312866989e-01  8.325797996312866989e-01
8.130437185284291601e-01  9.205296695619584746e-01  9.205296695619584746e-01
9.130437185284288049e-01  9.538686315906546032e-01  9.538686315906546032e-01
1.013043718528428894e+00  9.268550604169789597e-01  9.268550604169789597e-01
1.113043718528428982e+00  8.452843202562622116e-01  8.452843202562622116e-01
1.213043718528429071e+00  7.246715457580876762e-01  7.246715457580876762e-01
1.313043718528429160e+00  5.856125773905399567e-01  5.856125773905399567e-01
1.413043718528428805e+00  4.482089400925761691e-01  4.482089400925761691e-01
1.513043718528428894e+00  3.275960882321009016e-01  3.275960882321009016e-01
1.613043718528428982e+00  2.318386533902052349e-01  2.318386533902052349e-01
1.713043718528429071e+00  1.622880537959757175e-01  1.622880537959757175e-01
1.813043718528429160e+00  1.155753400475897780e-01  1.155753400475897780e-01
1.913043718528428805e+00  8.609267151147331765e-02  8.609267151147331765e-02
2.013043718528428894e+00  6.805434461193472784e-02  6.805434461193472784e-02
2.113043718528428982e+00  5.672343505064735697e-02  5.672343505064735697e-02
2.213043718528429071e+00  4.883456264735433483e-02  4.883456264735433483e-02
2.313043718528429160e+00  4.247858820706635480e-02  4.247858820706635480e-02
2.413043718528428805e+00  3.674591423481880781e-02  3.674591423481880781e-02
2.513043718528429338e+00  3.134144455784356603e-02  3.134144455784356603e-02
2.613043718528428982e+00  2.627740448718634061e-02  2.627740448718634061e-02
2.713043718528428627e+00  2.167096440502331092e-02  2.167096440502331092e-02
2.813043718528429160e+00  1.763275287814230693e-02  1.763275287814230693e-02
2.913043718528428805e+00  1.421966970470721521e-02  1.421966970470721521e-02
3.013043718528429338e+00  1.142692874427462570e-02  1.142692874427462570e-02
3.113043718528428982e+00  9.200331881503825623e-03  9.200331881503825623e-03
3.213043718528429515e+00  7.455949668793739916e-03  7.455949668793739916e-03
3.313043718528429160e+00  6.099387393108627632e-03  6.099387393108627632e-03
3.413043718528428805e+00  5.040591833613192012e-03  5.040591833613192012e-03
3.513043718528429338e+00  4.202865543456796998e-03  4.202865543456796998e-03
3.613043718528428982e+00  3.526520625363745599e-03  3.526520625363745599e-03
3.713043718528429515e+00  2.968535588779674331e-03  2.968535588779674331e-03
3.813043718528429160e+00  2.499843273387781020e-03  2.499843273387781020e-03
3.913043718528428805e+00  2.101692401046657312e-03  2.101692401046657312e-03
4.013043718528429338e+00  1.762113922611047287e-03  1.762113922611047287e-03
4.113043718528428982e+00  1.473069069621804877e-03  1.473069069621804877e-03
4.213043718528429515e+00  1.228475751713231081e-03  1.228475751713231081e-03
4.313043718528429160e+00  1.023054017286497558e-03  1.023054017286497558e-03
4.413043718528428805e+00  8.518001118546711381e-04  8.518001118546711381e-04
4.513043718528429338e+00  7.098646263030396414e-04  7.098646263030396414e-04
4.613043718528428982e+00  5.926368092087500386e-04  5.926368092087500386e-04
4.713043718528429515e+00  4.958913289998918231e-04  4.958913289998918231e-04
4.813043718528429160e+00  4.159118755101027121e-04  4.159118755101027121e-04
4.913043718528428805e+00  3.495543552195362071e-04  3.495543552195362071e-04
5.013043718528429338e+00  2.942457077299755891e-04  2.942457077299755891e-04
5.113043718528428982e+00  2.479327316315543556e-04  2.479327316315543556e-04
5.213043718528429515e+00  2.090018669844549313e-04  2.090018669844549313e-04
5.313043718528429160e+00  1.761897106407210904e-04  1.761897106407210904e-04
5.413043718528428805e+00  1.484989237436047476e-04  1.484989237436047476e-04
5.513043718528429338e+00  1.251280033516090416e-04  1.251280033516090416e-04
5.613043718528428982e+00  1.054179338356679295e-04  1.054179338356679295e-04
5.713043718528429515e+00  8.881485375760272125e-05  8.881485375760272125e-05
5.813043718528429160e+00  7.484571251059160307e-05  7.484571251059160307e-05
5.913043718528428805e+00  6.310316863314272343e-05  6.310316863314272343e-05
6.013043718528429338e+00  5.323624025119786594e-05  5.323624025119786594e-05
6.113043718528428982e+00  4.494399374287553123e-05  4.494399374287553123e-05
6.213043718528429515e+00  3.797047859144738759e-05  3.797047859144738759e-05
6.313043718528429160e+00  3.209994298804537513e-05  3.209994298804537513e-05
6.413043718528428805e+00  2.715197767798427733e-05  2.715197767798427733e-05
6.513043718528428450e+00  2.297661052262667416e-05  2.297661052262667416e-05
6.613043718528429871e+00  1.944954523729095790e-05  1.944954523729095790e-05
6.713043718528429515e+00  1.646776473768726178e-05  1.646776473768726178e-05
6.813043718528429160e+00  1.394566491915949933e-05  1.394566491915949933e-05
6.913043718528428805e+00  1.181179962344797385e-05  1.181179962344797385e-05
7.013043718528428450e+00  1.000623637111035984e-05  1.000623637111035984e-05
7.113043718528429871e+00  8.478463107421632157e-06  8.478463107421632157e-06
7.213043718528429515e+00  7.185753837616794174e-06  7.185753837616794174e-06
7.313043718528429160e+00  6.091892515790522425e-06  6.091892515790522425e-06
7.413043718528428805e+00  5.166162879354926605e-06  5.166162879354926605e-06
7.513043718528428450e+00  4.382529358294626808e-06  4.382529358294626808e-06
7.613043718528429871e+00  3.718954250363682646e-06  3.718954250363682646e-06
7.713043718528429515e+00  3.156814638203317923e-06  3.156814638203317923e-06
7.813043718528429160e+00  2.680396752704285731e-06  2.680396752704285731e-06
7.913043718528428805e+00  2.276455080101096172e-06  2.276455080101096172e-06
8.013043718528429338e+00  1.933828995735937224e-06  1.933828995735937224e-06
8.113043718528430759e+00  1.643112149321088499e-06  1.643112149321088499e-06
8.213043718528428627e+00  1.396370388443825393e-06  1.396370388443825393e-06
8.313043718528430048e+00  1.186903680541302575e-06  1.186903680541302575e-06
8.413043718528427917e+00  1.009046977268595040e-06  1.009046977268595040e-06
8.513043718528429338e+00  8.580046549020612116e-07  8.580046549020612116e-07
8.613043718528430759e+00  7.297132086347023587e-07  7.297132086347023587e-07
8.713043718528428627e+00  6.207272599893765529e-07  6.207272599893765529e-07
8.813043718528430048e+00  5.281245516596847028e-07  5.281245516596847028e-07
8.913043718528427917e+00  4.494263257469953169e-07  4.494263257469953169e-07
9.013043718528429338e+00  3.825301985466680779e-07  3.825301985466680779e-07
9.113043718528430759e+00  3.256532815928855270e-07  3.256532815928855270e-07
9.213043718528428627e+00  2.772838163909552872e-07  2.772838163909552872e-07
9.313043718528430048e+00  2.361399823972389008e-07  2.361399823972389008e-07
9.413043718528427917e+00  2.011348185300147821e-07  2.011348185300147821e-07
9.513043718528429338e+00  1.713463923182608745e-07  1.713463923182608745e-07
9.613043718528430759e+00  1.459924841443005958e-07  1.459924841443005958e-07
9.713043718528428627e+00  1.244091498666299515e-07  1.244091498666299515e-07
9.813043718528430048e+00  1.060326003970370975e-07  1.060326003970370975e-07
9.913043718528427917e+00  9.038390222327886337e-08  9.038390222327886337e-08
1.001304371852842934e+01  7.705606379870369788e-08  7.705606379870369788e-08
1.011304371852843076e+01  6.570313084765752605e-08  6.570313084765752605e-08
1.021304371852842863e+01  5.603096854915876029e-08  5.603096854915876029e-08
1.031304371852843005e+01  4.778945904664403584e-08  4.778945904664403584e-08
1.041304371852842792e+01  4.076588762696552528e-08  4.076588762696552528e-08
