-1.575268805191925914e+00  1.777473861004439318e-134  1.777473861004439318e-134
-1.475268805191925381e+00  3.169642238832921281e-125  3.169642238832921281e-125
-1.375268805191925736e+00  5.007576838716047331e-115  5.007576838716047331e-115
-1.275268805191925647e+00  2.959680616076424240e-105  2.959680616076424240e-105
-1.175268805191925559e+00  6.435409576921875345e-96  6.435409576921875345e-96
-1.075268805191925914e+00  5.147698132901076634e-87  5.147698132901076634e-87
-9.752688051919256029e-01  1.514800600284256698e-78  1.514800600284256698e-78
-8.752688051919257362e-01  1.639847204278181526e-70  1.639847204278181526e-70
-7.752688051919256473e-01  6.530656135534671823e-63  6.530656135534671823e-63
-6.752688051919255585e-01  9.567881072868686560e-56  9.567881072868686560e-56
-5.752688051919256917e-01  5.156799403969889689e-49  5.156799403969889689e-49
-4.752688051919256029e-01  1.022469178842631238e-42  1.022469178842631238e-42
-3.752688051919255141e-01  7.458057567125625911e-37  7.458057567125625911e-37
-2.752688051919256473e-01  2.001274930278908668e-31  2.001274930278908668e-31
-1.752688051919255585e-01  1.975573977469898229e-26  1.975573977469898229e-26
-7.526880519192569174e-02  7.174396206197913240e-22  7.174396206197913240e-22
2.473119480807439707e-02  9.584797348256730502e-18  9.584797348256730502e-18
1.247311948080744859e-01  4.710706334779427638e-14  4.710706334779427638e-14
2.247311948080743527e-01  8.517156855327947782e-11  8.517156855327947782e-11
3.247311948080744415e-01  5.665115619647852903e-08  5.665115619647852903e-08
4.247311948080743083e-01  1.386208087471832173e-05  1.386208087471832173e-05
5.247311948080743971e-01  1.247824754197975798e-03  1.247824754197975798e-03
6.247311948080744859e-01  4.132228070051015278e-02  4.132228070051015278e-02
7.247311948080745747e-01  5.034084350764582716e-01  5.034084350764582716e-01
8.247311948080746635e-01  2.256120081398160337e+00  2.256120081398160337e+00
9.247311948080743083e-01  3.719713167457201930e+00  3.719713167457201930e+00
1.024731194808074397e+00  2.256120081673706146e+00  2.256120081673706146e+00
1.124731194808074486e+00  5.034084543952548341e-01  5.034084543952548341e-01
1.224731194808074575e+00  4.132310215683328986e-02  4.132310215683328986e-02
1.324731194808074664e+00  1.269010392012960391e-03  1.269010392012960391e-03
1.424731194808074308e+00  3.452612144466035140e-04  3.452612144466035140e-04
1.524731194808074397e+00  3.144284086884422628e-03  3.144284086884422628e-03
1.624731194808074486e+00  1.809377970079137019e-02  1.809377970079137019e-02
1.724731194808074575e+00  6.315349625578228765e-02  6.315349625578228765e-02
1.824731194808074664e+00  1.336959526453851410e-01  1.336959526453851410e-01
1.924731194808074308e+00  1.716690020670672279e-01  1.716690020670672279e-01
2.024731194808074619e+00  1.336959714345023198e-01  1.336959714345023198e-01
2.124731194808074264e+00  6.315381611560706709e-02  6.315381611560706709e-02
2.224731194808074797e+00  1.809767631288355591e-02  1.809767631288355591e-02
2.324731194808074441e+00  3.178242245376133000e-03  3.178242245376133000e-03
2.424731194808074086e+00  5.441515958580460518e-04  5.441515958580460518e-04
2.524731194808074619e+00  9.746760227582165932e-04  9.746760227582165932e-04
2.624731194808074264e+00  3.062737043493278261e-03  3.062737043493278261e-03
2.724731194808073909e+00  7.045413283705044202e-03  7.045413283705044202e-03
2.824731194808074441e+00  1.161589150359414180e-02  1.161589150359414180e-02
2.924731194808074086e+00  1.372255875833759513e-02  1.372255875833759513e-02
3.024731194808074619e+00  1.161594610280481873e-02  1.161594610280481873e-02
3.124731194808074264e+00  7.045856521517719281e-03  7.045856521517719281e-03
3.224731194808074797e+00  3.064931971201306782e-03  3.064931971201306782e-03
3.324731194808074441e+00  9.688088516888016628e-04  9.688088516888016628e-04
3.424731194808074086e+00  2.733381736884217495e-04  2.733381736884217495e-04
3.524731194808074619e+00  2.206319391170294712e-04  2.206319391170294712e-04
3.624731194808074264e+00  4.515679246199285225e-04  4.515679246199285225e-04
3.724731194808074797e+00  8.366798953367151443e-04  8.366798953367151443e-04
3.824731194808074441e+00  1.216916230006882208e-03  1.216916230006882208e-03
3.924731194808074086e+00  1.378932365811837884e-03  1.378932365811837884e-03
4.024731194808074619e+00  1.216944289799926863e-03  1.216944289799926863e-03
4.124731194808074264e+00  8.366211809535116809e-04  8.366211809535116809e-04
4.224731194808074797e+00  4.488419857948740700e-04  4.488419857948740700e-04
4.324731194808074441e+00  1.909130154267520184e-04  1.909130154267520184e-04
4.424731194808074086e+00  7.349126757356166050e-05  7.349126757356166050e-05
4.524731194808074619e+00  4.706101417204529411e-05  4.706101417204529411e-05
4.624731194808074264e+00  6.693803742157602586e-05  6.693803742157602586e-05
4.724731194808074797e+00  1.058516605417514367e-04  1.058516605417514367e-04
4.824731194808074441e+00  1.423162790784948488e-04  1.423162790784948488e-04
4.924731194808074086e+00  1.572316665026206718e-04  1.572316665026206718e-04
5.024731194808074619e+00  1.422833364438661678e-04  1.422833364438661678e-04
5.124731194808074264e+00  1.054827639873173967e-04  1.054827639873173967e-04
5.224731194808074797e+00  6.424896082104207149e-05  6.424896082104207149e-05
5.324731194808074441e+00  3.270962336580623405e-05  3.270962336580623405e-05
5.424731194808074086e+00  1.532415907852317558e-05  1.532415907852317558e-05
5.524731194808074619e+00  9.416070611615093888e-06  9.416070611615093888e-06
5.624731194808074264e+00  1.034615576421311453e-05  1.034615576421311453e-05
5.724731194808074797e+00  1.417941755774861215e-05  1.417941755774861215e-05
5.824731194808074441e+00  1.791936188532135374e-05  1.791936188532135374e-05
5.924731194808074086e+00  1.943341359306990289e-05  1.943341359306990289e-05
6.024731194808074619e+00  1.787985661375712692e-05  1.787985661375712692e-05
6.124731194808074264e+00  1.394442507455820653e-05  1.394442507455820653e-05
6.224731194808074797e+00  9.251990444768555511e-06  9.251990444768555511e-06
6.324731194808074441e+00  5.314068148871727925e-06  5.314068148871727925e-06
6.424731194808074086e+00  2.843982821488330636e-06  2.843982821488330636e-06
6.524731194808073731e+00  1.776111952990848316e-06  1.776111952990848316e-06
6.624731194808075152e+00  1.661200843447816856e-06  1.661200843447816856e-06
6.724731194808074797e+00  2.000241864985190964e-06  2.000241864985190964e-06
6.824731194808074441e+00  2.384932395185151358e-06  2.384932395185151358e-06
6.924731194808074086e+00  2.542231391666875853e-06  2.542231391666875853e-06
7.024731194808073731e+00  2.365005393576190553e-06  2.365005393576190553e-06
7.124731194808075152e+00  1.912860102073222018e-06  1.912860102073222018e-06
7.224731194808074797e+00  1.350025438566680442e-06  1.350025438566680442e-06
7.324731194808074441e+00  8.454086062209162216e-07  8.454086062209162216e-07
7.424731194808074086e+00  4.977187910397078402e-07  4.977187910397078402e-07
7.524731194808073731e+00  3.208448419673324221e-07  3.208448419673324221e-07
7.624731194808075152e+00  2.732486523458269513e-07  2.732486523458269513e-07
7.724731194808074797e+00  2.950266806138722419e-07  2.950266806138722419e-07
7.824731194808074441e+00  3.320489706497774312e-07  3.320489706497774312e-07
7.924731194808074086e+00  3.473012680904074663e-07  3.473012680904074663e-07
8.024731194808076395e+00  3.251850709869550335e-07  3.251850709869550335e-07
8.124731194808074264e+00  2.702409518053020942e-07  2.702409518053020942e-07
8.224731194808075685e+00  1.998349440932885537e-07  1.998349440932885537e-07
8.324731194808073553e+00  1.335152444109976441e-07  1.335152444109976441e-07
8.424731194808074974e+00  8.441602320606120939e-08  8.441602320606120939e-08
8.524731194808076395e+00  5.628614997169010094e-08  5.628614997169010094e-08
8.624731194808074264e+00  4.551875992404001933e-08  4.551875992404001933e-08
8.724731194808075685e+00  4.510849409111325755e-08  4.510849409111325755e-08
8.824731194808073553e+00  4.801686679356325402e-08  4.801686679356325402e-08
8.924731194808074974e+00  4.914652299797416861e-08  4.914652299797416861e-08
9.024731194808076395e+00  4.611668610935877719e-08  4.611668610935877719e-08
9.124731194808076040e+00  3.910897323186665108e-08  3.910897323186665108e-08
9.224731194808075685e+00  2.998642679600768726e-08  2.998642679600768726e-08
9.324731194808075330e+00  2.106478989754214652e-08  2.106478989754214652e-08
9.424731194808074974e+00  1.407324854211656047e-08  1.407324854211656047e-08
9.524731194808076395e+00  9.685232589129141171e-09  9.685232589129141171e-09
9.624731194808076040e+00  7.626054829349578325e-09  7.626054829349578325e-09
9.724731194808075685e+00  7.088793428126132812e-09  7.088793428126132812e-09
9.824731194808075330e+00  7.169095093761992852e-09  7.169095093761992852e-09
9.924731194808074974e+00  7.164729293142382087e-09  7.164729293142382087e-09
1.002473119480807640e+01  6.710915696430495728e-09  6.710915696430495728e-09
1.012473119480807604e+01  5.775787360270437389e-09  5.775787360270437389e-09
1.022473119480807568e+01  4.556398380452280359e-09  4.556398380452280359e-09
1.032473119480807533e+01  3.330238978642432291e-09  3.330238978642432291e-09
1.042473119480807497e+01  2.324295747270165237e-09  2.324295747270165237e-09
