-1.568210659953129138e+00  0.000000000000000000e+00  0.000000000000000000e+00
-1.468210659953129493e+00  0.000000000000000000e+00  0.000000000000000000e+00
-1.368210659953129404e+00  0.000000000000000000e+00  0.000000000000000000e+00
-1.268210659953129316e+00  0.000000000000000000e+00  0.000000000000000000e+00
-1.168210659953129671e+00  0.000000000000000000e+00  0.000000000000000000e+00
-1.068210659953129138e+00  0.000000000000000000e+00  0.000000000000000000e+00
-9.682106599531292712e-01  0.000000000000000000e+00  0.000000000000000000e+00
-8.682106599531294044e-01  0.000000000000000000e+00  0.000000000000000000e+00
-7.682106599531293156e-01  0.000000000000000000e+00  0.000000000000000000e+00
-6.682106599531292268e-01  0.000000000000000000e+00  0.000000000000000000e+00
-5.682106599531293600e-01  0.000000000000000000e+00  0.000000000000000000e+00
-4.682106599531292712e-01  0.000000000000000000e+00  0.000000000000000000e+00
-3.682106599531291824e-01  0.000000000000000000e+00  0.000000000000000000e+00
-2.682106599531293156e-01  0.000000000000000000e+00  0.000000000000000000e+00
-1.682106599531292268e-01  0.000000000000000000e+00  0.000000000000000000e+00
-6.821065995312936003e-02  0.000000000000000000e+00  0.000000000000000000e+00
3.178934004687072878e-02  0.000000000000000000e+00  0.000000000000000000e+00
1.317893400468708176e-01  0.000000000000000000e+00  0.000000000000000000e+00
2.317893400468706844e-01  0.000000000000000000e+00  0.000000000000000000e+00
3.317893400468707732e-01  0.000000000000000000e+00  0.000000000000000000e+00
4.317893400468706400e-01  0.000000000000000000e+00  0.000000000000000000e+00
5.317893400468707288e-01  0.000000000000000000e+00  0.000000000000000000e+00
6.317893400468708176e-01  1.346811158720604250e-194  1.346811158720604250e-194
7.317893400468709064e-01  5.045766880452643921e-86  5.045766880452643921e-86
8.317893400468709952e-01  7.032333643094660897e-21  7.032333643094660897e-21
9.317893400468706400e-01  3.646057911820881259e+01  3.646057911820881259e+01
1.031789340046870729e+00  7.032333643091562859e-21  7.032333643091562859e-21
1.131789340046870818e+00  5.045766880448198415e-86  5.045766880448198415e-86
1.231789340046870906e+00  1.346811158718843535e-194  1.346811158718843535e-194
1.331789340046870995e+00  0.000000000000000000e+00  0.000000000000000000e+00
1.431789340046870640e+00  7.805727415130172906e-272  7.805727415130172906e-272
1.531789340046870729e+00  4.061363013223094541e-174  4.061363013223094541e-174
1.631789340046870818e+00  4.075736910467363861e-98  4.075736910467363861e-98
1.731789340046870906e+00  7.888898717541437676e-44  7.888898717541437676e-44
1.831789340046870995e+00  2.945116800081675812e-11  2.945116800081675812e-11
1.931789340046870640e+00  2.120628387266874082e+00  2.120628387266874082e+00
2.031789340046870507e+00  2.945116800081026992e-11  2.945116800081026992e-11
2.131789340046871040e+00  7.888898717537961748e-44  7.888898717537961748e-44
2.231789340046870684e+00  4.075736910464700037e-98  4.075736910464700037e-98
2.331789340046871217e+00  4.061363013219400238e-174  4.061363013219400238e-174
2.431789340046870862e+00  2.363916216501275110e-182  2.363916216501275110e-182
2.531789340046871395e+00  3.294612678832694487e-117  3.294612678832694487e-117
2.631789340046871040e+00  1.532829749831416491e-66  1.532829749831416491e-66
2.731789340046870684e+00  2.380678479335992861e-30  2.380678479335992861e-30
2.831789340046871217e+00  1.234311687360435162e-08  1.234311687360435162e-08
2.931789340046870862e+00  2.136319507870131085e-01  2.136319507870131085e-01
3.031789340046871395e+00  1.234311687360071037e-08  1.234311687360071037e-08
3.131789340046871040e+00  2.380678479335992861e-30  2.380678479335992861e-30
3.231789340046871573e+00  1.532829749830066035e-66  1.532829749830066035e-66
3.331789340046871217e+00  3.294612678828948380e-117  3.294612678828948380e-117
3.431789340046870862e+00  5.190446542312592532e-138  5.190446542312592532e-138
3.531789340046871395e+00  3.743983590588815641e-89  3.743983590588815641e-89
3.631789340046871040e+00  3.750603055961458810e-51  3.750603055961458810e-51
3.731789340046871573e+00  5.218025800060380847e-24  5.218025800060380847e-24
3.831789340046871217e+00  1.008206036687758454e-07  1.008206036687758454e-07
3.931789340046870862e+00  2.705392721387343130e-02  2.705392721387343130e-02
4.031789340046871395e+00  1.008206036687536504e-07  1.008206036687536504e-07
4.131789340046871040e+00  5.218025800058082021e-24  5.218025800058082021e-24
4.231789340046871573e+00  3.750603055959006580e-51  3.750603055959006580e-51
4.331789340046871217e+00  3.743983590585517274e-89  3.743983590585517274e-89
4.431789340046870862e+00  1.037626082719963088e-111  1.037626082719963088e-111
4.531789340046871395e+00  1.266322289622099350e-72  1.266322289622099350e-72
4.631789340046871040e+00  3.185356057161288001e-42  3.185356057161288001e-42
4.731789340046871573e+00  1.651513316008550500e-20  1.651513316008550500e-20
4.831789340046871217e+00  1.764885507257078871e-07  1.764885507257078871e-07
4.931789340046870862e+00  3.887419025734538229e-03  3.887419025734538229e-03
5.031789340046871395e+00  1.764885507256765468e-07  1.764885507256765468e-07
5.131789340046871040e+00  1.651513316007963392e-20  1.651513316007963392e-20
5.231789340046871573e+00  3.185356057159613343e-42  3.185356057159613343e-42
5.331789340046871217e+00  1.266322289621199533e-72  1.266322289621199533e-72
5.431789340046870862e+00  2.013421305577300607e-94  2.013421305577300607e-94
5.531789340046871395e+00  7.516588975233618091e-62  7.516588975233618091e-62
5.631789340046871040e+00  1.621308204207404752e-36  1.621308204207404752e-36
5.731789340046871573e+00  2.020547167230922518e-18  2.020547167230922518e-18
5.831789340046871217e+00  1.454892953828766779e-07  1.454892953828766779e-07
5.931789340046870862e+00  6.052735877701339185e-04  6.052735877701339185e-04
6.031789340046871395e+00  1.454892953828552374e-07  1.454892953828552374e-07
6.131789340046871040e+00  2.020547167230334339e-18  2.020547167230334339e-18
6.231789340046871573e+00  1.621308204206690790e-36  1.621308204206690790e-36
6.331789340046871217e+00  7.516588975229345779e-62  7.516588975229345779e-62
6.431789340046870862e+00  2.791143905271384260e-82  2.791143905271384260e-82
6.531789340046870507e+00  2.315864832606010573e-54  2.315864832606010573e-54
6.631789340046871928e+00  1.200707720108077793e-32  1.200707720108077793e-32
6.731789340046871573e+00  3.890044001793421841e-17  3.890044001793421841e-17
6.831789340046871217e+00  7.875258902713067228e-08  7.875258902713067228e-08
6.931789340046870862e+00  9.962498809131548083e-05  9.962498809131548083e-05
7.031789340046870507e+00  7.875258902713067228e-08  7.875258902713067228e-08
7.131789340046871928e+00  3.890044001791459550e-17  3.890044001791459550e-17
7.231789340046871573e+00  1.200707720107156549e-32  1.200707720107156549e-32
7.331789340046871217e+00  2.315864832606010573e-54  2.315864832606010573e-54
7.431789340046870862e+00  2.365741018998263851e-73  2.365741018998263851e-73
7.531789340046870507e+00  6.353774635589347351e-49  6.353774635589347351e-49
7.631789340046871928e+00  6.359388978766458228e-30  6.359388978766458228e-30
7.731789340046871573e+00  2.372017830778668558e-16  2.372017830778668558e-16
7.831789340046871217e+00  3.297155919663426576e-08  3.297155919663426576e-08
7.931789340046870862e+00  1.707969051316720761e-05  1.707969051316720761e-05
8.031789340046872283e+00  3.297155919662694025e-08  3.297155919662694025e-08
8.131789340046871928e+00  2.372017830777623318e-16  2.372017830777623318e-16
8.231789340046871573e+00  6.359388978762210892e-30  6.359388978762210892e-30
8.331789340046871217e+00  6.353774635589347351e-49  6.353774635589347351e-49
8.431789340046870862e+00  1.450271884418355580e-66  1.450271884418355580e-66
8.531789340046872283e+00  7.519231430535782486e-45  7.519231430535782486e-45
8.631789340046871928e+00  5.826440338757997047e-28  5.826440338757997047e-28
8.731789340046871573e+00  6.747438147848824613e-16  6.747438147848824613e-16
8.831789340046871217e+00  1.167831747119093779e-08  1.167831747119093779e-08
8.931789340046870862e+00  3.020837743633016264e-06  3.020837743633016264e-06
9.031789340046872283e+00  1.167831747118863657e-08  1.167831747118863657e-08
9.131789340046871928e+00  6.747438147846186859e-16  6.747438147846186859e-16
9.231789340046871573e+00  5.826440338754519136e-28  5.826440338754519136e-28
9.331789340046871217e+00  7.519231430529905470e-45  7.519231430529905470e-45
9.431789340046870862e+00  2.829153898358028592e-61  2.829153898358028592e-61
9.531789340046872283e+00  9.883392250680906693e-42  9.883392250680906693e-42
9.631789340046871928e+00  1.567519306406644590e-26  1.567519306406644590e-26
9.731789340046871573e+00  1.128690698671997116e-15  1.128690698671997116e-15
9.831789340046871217e+00  3.689709502106059242e-09  3.689709502106059242e-09
9.931789340046870862e+00  5.476014433783363715e-07  5.476014433783363715e-07
1.003178934004687228e+01  3.689709502105403701e-09  3.689709502105403701e-09
1.013178934004687193e+01  1.128690698671596178e-15  1.128690698671596178e-15
1.023178934004687157e+01  1.567519306405808887e-26  1.567519306405808887e-26
1.033178934004687122e+01  9.883392250673884344e-42  9.883392250673884344e-42
1.043178934004687086e+01  4.506506571475793506e-57  4.506506571475793506e-57
