-1.563829763566298325e+00  1.317675362042298595e-10  1.317675362042298595e-10
-1.463829763566297792e+00  7.695163104545411733e-10  7.695163104545411733e-10
-1.363829763566298148e+00  4.222595429378548707e-09  4.222595429378548707e-09
-1.263829763566298059e+00  2.166659724605189627e-08  2.166659724605189627e-08
-1.163829763566297970e+00  1.036857556162271406e-07  1.036857556162271406e-07
-1.063829763566298325e+00  4.621134737591929294e-07  4.621134737591929294e-07
-9.638297635662980145e-01  1.916630580850710305e-06  1.916630580850710305e-06
-8.638297635662981477e-01  7.394279167894389716e-06  7.394279167894389716e-06
-7.638297635662980589e-01  2.652831638473355076e-05  2.652831638473355076e-05
-6.638297635662979701e-01  8.849409393871224727e-05  8.849409393871224727e-05
-5.638297635662981033e-01  2.744543219140570278e-04  2.744543219140570278e-04
-4.638297635662980145e-01  7.913211825921259842e-04  7.913211825921259842e-04
-3.638297635662979257e-01  2.121032872454158089e-03  2.121032872454158089e-03
-2.638297635662980589e-01  5.284995171788855507e-03  5.284995171788855507e-03
-1.638297635662979701e-01  1.224161756759287005e-02  1.224161756759287005e-02
-6.382976356629810333e-02  2.635888741398386900e-02  2.635888741398386900e-02
3.617023643370198549e-02  5.276044711956775352e-02  5.276044711956775352e-02
1.361702364337020743e-01  9.817115799336351145e-02  9.817115799336351145e-02
2.361702364337019411e-01  1.698073082927374078e-01  1.698073082927374078e-01
3.361702364337020299e-01  2.730432402914947376e-01  2.730432402914947376e-01
4.361702364337018967e-01  4.081486566724447096e-01  4.081486566724447096e-01
5.361702364337019855e-01  5.671948041694473419e-01  5.671948041694473419e-01
6.361702364337020743e-01  7.328199850913914570e-01  7.328199850913914570e-01
7.361702364337021631e-01  8.803454396804998305e-01  8.803454396804998305e-01
8.361702364337022519e-01  9.834795830706906106e-01  9.834795830706906106e-01
9.361702364337018967e-01  1.021986657658346287e+00  1.021986657658346287e+00
1.036170236433701985e+00  9.882921620440049404e-01  9.882921620440049404e-01
1.136170236433702074e+00  8.900750431354534919e-01  8.900750431354534919e-01
1.236170236433702163e+00  7.476271189474853474e-01  7.476271189474853474e-01
1.336170236433702252e+00  5.872094849596624089e-01  5.872094849596624089e-01
1.436170236433701897e+00  4.333644852892400423e-01  4.333644852892400423e-01
1.536170236433701985e+00  3.032161677243020992e-01  3.032161677243020992e-01
1.636170236433702074e+00  2.043837511824063147e-01  2.043837511824063147e-01
1.736170236433702163e+00  1.362652986995236681e-01  1.362652986995236681e-01
1.836170236433702252e+00  9.319078239829824140e-02  9.319078239829824140e-02
1.936170236433701897e+00  6.774127116368516832e-02  6.774127116368516832e-02
2.036170236433702208e+00  5.312323819112914347e-02  5.312323819112914347e-02
2.136170236433701852e+00  4.429433748444411983e-02  4.429433748444411983e-02
2.236170236433702385e+00  3.810552433352894230e-02  3.810552433352894230e-02
2.336170236433702030e+00  3.291795534619405134e-02  3.291795534619405134e-02
2.436170236433701675e+00  2.807804117702100352e-02  2.807804117702100352e-02
2.536170236433702208e+00  2.346445488828454926e-02  2.346445488828454926e-02
2.636170236433701852e+00  1.917682014262232087e-02  1.917682014262232087e-02
2.736170236433701497e+00  1.535623937083835898e-02  1.535623937083835898e-02
2.836170236433702030e+00  1.210097141280322940e-02  1.210097141280322940e-02
2.936170236433701675e+00  9.441049746027654552e-03  9.441049746027654552e-03
3.036170236433702208e+00  7.344672432138342477e-03  7.344672432138342477e-03
3.136170236433701852e+00  5.738223366787801281e-03  5.738223366787801281e-03
3.236170236433702385e+00  4.528690206229146753e-03  4.528690206229146753e-03
3.336170236433702030e+00  3.622275481233765831e-03  3.622275481233765831e-03
3.436170236433701675e+00  2.936644348324686342e-03  2.936644348324686342e-03
3.536170236433702208e+00  2.406740478768042667e-03  2.406740478768042667e-03
3.636170236433701852e+00  1.985531434549776385e-03  1.985531434549776385e-03
3.736170236433702385e+00  1.641574276897538563e-03  1.641574276897538563e-03
3.836170236433702030e+00  1.355177946055110281e-03  1.355177946055110281e-03
3.936170236433701675e+00  1.114477302364168211e-03  1.114477302364168211e-03
4.036170236433702208e+00  9.121808166224380310e-04  9.121808166224380310e-04
4.136170236433701852e+00  7.432782071149690497e-04  7.432782071149690497e-04
4.236170236433702385e+00  6.036707736688307676e-04  6.036707736688307676e-04
4.336170236433702030e+00  4.895197677667809241e-04  4.895197677667809241e-04
4.436170236433701675e+00  3.970618143485935892e-04  3.970618143485935892e-04
4.536170236433702208e+00  3.226684435002255525e-04  3.226684435002255525e-04
4.636170236433701852e+00  2.629878757679921506e-04  2.629878757679921506e-04
4.736170236433702385e+00  2.150725573679781229e-04  2.150725573679781229e-04
4.836170236433702030e+00  1.764497450089408414e-04  1.764497450089408414e-04
4.936170236433701675e+00  1.451289580607551704e-04  1.451289580607551704e-04
5.036170236433702208e+00  1.195599858708270170e-04  1.195599858708270170e-04
5.136170236433701852e+00  9.856214765188988313e-05  9.856214765188988313e-05
5.236170236433702385e+00  8.124430427942591171e-05  8.124430427942591171e-05
5.336170236433702030e+00  6.692988018379302016e-05  6.692988018379302016e-05
5.436170236433701675e+00  5.509492931973540770e-05  5.509492931973540770e-05
5.536170236433702208e+00  4.532191424173373891e-05  4.532191424173373891e-05
5.636170236433701852e+00  3.726816622663985730e-05  3.726816622663985730e-05
5.736170236433702385e+00  3.064603132969981840e-05  3.064603132969981840e-05
5.836170236433702030e+00  2.521114403021482424e-05  2.521114403021482424e-05
5.936170236433701675e+00  2.075561655994052717e-05  2.075561655994052717e-05
6.036170236433702208e+00  1.710372081988492291e-05  1.710372081988492291e-05
6.136170236433701852e+00  1.410851729350119580e-05  1.410851729350119580e-05
6.236170236433702385e+00  1.164863656382833080e-05  1.164863656382833080e-05
6.336170236433702030e+00  9.624951345390133389e-06  9.624951345390133389e-06
6.436170236433701675e+00  7.957184794498742660e-06  7.957184794498742660e-06
6.536170236433701319e+00  6.580627675825191205e-06  6.580627675825191205e-06
6.636170236433702740e+00  5.443143812087127218e-06  5.443143812087127218e-06
6.736170236433702385e+00  4.502587993196643628e-06  4.502587993196643628e-06
6.836170236433702030e+00  3.724687117221513787e-06  3.724687117221513787e-06
6.936170236433701675e+00  3.081370909735591025e-06  3.081370909735591025e-06
7.036170236433701319e+00  2.549495417659329709e-06  2.549495417659329709e-06
7.136170236433702740e+00  2.109882278316199301e-06  2.109882278316199301e-06
7.236170236433702385e+00  1.746595131985018164e-06  1.746595131985018164e-06
7.336170236433702030e+00  1.446384775236226446e-06  1.446384775236226446e-06
7.436170236433701675e+00  1.198250270372405076e-06  1.198250270372405076e-06
7.536170236433701319e+00  9.930793208038762126e-07  9.930793208038762126e-07
7.636170236433702740e+00  8.233448281878119833e-07  8.233448281878119833e-07
7.736170236433702385e+00  6.828444363132310798e-07  6.828444363132310798e-07
7.836170236433702030e+00  5.664760539965605768e-07  5.664760539965605768e-07
7.936170236433701675e+00  4.700455507211776235e-07  4.700455507211776235e-07
8.036170236433703096e+00  3.901039992106423040e-07  3.901039992106423040e-07
8.136170236433702740e+00  3.238119066793345763e-07  3.238119066793345763e-07
8.236170236433702385e+00  2.688275239585282849e-07  2.688275239585282849e-07
8.336170236433702030e+00  2.232159832353847614e-07  2.232159832353847614e-07
8.436170236433701675e+00  1.853758962274526704e-07  1.853758962274526704e-07
8.536170236433703096e+00  1.539801861582743724e-07  1.539801861582743724e-07
8.636170236433702740e+00  1.279282748659923442e-07  1.279282748659923442e-07
8.736170236433702385e+00  1.063072096892628475e-07  1.063072096892628475e-07
8.836170236433702030e+00  8.835980452861094388e-08  8.835980452861094388e-08
8.936170236433701675e+00  7.345831957522064442e-08  7.345831957522064442e-08
9.036170236433703096e+00  6.108257738659198400e-08  6.108257738659198400e-08
9.136170236433702740e+00  5.080169765968282500e-08  5.080169765968282500e-08
9.236170236433702385e+00  4.225883564804757530e-08  4.225883564804757530e-08
9.336170236433702030e+00  3.515844586022660621e-08  3.515844586022660621e-08
9.436170236433701675e+00  2.925568246152357511e-08  2.925568246152357511e-08
9.536170236433703096e+00  2.434760791214789155e-08  2.434760791214789155e-08
9.636170236433702740e+00  2.026592497098352671e-08  2.026592497098352671e-08
9.736170236433702385e+00  1.687098284797866637e-08  1.687098284797866637e-08
9.836170236433702030e+00  1.404684059194274017e-08  1.404684059194274017e-08
9.936170236433701675e+00  1.169720148522850491e-08  1.169720148522850491e-08
1.003617023643370310e+01  9.742061325899753066e-09  9.742061325899753066e-09
1.013617023643370274e+01  8.114940332922590117e-09  8.114940332922590117e-09
1.023617023643370239e+01  6.760592260946746939e-09  6.760592260946746939e-09
1.033617023643370203e+01  5.633104681683299808e-09  5.633104681683299808e-09
1.043617023643370167e+01  4.694321180845835047e-09  4.694321180845835047e-09
