-1.563829761104493343e+00  4.193178662410068797e-10  4.193178662410068797e-10
-1.463829761104493699e+00  2.234818258788084911e-09  2.234818258788084911e-09
-1.363829761104493610e+00  1.122295260743273438e-08  1.122295260743273438e-08
-1.263829761104493521e+00  5.287989429256746332e-08  5.287989429256746332e-08
-1.163829761104493876e+00  2.332234504978973628e-07  2.332234504978973628e-07
-1.063829761104493343e+00  9.615748933305159768e-07  9.615748933305159768e-07
-9.638297611044934765e-01  3.703402435245136021e-06  3.703402435245136021e-06
-8.638297611044936097e-01  1.331801157864838136e-05  1.331801157864838136e-05
-7.638297611044935209e-01  4.470836457412372442e-05  4.470836457412372442e-05
-6.638297611044934321e-01  1.400822333512431457e-04  1.400822333512431457e-04
-5.638297611044935653e-01  4.096205403290514380e-04  4.096205403290514380e-04
-4.638297611044934765e-01  1.117788360891904670e-03  1.117788360891904670e-03
-3.638297611044933877e-01  2.846431833517437324e-03  2.846431833517437324e-03
-2.638297611044935209e-01  6.763872751606905820e-03  6.763872751606905820e-03
-1.638297611044934321e-01  1.499814398171383720e-02  1.499814398171383720e-02
-6.382976110449356533e-02  3.103300648760621769e-02  3.103300648760621769e-02
3.617023889550652349e-02  5.991746369590281174e-02  5.991746369590281174e-02
1.361702388955066123e-01  1.079511403678617004e-01  1.079511403678617004e-01
2.361702388955064791e-01  1.814882431163957477e-01  1.814882431163957477e-01
3.361702388955065679e-01  2.847234220900360380e-01  2.847234220900360380e-01
4.361702388955064347e-01  4.168321809394331390e-01  4.168321809394331390e-01
5.361702388955065235e-01  5.694799977223152787e-01  5.694799977223152787e-01
6.361702388955066123e-01  7.261061315110999281e-01  7.261061315110999281e-01
7.361702388955067011e-01  8.641051856777945961e-01  8.641051856777945961e-01
8.361702388955067899e-01  9.599398789702868751e-01  9.599398789702868751e-01
9.361702388955064347e-01  9.957312667472735246e-01  9.957312667472735246e-01
1.036170238895506523e+00  9.648218903946115255e-01  9.648218903946115255e-01
1.136170238895506612e+00  8.739395893498986823e-01  8.739395893498986823e-01
1.236170238895506701e+00  7.409925931213874328e-01  7.409925931213874328e-01
1.336170238895506790e+00  5.894742678789052226e-01  5.894742678789052226e-01
1.436170238895506435e+00  4.418571742626044574e-01  4.418571742626044574e-01
1.536170238895506523e+00  3.144852810123777709e-01  3.144852810123777709e-01
1.636170238895506612e+00  2.154182433815592379e-01  2.154182433815592379e-01
1.736170238895506701e+00  1.451898691264112695e-01  1.451898691264112695e-01
1.836170238895506790e+00  9.934929574570260102e-02  9.934929574570260102e-02
1.936170238895506435e+00  7.136820917010672227e-02  7.136820917010672227e-02
2.036170238895506301e+00  5.488945424156585484e-02  5.488945424156585484e-02
2.136170238895506834e+00  4.493676906151784778e-02  4.493676906151784778e-02
2.236170238895506479e+00  3.821957056528366148e-02  3.821957056528366148e-02
2.336170238895507012e+00  3.289285969769237955e-02  3.289285969769237955e-02
2.436170238895506657e+00  2.811729900795845172e-02  2.811729900795845172e-02
2.536170238895507190e+00  2.363862437847117151e-02  2.363862437847117151e-02
2.636170238895506834e+00  1.947737147271685898e-02  1.947737147271685898e-02
2.736170238895506479e+00  1.573776713786338710e-02  1.573776713786338710e-02
2.836170238895507012e+00  1.250959412857241722e-02  1.250959412857241722e-02
2.936170238895506657e+00  9.830876235396097257e-03  9.830876235396097257e-03
3.036170238895507190e+00  7.685142628131830245e-03  7.685142628131830245e-03
3.136170238895506834e+00  6.015084078396620328e-03  6.015084078396620328e-03
3.236170238895507367e+00  4.741120506118435933e-03  4.741120506118435933e-03
3.336170238895507012e+00  3.778313233216455420e-03  3.778313233216455420e-03
3.436170238895506657e+00  3.048545834606984379e-03  3.048545834606984379e-03
3.536170238895507190e+00  2.487282436654322023e-03  2.487282436654322023e-03
3.636170238895506834e+00  2.045665238588278371e-03  2.045665238588278371e-03
3.736170238895507367e+00  1.689382003351794226e-03  1.689382003351794226e-03
3.836170238895507012e+00  1.395813932287173331e-03  1.395813932287173331e-03
3.936170238895506657e+00  1.150694117060774117e-03  1.150694117060774117e-03
4.036170238895507190e+00  9.450812809637417064e-04  9.450812809637417064e-04
4.136170238895506834e+00  7.730408605413759083e-04  7.730408605413759083e-04
4.236170238895507367e+00  6.301123703652300760e-04  6.301123703652300760e-04
4.336170238895507012e+00  5.124532810113475003e-04  5.124532810113475003e-04
4.436170238895506657e+00  4.164699487294993533e-04  4.164699487294993533e-04
4.536170238895507190e+00  3.387422420979436383e-04  3.387422420979436383e-04
4.636170238895506834e+00  2.760857678656248953e-04  2.760857678656248953e-04
4.736170238895507367e+00  2.256467490741117675e-04  2.256467490741117675e-04
4.836170238895507012e+00  1.849724287723591878e-04  1.849724287723591878e-04
4.936170238895506657e+00  1.520360990150719451e-04  1.520360990150719451e-04
5.036170238895507190e+00  1.252185966886173996e-04  1.252185966886173996e-04
5.136170238895506834e+00  1.032591498182670132e-04  1.032591498182670132e-04
5.236170238895507367e+00  8.519112365832754677e-05  8.519112365832754677e-05
5.336170238895507012e+00  7.027596110970909919e-05  7.027596110970909919e-05
5.436170238895506657e+00  5.794426983617835086e-05  5.794426983617835086e-05
5.536170238895507190e+00  4.774851242443537374e-05  4.774851242443537374e-05
5.636170238895506834e+00  3.932816814335749362e-05  3.932816814335749362e-05
5.736170238895507367e+00  3.238593220760231227e-05  3.238593220760231227e-05
5.836170238895507012e+00  2.667243015090150913e-05  2.667243015090150913e-05
5.936170238895506657e+00  2.197675238227081218e-05  2.197675238227081218e-05
6.036170238895507190e+00  1.812049764746048101e-05  1.812049764746048101e-05
6.136170238895506834e+00  1.495363716132711468e-05  1.495363716132711468e-05
6.236170238895507367e+00  1.235114737982323241e-05  1.235114737982323241e-05
6.336170238895507012e+00  1.020988005753661087e-05  1.020988005753661087e-05
6.436170238895506657e+00  8.445495445486187768e-06  8.445495445486187768e-06
6.536170238895506301e+00  6.989484762534681236e-06  6.989484762534681236e-06
6.636170238895507723e+00  5.786386585862653216e-06  5.786386585862653216e-06
6.736170238895507367e+00  4.791302179724777022e-06  4.791302179724777022e-06
6.836170238895507012e+00  3.967776309166708659e-06  3.967776309166708659e-06
6.936170238895506657e+00  3.286061623959819186e-06  3.286061623959819186e-06
7.036170238895506301e+00  2.721743503466176090e-06  2.721743503466176090e-06
7.136170238895507723e+00  2.254675745565134652e-06  2.254675745565134652e-06
7.236170238895507367e+00  1.868166245911501065e-06  1.868166245911501065e-06
7.336170238895507012e+00  1.548352645182909490e-06  1.548352645182909490e-06
7.436170238895506657e+00  1.283716278118158616e-06  1.283716278118158616e-06
7.536170238895506301e+00  1.064694362004177600e-06  1.064694362004177600e-06
7.636170238895507723e+00  8.833620191061187843e-07  8.833620191061187843e-07
7.736170238895507367e+00  7.331655384496515234e-07  7.331655384496515234e-07
7.836170238895507012e+00  6.086954841281536704e-07  6.086954841281536704e-07
7.936170238895506657e+00  5.054928915820508795e-07  5.054928915820508795e-07
8.036170238895508078e+00  4.198843521487447917e-07  4.198843521487447917e-07
8.136170238895507723e+00  3.488429194709314652e-07  3.488429194709314652e-07
8.236170238895507367e+00  2.898720900378654420e-07  2.898720900378654420e-07
8.336170238895507012e+00  2.409100840746590638e-07  2.409100840746590638e-07
8.436170238895506657e+00  2.002515825981040769e-07  2.002515825981040769e-07
8.536170238895508078e+00  1.664841113010842430e-07  1.664841113010842430e-07
8.636170238895507723e+00  1.384364416111633828e-07  1.384364416111633828e-07
8.736170238895507367e+00  1.151366781750703055e-07  1.151366781750703055e-07
8.836170238895507012e+00  9.577806700909325994e-08  9.577806700909325994e-08
8.936170238895506657e+00  7.969093498403504144e-08  7.969093498403504144e-08
9.036170238895508078e+00  6.631951726534885581e-08  6.631951726534885581e-08
9.136170238895507723e+00  5.520272042343132511e-08  5.520272042343132511e-08
9.236170238895507367e+00  4.595809698988486636e-08  4.595809698988486636e-08
9.336170238895507012e+00  3.826847589990021566e-08  3.826847589990021566e-08
9.436170238895506657e+00  3.187081286104178125e-08  3.187081286104178125e-08
9.536170238895508078e+00  2.654690784451168045e-08  2.654690784451168045e-08
9.636170238895507723e+00  2.211569545479358842e-08  2.211569545479358842e-08
9.736170238895507367e+00  1.842685732966876100e-08  1.842685732966876100e-08
9.836170238895507012e+00  1.535554047582199651e-08  1.535554047582199651e-08
9.936170238895506657e+00  1.279799542784369852e-08  1.279799542784369852e-08
1.003617023889550808e+01  1.066797519563908264e-08  1.066797519563908264e-08
1.013617023889550772e+01  8.893760723511394529e-09  8.893760723511394529e-09
1.023617023889550737e+01  7.415700963564586453e-09  7.415700963564586453e-09
1.033617023889550701e+01  6.184175414053350919e-09  6.184175414053350919e-09
1.043617023889550666e+01  5.157903910069347916e-09  5.157903910069347916e-09
