-1.563829783587851630e+00  3.017518362885034751e-69  3.017518362885034751e-69
-1.463829783587851541e+00  4.210367269551619062e-64  4.210367269551619062e-64
-1.363829783587851452e+00  6.629180062003455819e-59  6.629180062003455819e-59
-1.263829783587851807e+00  6.407141155270619710e-54  6.407141155270619710e-54
-1.163829783587851718e+00  3.720453465612515996e-49  3.720453465612515996e-49
-1.063829783587851630e+00  1.297062644557457617e-44  1.297062644557457617e-44
-9.638297835878515407e-01  2.714862529656198157e-40  2.714862529656198157e-40
-8.638297835878514519e-01  3.411583140495976215e-36  3.411583140495976215e-36
-7.638297835878515851e-01  2.573862022003333237e-32  2.573862022003333237e-32
-6.638297835878517184e-01  1.165831397078521648e-28  1.165831397078521648e-28
-5.638297835878516295e-01  3.170351497879256713e-25  3.170351497879256713e-25
-4.638297835878515407e-01  5.176071490583468773e-22  5.176071490583468773e-22
-3.638297835878514519e-01  5.073577510277589481e-19  5.073577510277589481e-19
-2.638297835878515851e-01  2.985723014782162449e-16  2.985723014782162449e-16
-1.638297835878514963e-01  1.054886937897668226e-13  1.054886937897668226e-13
-6.382978358785162953e-02  2.237605373747697293e-11  2.237605373747697293e-11
3.617021641214845928e-02  2.849589229784037993e-09  2.849589229784037993e-09
1.361702164121485481e-01  2.178723951086199157e-07  2.178723951086199157e-07
2.361702164121484149e-01  1.000099793118444042e-05  1.000099793118444042e-05
3.361702164121485037e-01  2.756167770013195255e-04  2.756167770013195255e-04
4.361702164121483705e-01  4.560255176640630979e-03  4.560255176640630979e-03
5.361702164121484593e-01  4.529954322577601361e-02  4.529954322577601361e-02
6.361702164121485481e-01  2.701591514013850781e-01  2.701591514013850781e-01
7.361702164121486369e-01  9.673123378602940248e-01  9.673123378602940248e-01
8.361702164121487257e-01  2.079385240499914911e+00  2.079385240499914911e+00
9.361702164121483705e-01  2.683640956974584046e+00  2.683640956974584046e+00
1.036170216412148459e+00  2.079388713313226500e+00  2.079388713313226500e+00
1.136170216412148548e+00  9.673428888856571151e-01  9.673428888856571151e-01
1.236170216412148637e+00  2.703661475835837380e-01  2.703661475835837380e-01
1.336170216412148726e+00  4.638620299727739399e-02  4.638620299727739399e-02
1.436170216412148370e+00  8.980388207585288107e-03  8.980388207585288107e-03
1.536170216412148459e+00  1.420678989348182590e-02  1.420678989348182590e-02
1.636170216412148548e+00  3.403128186330063587e-02  3.403128186330063587e-02
1.736170216412148637e+00  6.437627420384837984e-02  6.437627420384837984e-02
1.836170216412148726e+00  9.438639840396967351e-02  9.438639840396967351e-02
1.936170216412148370e+00  1.072282058705120583e-01  1.072282058705120583e-01
2.036170216412148459e+00  9.439371380568549463e-02  9.439371380568549463e-02
2.136170216412148548e+00  6.440815242081811276e-02  6.440815242081811276e-02
2.236170216412148637e+00  3.413632533898017934e-02  3.413632533898017934e-02
2.336170216412148726e+00  1.427868429700106766e-02  1.427868429700106766e-02
2.436170216412148370e+00  5.305650741438992096e-03  5.305650741438992096e-03
2.536170216412148903e+00  2.990216651108623582e-03  2.990216651108623582e-03
2.636170216412148548e+00  3.659034671396452568e-03  3.659034671396452568e-03
2.736170216412148193e+00  5.311700864867662658e-03  5.311700864867662658e-03
2.836170216412148726e+00  6.819511133319580524e-03  6.819511133319580524e-03
2.936170216412148370e+00  7.422060174584973503e-03  7.422060174584973503e-03
3.036170216412148903e+00  6.819436046066872439e-03  6.819436046066872439e-03
3.136170216412148548e+00  5.291980701359511215e-03  5.291980701359511215e-03
3.236170216412149081e+00  3.480389452101644715e-03  3.480389452101644715e-03
3.336170216412148726e+00  1.968543508625733227e-03  1.968543508625733227e-03
3.436170216412148370e+00  1.016590061055088661e-03  1.016590061055088661e-03
3.536170216412148903e+00  5.802089978246635247e-04  5.802089978246635247e-04
3.636170216412148548e+00  4.786968685775100179e-04  4.786968685775100179e-04
3.736170216412149081e+00  5.323852311312725610e-04  5.323852311312725610e-04
3.836170216412148726e+00  6.133879075465675876e-04  6.133879075465675876e-04
3.936170216412148370e+00  6.474632132688167008e-04  6.474632132688167008e-04
4.036170216412148903e+00  6.069590266954625864e-04  6.069590266954625864e-04
4.136170216412148548e+00  5.026814438518471427e-04  5.026814438518471427e-04
4.236170216412149081e+00  3.688718590010121390e-04  3.688718590010121390e-04
4.336170216412148726e+00  2.428489069369210609e-04  2.428489069369210609e-04
4.436170216412148370e+00  1.488703103867723308e-04  1.488703103867723308e-04
4.536170216412148903e+00  9.316050542094051487e-05  9.316050542094051487e-05
4.636170216412148548e+00  6.863120852206833320e-05  6.863120852206833320e-05
4.736170216412149081e+00  6.287351805894877304e-05  6.287351805894877304e-05
4.836170216412148726e+00  6.428055888670109353e-05  6.428055888670109353e-05
4.936170216412148370e+00  6.491945091495802088e-05  6.491945091495802088e-05
5.036170216412148903e+00  6.106080192842656506e-05  6.106080192842656506e-05
5.136170216412148548e+00  5.247624279790334803e-05  5.247624279790334803e-05
5.236170216412149081e+00  4.112383926930362327e-05  4.112383926930362327e-05
5.336170216412148726e+00  2.964748241323817714e-05  2.964748241323817714e-05
5.436170216412148370e+00  2.015295688171117540e-05  2.015295688171117540e-05
5.536170216412148903e+00  1.360671212073345474e-05  1.360671212073345474e-05
5.636170216412148548e+00  9.881499243976323284e-06  9.881499243976323284e-06
5.736170216412149081e+00  8.187594647484259673e-06  8.187594647484259673e-06
5.836170216412148726e+00  7.563985034631064582e-06  7.563985034631064582e-06
5.936170216412148370e+00  7.224041458986440206e-06  7.224041458986440206e-06
6.036170216412148903e+00  6.705507892961444909e-06  6.705507892961444909e-06
6.136170216412148548e+00  5.866059928992938558e-06  5.866059928992938558e-06
6.236170216412149081e+00  4.789677485477119711e-06  4.789677485477119711e-06
6.336170216412148726e+00  3.662715802866870918e-06  3.662715802866870918e-06
6.436170216412148370e+00  2.665229776905676352e-06  2.665229776905676352e-06
6.536170216412148015e+00  1.905542498842148754e-06  1.905542498842148754e-06
6.636170216412149436e+00  1.404353414043904307e-06  1.404353414043904307e-06
6.736170216412149081e+00  1.115621056544199080e-06  1.115621056544199080e-06
6.836170216412148726e+00  9.627631523602952831e-07  9.627631523602952831e-07
6.936170216412148370e+00  8.715204905014722398e-07  8.715204905014722398e-07
7.036170216412148015e+00  7.897384935594634773e-07  7.897384935594634773e-07
7.136170216412149436e+00  6.929145308288152242e-07  6.929145308288152242e-07
7.236170216412149081e+00  5.793953595475994018e-07  5.793953595475994018e-07
7.336170216412148726e+00  4.606373930692761714e-07  4.606373930692761714e-07
7.436170216412148370e+00  3.512940432119003458e-07  3.512940432119003458e-07
7.536170216412148015e+00  2.622153813476136939e-07  2.622153813476136939e-07
7.636170216412149436e+00  1.974795378232987467e-07  1.974795378232987467e-07
7.736170216412149081e+00  1.549042372484065811e-07  1.549042372484065811e-07
7.836170216412148726e+00  1.285429875545883843e-07  1.285429875545883843e-07
7.936170216412148370e+00  1.115645767918785729e-07  1.115645767918785729e-07
8.036170216412148903e+00  9.840370208984993627e-08  9.840370208984993627e-08
8.136170216412150324e+00  8.575159238434194244e-08  8.575159238434194244e-08
8.236170216412148193e+00  7.250555392846870055e-08  7.250555392846870055e-08
8.336170216412149614e+00  5.908260573714245638e-08  5.908260573714245638e-08
8.436170216412147482e+00  4.654625586520724079e-08  4.654625586520724079e-08
8.536170216412148903e+00  3.588521419697611108e-08  3.588521419697611108e-08
8.636170216412150324e+00  2.761100959048084981e-08  2.761100959048084981e-08
8.736170216412148193e+00  2.168038958072562436e-08  2.168038958072562436e-08
8.836170216412149614e+00  1.764284547385070320e-08  1.764284547385070320e-08
8.936170216412147482e+00  1.487808192114941900e-08  1.487808192114941900e-08
9.036170216412148903e+00  1.281003538892590607e-08  1.281003538892590607e-08
9.136170216412150324e+00  1.103504248392664111e-08  1.103504248392664111e-08
9.236170216412148193e+00  9.353740158500249887e-09  9.353740158500249887e-09
9.336170216412149614e+00  7.731526615687871397e-09  7.731526615687871397e-09
9.436170216412147482e+00  6.226026055562765463e-09  6.226026055562765463e-09
9.536170216412148903e+00  4.916173587261789869e-09  4.916173587261789869e-09
9.636170216412150324e+00  3.854227668547595333e-09  3.854227668547595333e-09
9.736170216412148193e+00  3.046933024569507163e-09  3.046933024569507163e-09
9.836170216412149614e+00  2.460542076908700760e-09  2.460542076908700760e-09
9.936170216412147482e+00  2.038789782038164758e-09  2.038789782038164758e-09
1.003617021641214890e+01  1.722867509289372382e-09  1.722867509289372382e-09
1.013617021641215032e+01  1.465944458631214218e-09  1.465944458631214218e-09
1.023617021641214819e+01  1.239384593641769239e-09  1.239384593641769239e-09
1.033617021641214961e+01  1.031591333982059134e-09  1.031591333982059134e-09
1.043617021641214748e+01  8.424621080393838332e-10  8.424621080393838332e-10
