-1.552631578140758251e+00  3.180524244287354676e-53  3.180524244287354676e-53
-1.452631578140758606e+00  3.362932413642299800e-49  3.362932413642299800e-49
-1.352631578140758517e+00  3.194043013255931054e-45  3.194043013255931054e-45
-1.252631578140758428e+00  2.092843229796961731e-41  2.092843229796961731e-41
-1.152631578140758783e+00  9.291304556609781523e-38  9.291304556609781523e-38
-1.052631578140758251e+00  2.791385374113190223e-34  2.791385374113190223e-34
-9.526315781407583838e-01  5.674421473581514884e-31  5.674421473581514884e-31
-8.526315781407585170e-01  7.805086150429109112e-28  7.805086150429109112e-28
-7.526315781407584282e-01  7.264197055796284526e-25  7.264197055796284526e-25
-6.526315781407583394e-01  4.574580406698556426e-22  4.574580406698556426e-22
-5.526315781407584726e-01  1.949254903335969542e-19  1.949254903335969542e-19
-4.526315781407583838e-01  5.620044106299951223e-17  5.620044106299951223e-17
-3.526315781407582950e-01  1.096388649337165047e-14  1.096388649337165047e-14
-2.526315781407584282e-01  1.447248325039092927e-12  1.447248325039092927e-12
-1.526315781407583394e-01  1.292633177279205127e-10  1.292633177279205127e-10
-5.263157814075847263e-02  7.811982458848550466e-09  7.811982458848550466e-09
4.736842185924161619e-02  3.194485626583504720e-07  3.194485626583504720e-07
1.473684218592417050e-01  8.838820928913850800e-06  8.838820928913850800e-06
2.473684218592415718e-01  1.654784523028270723e-04  1.654784523028270723e-04
3.473684218592416606e-01  2.096246176231673312e-03  2.096246176231673312e-03
4.473684218592415274e-01  1.796787984483448619e-02  1.796787984483448619e-02
5.473684218592416162e-01  1.042089703318625910e-01  1.042089703318625910e-01
6.473684218592417050e-01  4.089470652243303306e-01  4.089470652243303306e-01
7.473684218592417938e-01  1.085882464684948756e+00  1.085882464684948756e+00
8.473684218592418826e-01  1.950977896725889948e+00  1.950977896725889948e+00
9.473684218592415274e-01  2.371789801539109899e+00  2.371789801539109899e+00
1.047368421859241616e+00  1.951006581616171243e+00  1.951006581616171243e+00
1.147368421859241705e+00  1.086036386213614868e+00  1.086036386213614868e+00
1.247368421859241794e+00  4.096133274210857489e-01  4.096133274210857489e-01
1.347368421859241883e+00  1.065803390227589159e-01  1.065803390227589159e-01
1.447368421859241527e+00  2.491054954364061227e-02  2.491054954364061227e-02
1.547368421859241616e+00  1.881603778214091874e-02  1.881603778214091874e-02
1.647368421859241705e+00  3.328717102829833324e-02  3.328717102829833324e-02
1.747368421859241794e+00  5.398133828045487831e-02  5.398133828045487831e-02
1.847368421859241883e+00  7.234633980710648837e-02  7.234633980710648837e-02
1.947368421859241527e+00  7.977252195039653826e-02  7.977252195039653826e-02
2.047368421859241394e+00  7.236807611481987923e-02  7.236807611481987923e-02
2.147368421859241927e+00  5.404414250553005172e-02  5.404414250553005172e-02
2.247368421859241572e+00  3.331289646406294241e-02  3.331289646406294241e-02
2.347368421859242105e+00  1.716568095336256858e-02  1.716568095336256858e-02
2.447368421859241749e+00  7.855224247097945464e-03  7.855224247097945464e-03
2.547368421859242282e+00  4.010949345738847906e-03  4.010949345738847906e-03
2.647368421859241927e+00  3.252467106503383575e-03  3.252467106503383575e-03
2.747368421859241572e+00  3.735405828935531997e-03  3.735405828935531997e-03
2.847368421859242105e+00  4.383734507671647150e-03  4.383734507671647150e-03
2.947368421859241749e+00  4.653554874888817493e-03  4.653554874888817493e-03
3.047368421859242282e+00  4.360643150040803551e-03  4.360643150040803551e-03
3.147368421859241927e+00  3.596132599382863802e-03  3.596132599382863802e-03
3.247368421859242460e+00  2.617212000892024139e-03  2.617212000892024139e-03
3.347368421859242105e+00  1.698222467985482714e-03  1.698222467985482714e-03
3.447368421859241749e+00  1.012932368369955875e-03  1.012932368369955875e-03
3.547368421859242282e+00  6.016860727652224893e-04  6.016860727652224893e-04
3.647368421859241927e+00  4.105635089987193860e-04  4.105635089987193860e-04
3.747368421859242460e+00  3.520093408620121969e-04  3.520093408620121969e-04
3.847368421859242105e+00  3.480893741106998781e-04  3.480893741106998781e-04
3.947368421859241749e+00  3.477175925590985685e-04  3.477175925590985685e-04
4.047368421859242282e+00  3.269778687846975002e-04  3.269778687846975002e-04
4.147368421859241927e+00  2.825849145071255208e-04  2.825849145071255208e-04
4.247368421859242460e+00  2.234907978232631191e-04  2.234907978232631191e-04
4.347368421859242105e+00  1.627128448000473779e-04  1.627128448000473779e-04
4.447368421859241749e+00  1.110271491706699495e-04  1.110271491706699495e-04
4.547368421859242282e+00  7.379987964690329426e-05  7.379987964690329426e-05
4.647368421859241927e+00  5.099555791156762093e-05  5.099555791156762093e-05
4.747368421859242460e+00  3.915210421317889914e-05  3.915210421317889914e-05
4.847368421859242105e+00  3.375353170749383671e-05  3.375353170749383671e-05
4.947368421859241749e+00  3.094467738358151878e-05  3.094467738358151878e-05
5.047368421859242282e+00  2.829268848276349910e-05  2.829268848276349910e-05
5.147368421859241927e+00  2.479738228553207387e-05  2.479738228553207387e-05
5.247368421859242460e+00  2.049489861967605366e-05  2.049489861967605366e-05
5.347368421859242105e+00  1.594365424527962533e-05  1.594365424527962533e-05
5.447368421859241749e+00  1.178031241120437118e-05  1.178031241120437118e-05
5.547368421859242282e+00  8.441739115493254931e-06  8.441739115493254931e-06
5.647368421859241927e+00  6.070272271735339827e-06  6.070272271735339827e-06
5.747368421859242460e+00  4.559213348483294172e-06  4.559213348483294172e-06
5.847368421859242105e+00  3.666315017240831054e-06  3.666315017240831054e-06
5.947368421859241749e+00  3.128601539358593272e-06  3.128601539358593272e-06
6.047368421859242282e+00  2.739210767197124636e-06  2.739210767197124636e-06
6.147368421859241927e+00  2.376927654290790861e-06  2.376927654290790861e-06
6.247368421859242460e+00  1.998879451011670985e-06  1.998879451011670985e-06
6.347368421859242105e+00  1.613968381946945879e-06  1.613968381946945879e-06
6.447368421859241749e+00  1.252885726798965097e-06  1.252885726798965097e-06
6.547368421859241394e+00  9.449110944879886578e-07  9.449110944879886578e-07
6.647368421859242815e+00  7.055642709071359212e-07  7.055642709071359212e-07
6.747368421859242460e+00  5.343455415435623654e-07  5.343455415435623654e-07
6.847368421859242105e+00  4.190475990429386503e-07  4.190475990429386503e-07
6.947368421859241749e+00  3.424886668207300562e-07  3.424886668207300562e-07
7.047368421859241394e+00  2.884399440672955660e-07  2.884399440672955660e-07
7.147368421859242815e+00  2.451181547932114558e-07  2.451181547932114558e-07
7.247368421859242460e+00  2.060845843833476386e-07  2.060845843833476386e-07
7.347368421859242105e+00  1.692943516799547817e-07  1.692943516799547817e-07
7.447368421859241749e+00  1.353192489284103094e-07  1.353192489284103094e-07
7.547368421859241394e+00  1.056059508257045419e-07  1.056059508257045419e-07
7.647368421859242815e+00  8.127091273321407157e-08  8.127091273321407157e-08
7.747368421859242460e+00  6.256796411920985191e-08  6.256796411920985191e-08
7.847368421859242105e+00  4.890559417405309218e-08  4.890559417405309218e-08
7.947368421859241749e+00  3.917298041631238201e-08  3.917298041631238201e-08
8.047368421859243171e+00  3.213707703638909780e-08  3.213707703638909780e-08
8.147368421859242815e+00  2.674896692277953287e-08  2.674896692277953287e-08
8.247368421859242460e+00  2.229361690780423363e-08  2.229361690780423363e-08
8.347368421859242105e+00  1.839465444869265772e-08  1.839465444869265772e-08
8.447368421859241749e+00  1.492764804742707212e-08  1.492764804742707212e-08
8.547368421859243171e+00  1.190301334379902819e-08  1.190301334379902819e-08
8.647368421859242815e+00  9.364868812672336854e-09  9.364868812672336854e-09
8.747368421859242460e+00  7.328860284231485714e-09  7.328860284231485714e-09
8.847368421859242105e+00  5.760908883441293537e-09  5.760908883441293537e-09
8.947368421859241749e+00  4.585621387341559715e-09  4.585621387341559715e-09
9.047368421859243171e+00  3.708656737430322737e-09  3.708656737430322737e-09
9.147368421859242815e+00  3.039531530837621844e-09  3.039531530837621844e-09
9.247368421859242460e+00  2.506839111792291075e-09  2.506839111792291075e-09
9.347368421859242105e+00  2.063615851487952208e-09  2.063615851487952208e-09
9.447368421859241749e+00  1.684705116424472348e-09  1.684705116424472348e-09
9.547368421859243171e+00  1.359818375715610144e-09  1.359818375715610144e-09
9.647368421859242815e+00  1.085915979397911765e-09  1.085915979397911765e-09
9.747368421859242460e+00  8.613363003332354014e-10  8.613363003332354014e-10
9.847368421859242105e+00  6.826203999167610109e-10  6.826203999167610109e-10
9.947368421859241749e+00  5.437912080501893546e-10  5.437912080501893546e-10
1.004736842185924317e+01  4.372049846238309587e-10  4.372049846238309587e-10
1.014736842185924282e+01  3.549794483902891870e-10  3.549794483902891870e-10
1.024736842185924246e+01  2.902417266208887976e-10  2.902417266208887976e-10
1.034736842185924210e+01  2.378151517265917389e-10  2.378151517265917389e-10
1.044736842185924175e+01  1.943050565728094053e-10  1.943050565728094053e-10
