-1.649405741225115740e+00  1.486921911538678669e-272  1.486921911538678669e-272
-1.549405741225115207e+00  2.786679249307337091e-255  2.786679249307337091e-255
-1.449405741225115563e+00  1.857654941081621529e-234  1.857654941081621529e-234
-1.349405741225115474e+00  1.625768104905741095e-214  1.625768104905741095e-214
-1.249405741225115385e+00  1.848574196900958906e-195  1.848574196900958906e-195
-1.149405741225115740e+00  2.730862948368430267e-177  2.730862948368430267e-177
-1.049405741225115207e+00  5.241404223414664599e-160  5.241404223414664599e-160
-9.494057412251155625e-01  1.307013683414717500e-143  1.307013683414717500e-143
-8.494057412251154737e-01  4.234453276416618007e-128  4.234453276416618007e-128
-7.494057412251153849e-01  1.782375840419862184e-113  1.782375840419862184e-113
-6.494057412251155181e-01  9.747336502305768999e-100  9.747336502305768999e-100
-5.494057412251154293e-01  6.925599330230171059e-87  6.925599330230171059e-87
-4.494057412251153405e-01  6.393129425423256815e-75  6.393129425423256815e-75
-3.494057412251154737e-01  7.667510183494850509e-64  7.667510183494850509e-64
-2.494057412251153849e-01  1.194758027354372720e-53  1.194758027354372720e-53
-1.494057412251155181e-01  2.418746108571935135e-44  2.418746108571935135e-44
-4.940574122511542932e-02  6.361878065149069592e-36  6.361878065149069592e-36
5.059425877488465950e-02  2.174027979305286910e-28  2.174027979305286910e-28
1.505942587748845263e-01  9.652274138398040074e-22  9.652274138398040074e-22
2.505942587748846151e-01  5.567739373864720235e-16  5.567739373864720235e-16
3.505942587748844819e-01  4.172658843739994641e-11  4.172658843739994641e-11
4.505942587748845707e-01  4.062857494545428723e-07  4.062857494545428723e-07
5.505942587748846595e-01  5.139667590755372679e-04  5.139667590755372679e-04
6.505942587748847483e-01  8.447402829377563538e-02  8.447402829377563538e-02
7.505942587748848371e-01  1.803832089370344560e+00  1.803832089370344560e+00
8.505942587748844819e-01  5.004419908878962708e+00  5.004419908878962708e+00
9.505942587748845707e-01  1.803832089370328573e+00  1.803832089370328573e+00
1.050594258774884660e+00  8.447402829377680111e-02  8.447402829377680111e-02
1.150594258774884748e+00  5.139667646855093901e-04  5.139667646855093901e-04
1.250594258774884837e+00  4.105465027863053935e-07  4.105465027863053935e-07
1.350594258774884482e+00  1.166457496186573988e-06  1.166457496186573988e-06
1.450594258774884571e+00  1.150966645700799264e-04  1.150966645700799264e-04
1.550594258774884660e+00  4.093685355319872168e-03  4.093685355319872168e-03
1.650594258774884748e+00  5.248177872099487468e-02  5.248177872099487468e-02
1.750594258774884837e+00  2.425185693951182886e-01  2.425185693951182886e-01
1.850594258774884482e+00  4.039464678677546772e-01  4.039464678677546772e-01
1.950594258774884571e+00  2.425185693951783794e-01  2.425185693951783794e-01
2.050594258774884437e+00  5.248177874084736239e-02  5.248177874084736239e-02
2.150594258774884970e+00  4.093688618290330233e-03  4.093688618290330233e-03
2.250594258774884615e+00  1.153682852913619699e-04  1.153682852913619699e-04
2.350594258774884260e+00  1.261822819462678251e-05  1.261822819462678251e-05
2.450594258774884793e+00  2.445426964234959566e-04  2.445426964234959566e-04
2.550594258774884437e+00  2.644731642514833864e-03  2.644731642514833864e-03
2.650594258774884082e+00  1.448697357841379450e-02  1.448697357841379450e-02
2.750594258774884615e+00  4.019160066085343541e-02  4.019160066085343541e-02
2.850594258774884260e+00  5.647477562971195408e-02  5.647477562971195408e-02
2.950594258774884793e+00  4.019160067139194992e-02  4.019160067139194992e-02
3.050594258774884437e+00  1.448697438420792384e-02  1.448697438420792384e-02
3.150594258774884970e+00  2.644768625400140995e-03  2.644768625400140995e-03
3.250594258774884615e+00  2.455577989319024401e-04  2.455577989319024401e-04
3.350594258774884260e+00  2.831782704792249058e-05  2.831782704792249058e-05
3.450594258774884793e+00  1.678110957825857167e-04  1.678110957825857167e-04
3.550594258774884437e+00  9.991816029535521317e-04  9.991816029535521317e-04
3.650594258774884970e+00  3.577585787396261353e-03  3.577585787396261353e-03
3.750594258774884615e+00  7.690565583857083241e-03  7.690565583857083241e-03
3.850594258774884260e+00  9.925392474837587548e-03  9.925392474837587548e-03
3.950594258774884793e+00  7.690565714783520468e-03  7.690565714783520468e-03
4.050594258774884437e+00  3.577589975681858599e-03  3.577589975681858599e-03
4.150594258774884970e+00  9.992681992707661085e-04  9.992681992707661085e-04
4.250594258774884615e+00  1.688152463427912203e-04  1.688152463427912203e-04
4.350594258774884260e+00  2.890859678282565982e-05  2.890859678282565982e-05
4.450594258774884793e+00  7.659874939993745115e-05  7.659874939993745115e-05
4.550594258774884437e+00  3.154096539358579939e-04  3.154096539358579939e-04
4.650594258774884970e+00  8.749476786040211174e-04  8.749476786040211174e-04
4.750594258774884615e+00  1.613898682195084606e-03  1.613898682195084606e-03
4.850594258774884260e+00  1.979282545468729389e-03  1.979282545468729389e-03
4.950594258774884793e+00  1.613899116304473884e-03  1.613899116304473884e-03
5.050594258774884437e+00  8.749548916540319122e-04  8.749548916540319122e-04
5.150594258774884970e+00  3.154754686180941559e-04  3.154754686180941559e-04
5.250594258774884615e+00  7.651733986681676385e-05  7.651733986681676385e-05
5.350594258774884260e+00  1.813285960583545524e-05  1.813285960583545524e-05
5.450594258774884793e+00  2.941897468325045288e-05  2.941897468325045288e-05
5.550594258774884437e+00  9.264291669782018983e-05  9.264291669782018983e-05
5.650594258774884970e+00  2.166193437032476194e-04  2.166193437032476194e-04
5.750594258774884615e+00  3.608010363080372553e-04  3.608010363080372553e-04
5.850594258774884260e+00  4.276882026250955374e-04  4.276882026250955374e-04
5.950594258774884793e+00  3.608016308066896017e-04  3.608016308066896017e-04
6.050594258774884437e+00  2.166238080217204045e-04  2.166238080217204045e-04
6.150594258774884970e+00  9.263028445049096562e-05  9.263028445049096562e-05
6.250594258774884615e+00  2.865698250662593796e-05  2.865698250662593796e-05
6.350594258774884260e+00  8.643960572546255223e-06  8.643960572546255223e-06
6.450594258774883905e+00  1.042085236888263760e-05  1.042085236888263760e-05
6.550594258774885326e+00  2.641146408105633439e-05  2.641146408105633439e-05
6.650594258774884970e+00  5.453857320175418754e-05  5.453857320175418754e-05
6.750594258774884615e+00  8.444363586234954059e-05  8.444363586234954059e-05
6.850594258774884260e+00  9.769519887159930208e-05  9.769519887159930208e-05
6.950594258774883905e+00  8.444394403587173695e-05  8.444394403587173695e-05
7.050594258774885326e+00  5.453717707608077780e-05  5.453717707608077780e-05
7.150594258774884970e+00  2.635353265406562329e-05  2.635353265406562329e-05
7.250594258774884615e+00  9.718460116052967461e-06  9.718460116052967461e-06
7.350594258774884260e+00  3.511860728549267881e-06  3.511860728549267881e-06
7.450594258774883905e+00  3.533719378561763190e-06  3.533719378561763190e-06
7.550594258774885326e+00  7.452214489909861540e-06  7.452214489909861540e-06
7.650594258774884970e+00  1.396383252329872942e-05  1.396383252329872942e-05
7.750594258774884615e+00  2.046135997704686492e-05  2.046135997704686492e-05
7.850594258774884260e+00  2.324426108488071799e-05  2.324426108488071799e-05
7.950594258774885681e+00  2.046121417067866844e-05  2.046121417067866844e-05
8.050594258774886214e+00  1.395918628111541057e-05  1.395918628111541057e-05
8.150594258774884082e+00  7.397044245720153296e-06  7.397044245720153296e-06
8.250594258774885503e+00  3.116247647820066869e-06  3.116247647820066869e-06
8.350594258774883372e+00  1.293371928343568845e-06  1.293371928343568845e-06
8.450594258774884793e+00  1.165500119083863470e-06  1.165500119083863470e-06
8.550594258774886214e+00  2.101389516768286402e-06  2.101389516768286402e-06
8.650594258774884082e+00  3.631816620363930082e-06  3.631816620363930082e-06
8.750594258774885503e+00  5.094662916013547713e-06  5.094662916013547713e-06
8.850594258774883372e+00  5.705572678605302711e-06  5.705572678605302711e-06
8.950594258774884793e+00  5.094273160753399090e-06  5.094273160753399090e-06
9.050594258774886214e+00  3.627286198067282047e-06  3.627286198067282047e-06
9.150594258774885859e+00  2.066188999011313207e-06  2.066188999011313207e-06
9.250594258774885503e+00  9.663795200647323830e-07  9.663795200647323830e-07
9.350594258774885148e+00  4.471541618993756494e-07  4.471541618993756494e-07
9.450594258774886569e+00  3.767888163849545253e-07  3.767888163849545253e-07
9.550594258774886214e+00  5.950039022097139102e-07  5.950039022097139102e-07
9.650594258774885859e+00  9.583456291892411646e-07  9.583456291892411646e-07
9.750594258774885503e+00  1.296697037049340684e-06  1.296697037049340684e-06
9.850594258774885148e+00  1.435447570767278475e-06  1.435447570767278475e-06
9.950594258774886569e+00  1.296313363898746918e-06  1.296313363898746918e-06
1.005059425877488621e+01  9.552913724437396238e-07  9.552913724437396238e-07
1.015059425877488586e+01  5.768573786872768257e-07  5.768573786872768257e-07
1.025059425877488550e+01  2.935414965140503664e-07  2.935414965140503664e-07
1.035059425877488515e+01  1.481927101637523955e-07  1.481927101637523955e-07
