-1.541666405421046271e+00  1.989950546149833409e-209  1.989950546149833409e-209
-1.441666405421046182e+00  1.779910923720823464e-195  1.779910923720823464e-195
-1.341666405421046093e+00  1.565604336106501667e-179  1.565604336106501667e-179
-1.241666405421046449e+00  2.903001965601978074e-164  2.903001965601978074e-164
-1.141666405421046360e+00  1.128307776331469558e-149  1.128307776331469558e-149
-1.041666405421046271e+00  9.192268573457097737e-136  9.192268573457097737e-136
-9.416664054210461821e-01  1.569757982772123022e-122  1.569757982772123022e-122
-8.416664054210460932e-01  5.618981054554172078e-110  5.618981054554172078e-110
-7.416664054210462265e-01  4.215968014514142387e-98  4.215968014514142387e-98
-6.416664054210463597e-01  6.630586100585332627e-87  6.630586100585332627e-87
-5.416664054210462709e-01  2.185855267319711761e-76  2.185855267319711761e-76
-4.416664054210461821e-01  1.510447929228674998e-66  1.510447929228674998e-66
-3.416664054210460932e-01  2.187786739917162454e-57  2.187786739917162454e-57
-2.416664054210462265e-01  6.642309158136863588e-49  6.642309158136863588e-49
-1.416664054210461376e-01  4.227153875216399199e-41  4.227153875216399199e-41
-4.166640542104627087e-02  5.638867643374415010e-34  5.638867643374415010e-34
5.833359457895381794e-02  1.576705623596799391e-27  1.576705623596799391e-27
1.583335945789539068e-01  9.241111373819635810e-22  9.241111373819635810e-22
2.583335945789537735e-01  1.135305297117769440e-16  1.135305297117769440e-16
3.583335945789538624e-01  2.923586824557450143e-12  2.923586824557450143e-12
4.583335945789537291e-01  1.578098837388905840e-08  1.578098837388905840e-08
5.583335945789538179e-01  1.785530510922987772e-05  1.785530510922987772e-05
6.583335945789539068e-01  4.234627598866891329e-03  4.234627598866891329e-03
7.583335945789539956e-01  2.105125750063656098e-01  2.105125750063656098e-01
8.583335945789540844e-01  2.193591403907551474e+00  2.193591403907551474e+00
9.583335945789537291e-01  4.791244123013017386e+00  4.791244123013017386e+00
1.058333594578953818e+00  2.193591403907539039e+00  2.193591403907539039e+00
1.158333594578953907e+00  2.105125750081709712e-01  2.105125750081709712e-01
1.258333594578953996e+00  4.234628232668936898e-03  4.234628232668936898e-03
1.358333594578954084e+00  1.795701316722405651e-05  1.795701316722405651e-05
1.458333594578953729e+00  7.488255871428605935e-06  7.488255871428605935e-06
1.558333594578953818e+00  2.513512254379400438e-04  2.513512254379400438e-04
1.658333594578953907e+00  3.870837821434542150e-03  3.870837821434542150e-03
1.758333594578953996e+00  2.729206429960126523e-02  2.729206429960126523e-02
1.858333594578954084e+00  8.809986273990315364e-02  8.809986273990315364e-02
1.958333594578953729e+00  1.302031567585306415e-01  1.302031567585306415e-01
2.058333594578953818e+00  8.809986274413385277e-02  8.809986274413385277e-02
2.158333594578953907e+00  2.729206465369134194e-02  2.729206465369134194e-02
2.258333594578953996e+00  3.870855424033984443e-03  3.870855424033984443e-03
2.358333594578954084e+00  2.518710324633546241e-04  2.518710324633546241e-04
2.458333594578953729e+00  1.659084722097407287e-05  1.659084722097407287e-05
2.558333594578954262e+00  9.511732970189765071e-05  9.511732970189765071e-05
2.658333594578953907e+00  5.881364981979401042e-04  5.881364981979401042e-04
2.758333594578953551e+00  2.162545582669906340e-03  2.162545582669906340e-03
2.858333594578954084e+00  4.723433811165409987e-03  4.723433811165409987e-03
2.958333594578953729e+00  6.128516439841163142e-03  6.128516439841163142e-03
3.058333594578954262e+00  4.723433859983442937e-03  4.723433859983442937e-03
3.158333594578953907e+00  2.162546932220151333e-03  2.162546932220151333e-03
3.258333594578954440e+00  5.881611642351475310e-04  5.881611642351475310e-04
3.358333594578954084e+00  9.533611467936337351e-05  9.533611467936337351e-05
3.458333594578953729e+00  1.186546397882373756e-05  1.186546397882373756e-05
3.558333594578954262e+00  1.645221783884933975e-05  1.645221783884933975e-05
3.658333594578953907e+00  6.254112015896602541e-05  6.254112015896602541e-05
3.758333594578954440e+00  1.660198566806428714e-04  1.660198566806428714e-04
3.858333594578954084e+00  2.982830242543635900e-04  2.982830242543635900e-04
3.958333594578953729e+00  3.626199361763793164e-04  3.626199361763793164e-04
4.058333594578954262e+00  2.982830974759942259e-04  2.982830974759942259e-04
4.158333594578953907e+00  1.660206078606214428e-04  1.660206078606214428e-04
4.258333594578954440e+00  6.253503478265720638e-05  6.253503478265720638e-05
4.358333594578954084e+00  1.602021070815167717e-05  1.602021070815167717e-05
4.458333594578953729e+00  3.236816440237493214e-06  3.236816440237493214e-06
4.558333594578954262e+00  2.318875969100054402e-06  2.318875969100054402e-06
4.658333594578953907e+00  5.991369250119559528e-06  5.991369250119559528e-06
4.758333594578954440e+00  1.303244501477426600e-05  1.303244501477426600e-05
4.858333594578954084e+00  2.082367744466109832e-05  2.082367744466109832e-05
4.958333594578953729e+00  2.434529313508574584e-05  2.434529313508574584e-05
5.058333594578954262e+00  2.082367490553089327e-05  2.082367490553089327e-05
5.158333594578953907e+00  1.303151935643087380e-05  1.303151935643087380e-05
5.258333594578954440e+00  5.969070978493477710e-06  5.969070978493477710e-06
5.358333594578954084e+00  2.014693990653154270e-06  2.014693990653154270e-06
5.458333594578953729e+00  5.580401769877691020e-07  5.580401769877691020e-07
5.558333594578954262e+00  3.083275587382399209e-07  3.083275587382399209e-07
5.658333594578953907e+00  5.601713434100074303e-07  5.601713434100074303e-07
5.758333594578954440e+00  1.053169985043459565e-06  1.053169985043459565e-06
5.858333594578954084e+00  1.554928617000943251e-06  1.554928617000943251e-06
5.958333594578953729e+00  1.771083114831536289e-06  1.771083114831536289e-06
6.058333594578954262e+00  1.554867125275919923e-06  1.554867125275919923e-06
6.158333594578953907e+00  1.052172367575170405e-06  1.052172367575170405e-06
6.258333594578954440e+00  5.492284185737066720e-07  5.492284185737066720e-07
6.358333594578954084e+00  2.229752311478510177e-07  2.229752311478510177e-07
6.458333594578953729e+00  7.667962945496462313e-08  7.667962945496462313e-08
6.558333594578953374e+00  3.914917941691374214e-08  3.914917941691374214e-08
6.658333594578954795e+00  5.288461427469669847e-08  5.288461427469669847e-08
6.758333594578954440e+00  8.758322659403010543e-08  8.758322659403010543e-08
6.858333594578954084e+00  1.218658573977933254e-07  1.218658573977933254e-07
6.958333594578953729e+00  1.362074157511736661e-07  1.362074157511736661e-07
7.058333594578953374e+00  1.218234995577579099e-07  1.218234995577579099e-07
7.158333594578954795e+00  8.717857943346538922e-08  8.717857943346538922e-08
7.258333594578954440e+00  4.997417619944107201e-08  4.997417619944107201e-08
7.358333594578954084e+00  2.316247215147090912e-08  2.316247215147090912e-08
7.458333594578953729e+00  9.313852255590701943e-09  9.313852255590701943e-09
7.558333594578953374e+00  4.737379599012217214e-09  4.737379599012217214e-09
7.658333594578954795e+00  5.104590105210184113e-09  5.104590105210184113e-09
7.758333594578954440e+00  7.489837891096637352e-09  7.489837891096637352e-09
7.858333594578954084e+00  9.911235497553582736e-09  9.911235497553582736e-09
7.958333594578953729e+00  1.091222652241820242e-08  1.091222652241820242e-08
8.058333594578954262e+00  9.896046699548964620e-09  9.896046699548964620e-09
8.158333594578955683e+00  7.385667232818991886e-09  7.385667232818991886e-09
8.258333594578953551e+00  4.543107204909842171e-09  4.543107204909842171e-09
8.358333594578954973e+00  2.326502008987628785e-09  2.326502008987628785e-09
8.458333594578952841e+00  1.052527723801431197e-09  1.052527723801431197e-09
8.558333594578954262e+00  5.491636388985570841e-10  5.491636388985570841e-10
8.658333594578955683e+00  5.039091732036428992e-10  5.039091732036428992e-10
8.758333594578953551e+00  6.581705555089316648e-10  6.581705555089316648e-10
8.858333594578954973e+00  8.306389283627640274e-10  8.306389283627640274e-10
8.958333594578952841e+00  9.022484907023436066e-10  9.022484907023436066e-10
9.058333594578954262e+00  8.268458274406650599e-10  8.268458274406650599e-10
9.158333594578955683e+00  6.376310922888045110e-10  6.376310922888045110e-10
9.258333594578953551e+00  4.144402937935784683e-10  4.144402937935784683e-10
9.358333594578954973e+00  2.293997867326098512e-10  2.293997867326098512e-10
9.458333594578952841e+00  1.137577519790436744e-10  1.137577519790436744e-10
9.558333594578954262e+00  6.149134376412619078e-11  6.149134376412619078e-11
9.658333594578955683e+00  5.061806948321101473e-11  5.061806948321101473e-11
9.758333594578953551e+00  5.935359377145963941e-11  5.935359377145963941e-11
9.858333594578954973e+00  7.142168346570420309e-11  7.142168346570420309e-11
9.958333594578952841e+00  7.652090359701960613e-11  7.652090359701960613e-11
1.005833359457895426e+01  7.066929154357594710e-11  7.066929154357594710e-11
1.015833359457895568e+01  5.594127341471715337e-11  5.594127341471715337e-11
1.025833359457895355e+01  3.800571931330560783e-11  3.800571931330560783e-11
1.035833359457895497e+01  2.238988468626199476e-11  2.238988468626199476e-11
1.045833359457895284e+01  1.194808306794737154e-11  1.194808306794737154e-11
