-1.507975404227359206e+00  0.000000000000000000e+00  0.000000000000000000e+00
-1.407975404227359117e+00  0.000000000000000000e+00  0.000000000000000000e+00
-1.307975404227359029e+00  0.000000000000000000e+00  0.000000000000000000e+00
-1.207975404227359384e+00  0.000000000000000000e+00  0.000000000000000000e+00
-1.107975404227359295e+00  0.000000000000000000e+00  0.000000000000000000e+00
-1.007975404227359206e+00  0.000000000000000000e+00  0.000000000000000000e+00
-9.079754042273591175e-01  0.000000000000000000e+00  0.000000000000000000e+00
-8.079754042273590287e-01  0.000000000000000000e+00  0.000000000000000000e+00
-7.079754042273591619e-01  0.000000000000000000e+00  0.000000000000000000e+00
-6.079754042273592951e-01  0.000000000000000000e+00  0.000000000000000000e+00
-5.079754042273592063e-01  0.000000000000000000e+00  0.000000000000000000e+00
-4.079754042273591175e-01  0.000000000000000000e+00  0.000000000000000000e+00
-3.079754042273590287e-01  0.000000000000000000e+00  0.000000000000000000e+00
-2.079754042273591619e-01  0.000000000000000000e+00  0.000000000000000000e+00
-1.079754042273590731e-01  1.503294755760466902e-291  1.503294755760466902e-291
-7.975404227359206288e-03  6.994129960103664787e-241  6.994129960103664787e-241
9.202459577264088253e-02  4.863277036138977831e-195  4.863277036138977831e-195
1.920245957726409713e-01  5.053939962258009045e-154  5.053939962258009045e-154
2.920245957726408381e-01  7.849408001983778217e-118  7.849408001983778217e-118
3.920245957726409269e-01  1.822004669364827779e-86  1.822004669364827779e-86
4.920245957726407937e-01  6.320738514355365326e-60  6.320738514355365326e-60
5.920245957726408825e-01  3.277116792013289567e-38  3.277116792013289567e-38
6.920245957726409713e-01  2.539345363712567246e-21  2.539345363712567246e-21
7.920245957726410602e-01  2.940745083014654166e-09  2.940745083014654166e-09
8.920245957726411490e-01  5.089776879576346502e-02  5.089776879576346502e-02
9.920245957726407937e-01  1.316575794623175000e+01  1.316575794623175000e+01
1.092024595772640883e+00  5.089776879576097396e-02  5.089776879576097396e-02
1.192024595772640971e+00  2.940745083014372097e-09  2.940745083014372097e-09
1.292024595772641060e+00  2.539345363712188455e-21  2.539345363712188455e-21
1.392024595772641149e+00  3.277117134890726524e-38  3.277117134890726524e-38
1.492024595772640794e+00  6.386293921900850464e-32  6.386293921900850464e-32
1.592024595772640883e+00  4.598444509854398540e-21  4.598444509854398540e-21
1.692024595772640971e+00  1.280046881939243197e-12  1.280046881939243197e-12
1.792024595772641060e+00  1.377506574348648149e-06  1.377506574348648149e-06
1.892024595772641149e+00  5.730788263416968474e-03  5.730788263416968474e-03
1.992024595772640794e+00  9.216964688116692506e-02  9.216964688116692506e-02
2.092024595772640883e+00  5.730788263416825359e-03  5.730788263416825359e-03
2.192024595772640971e+00  1.377506574348579539e-06  1.377506574348579539e-06
2.292024595772641060e+00  1.280046881939147675e-12  1.280046881939147675e-12
2.392024595772641149e+00  4.598444509866394977e-21  4.598444509866394977e-21
2.492024595772640794e+00  8.751139310185734720e-24  8.751139310185734720e-24
2.592024595772641327e+00  1.514627924166422169e-16  1.514627924166422169e-16
2.692024595772640971e+00  6.457274418883029965e-11  6.457274418883029965e-11
2.792024595772640616e+00  6.781010956493893156e-07  6.781010956493893156e-07
2.892024595772641149e+00  1.754048379648833172e-04  1.754048379648833172e-04
2.992024595772640794e+00  1.117610847405327333e-03  1.117610847405327333e-03
3.092024595772641327e+00  1.754048379648775709e-04  1.754048379648775709e-04
3.192024595772640971e+00  6.781010956493893156e-07  6.781010956493893156e-07
3.292024595772641504e+00  6.457274418882387607e-11  6.457274418882387607e-11
3.392024595772641149e+00  1.514627924199085202e-16  1.514627924199085202e-16
3.492024595772640794e+00  1.418907853301506416e-20  1.418907853301506416e-20
3.592024595772641327e+00  3.805110574821744171e-15  3.805110574821744171e-15
3.692024595772640971e+00  6.348552927726224566e-11  6.348552927726224566e-11
3.792024595772641504e+00  6.585801652724437814e-08  6.585801652724437814e-08
3.892024595772641149e+00  4.247848195073945798e-06  4.247848195073945798e-06
3.992024595772640794e+00  1.703553465960184172e-05  1.703553465960184172e-05
4.092024595772641327e+00  4.247848195073841613e-06  4.247848195073841613e-06
4.192024595772640971e+00  6.585801652724116206e-08  6.585801652724116206e-08
4.292024595772641504e+00  6.348552927725751522e-11  6.348552927725751522e-11
4.392024595772641149e+00  3.805110576073103180e-15  3.805110576073103180e-15
4.492024595772640794e+00  2.686009128833951891e-19  2.686009128833951891e-19
4.592024595772641327e+00  5.603986323785499376e-15  5.603986323785499376e-15
4.692024595772640971e+00  1.337651673136766843e-11  1.337651673136766843e-11
4.792024595772641504e+00  3.460112017004075340e-09  3.460112017004075340e-09
4.892024595772641149e+00  9.699256215369813817e-08  9.699256215369813817e-08
4.992024595772640794e+00  2.946373882371260773e-07  2.946373882371260773e-07
5.092024595772641327e+00  9.699256215369625882e-08  9.699256215369625882e-08
5.192024595772640971e+00  3.460112017003939682e-09  3.460112017003939682e-09
5.292024595772641504e+00  1.337651673136688487e-11  1.337651673136688487e-11
5.392024595772641149e+00  5.603986342214797635e-15  5.603986342214797635e-15
5.492024595772640794e+00  7.430349894316492986e-19  7.430349894316492986e-19
5.592024595772641327e+00  2.032763941250774072e-15  2.032763941250774072e-15
5.692024595772640971e+00  1.327267896500284714e-12  1.327267896500284714e-12
5.792024595772641504e+00  1.360132416290484516e-10  1.360132416290484516e-10
5.892024595772641149e+00  2.187533699707393682e-09  2.187533699707393682e-09
5.992024595772640794e+00  5.521782200764148427e-09  5.521782200764148427e-09
6.092024595772641327e+00  2.187533699707357286e-09  2.187533699707357286e-09
6.192024595772640971e+00  1.360132416290439538e-10  1.360132416290439538e-10
6.292024595772641504e+00  1.327267896500219889e-12  1.327267896500219889e-12
6.392024595772641149e+00  2.032763982714185985e-15  2.032763982714185985e-15
6.492024595772640794e+00  7.528813676929557296e-19  7.528813676929557296e-19
6.592024595772640438e+00  3.343076703064800332e-16  3.343076703064800332e-16
6.692024595772641860e+00  8.647557109627009538e-14  8.647557109627009538e-14
6.792024595772641504e+00  4.573874457545736147e-12  4.573874457545736147e-12
6.892024595772641149e+00  4.946735856860650390e-11  4.946735856860650390e-11
6.992024595772640794e+00  1.093948509767422389e-10  1.093948509767422389e-10
7.092024595772640438e+00  4.946735856860650390e-11  4.946735856860650390e-11
7.192024595772641860e+00  4.573874457545479269e-12  4.573874457545479269e-12
7.292024595772641504e+00  8.647557109626635933e-14  8.647557109626635933e-14
7.392024595772641149e+00  3.343076832241836059e-16  3.343076832241836059e-16
7.492024595772640794e+00  3.293960356275540399e-19  3.293960356275540399e-19
7.592024595772640438e+00  3.373773720610105803e-17  3.373773720610105803e-17
7.692024595772641860e+00  4.357818444102296567e-15  4.357818444102296567e-15
7.792024595772641504e+00  1.403576485391790718e-13  1.403576485391790718e-13
7.892024595772641149e+00  1.127239644607604893e-12  1.127239644607604893e-12
7.992024595772640794e+00  2.257405841620396447e-12  2.257405841620396447e-12
8.092024595772642215e+00  1.127239644607577024e-12  1.127239644607577024e-12
8.192024595772641860e+00  1.403576485391721551e-13  1.403576485391721551e-13
8.292024595772641504e+00  4.357818444104072293e-15  4.357818444104072293e-15
8.392024595772641149e+00  3.373770522503351351e-17  3.373770522503351351e-17
8.492024595772640794e+00  7.467202427776838907e-20  7.467202427776838907e-20
8.592024595772642215e+00  2.468512865309943170e-18  2.468512865309943170e-18
8.692024595772641860e+00  1.857851399625641570e-16  1.857851399625641570e-16
8.792024595772641504e+00  4.068422444704671288e-15  4.068422444704671288e-15
8.892024595772641149e+00  2.592239249945632012e-14  2.592239249945632012e-14
8.992024595772640794e+00  4.805715929355158219e-14  4.805715929355158219e-14
9.092024595772642215e+00  2.592239249945574583e-14  2.592239249945574583e-14
9.192024595772641860e+00  4.068422444704492216e-15  4.068422444704492216e-15
9.292024595772641504e+00  1.857851399603670315e-16  1.857851399603670315e-16
9.392024595772641149e+00  2.468483675842507988e-18  2.468483675842507988e-18
9.492024595772640794e+00  1.051733277070152632e-20  1.051733277070152632e-20
9.592024595772642215e+00  1.446216030112701804e-19  1.446216030112701804e-19
9.692024595772641860e+00  7.065191222817814577e-18  7.065191222817814577e-18
9.792024595772641504e+00  1.136311707742216888e-16  1.136311707742216888e-16
9.892024595772641149e+00  6.016191030873685400e-16  6.016191030873685400e-16
9.992024595772640794e+00  1.048567348520760651e-15  1.048567348520760651e-15
1.009202459577264221e+01  6.016191030873567071e-16  6.016191030873567071e-16
1.019202459577264186e+01  1.136311707742171036e-16  1.136311707742171036e-16
1.029202459577264150e+01  7.065191219721547850e-18  7.065191219721547850e-18
1.039202459577264115e+01  1.446111651787601969e-19  1.446111651787601969e-19
1.049202459577264079e+01  1.051041465461827428e-21  1.051041465461827428e-21
