-1.649421250210589385e+00  6.824764198981326836e-38  6.824764198981326836e-38
-1.549421250210589740e+00  4.407322728525251635e-35  4.407322728525251635e-35
-1.449421250210589651e+00  2.815685658506923587e-32  2.815685658506923587e-32
-1.349421250210589562e+00  1.422502917941537515e-29  1.422502917941537515e-29
-1.249421250210589918e+00  5.482698073495723976e-27  5.482698073495723976e-27
-1.149421250210589385e+00  1.603601719416696857e-24  1.603601719416696857e-24
-1.049421250210589740e+00  3.556176668563236577e-22  3.556176668563236577e-22
-9.494212502105896512e-01  5.978411094758198978e-20  5.978411094758198978e-20
-8.494212502105895624e-01  7.618853024736653627e-18  7.618853024736653627e-18
-7.494212502105894735e-01  7.360231548728141263e-16  7.360231548728141263e-16
-6.494212502105896068e-01  5.390022249007995774e-14  5.390022249007995774e-14
-5.494212502105895179e-01  2.992172227654039928e-12  2.992172227654039928e-12
-4.494212502105894291e-01  1.259155845901332155e-10  1.259155845901332155e-10
-3.494212502105895624e-01  4.016698415221881342e-09  4.016698415221881342e-09
-2.494212502105894735e-01  9.713053777189252150e-08  9.713053777189252150e-08
-1.494212502105896068e-01  1.780488557349552323e-06  1.780488557349552323e-06
-4.942125021058951795e-02  2.474112280234519947e-05  2.474112280234519947e-05
5.057874978941057087e-02  2.606132236332891127e-04  2.606132236332891127e-04
1.505787497894104376e-01  2.080991570834511088e-03  2.080991570834511088e-03
2.505787497894105265e-01  1.259624311690535001e-02  1.259624311690535001e-02
3.505787497894103932e-01  5.779744177434648078e-02  5.779744177434648078e-02
4.505787497894104821e-01  2.010356817936065077e-01  2.010356817936065077e-01
5.505787497894105709e-01  5.300720160596750219e-01  5.300720160596750219e-01
6.505787497894106597e-01  1.059484648720697475e+00  1.059484648720697475e+00
7.505787497894107485e-01  1.605298623044643103e+00  1.605298623044643103e+00
8.505787497894103932e-01  1.843879898435416775e+00  1.843879898435416775e+00
9.505787497894104821e-01  1.605809631960694039e+00  1.605809631960694039e+00
1.050578749789410571e+00  1.061247073773035510e+00  1.061247073773035510e+00
1.150578749789410660e+00  5.350706386858486985e-01  5.350706386858486985e-01
1.250578749789410749e+00  2.133366230393435314e-01  2.133366230393435314e-01
1.350578749789410393e+00  8.414761776726488451e-02  8.414761776726488451e-02
1.450578749789410482e+00  6.174099122566285847e-02  6.174099122566285847e-02
1.550578749789410571e+00  8.188641031154894612e-02  8.188641031154894612e-02
1.650578749789410660e+00  1.131021250836916348e-01  1.131021250836916348e-01
1.750578749789410749e+00  1.389676316325627325e-01  1.389676316325627325e-01
1.850578749789410393e+00  1.490298250772375543e-01  1.490298250772375543e-01
1.950578749789410482e+00  1.393594335420082209e-01  1.393594335420082209e-01
2.050578749789410793e+00  1.138984318236243437e-01  1.138984318236243437e-01
2.150578749789410438e+00  8.196340113367923952e-02  8.196340113367923952e-02
2.250578749789410971e+00  5.309084765094759795e-02  5.309084765094759795e-02
2.350578749789410615e+00  3.291155383097733866e-02  3.291155383097733866e-02
2.450578749789411148e+00  2.224519854996210785e-02  2.224519854996210785e-02
2.550578749789410793e+00  1.874265992386787288e-02  1.874265992386787288e-02
2.650578749789410438e+00  1.909238570680230410e-02  1.909238570680230410e-02
2.750578749789410971e+00  2.046830725239651150e-02  2.046830725239651150e-02
2.850578749789410615e+00  2.106738619728077896e-02  2.106738619728077896e-02
2.950578749789411148e+00  2.012325031747377521e-02  2.012325031747377521e-02
3.050578749789410793e+00  1.770379478439697285e-02  1.770379478439697285e-02
3.150578749789411326e+00  1.440404901205526514e-02  1.440404901205526514e-02
3.250578749789410971e+00  1.099219281286185380e-02  1.099219281286185380e-02
3.350578749789410615e+00  8.100606276941141673e-03  8.100606276941141673e-03
3.450578749789411148e+00  6.052515149752958797e-03  6.052515149752958797e-03
3.550578749789410793e+00  4.850712519093111456e-03  4.850712519093111456e-03
3.650578749789411326e+00  4.281108197697960915e-03  4.281108197697960915e-03
3.750578749789410971e+00  4.052247904577380155e-03  4.052247904577380155e-03
3.850578749789410615e+00  3.908087019331519217e-03  3.908087019331519217e-03
3.950578749789411148e+00  3.687647491523237103e-03  3.687647491523237103e-03
4.050578749789410793e+00  3.334677676618865404e-03  3.334677676618865404e-03
4.150578749789411326e+00  2.873995128743220360e-03  2.873995128743220360e-03
4.250578749789410971e+00  2.373166879805359980e-03  2.373166879805359980e-03
4.350578749789410615e+00  1.905015977659814137e-03  1.905015977659814137e-03
4.450578749789411148e+00  1.521295236105141280e-03  1.521295236105141280e-03
4.550578749789410793e+00  1.241769743863541282e-03  1.241769743863541282e-03
4.650578749789411326e+00  1.057127241461297724e-03  1.057127241461297724e-03
4.750578749789410971e+00  9.402622961348206356e-04  9.402622961348206356e-04
4.850578749789410615e+00  8.595193128547981608e-04  8.595193128547981608e-04
4.950578749789411148e+00  7.890047984844709766e-04  7.890047984844709766e-04
5.050578749789410793e+00  7.137305881983398463e-04  7.137305881983398463e-04
5.150578749789411326e+00  6.297758660714504030e-04  6.297758660714504030e-04
5.250578749789410971e+00  5.411228666633801677e-04  5.411228666633801677e-04
5.350578749789410615e+00  4.552438607407070944e-04  4.552438607407070944e-04
5.450578749789411148e+00  3.791771458234347806e-04  3.791771458234347806e-04
5.550578749789410793e+00  3.171042264432430272e-04  3.171042264432430272e-04
5.650578749789411326e+00  2.696606452630549732e-04  2.696606452630549732e-04
5.750578749789410971e+00  2.346144268165201293e-04  2.346144268165201293e-04
5.850578749789410615e+00  2.082475179062459928e-04  2.082475179062459928e-04
5.950578749789411148e+00  1.867761730593255661e-04  1.867761730593255661e-04
6.050578749789410793e+00  1.673529959596608055e-04  1.673529959596608055e-04
6.150578749789411326e+00  1.484750248116899381e-04  1.484750248116899381e-04
6.250578749789410971e+00  1.298649724405875970e-04  1.298649724405875970e-04
6.350578749789410615e+00  1.120332925245939198e-04  1.120332925245939198e-04
6.450578749789410260e+00  9.575821918781222855e-05  9.575821918781222855e-05
6.550578749789411681e+00  8.166803127374584552e-05  8.166803127374584552e-05
6.650578749789411326e+00  7.001829865017591189e-05  7.001829865017591189e-05
6.750578749789410971e+00  6.066717814339627504e-05  6.066717814339627504e-05
6.850578749789410615e+00  5.319039234235096748e-05  5.319039234235096748e-05
6.950578749789410260e+00  4.705380455304302155e-05  4.705380455304302155e-05
7.050578749789411681e+00  4.177059728532624123e-05  4.177059728532624123e-05
7.150578749789411326e+00  3.699864091376055405e-05  3.699864091376055405e-05
7.250578749789410971e+00  3.256662653395427456e-05  3.256662653395427456e-05
7.350578749789410615e+00  2.844332494622337331e-05  2.844332494622337331e-05
7.450578749789410260e+00  2.467729984385432971e-05  2.467729984385432971e-05
7.550578749789411681e+00  2.133472579343714684e-05  2.133472579343714684e-05
7.650578749789411326e+00  1.845466086514672169e-05  1.845466086514672169e-05
7.750578749789410971e+00  1.602955454837150579e-05  1.602955454837150579e-05
7.850578749789410615e+00  1.400854290693945547e-05  1.400854290693945547e-05
7.950578749789412036e+00  1.231489808530018273e-05  1.231489808530018273e-05
8.050578749789412569e+00  1.086745327397187876e-05  1.086745327397187876e-05
8.150578749789410438e+00  9.597901983831000450e-06  9.597901983831000450e-06
8.250578749789411859e+00  8.459771587878926532e-06  8.459771587878926532e-06
8.350578749789409727e+00  7.428811265382285898e-06  7.428811265382285898e-06
8.450578749789411148e+00  6.497288227166928378e-06  6.497288227166928378e-06
8.550578749789412569e+00  5.665785571710722788e-06  5.665785571710722788e-06
8.650578749789410438e+00  4.935731966680615687e-06  4.935731966680615687e-06
8.750578749789411859e+00  4.304648275001203778e-06  4.304648275001203778e-06
8.850578749789409727e+00  3.764635350966871208e-06  3.764635350966871208e-06
8.950578749789411148e+00  3.303469719028060679e-06  3.303469719028060679e-06
9.050578749789410793e+00  2.907079535102089139e-06  2.907079535102089139e-06
9.150578749789410438e+00  2.562145728200007208e-06  2.562145728200007208e-06
9.250578749789410082e+00  2.257940597225928042e-06  2.257940597225928042e-06
9.350578749789409727e+00  1.987039653378264105e-06  1.987039653378264105e-06
9.450578749789411148e+00  1.745011240132914218e-06  1.745011240132914218e-06
9.550578749789410793e+00  1.529475391834938499e-06  1.529475391834938499e-06
9.650578749789410438e+00  1.338997826859468623e-06  1.338997826859468623e-06
9.750578749789410082e+00  1.172191458393349089e-06  1.172191458393349089e-06
9.850578749789409727e+00  1.027218526223524963e-06  1.027218526223524963e-06
9.950578749789411148e+00  9.017039630818627270e-07  9.017039630818627270e-07
1.005057874978941079e+01  7.929422858909651935e-07  7.929422858909651935e-07
1.015057874978941044e+01  6.982286448956173582e-07  6.982286448956173582e-07
1.025057874978941008e+01  6.151614062675155857e-07  6.151614062675155857e-07
1.035057874978940973e+01  5.418220354960214755e-07  5.418220354960214755e-07
