-1.510101010101008612e+00  3.249960680031498184e-31  3.249960680031498184e-31
-1.410101010101008967e+00  8.216294754094778338e-29  8.216294754094778338e-29
-1.310101010101008878e+00  1.686751102176108422e-26  1.686751102176108422e-26
-1.210101010101008789e+00  2.769759968654834395e-24  2.769759968654834395e-24
-1.110101010101009145e+00  3.627924502108705285e-22  3.627924502108705285e-22
-1.010101010101008612e+00  3.788466481856762673e-20  3.788466481856762673e-20
-9.101010101010087450e-01  3.153597621142909403e-18  3.153597621142909403e-18
-8.101010101010088782e-01  2.092542774025243699e-16  2.092542774025243699e-16
-7.101010101010087894e-01  1.106787803239534365e-14  1.106787803239534365e-14
-6.101010101010087006e-01  4.666329345600321639e-13  4.666329345600321639e-13
-5.101010101010088338e-01  1.568220442610767531e-11  1.568220442610767531e-11
-4.101010101010087450e-01  4.201065272158395741e-10  4.201065272158395741e-10
-3.101010101010086562e-01  8.970823326124146797e-09  8.970823326124146797e-09
-2.101010101010087894e-01  1.526953170933888668e-07  1.526953170933888668e-07
-1.101010101010087006e-01  2.071761060821422481e-06  2.071761060821422481e-06
-1.010101010100883379e-02  2.240650628189459715e-05  2.240650628189459715e-05
8.989898989899125503e-02  1.931653179410978722e-04  1.931653179410978722e-04
1.898989898989913438e-01  1.327408799730173984e-03  1.327408799730173984e-03
2.898989898989912106e-01  7.271110838027699218e-03  7.271110838027699218e-03
3.898989898989912994e-01  3.174807353897228512e-02  3.174807353897228512e-02
4.898989898989911662e-01  1.104980327846185190e-01  1.104980327846185190e-01
5.898989898989912550e-01  3.065577572972509324e-01  3.065577572972509324e-01
6.898989898989913438e-01  6.779392432001022373e-01  6.779392432001022373e-01
7.898989898989914327e-01  1.195061460186027213e+00  1.195061460186027213e+00
8.898989898989915215e-01  1.679235717434937936e+00  1.679235717434937936e+00
9.898989898989911662e-01  1.880868010561078663e+00  1.880868010561078663e+00
1.089898989898991255e+00  1.679355336632129658e+00  1.679355336632129658e+00
1.189898989898991344e+00  1.195407508028841326e+00  1.195407508028841326e+00
1.289898989898991433e+00  6.787570207677324774e-01  6.787570207677324774e-01
1.389898989898991521e+00  3.082682735327865742e-01  3.082682735327865742e-01
1.489898989898991166e+00  1.136895147944072815e-01  1.136895147944072815e-01
1.589898989898991255e+00  3.706400489808518023e-02  3.706400489808518023e-02
1.689898989898991344e+00  1.517654589704993048e-02  1.517654589704993048e-02
1.789898989898991433e+00  1.182377583927627339e-02  1.182377583927627339e-02
1.889898989898991521e+00  1.263623601764827208e-02  1.263623601764827208e-02
1.989898989898991166e+00  1.319314537596530737e-02  1.319314537596530737e-02
2.089898989898991033e+00  1.245097054031507784e-02  1.245097054031507784e-02
2.189898989898991566e+00  1.051004372515542372e-02  1.051004372515542372e-02
2.289898989898991211e+00  7.930234793751355857e-03  7.930234793751355857e-03
2.389898989898991744e+00  5.356799012610927689e-03  5.356799012610927689e-03
2.489898989898991388e+00  3.253558902238235656e-03  3.253558902238235656e-03
2.589898989898991921e+00  1.797925280446143652e-03  1.797925280446143652e-03
2.689898989898991566e+00  9.323291213170196599e-04  9.323291213170196599e-04
2.789898989898991211e+00  4.870984697193750943e-04  4.870984697193750943e-04
2.889898989898991744e+00  2.872544778727851504e-04  2.872544778727851504e-04
2.989898989898991388e+00  2.052484439545023353e-04  2.052484439545023353e-04
3.089898989898991921e+00  1.678016219456123360e-04  1.678016219456123360e-04
3.189898989898991566e+00  1.414070029174934189e-04  1.414070029174934189e-04
3.289898989898992099e+00  1.151411064593720805e-04  1.151411064593720805e-04
3.389898989898991744e+00  8.828699811909399594e-05  8.828699811909399594e-05
3.489898989898991388e+00  6.330351759461270522e-05  6.330351759461270522e-05
3.589898989898991921e+00  4.250919979707778340e-05  4.250919979707778340e-05
3.689898989898991566e+00  2.694543727623172416e-05  2.694543727623172416e-05
3.789898989898992099e+00  1.638947122598879034e-05  1.638947122598879034e-05
3.889898989898991744e+00  9.845227330599194519e-06  9.845227330599194519e-06
3.989898989898991388e+00  6.084440135441860812e-06  6.084440135441860812e-06
4.089898989898991921e+00  4.021225991573019991e-06  4.021225991573019991e-06
4.189898989898991566e+00  2.873983589416260372e-06  2.873983589416260372e-06
4.289898989898992099e+00  2.168294289599409631e-06  2.168294289599409631e-06
4.389898989898991744e+00  1.661802183846776186e-06  1.661802183846776186e-06
4.489898989898991388e+00  1.254409021343152968e-06  1.254409021343152968e-06
4.589898989898991921e+00  9.165382073020693473e-07  9.165382073020693473e-07
4.689898989898991566e+00  6.440711618591277298e-07  6.440711618591277298e-07
4.789898989898992099e+00  4.359243237604608994e-07  4.359243237604608994e-07
4.889898989898991744e+00  2.864098489049733489e-07  2.864098489049733489e-07
4.989898989898991388e+00  1.852301122731669684e-07  1.852301122731669684e-07
5.089898989898991921e+00  1.201689693628512748e-07  1.201689693628512748e-07
5.189898989898991566e+00  7.975826140895151617e-08  7.975826140895151617e-08
5.289898989898992099e+00  5.485839974510565320e-08  5.485839974510565320e-08
5.389898989898991744e+00  3.909159344759126381e-08  3.909159344759126381e-08
5.489898989898991388e+00  2.850532075226318434e-08  2.850532075226318434e-08
5.589898989898991921e+00  2.090769226634507866e-08  2.090769226634507866e-08
5.689898989898991566e+00  1.519659361889034666e-08  1.519659361889034666e-08
5.789898989898992099e+00  1.084386383304185757e-08  1.084386383304185757e-08
5.889898989898991744e+00  7.570492188463870201e-09  7.570492188463870201e-09
5.989898989898991388e+00  5.179995541516282742e-09  5.179995541516282742e-09
6.089898989898991921e+00  3.494962629272751105e-09  3.494962629272751105e-09
6.189898989898991566e+00  2.346883350873053463e-09  2.346883350873053463e-09
6.289898989898992099e+00  1.585053261227252168e-09  1.585053261227252168e-09
6.389898989898991744e+00  1.086239872810094466e-09  1.086239872810094466e-09
6.489898989898991388e+00  7.584128113414985388e-10  7.584128113414985388e-10
6.589898989898991033e+00  5.384145415289454081e-10  5.384145415289454081e-10
6.689898989898992454e+00  3.860422712864065999e-10  3.860422712864065999e-10
6.789898989898992099e+00  2.771936107885678259e-10  2.771936107885678259e-10
6.889898989898991744e+00  1.978634905124500353e-10  1.978634905124500353e-10
6.989898989898991388e+00  1.397596284802873872e-10  1.397596284802873872e-10
7.089898989898991033e+00  9.755416821382771727e-11  9.755416821382771727e-11
7.189898989898992454e+00  6.740569562759540412e-11  6.740569562759540412e-11
7.289898989898992099e+00  4.629297587338876420e-11  4.629297587338876420e-11
7.389898989898991744e+00  3.177393677223508334e-11  3.177393677223508334e-11
7.489898989898991388e+00  2.191321505802035430e-11  2.191321505802035430e-11
7.589898989898991033e+00  1.524287038235323889e-11  1.524287038235323889e-11
7.689898989898992454e+00  1.070595330504808246e-11  1.070595330504808246e-11
7.789898989898992099e+00  7.579107201588473950e-12  7.579107201588473950e-12
7.889898989898991744e+00  5.387925186421272565e-12  5.387925186421272565e-12
7.989898989898991388e+00  3.829628174414236438e-12  3.829628174414236438e-12
8.089898989898992809e+00  2.711732764827165800e-12  2.711732764827165800e-12
8.189898989898992454e+00  1.908856649548481859e-12  1.908856649548481859e-12
8.289898989898992099e+00  1.335364003181087597e-12  1.335364003181087597e-12
8.389898989898991744e+00  9.296297276813606743e-13  9.296297276813606743e-13
8.489898989898991388e+00  6.456578276211714335e-13  6.456578276211714335e-13
8.589898989898992809e+00  4.487228409226769321e-13  4.487228409226769321e-13
8.689898989898992454e+00  3.128843087386888796e-13  3.128843087386888796e-13
8.789898989898992099e+00  2.192293122318397966e-13  2.192293122318397966e-13
8.889898989898991744e+00  1.543732636848365586e-13  1.543732636848365586e-13
8.989898989898991388e+00  1.091108195205404825e-13  1.091108195205404825e-13
9.089898989898992809e+00  7.724756856035281146e-14  7.724756856035281146e-14
9.189898989898992454e+00  5.465830618426160607e-14  5.465830618426160607e-14
9.289898989898992099e+00  3.858492801833780457e-14  3.858492801833780457e-14
9.389898989898991744e+00  2.715055312436611280e-14  2.715055312436611280e-14
9.489898989898991388e+00  1.904471288407991648e-14  1.904471288407991648e-14
9.589898989898992809e+00  1.332941103898128120e-14  1.332941103898128120e-14
9.689898989898992454e+00  9.322378665725728443e-15  9.322378665725728443e-15
9.789898989898992099e+00  6.525388578036610775e-15  6.525388578036610775e-15
9.889898989898991744e+00  4.577121289651495726e-15  4.577121289651495726e-15
9.989898989898991388e+00  3.219191911775400301e-15  3.219191911775400301e-15
1.008989898989899281e+01  2.269879520378770582e-15  2.269879520378770582e-15
1.018989898989899245e+01  1.603305273461127102e-15  1.603305273461127102e-15
1.028989898989899210e+01  1.133162492907198760e-15  1.133162492907198760e-15
1.038989898989899174e+01  8.004560260090145504e-16  8.004560260090145504e-16
1.048989898989899139e+01  5.646661534659939669e-16  5.646661534659939669e-16
