-1.541666681890478507e+00  1.754634807403858960e-07  1.754634807403858960e-07
-1.441666681890478419e+00  5.819453290317767485e-07  5.819453290317767485e-07
-1.341666681890478330e+00  1.843860987257176013e-06  1.843860987257176013e-06
-1.241666681890478685e+00  5.573816515058201945e-06  5.573816515058201945e-06
-1.141666681890478596e+00  1.606194389630990257e-05  1.606194389630990257e-05
-1.041666681890478507e+00  4.410000069748178038e-05  4.410000069748178038e-05
-9.416666818904784186e-01  1.153266397269310560e-04  1.153266397269310560e-04
-8.416666818904783298e-01  2.871954457059797908e-04  2.871954457059797908e-04
-7.416666818904784630e-01  6.809587196638733700e-04  6.809587196638733700e-04
-6.416666818904785963e-01  1.537157677337754828e-03  1.537157677337754828e-03
-5.416666818904785075e-01  3.303261435840719462e-03  3.303261435840719462e-03
-4.416666818904784186e-01  6.757340097749068956e-03  6.757340097749068956e-03
-3.416666818904783298e-01  1.315843844284319414e-02  1.315843844284319414e-02
-2.416666818904784630e-01  2.439047895334034086e-02  2.439047895334034086e-02
-1.416666818904783742e-01  4.303466424443172511e-02  4.303466424443172511e-02
-4.166668189047850746e-02  7.227626495772834780e-02  7.227626495772834780e-02
5.833331810952158136e-02  1.155450222617091932e-01  1.155450222617091932e-01
1.583333181095216702e-01  1.758271642607526775e-01  1.758271642607526775e-01
2.583333181095215370e-01  2.546846778300583813e-01  2.546846778300583813e-01
3.583333181095216258e-01  3.511616363570502775e-01  3.511616363570502775e-01
4.583333181095214925e-01  4.609003684964917413e-01  4.609003684964917413e-01
5.583333181095215814e-01  5.758579253822605493e-01  5.758579253822605493e-01
6.583333181095216702e-01  6.849368573826092321e-01  6.849368573826092321e-01
7.583333181095217590e-01  7.756041456157478642e-01  7.756041456157478642e-01
8.583333181095218478e-01  8.362286308408684032e-01  8.362286308408684032e-01
9.583333181095214925e-01  8.585524120165978212e-01  8.585524120165978212e-01
1.058333318109521581e+00  8.395743126212976692e-01  8.395743126212976692e-01
1.158333318109521670e+00  7.822517216065703050e-01  7.822517216065703050e-01
1.258333318109521759e+00  6.947920760340167146e-01  6.947920760340167146e-01
1.358333318109521848e+00  5.887645996972966644e-01  5.887645996972966644e-01
1.458333318109521493e+00  4.766274655761925105e-01  4.766274655761925105e-01
1.558333318109521581e+00  3.693930295984700352e-01  3.693930295984700352e-01
1.658333318109521670e+00  2.750155094639841202e-01  2.750155094639841202e-01
1.758333318109521759e+00  1.977697321447756396e-01  1.977697321447756396e-01
1.858333318109521848e+00  1.385453995964801566e-01  1.385453995964801566e-01
1.958333318109521493e+00  9.574083904536452583e-02  9.574083904536452583e-02
2.058333318109521581e+00  6.636386373865624244e-02  6.636386373865624244e-02
2.158333318109521670e+00  4.701554602049883708e-02  4.701554602049883708e-02
2.258333318109521759e+00  3.457647561287992971e-02  3.457647561287992971e-02
2.358333318109521848e+00  2.656012701279716545e-02  2.656012701279716545e-02
2.458333318109521493e+00  2.119640445333087833e-02  2.119640445333087833e-02
2.558333318109522025e+00  1.734774992354966988e-02  1.734774992354966988e-02
2.658333318109521670e+00  1.435373730225097087e-02  1.435373730225097087e-02
2.758333318109521315e+00  1.187082445706582820e-02  1.187082445706582820e-02
2.858333318109521848e+00  9.741620854788848524e-03  9.741620854788848524e-03
2.958333318109521493e+00  7.903575580771116452e-03  7.903575580771116452e-03
3.058333318109522025e+00  6.333144982681296331e-03  6.333144982681296331e-03
3.158333318109521670e+00  5.016230506669160615e-03  5.016230506669160615e-03
3.258333318109522203e+00  3.935513126199646078e-03  3.935513126199646078e-03
3.358333318109521848e+00  3.067311269144760381e-03  3.067311269144760381e-03
3.458333318109521493e+00  2.382973629920227560e-03  2.382973629920227560e-03
3.558333318109522025e+00  1.851805310297659516e-03  1.851805310297659516e-03
3.658333318109521670e+00  1.443931763844849428e-03  1.443931763844849428e-03
3.758333318109522203e+00  1.132403866529450766e-03  1.132403866529450766e-03
3.858333318109521848e+00  8.943754107166858010e-04  8.943754107166858010e-04
3.958333318109521493e+00  7.114620421199266322e-04  7.114620421199266322e-04
4.058333318109522025e+00  5.695070173867456016e-04  5.695070173867456016e-04
4.158333318109521670e+00  4.579969561010155898e-04  4.579969561010155898e-04
4.258333318109522203e+00  3.693346593349799761e-04  3.693346593349799761e-04
4.358333318109521848e+00  2.981175164818876725e-04  2.981175164818876725e-04
4.458333318109521493e+00  2.405097629080541919e-04  2.405097629080541919e-04
4.558333318109522025e+00  1.937466659054843299e-04  1.937466659054843299e-04
4.658333318109521670e+00  1.557733566338791403e-04  1.557733566338791403e-04
4.758333318109522203e+00  1.250003989453116302e-04  1.250003989453116302e-04
4.858333318109521848e+00  1.001494893960354219e-04  1.001494893960354219e-04
4.958333318109521493e+00  8.016214049930607359e-05  8.016214049930607359e-05
5.058333318109522025e+00  6.414822891795380309e-05  6.414822891795380309e-05
5.158333318109521670e+00  5.135710599982933272e-05  5.135710599982933272e-05
5.258333318109522203e+00  4.115974695819861934e-05  4.115974695819861934e-05
5.358333318109521848e+00  3.303519332877886673e-05  3.303519332877886673e-05
5.458333318109521493e+00  2.655799152288430837e-05  2.655799152288430837e-05
5.558333318109522025e+00  2.138551167750407731e-05  2.138551167750407731e-05
5.658333318109521670e+00  1.724520137564406700e-05  1.724520137564406700e-05
5.758333318109522203e+00  1.392229695626547205e-05  1.392229695626547205e-05
5.858333318109521848e+00  1.124856157169398744e-05  1.124856157169398744e-05
5.958333318109521493e+00  9.092459851326637849e-06  9.092459851326637849e-06
6.058333318109522025e+00  7.350958596969479769e-06  7.350958596969479769e-06
6.158333318109521670e+00  5.942943912108953358e-06  5.942943912108953358e-06
6.258333318109522203e+00  4.804103838071706458e-06  4.804103838071706458e-06
6.358333318109521848e+00  3.883048245101796756e-06  3.883048245101796756e-06
6.458333318109521493e+00  3.138414416897489940e-06  3.138414416897489940e-06
6.558333318109521137e+00  2.536721114491581432e-06  2.536721114491581432e-06
6.658333318109522558e+00  2.050769435682789554e-06  2.050769435682789554e-06
6.758333318109522203e+00  1.658432155635868841e-06  1.658432155635868841e-06
6.858333318109521848e+00  1.341715331108347403e-06  1.341715331108347403e-06
6.958333318109521493e+00  1.086011681364099844e-06  1.086011681364099844e-06
7.058333318109521137e+00  8.794926824734894428e-07  8.794926824734894428e-07
7.158333318109522558e+00  7.126055914317176788e-07  7.126055914317176788e-07
7.258333318109522203e+00  5.776540655353859313e-07  5.776540655353859313e-07
7.358333318109521848e+00  4.684483967077833719e-07  4.684483967077833719e-07
7.458333318109521493e+00  3.800153257951568573e-07  3.800153257951568573e-07
7.558333318109521137e+00  3.083593239635428807e-07  3.083593239635428807e-07
7.658333318109522558e+00  2.502681280506461274e-07  2.502681280506461274e-07
7.758333318109522203e+00  2.031558297424526327e-07  2.031558297424526327e-07
7.858333318109521848e+00  1.649372877829036050e-07  1.649372877829036050e-07
7.958333318109521493e+00  1.339281967061990054e-07  1.339281967061990054e-07
8.058333318109522025e+00  1.087658202252861387e-07  1.087658202252861387e-07
8.158333318109523447e+00  8.834613794612906199e-08  8.834613794612906199e-08
8.258333318109521315e+00  7.177389890943161976e-08  7.177389890943161976e-08
8.358333318109522736e+00  5.832277033202764925e-08  5.832277033202764925e-08
8.458333318109520604e+00  4.740337850227102859e-08  4.740337850227102859e-08
8.558333318109522025e+00  3.853754420878448044e-08  3.853754420878448044e-08
8.658333318109523447e+00  3.133741654713186461e-08  3.133741654713186461e-08
8.758333318109521315e+00  2.548851646265850342e-08  2.548851646265850342e-08
8.858333318109522736e+00  2.073593058422184637e-08  2.073593058422184637e-08
8.958333318109520604e+00  1.687306392156518137e-08  1.687306392156518137e-08
9.058333318109522025e+00  1.373248274231875882e-08  1.373248274231875882e-08
9.158333318109523447e+00  1.117846962957613732e-08  1.117846962957613732e-08
9.258333318109521315e+00  9.100981418512736141e-09  9.100981418512736141e-09
9.358333318109522736e+00  7.410754534726110483e-09  7.410754534726110483e-09
9.458333318109520604e+00  6.035345893401101507e-09  6.035345893401101507e-09
9.558333318109522025e+00  4.915933859281290302e-09  4.915933859281290302e-09
9.658333318109523447e+00  4.004734506641643936e-09  4.004734506641643936e-09
9.758333318109521315e+00  3.262914530964165002e-09  3.262914530964165002e-09
9.858333318109522736e+00  2.658904247718859726e-09  2.658904247718859726e-09
9.958333318109520604e+00  2.167032604590455470e-09  2.167032604590455470e-09
1.005833331810952203e+01  1.766421421399305775e-09  1.766421421399305775e-09
1.015833331810952345e+01  1.440088547194177813e-09  1.440088547194177813e-09
1.025833331810952131e+01  1.174219683804595851e-09  1.174219683804595851e-09
1.035833331810952274e+01  9.575766607314800821e-10  9.575766607314800821e-10
1.045833331810952060e+01  7.810163247955959412e-10  7.810163247955959412e-10
