-1.510101010101009500e+00  2.696928249117434411e-47  2.696928249117434411e-47
-1.410101010101009411e+00  1.227695494244821057e-43  1.227695494244821057e-43
-1.310101010101009322e+00  4.155404426320452199e-40  4.155404426320452199e-40
-1.210101010101009678e+00  9.991129451958800014e-37  9.991129451958800014e-37
-1.110101010101009589e+00  1.700217289209393227e-33  1.700217289209393227e-33
-1.010101010101009500e+00  2.047091642371993359e-30  2.047091642371993359e-30
-9.101010101010094111e-01  1.743803507753478324e-27  1.743803507753478324e-27
-8.101010101010093223e-01  1.050952896617413512e-24  1.050952896617413512e-24
-7.101010101010094555e-01  4.481197767297295369e-22  4.481197767297295369e-22
-6.101010101010095887e-01  1.351854888672478885e-19  1.351854888672478885e-19
-5.101010101010094999e-01  2.885301069474847132e-17  2.885301069474847132e-17
-4.101010101010094111e-01  4.356896981183829369e-15  4.356896981183829369e-15
-3.101010101010093223e-01  4.654666165279159042e-13  4.654666165279159042e-13
-2.101010101010094555e-01  3.518235277497642557e-11  3.518235277497642557e-11
-1.101010101010093667e-01  1.881422407585709275e-09  1.881422407585709275e-09
-1.010101010100949992e-02  7.118243464835515680e-08  7.118243464835515680e-08
8.989898989899058890e-02  1.905392523577526635e-06  1.905392523577526635e-06
1.898989898989906777e-01  3.608453958030646993e-05  3.608453958030646993e-05
2.898989898989905445e-01  4.834849642281360913e-04  4.834849642281360913e-04
3.898989898989906333e-01  4.583211192330199739e-03  4.583211192330199739e-03
4.898989898989905001e-01  3.073844262479287839e-02  3.073844262479287839e-02
5.898989898989905889e-01  1.458542014534421893e-01  1.458542014534421893e-01
6.898989898989906777e-01  4.896447738981559161e-01  4.896447738981559161e-01
7.898989898989907665e-01  1.162969724159206741e+00  1.162969724159206741e+00
8.898989898989908554e-01  1.954253276949104112e+00  1.954253276949104112e+00
9.898989898989905001e-01  2.323371896335748144e+00  2.323371896335748144e+00
1.089898989898990589e+00  1.954267543777461480e+00  1.954267543777461480e+00
1.189898989898990678e+00  1.163033761414400624e+00  1.163033761414400624e+00
1.289898989898990767e+00  4.898794015471820140e-01  4.898794015471820140e-01
1.389898989898990855e+00  1.465766147225354976e-01  1.465766147225354976e-01
1.489898989898990500e+00  3.260930645808928635e-02  3.260930645808928635e-02
1.589898989898990589e+00  8.658523412834032151e-03  8.658523412834032151e-03
1.689898989898990678e+00  7.950420241191505713e-03  7.950420241191505713e-03
1.789898989898990767e+00  1.154374902450657284e-02  1.154374902450657284e-02
1.889898989898990855e+00  1.491943409311984221e-02  1.491943409311984221e-02
1.989898989898990500e+00  1.626592012147380639e-02  1.626592012147380639e-02
2.089898989898990589e+00  1.491919283640604638e-02  1.491919283640604638e-02
2.189898989898990678e+00  1.151253647075487462e-02  1.151253647075487462e-02
2.289898989898990767e+00  7.478611147356917926e-03  7.478611147356917926e-03
2.389898989898990855e+00  4.100044929207857965e-03  4.100044929207857965e-03
2.489898989898990500e+00  1.917509943910767223e-03  1.917509943910767223e-03
2.589898989898991033e+00  8.007989618503446238e-04  8.007989618503446238e-04
2.689898989898990678e+00  3.520051660815648573e-04  3.520051660815648573e-04
2.789898989898990322e+00  2.207021196634958028e-04  2.207021196634958028e-04
2.889898989898990855e+00  2.009189023400169047e-04  2.009189023400169047e-04
2.989898989898990500e+00  2.001122177374118250e-04  2.001122177374118250e-04
3.089898989898991033e+00  1.867265053834976250e-04  1.867265053834976250e-04
3.189898989898990678e+00  1.568476610813721776e-04  1.568476610813721776e-04
3.289898989898991211e+00  1.177365919387712460e-04  1.177365919387712460e-04
3.389898989898990855e+00  7.901871575005509876e-05  7.901871575005509876e-05
3.489898989898990500e+00  4.766598511336690963e-05  4.766598511336690963e-05
3.589898989898991033e+00  2.623995136179459438e-05  2.623995136179459438e-05
3.689898989898990678e+00  1.372444505863604553e-05  1.372444505863604553e-05
3.789898989898991211e+00  7.449759715453319220e-06  7.449759715453319220e-06
3.889898989898990855e+00  4.725888763227014929e-06  4.725888763227014929e-06
3.989898989898990500e+00  3.625041066030480179e-06  3.625041066030480179e-06
4.089898989898991033e+00  3.065997940776548051e-06  3.065997940776548051e-06
4.189898989898990678e+00  2.583133234863542839e-06  2.583133234863542839e-06
4.289898989898991211e+00  2.057977913347103364e-06  2.057977913347103364e-06
4.389898989898990855e+00  1.522192338479021866e-06  1.522192338479021866e-06
4.489898989898990500e+00  1.041924197154262414e-06  1.041924197154262414e-06
4.589898989898991033e+00  6.635342317486691901e-07  6.635342317486691901e-07
4.689898989898990678e+00  3.991726393031995573e-07  3.991726393031995573e-07
4.789898989898991211e+00  2.340157262777548961e-07  2.340157262777548961e-07
4.889898989898990855e+00  1.407243366482135734e-07  1.407243366482135734e-07
4.989898989898990500e+00  9.182267356334749761e-08  9.182267356334749761e-08
5.089898989898991033e+00  6.635764338673264485e-08  6.635764338673264485e-08
5.189898989898990678e+00  5.135840738426446036e-08  5.135840738426446036e-08
5.289898989898991211e+00  4.032988289016518834e-08  4.032988289016518834e-08
5.389898989898990855e+00  3.086033072755591168e-08  3.086033072755591168e-08
5.489898989898990500e+00  2.254379691719853715e-08  2.254379691719853715e-08
5.589898989898991033e+00  1.562249026550572968e-08  1.562249026550572968e-08
5.689898989898990678e+00  1.030462395484013026e-08  1.030462395484013026e-08
5.789898989898991211e+00  6.549365851994400718e-09  6.549365851994400718e-09
5.889898989898990855e+00  4.101272157647468094e-09  4.101272157647468094e-09
5.989898989898990500e+00  2.610000655577142117e-09  2.610000655577142117e-09
6.089898989898991033e+00  1.739371082022649967e-09  1.739371082022649967e-09
6.189898989898990678e+00  1.228704681789535017e-09  1.228704681789535017e-09
6.289898989898991211e+00  9.075301909847836310e-10  9.075301909847836310e-10
6.389898989898990855e+00  6.811995614639506477e-10  6.811995614639506477e-10
6.489898989898990500e+00  5.059174021220679047e-10  5.059174021220679047e-10
6.589898989898990145e+00  3.654856133443035032e-10  3.654856133443035032e-10
6.689898989898991566e+00  2.550335407585303589e-10  2.550335407585303589e-10
6.789898989898991211e+00  1.721251762869057456e-10  1.721251762869057456e-10
6.889898989898990855e+00  1.133331107774647926e-10  1.133331107774647926e-10
6.989898989898990500e+00  7.390955171822418760e-11  7.390955171822418760e-11
7.089898989898990145e+00  4.866456530442111742e-11  4.866456530442111742e-11
7.189898989898991566e+00  3.291717662371559749e-11  3.291717662371559749e-11
7.289898989898991211e+00  2.304733346787476000e-11  2.304733346787476000e-11
7.389898989898990855e+00  1.660440380045246657e-11  1.660440380045246657e-11
7.489898989898990500e+00  1.212187204331968685e-11  1.212187204331968685e-11
7.589898989898990145e+00  8.818161347871357355e-12  8.818161347871357355e-12
7.689898989898991566e+00  6.312980785796121106e-12  6.312980785796121106e-12
7.789898989898991211e+00  4.420417066119160528e-12  4.420417066119160528e-12
7.889898989898990855e+00  3.027530119949628370e-12  3.027530119949628370e-12
7.989898989898990500e+00  2.039482844975044728e-12  2.039482844975044728e-12
8.089898989898991033e+00  1.364763416519700629e-12  1.364763416519700629e-12
8.189898989898992454e+00  9.182000422089446366e-13  9.182000422089446366e-13
8.289898989898990322e+00  6.276821477713144482e-13  6.276821477713144482e-13
8.389898989898991744e+00  4.381416837998510834e-13  4.381416837998510834e-13
8.489898989898989612e+00  3.114799964529014563e-13  3.114799964529014563e-13
8.589898989898991033e+00  2.236209397712927322e-13  2.236209397712927322e-13
8.689898989898992454e+00  1.604635134116546029e-13  1.604635134116546029e-13
8.789898989898990322e+00  1.141054641538296832e-13  1.141054641538296832e-13
8.889898989898991744e+00  8.002264843834908992e-14  8.002264843834908992e-14
8.989898989898989612e+00  5.531638487569040127e-14  5.531638487569040127e-14
9.089898989898991033e+00  3.781689166550826659e-14  3.781689166550826659e-14
9.189898989898992454e+00  2.573059447660306225e-14  2.573059447660306225e-14
9.289898989898990322e+00  1.755708802569628280e-14  1.755708802569628280e-14
9.389898989898991744e+00  1.209388646256091665e-14  1.209388646256091665e-14
9.489898989898989612e+00  8.437910011957235573e-15  8.437910011957235573e-15
9.589898989898991033e+00  5.956526308323502206e-15  5.956526308323502206e-15
9.689898989898992454e+00  4.234313449616955315e-15  4.234313449616955315e-15
9.789898989898990322e+00  3.012032657530930912e-15  3.012032657530930912e-15
9.889898989898991744e+00  2.131853579715228576e-15  2.131853579715228576e-15
9.989898989898989612e+00  1.496051675433841960e-15  1.496051675433841960e-15
1.008989898989899103e+01  1.040167759562537488e-15  1.040167759562537488e-15
1.018989898989899245e+01  7.179027478229899158e-16  7.179027478229899158e-16
1.028989898989899032e+01  4.937933018109714935e-16  4.937933018109714935e-16
1.038989898989899174e+01  3.401189457794873990e-16  3.401189457794873990e-16
1.048989898989898961e+01  2.355882660955998688e-16  2.355882660955998688e-16
