-1.610537884958271881e+00  0.000000000000000000e+00  0.000000000000000000e+00
-1.510537884958271349e+00  0.000000000000000000e+00  0.000000000000000000e+00
-1.410537884958271704e+00  0.000000000000000000e+00  0.000000000000000000e+00
-1.310537884958271615e+00  0.000000000000000000e+00  0.000000000000000000e+00
-1.210537884958271526e+00  0.000000000000000000e+00  0.000000000000000000e+00
-1.110537884958271881e+00  0.000000000000000000e+00  0.000000000000000000e+00
-1.010537884958271349e+00  0.000000000000000000e+00  0.000000000000000000e+00
-9.105378849582717038e-01  0.000000000000000000e+00  0.000000000000000000e+00
-8.105378849582716150e-01  0.000000000000000000e+00  0.000000000000000000e+00
-7.105378849582715262e-01  0.000000000000000000e+00  0.000000000000000000e+00
-6.105378849582716594e-01  0.000000000000000000e+00  0.000000000000000000e+00
-5.105378849582715706e-01  0.000000000000000000e+00  0.000000000000000000e+00
-4.105378849582714818e-01  0.000000000000000000e+00  0.000000000000000000e+00
-3.105378849582716150e-01  0.000000000000000000e+00  0.000000000000000000e+00
-2.105378849582715262e-01  0.000000000000000000e+00  0.000000000000000000e+00
-1.105378849582716594e-01  0.000000000000000000e+00  0.000000000000000000e+00
-1.053788495827157057e-02  0.000000000000000000e+00  0.000000000000000000e+00
8.946211504172851825e-02  0.000000000000000000e+00  0.000000000000000000e+00
1.894621150417283850e-01  0.000000000000000000e+00  0.000000000000000000e+00
2.894621150417284738e-01  0.000000000000000000e+00  0.000000000000000000e+00
3.894621150417283406e-01  0.000000000000000000e+00  0.000000000000000000e+00
4.894621150417284294e-01  0.000000000000000000e+00  0.000000000000000000e+00
5.894621150417285182e-01  1.281126403420940249e-194  1.281126403420940249e-194
6.894621150417286071e-01  4.799681925857731311e-86  4.799681925857731311e-86
7.894621150417286959e-01  6.689362684217944153e-21  6.689362684217944153e-21
8.894621150417283406e-01  3.468237569157651734e+01  3.468237569157651734e+01
9.894621150417284294e-01  6.689362684214997330e-21  6.689362684214997330e-21
1.089462115041728518e+00  4.799681925853502972e-86  4.799681925853502972e-86
1.189462115041728607e+00  1.281126403419265312e-194  1.281126403419265312e-194
1.289462115041728696e+00  0.000000000000000000e+00  0.000000000000000000e+00
1.389462115041728341e+00  1.098675548475383110e-271  1.098675548475383110e-271
1.489462115041728429e+00  5.716469457364602466e-174  5.716469457364602466e-174
1.589462115041728518e+00  5.736701075250676383e-98  5.736701075250676383e-98
1.689462115041728607e+00  1.110382116157593684e-43  1.110382116157593684e-43
1.789462115041728696e+00  4.145325148533693375e-11  4.145325148533693375e-11
1.889462115041728341e+00  2.984837200408497093e+00  2.984837200408497093e+00
1.989462115041728429e+00  4.145325148532779599e-11  4.145325148532779599e-11
2.089462115041728296e+00  1.110382116157104405e-43  1.110382116157104405e-43
2.189462115041728829e+00  5.736701075246926888e-98  5.736701075246926888e-98
2.289462115041728474e+00  5.716469457359402610e-174  5.716469457359402610e-174
2.389462115041728119e+00  4.923330153778586785e-182  4.923330153778586785e-182
2.489462115041728651e+00  6.861692404109577536e-117  6.861692404109577536e-117
2.589462115041728296e+00  3.192425719352828719e-66  3.192425719352828719e-66
2.689462115041727941e+00  4.958240931700264975e-30  4.958240931700264975e-30
2.789462115041728474e+00  2.570701917065883761e-08  2.570701917065883761e-08
2.889462115041728119e+00  4.449314310627038305e-01  4.449314310627038305e-01
2.989462115041728651e+00  2.570701917065125401e-08  2.570701917065125401e-08
3.089462115041728296e+00  4.958240931700264975e-30  4.958240931700264975e-30
3.189462115041728829e+00  3.192425719350016060e-66  3.192425719350016060e-66
3.289462115041728474e+00  6.861692404101776785e-117  6.861692404101776785e-117
3.389462115041728119e+00  1.599566885920130434e-137  1.599566885920130434e-137
3.489462115041728651e+00  1.153802880756757482e-88  1.153802880756757482e-88
3.589462115041728296e+00  1.155842835802293395e-50  1.155842835802293395e-50
3.689462115041728829e+00  1.608066129110864211e-23  1.608066129110864211e-23
3.789462115041728474e+00  3.107040940165396129e-07  3.107040940165396129e-07
3.889462115041728119e+00  8.337349349931749698e-02  8.337349349931749698e-02
3.989462115041728651e+00  3.107040940164711621e-07  3.107040940164711621e-07
4.089462115041728296e+00  1.608066129110155975e-23  1.608066129110155975e-23
4.189462115041728829e+00  1.155842835801537547e-50  1.155842835801537547e-50
4.289462115041728474e+00  1.153802880755741044e-88  1.153802880755741044e-88
4.389462115041728119e+00  4.731614614416218233e-111  4.731614614416218233e-111
4.489462115041728651e+00  5.774478062878455622e-72  5.774478062878455622e-72
4.589462115041728296e+00  1.452534542373411578e-41  1.452534542373411578e-41
4.689462115041728829e+00  7.530963872308513423e-20  7.530963872308513423e-20
4.789462115041728474e+00  8.047945399578680519e-07  8.047945399578680519e-07
4.889462115041728119e+00  1.772677940622792783e-02  1.772677940622792783e-02
4.989462115041728651e+00  8.047945399577251151e-07  8.047945399577251151e-07
5.089462115041728296e+00  7.530963872305836380e-20  7.530963872305836380e-20
5.189462115041728829e+00  1.452534542372647913e-41  1.452534542372647913e-41
5.289462115041728474e+00  5.774478062874351651e-72  5.774478062874351651e-72
5.389462115041728119e+00  1.358544743836470041e-93  1.358544743836470041e-93
5.489462115041728651e+00  5.071776292222580994e-61  5.071776292222580994e-61
5.589462115041728296e+00  1.093968625872550492e-35  1.093968625872550492e-35
5.689462115041728829e+00  1.363352879057855365e-17  1.363352879057855365e-17
5.789462115041728474e+00  9.816808681787848442e-07  9.816808681787848442e-07
5.889462115041728119e+00  4.084049617287551989e-03  4.084049617287551989e-03
5.989462115041728651e+00  9.816808681786402133e-07  9.816808681786402133e-07
6.089462115041728296e+00  1.363352879057458315e-17  1.363352879057458315e-17
6.189462115041728829e+00  1.093968625872068459e-35  1.093968625872068459e-35
6.289462115041728474e+00  5.071776292219698587e-61  5.071776292219698587e-61
6.389462115041728119e+00  2.786713471763442828e-81  2.786713471763442828e-81
6.489462115041727763e+00  2.312188818218735976e-53  2.312188818218735976e-53
6.589462115041729184e+00  1.198801814896389679e-31  1.198801814896389679e-31
6.689462115041728829e+00  3.883869264167810193e-16  3.883869264167810193e-16
6.789462115041728474e+00  7.862758360961972207e-07  7.862758360961972207e-07
6.889462115041728119e+00  9.946685153498476331e-04  9.946685153498476331e-04
6.989462115041727763e+00  7.862758360961972207e-07  7.862758360961972207e-07
7.089462115041729184e+00  3.883869264165850860e-16  3.883869264165850860e-16
7.189462115041728829e+00  1.198801814895469858e-31  1.198801814895469858e-31
7.289462115041728474e+00  2.312188818218735976e-53  2.312188818218735976e-53
7.389462115041728119e+00  3.495007329127989773e-72  3.495007329127989773e-72
7.489462115041727763e+00  9.386694802674873974e-48  9.386694802674873974e-48
7.589462115041729184e+00  9.394989104714771127e-29  9.394989104714771127e-29
7.689462115041728829e+00  3.504280324849295775e-15  3.504280324849295775e-15
7.789462115041728474e+00  4.871025195221242309e-07  4.871025195221242309e-07
7.889462115041728119e+00  2.523253520407105687e-04  2.523253520407105687e-04
7.989462115041729540e+00  4.871025195220160224e-07  4.871025195220160224e-07
8.089462115041730073e+00  3.504280324847751580e-15  3.504280324847751580e-15
8.189462115041727941e+00  9.394989104708496673e-29  9.394989104708496673e-29
8.289462115041729362e+00  9.386694802674873974e-48  9.386694802674873974e-48
8.389462115041727230e+00  3.170305380230925427e-65  3.170305380230925427e-65
8.489462115041728651e+00  1.643709802014428445e-43  1.643709802014428445e-43
8.589462115041730073e+00  1.273664361064409926e-26  1.273664361064409926e-26
8.689462115041727941e+00  1.474995193932329247e-14  1.474995193932329247e-14
8.789462115041729362e+00  2.552889224885195410e-07  2.552889224885195410e-07
8.889462115041727230e+00  6.603574654372527648e-05  6.603574654372527648e-05
8.989462115041728651e+00  2.552889224884692485e-07  2.552889224884692485e-07
9.089462115041730073e+00  1.474995193931752748e-14  1.474995193931752748e-14
9.189462115041729717e+00  1.273664361063649556e-26  1.273664361063649556e-26
9.289462115041729362e+00  1.643709802013143617e-43  1.643709802013143617e-43
9.389462115041729007e+00  9.151206301323551949e-60  9.151206301323551949e-60
9.489462115041730428e+00  3.196896139106360467e-40  3.196896139106360467e-40
9.589462115041730073e+00  5.070320282270331942e-25  5.070320282270331942e-25
9.689462115041729717e+00  3.650879015331175694e-14  3.650879015331175694e-14
9.789462115041729362e+00  1.193478692591024740e-07  1.193478692591024740e-07
9.889462115041729007e+00  1.771279430890407400e-05  1.771279430890407400e-05
9.989462115041730428e+00  1.193478692590812717e-07  1.193478692590812717e-07
1.008946211504173007e+01  3.650879015329878807e-14  3.650879015329878807e-14
1.018946211504172972e+01  5.070320282267629224e-25  5.070320282267629224e-25
1.028946211504172936e+01  3.196896139104089254e-40  3.196896139104089254e-40
1.038946211504172901e+01  2.156872470173479298e-55  2.156872470173479298e-55
