-1.598900785069805153e+00  1.129857987216170558e-15  1.129857987216170558e-15
-1.498900785069805064e+00  1.619440465818826159e-14  1.619440465818826159e-14
-1.398900785069804975e+00  2.147026150706583081e-13  2.147026150706583081e-13
-1.298900785069805330e+00  2.584122807625178381e-12  2.584122807625178381e-12
-1.198900785069805242e+00  2.800890890749440400e-11  2.800890890749440400e-11
-1.098900785069805153e+00  2.724476570932159249e-10  2.724476570932159249e-10
-9.989007850698050639e-01  2.374714830401460293e-09  2.374714830401460293e-09
-8.989007850698049751e-01  1.853443831236625568e-08  1.853443831236625568e-08
-7.989007850698051083e-01  1.294923415368011732e-07  1.294923415368011732e-07
-6.989007850698052415e-01  8.097205906953265903e-07  8.097205906953265903e-07
-5.989007850698051527e-01  4.531238191439045199e-06  4.531238191439045199e-06
-4.989007850698050639e-01  2.269187019793594658e-05  2.269187019793594658e-05
-3.989007850698049751e-01  1.016916031289364416e-04  1.016916031289364416e-04
-2.989007850698051083e-01  4.078078770169739570e-04  4.078078770169739570e-04
-1.989007850698050195e-01  1.463452801171183718e-03  1.463452801171183718e-03
-9.890078506980515272e-02  4.699513098940705236e-03  4.699513098940705236e-03
1.099214930194936102e-03  1.350447076232624312e-02  1.350447076232624312e-02
1.010992149301950249e-01  3.472588378536034526e-02  3.472588378536034526e-02
2.010992149301948917e-01  7.990641378680722606e-02  7.990641378680722606e-02
3.010992149301949805e-01  1.645377996945792953e-01  1.645377996945792953e-01
4.010992149301948473e-01  3.031873907657310352e-01  3.031873907657310352e-01
5.010992149301949361e-01  4.999519599808139869e-01  4.999519599808139869e-01
6.010992149301950249e-01  7.377955386162572404e-01  7.377955386162572404e-01
7.010992149301951137e-01  9.744739157593627077e-01  9.744739157593627077e-01
8.010992149301952026e-01  1.152128984734253958e+00  1.152128984734253958e+00
9.010992149301948473e-01  1.219752071345913347e+00  1.219752071345913347e+00
1.001099214930194936e+00  1.157133658736868576e+00  1.157133658736868576e+00
1.101099214930195025e+00  9.851431304154165680e-01  9.851431304154165680e-01
1.201099214930195114e+00  7.553050126151921173e-01  7.553050126151921173e-01
1.301099214930195203e+00  5.257131839139795870e-01  5.257131839139795870e-01
1.401099214930194847e+00  3.384594077704493054e-01  3.384594077704493054e-01
1.501099214930194936e+00  2.099928007828043841e-01  2.099928007828043841e-01
1.601099214930195025e+00  1.352469233075076771e-01  1.352469233075076771e-01
1.701099214930195114e+00  9.846709525355279435e-02  9.846709525355279435e-02
1.801099214930195203e+00  8.301194928299265863e-02  8.301194928299265863e-02
1.901099214930194847e+00  7.650718580700593963e-02  7.650718580700593963e-02
2.001099214930194936e+00  7.180913139353274632e-02  7.180913139353274632e-02
2.101099214930195025e+00  6.584863534835205812e-02  6.584863534835205812e-02
2.201099214930195114e+00  5.804340132998588725e-02  5.804340132998588725e-02
2.301099214930195203e+00  4.902810300462906445e-02  4.902810300462906445e-02
2.401099214930194847e+00  3.982437437212344583e-02  3.982437437212344583e-02
2.501099214930195380e+00  3.135980786994408548e-02  3.135980786994408548e-02
2.601099214930195025e+00  2.423717774333360511e-02  2.423717774333360511e-02
2.701099214930194670e+00  1.868245298616061020e-02  1.868245298616061020e-02
2.801099214930195203e+00  1.460977488606609448e-02  1.460977488606609448e-02
2.901099214930194847e+00  1.174256718332192771e-02  1.174256718332192771e-02
3.001099214930195380e+00  9.738159222792410960e-03  9.738159222792410960e-03
3.101099214930195025e+00  8.281625393669455465e-03  8.281625393669455465e-03
3.201099214930195558e+00  7.136216116532064294e-03  7.136216116532064294e-03
3.301099214930195203e+00  6.154920779738911815e-03  6.154920779738911815e-03
3.401099214930194847e+00  5.266523467348975009e-03  5.266523467348975009e-03
3.501099214930195380e+00  4.450638302835108369e-03  4.450638302835108369e-03
3.601099214930195025e+00  3.712707029934519259e-03  3.712707029934519259e-03
3.701099214930195558e+00  3.065013953946794933e-03  3.065013953946794933e-03
3.801099214930195203e+00  2.515526130079897074e-03  2.515526130079897074e-03
3.901099214930194847e+00  2.063635159703740111e-03  2.063635159703740111e-03
4.001099214930195380e+00  1.700634899029108017e-03  1.700634899029108017e-03
4.101099214930195025e+00  1.412610504211600114e-03  1.412610504211600114e-03
4.201099214930195558e+00  1.183872741868756190e-03  1.183872741868756190e-03
4.301099214930195203e+00  9.997658707645940088e-04  9.997658707645940088e-04
4.401099214930194847e+00  8.483480774244291350e-04  8.483480774244291350e-04
4.501099214930195380e+00  7.209469202874885544e-04  7.209469202874885544e-04
4.601099214930195025e+00  6.118805560806683591e-04  6.118805560806683591e-04
4.701099214930195558e+00  5.177290788733192014e-04  5.177290788733192014e-04
4.801099214930195203e+00  4.364973761410448978e-04  4.364973761410448978e-04
4.901099214930194847e+00  3.668993785401571854e-04  3.668993785401571854e-04
5.001099214930195380e+00  3.078704370228837204e-04  3.078704370228837204e-04
5.101099214930195025e+00  2.583159017126909068e-04  2.583159017126909068e-04
5.201099214930195558e+00  2.170444358092355462e-04  2.170444358092355462e-04
5.301099214930195203e+00  1.828126522562686603e-04  1.828126522562686603e-04
5.401099214930194847e+00  1.544129282682480330e-04  1.544129282682480330e-04
5.501099214930195380e+00  1.307559382265153364e-04  1.307559382265153364e-04
5.601099214930195025e+00  1.109225999578612975e-04  1.109225999578612975e-04
5.701099214930195558e+00  9.417958648745957057e-05  9.417958648745957057e-05
5.801099214930195203e+00  7.996508799274667221e-05  7.996508799274667221e-05
5.901099214930194847e+00  6.785695207054949583e-05  6.785695207054949583e-05
6.001099214930195380e+00  5.753533250864056625e-05  5.753533250864056625e-05
6.101099214930195025e+00  4.874883536551225942e-05  4.874883536551225942e-05
6.201099214930195558e+00  4.128897935743570626e-05  4.128897935743570626e-05
6.301099214930195203e+00  3.497407068436997237e-05  3.497407068436997237e-05
6.401099214930194847e+00  2.964108228687128621e-05  2.964108228687128621e-05
6.501099214930194492e+00  2.514296075120270950e-05  2.514296075120270950e-05
6.601099214930195913e+00  2.134870367818201409e-05  2.134870367818201409e-05
6.701099214930195558e+00  1.814413321532817058e-05  1.814413321532817058e-05
6.801099214930195203e+00  1.543212304216330834e-05  1.543212304216330834e-05
6.901099214930194847e+00  1.313181042530794922e-05  1.313181042530794922e-05
7.001099214930194492e+00  1.117687617008845167e-05  1.117687617008845167e-05
7.101099214930195913e+00  9.513261153301605610e-06  9.513261153301605610e-06
7.201099214930195558e+00  8.096749526004955354e-06  8.096749526004955354e-06
7.301099214930195203e+00  6.890765207797666860e-06  6.890765207797666860e-06
7.401099214930194847e+00  5.864582497993742515e-06  5.864582497993742515e-06
7.501099214930194492e+00  4.992007279462443204e-06  4.992007279462443204e-06
7.601099214930195913e+00  4.250479280232762553e-06  4.250479280232762553e-06
7.701099214930195558e+00  3.620490101487951420e-06  3.620490101487951420e-06
7.801099214930195203e+00  3.085200487475879083e-06  3.085200487475879083e-06
7.901099214930194847e+00  2.630158933934793007e-06  2.630158933934793007e-06
8.001099214930196268e+00  2.243055955334411745e-06  2.243055955334411745e-06
8.101099214930195913e+00  1.913481053468515695e-06  1.913481053468515695e-06
8.201099214930195558e+00  1.632674697234181806e-06  1.632674697234181806e-06
8.301099214930195203e+00  1.393282527703002301e-06  1.393282527703002301e-06
8.401099214930194847e+00  1.189124357038669515e-06  1.189124357038669515e-06
8.501099214930196268e+00  1.014989155043260266e-06  1.014989155043260266e-06
8.601099214930195913e+00  8.664624244616441227e-07  8.664624244616441227e-07
8.701099214930195558e+00  7.397869363442275575e-07  7.397869363442275575e-07
8.801099214930195203e+00  6.317535065899636772e-07  6.317535065899636772e-07
8.901099214930194847e+00  5.396160867723011365e-07  5.396160867723011365e-07
9.001099214930196268e+00  4.610248642803385740e-07  4.610248642803385740e-07
9.101099214930195913e+00  3.939718117163198601e-07  3.939718117163198601e-07
9.201099214930195558e+00  3.367445463633061520e-07  3.367445463633061520e-07
9.301099214930195203e+00  2.878858915700313520e-07  2.878858915700313520e-07
9.401099214930194847e+00  2.461577991328176101e-07  2.461577991328176101e-07
9.501099214930196268e+00  2.105091304608886965e-07  2.105091304608886965e-07
9.601099214930195913e+00  1.800472067270396166e-07  1.800472067270396166e-07
9.701099214930195558e+00  1.540131264151992168e-07  1.540131264151992168e-07
9.801099214930195203e+00  1.317607495460272168e-07  1.317607495460272168e-07
9.901099214930194847e+00  1.127390854811556150e-07  1.127390854811556150e-07
1.000109921493019627e+01  9.647768166206990252e-08  9.647768166206990252e-08
1.010109921493019591e+01  8.257453640028249975e-08  8.257453640028249975e-08
1.020109921493019556e+01  7.068605623835305282e-08  7.068605623835305282e-08
1.030109921493019520e+01  6.051863107637128207e-08  6.051863107637128207e-08
1.040109921493019485e+01  5.182148274726545552e-08  5.182148274726545552e-08
