-1.541666666510690398e+00  2.547974755678990880e-34  2.547974755678990880e-34
-1.441666666510690753e+00  1.052934174396041493e-31  1.052934174396041493e-31
-1.341666666510690664e+00  3.685382865455343788e-29  3.685382865455343788e-29
-1.241666666510690575e+00  1.018704869028242400e-26  1.018704869028242400e-26
-1.141666666510690931e+00  2.198414694155014558e-24  2.198414694155014558e-24
-1.041666666510690398e+00  3.696638467253839448e-22  3.696638467253839448e-22
-9.416666665106905310e-01  4.841464407779743262e-20  4.841464407779743262e-20
-8.416666665106906642e-01  4.938376247897122823e-18  4.938376247897122823e-18
-7.416666665106905754e-01  3.923024970799402244e-16  3.923024970799402244e-16
-6.416666665106904865e-01  2.427086682458917512e-14  2.427086682458917512e-14
-5.416666665106906198e-01  1.169435294829458403e-12  1.169435294829458403e-12
-4.416666665106905310e-01  4.388272657020055188e-11  4.388272657020055188e-11
-3.416666665106904421e-01  1.282441129281567207e-09  1.282441129281567207e-09
-2.416666665106905754e-01  2.918822417372422903e-08  2.918822417372422903e-08
-1.416666665106904865e-01  5.173736413290600238e-07  5.173736413290600238e-07
-4.166666651069061977e-02  7.142122766993692871e-06  7.142122766993692871e-06
5.833333348930946904e-02  7.678505654604904319e-05  7.678505654604904319e-05
1.583333334893095579e-01  6.429134213736883855e-04  6.429134213736883855e-04
2.583333334893094246e-01  4.192322330794158620e-03  4.192322330794158620e-03
3.583333334893095135e-01  2.129037161154567065e-02  2.129037161154567065e-02
4.583333334893093802e-01  8.420507068578075849e-02  8.420507068578075849e-02
5.583333334893094690e-01  2.593700013925378522e-01  2.593700013925378522e-01
6.583333334893095579e-01  6.221970377449276279e-01  6.221970377449276279e-01
7.583333334893096467e-01  1.162421010852850767e+00  1.162421010852850767e+00
8.583333334893097355e-01  1.691330299365430445e+00  1.691330299365430445e+00
9.583333334893093802e-01  1.916598189835848842e+00  1.916598189835848842e+00
1.058333333489309469e+00  1.691632899525557843e+00  1.691632899525557843e+00
1.158333333489309558e+00  1.163368488471470785e+00  1.163368488471470785e+00
1.258333333489309647e+00  6.246315780194210410e-01  6.246315780194210410e-01
1.358333333489309735e+00  2.648591340208102385e-01  2.648591340208102385e-01
1.458333333489309380e+00  9.512206364684336335e-02  9.512206364684336335e-02
1.558333333489309469e+00  4.045068768033514145e-02  4.045068768033514145e-02
1.658333333489309558e+00  3.386947473977353074e-02  3.386947473977353074e-02
1.758333333489309647e+00  4.120991798306877091e-02  4.120991798306877091e-02
1.858333333489309735e+00  4.901844707134243168e-02  4.901844707134243168e-02
1.958333333489309380e+00  5.212641161464660888e-02  5.212641161464660888e-02
2.058333333489309247e+00  4.901022023385129961e-02  4.901022023385129961e-02
2.158333333489309780e+00  4.073129536560926578e-02  4.073129536560926578e-02
2.258333333489309425e+00  2.999325003478027843e-02  2.999325003478027843e-02
2.358333333489309958e+00  1.970665726310336791e-02  1.970665726310336791e-02
2.458333333489309602e+00  1.178197215216316047e-02  1.178197215216316047e-02
2.558333333489310135e+00  6.748236101295259845e-03  6.748236101295259845e-03
2.658333333489309780e+00  4.121436270059682105e-03  4.121436270059682105e-03
2.758333333489309425e+00  3.030583858515265711e-03  3.030583858515265711e-03
2.858333333489309958e+00  2.684329322643778937e-03  2.684329322643778937e-03
2.958333333489309602e+00  2.558320469735238765e-03  2.558320469735238765e-03
3.058333333489310135e+00  2.389964565369283138e-03  2.389964565369283138e-03
3.158333333489309780e+00  2.101131269275974354e-03  2.101131269275974354e-03
3.258333333489310313e+00  1.717548615656554331e-03  1.717548615656554331e-03
3.358333333489309958e+00  1.305949679759306611e-03  1.305949679759306611e-03
3.458333333489309602e+00  9.315018392978865591e-04  9.315018392978865591e-04
3.558333333489310135e+00  6.350371654528811846e-04  6.350371654528811846e-04
3.658333333489309780e+00  4.278535579458646516e-04  4.278535579458646516e-04
3.758333333489310313e+00  2.986027707429861691e-04  2.986027707429861691e-04
3.858333333489309958e+00  2.249407785395322380e-04  2.249407785395322380e-04
3.958333333489309602e+00  1.838537457092207623e-04  1.838537457092207623e-04
4.058333333489310135e+00  1.577144325364337140e-04  1.577144325364337140e-04
4.158333333489309780e+00  1.360477372522079121e-04  1.360477372522079121e-04
4.258333333489310313e+00  1.144944862016549647e-04  1.144944862016549647e-04
4.358333333489309958e+00  9.263479416430511304e-05  9.263479416430511304e-05
4.458333333489309602e+00  7.183468766909845344e-05  7.183468766909845344e-05
4.558333333489310135e+00  5.368691596406225519e-05  5.368691596406225519e-05
4.658333333489309780e+00  3.918027024862258065e-05  3.918027024862258065e-05
4.758333333489310313e+00  2.848016059641291276e-05  2.848016059641291276e-05
4.858333333489309958e+00  2.109531833663692461e-05  2.109531833663692461e-05
4.958333333489309602e+00  1.619947296644354208e-05  1.619947296644354208e-05
5.058333333489310135e+00  1.293508863757708462e-05  1.293508863757708462e-05
5.158333333489309780e+00  1.060966041725159771e-05  1.060966041725159771e-05
5.258333333489310313e+00  8.769324059555087979e-06  8.769324059555087979e-06
5.358333333489309958e+00  7.180147751307333388e-06  7.180147751307333388e-06
5.458333333489309602e+00  5.762441008861369594e-06  5.762441008861369594e-06
5.558333333489310135e+00  4.517138993390653092e-06  4.517138993390653092e-06
5.658333333489309780e+00  3.467971332730599651e-06  3.467971332730599651e-06
5.758333333489310313e+00  2.627856873193361965e-06  2.627856873193361965e-06
5.858333333489309958e+00  1.987307462693232706e-06  1.987307462693232706e-06
5.958333333489309602e+00  1.517468268422581944e-06  1.517468268422581944e-06
6.058333333489310135e+00  1.179677218523047351e-06  1.179677218523047351e-06
6.158333333489309780e+00  9.353106102752957843e-07  9.353106102752957843e-07
6.258333333489310313e+00  7.525014793843386190e-07  7.525014793843386190e-07
6.358333333489309958e+00  6.088562929558009342e-07  6.088562929558009342e-07
6.458333333489309602e+00  4.909402868867534515e-07  4.909402868867534515e-07
6.558333333489309247e+00  3.919651600886718039e-07  3.919651600886718039e-07
6.658333333489310668e+00  3.090387339970344119e-07  3.090387339970344119e-07
6.758333333489310313e+00  2.408820249441909155e-07  2.408820249441909155e-07
6.858333333489309958e+00  1.863952103423941066e-07  1.863952103423941066e-07
6.958333333489309602e+00  1.440493036713625051e-07  1.440493036713625051e-07
7.058333333489309247e+00  1.118614571281395033e-07  1.118614571281395033e-07
7.158333333489310668e+00  8.765965831012059521e-08  8.765965831012059521e-08
7.258333333489310313e+00  6.939787667750712199e-08  6.939787667750712199e-08
7.358333333489309958e+00  5.538155612156602627e-08  5.538155612156602627e-08
7.458333333489309602e+00  4.435774399858547848e-08  4.435774399858547848e-08
7.558333333489309247e+00  3.548870534444951111e-08  3.548870534444951111e-08
7.658333333489310668e+00  2.825714541795651899e-08  2.825714541795651899e-08
7.758333333489310313e+00  2.235244114829090398e-08  2.235244114829090398e-08
7.858333333489309958e+00  1.757282784268866320e-08  1.757282784268866320e-08
7.958333333489309602e+00  1.375972169009505257e-08  1.375972169009505257e-08
8.058333333489311912e+00  1.076485177317912509e-08  1.076485177317912509e-08
8.158333333489309780e+00  8.441827489767067781e-09  8.441827489767067781e-09
8.258333333489311201e+00  6.651022182199615777e-09  6.651022182199615777e-09
8.358333333489309069e+00  5.268253368528771392e-09  5.268253368528771392e-09
8.458333333489310490e+00  4.191311325998373585e-09  4.191311325998373585e-09
8.558333333489311912e+00  3.342028058172463064e-09  3.342028058172463064e-09
8.658333333489309780e+00  2.664205607919031470e-09  2.664205607919031470e-09
8.758333333489311201e+00  2.119028403346244375e-09  2.119028403346244375e-09
8.858333333489309069e+00  1.679783047925617040e-09  1.679783047925617040e-09
8.958333333489310490e+00  1.327243321651784726e-09  1.327243321651784726e-09
9.058333333489310135e+00  1.046388279233909501e-09  1.046388279233909501e-09
9.158333333489309780e+00  8.245166755998855842e-10  8.245166755998855842e-10
9.258333333489309425e+00  6.504472851991930176e-10  6.504472851991930176e-10
9.358333333489309069e+00  5.143639150041818500e-10  5.143639150041818500e-10
9.458333333489308714e+00  4.079101448154004967e-10  4.079101448154004967e-10
9.558333333489310135e+00  3.242724675716651072e-10  3.242724675716651072e-10
9.658333333489309780e+00  2.581353121525506985e-10  2.581353121525506985e-10
9.758333333489309425e+00  2.055012025435871392e-10  2.055012025435871392e-10
9.858333333489309069e+00  1.634282773470730219e-10  1.634282773470730219e-10
9.958333333489308714e+00  1.297515004938184547e-10  1.297515004938184547e-10
1.005833333348931014e+01  1.028394944656909322e-10  1.028394944656909322e-10
1.015833333348930978e+01  8.141341785394587147e-11  8.141341785394587147e-11
1.025833333348930942e+01  6.443057019802251195e-11  6.443057019802251195e-11
1.035833333348930907e+01  5.102002185292838738e-11  5.102002185292838738e-11
1.045833333348930871e+01  4.045167562044330783e-11  4.045167562044330783e-11
