-1.530927835388302682e+00  8.210241794007976152e-09  8.210241794007976152e-09
-1.430927835388302594e+00  3.490289565919738376e-08  3.490289565919738376e-08
-1.330927835388302505e+00  1.403580411694383086e-07  1.403580411694383086e-07
-1.230927835388302860e+00  5.330830044408965286e-07  5.330830044408965286e-07
-1.130927835388302771e+00  1.910446502623679122e-06  1.910446502623679122e-06
-1.030927835388302682e+00  6.456877431813718232e-06  6.456877431813718232e-06
-9.309278353883025936e-01  2.057392873380088787e-05  2.057392873380088787e-05
-8.309278353883025048e-01  6.179214580011406835e-05  6.179214580011406835e-05
-7.309278353883026380e-01  1.749111662275942500e-04  1.749111662275942500e-04
-6.309278353883027712e-01  4.665911272495973394e-04  4.665911272495973394e-04
-5.309278353883026824e-01  1.172920620341718788e-03  1.172920620341718788e-03
-4.309278353883025936e-01  2.778433832826886739e-03  2.778433832826886739e-03
-3.309278353883025048e-01  6.201856819227318310e-03  6.201856819227318310e-03
-2.309278353883026380e-01  1.304451149358456900e-02  1.304451149358456900e-02
-1.309278353883025492e-01  2.585322383006874794e-02  2.585322383006874794e-02
-3.092783538830268242e-02  4.828146440516153937e-02  4.828146440516153937e-02
6.907216461169740640e-02  8.496193234267873651e-02  8.496193234267873651e-02
1.690721646116974952e-01  1.408792950934408539e-01  1.408792950934408539e-01
2.690721646116973620e-01  2.201155685265064332e-01  2.201155685265064332e-01
3.690721646116974508e-01  3.240699476910781640e-01  3.240699476910781640e-01
4.690721646116973176e-01  4.495903663727975341e-01  4.495903663727975341e-01
5.690721646116974064e-01  5.877525559520238030e-01  5.877525559520238030e-01
6.690721646116974952e-01  7.240778477977041216e-01  7.240778477977041216e-01
7.690721646116975840e-01  8.406412123903899136e-01  8.406412123903899136e-01
8.690721646116976729e-01  9.198230890055356657e-01  9.198230890055356657e-01
9.690721646116973176e-01  9.486790133504424682e-01  9.486790133504424682e-01
1.069072164611697406e+00  9.224467534519876777e-01  9.224467534519876777e-01
1.169072164611697495e+00  8.458842480644394035e-01  8.458842480644394035e-01
1.269072164611697584e+00  7.319190899704014486e-01  7.319190899704014486e-01
1.369072164611697673e+00  5.981318241341510022e-01  5.981318241341510022e-01
1.469072164611697318e+00  4.623821644108433992e-01  4.623821644108433992e-01
1.569072164611697406e+00  3.390596953617968090e-01  3.390596953617968090e-01
1.669072164611697495e+00  2.369849080055076995e-01  2.369849080055076995e-01
1.769072164611697584e+00  1.592054353287127855e-01  1.592054353287127855e-01
1.869072164611697673e+00  1.042332744987401888e-01  1.042332744987401888e-01
1.969072164611697318e+00  6.792846231392134226e-02  6.792846231392134226e-02
2.069072164611697406e+00  4.529030174822206573e-02  4.529030174822206573e-02
2.169072164611697495e+00  3.171659777069169711e-02  3.171659777069169711e-02
2.269072164611697584e+00  2.362820515394821116e-02  2.362820515394821116e-02
2.369072164611697673e+00  1.858706259808508635e-02  1.858706259808508635e-02
2.469072164611697318e+00  1.512099064951879547e-02  1.512099064951879547e-02
2.569072164611697850e+00  1.244483349343813126e-02  1.244483349343813126e-02
2.669072164611697495e+00  1.019712209755128073e-02  1.019712209755128073e-02
2.769072164611697140e+00  8.242783576176833729e-03  8.242783576176833729e-03
2.869072164611697673e+00  6.547361992534815427e-03  6.547361992534815427e-03
2.969072164611697318e+00  5.107738950493738959e-03  5.107738950493738959e-03
3.069072164611697850e+00  3.920165158596409204e-03  3.920165158596409204e-03
3.169072164611697495e+00  2.969720492801556852e-03  2.969720492801556852e-03
3.269072164611698028e+00  2.230399950149216347e-03  2.230399950149216347e-03
3.369072164611697673e+00  1.669349860415278398e-03  1.669349860415278398e-03
3.469072164611697318e+00  1.251770887281265961e-03  1.251770887281265961e-03
3.569072164611697850e+00  9.448689032935977646e-04  9.448689032935977646e-04
3.669072164611697495e+00  7.203255691918049753e-04  7.203255691918049753e-04
3.769072164611698028e+00  5.553534974421228329e-04  5.553534974421228329e-04
3.869072164611697673e+00  4.326750402364265362e-04  4.326750402364265362e-04
3.969072164611697318e+00  3.398362341798658102e-04  3.398362341798658102e-04
4.069072164611697850e+00  2.682226721210592560e-04  2.682226721210592560e-04
4.169072164611697495e+00  2.120453562942214011e-04  2.120453562942214011e-04
4.269072164611698028e+00  1.674563693641940604e-04  1.674563693641940604e-04
4.369072164611697673e+00  1.318628523334453104e-04  1.318628523334453104e-04
4.469072164611697318e+00  1.034442696052950602e-04  1.034442696052950602e-04
4.569072164611697850e+00  8.084235870992048721e-05  8.084235870992048721e-05
4.669072164611697495e+00  6.297964726418138828e-05  6.297964726418138828e-05
4.769072164611698028e+00  4.896323581656722684e-05  4.896323581656722684e-05
4.869072164611697673e+00  3.803867749709867566e-05  3.803867749709867566e-05
4.969072164611697318e+00  2.956912365484182622e-05  2.956912365484182622e-05
5.069072164611697850e+00  2.302440612554694467e-05  2.302440612554694467e-05
5.169072164611697495e+00  1.797202863872695582e-05  1.797202863872695582e-05
5.269072164611698028e+00  1.406689529860772543e-05  1.406689529860772543e-05
5.369072164611697673e+00  1.103936524174810134e-05  1.103936524174810134e-05
5.469072164611697318e+00  8.682464178970269208e-06  8.682464178970269208e-06
5.569072164611697850e+00  6.839375729226342080e-06  6.839375729226342080e-06
5.669072164611697495e+00  5.392135604537270024e-06  5.392135604537270024e-06
5.769072164611698028e+00  4.252074328979302609e-06  4.252074328979302609e-06
5.869072164611697673e+00  3.352183958873264183e-06  3.352183958873264183e-06
5.969072164611697318e+00  2.641307145760310325e-06  2.641307145760310325e-06
6.069072164611697850e+00  2.079883975955666809e-06  2.079883975955666809e-06
6.169072164611697495e+00  1.636928700780622471e-06  1.636928700780622471e-06
6.269072164611698028e+00  1.287915579072138260e-06  1.287915579072138260e-06
6.369072164611697673e+00  1.013300259789041565e-06  1.013300259789041565e-06
6.469072164611697318e+00  7.974658346541786152e-07  7.974658346541786152e-07
6.569072164611696962e+00  6.279443212527606676e-07  6.279443212527606676e-07
6.669072164611698383e+00  4.948159054509498605e-07  4.948159054509498605e-07
6.769072164611698028e+00  3.902265938365701814e-07  3.902265938365701814e-07
6.869072164611697673e+00  3.079905374116480956e-07  3.079905374116480956e-07
6.969072164611697318e+00  2.432586141254278156e-07  2.432586141254278156e-07
7.069072164611696962e+00  1.922428903565198544e-07  1.922428903565198544e-07
7.169072164611698383e+00  1.519900678280150240e-07  1.519900678280150240e-07
7.269072164611698028e+00  1.201980918505291432e-07  1.201980918505291432e-07
7.369072164611697673e+00  9.507018033173332823e-08  9.507018033173332823e-08
7.469072164611697318e+00  7.520045287713916855e-08  7.520045287713916855e-08
7.569072164611696962e+00  5.948546801995259883e-08  5.948546801995259883e-08
7.669072164611698383e+00  4.705640161671414076e-08  4.705640161671414076e-08
7.769072164611698028e+00  3.722725929977893568e-08  3.722725929977893568e-08
7.869072164611697673e+00  2.945529591693613732e-08  2.945529591693613732e-08
7.969072164611697318e+00  2.331060408947127520e-08  2.331060408947127520e-08
8.069072164611698739e+00  1.845255148160575063e-08  1.845255148160575063e-08
8.169072164611698383e+00  1.461134748542164402e-08  1.461134748542164402e-08
8.269072164611698028e+00  1.157349137103347823e-08  1.157349137103347823e-08
8.369072164611697673e+00  9.170203711393510457e-09  9.170203711393510457e-09
8.469072164611697318e+00  7.268191009722756825e-09  7.268191009722756825e-09
8.569072164611698739e+00  5.762263780575895342e-09  5.762263780575895342e-09
8.669072164611698383e+00  4.569443410936351892e-09  4.569443410936351892e-09
8.769072164611698028e+00  3.624271486697769011e-09  3.624271486697769011e-09
8.869072164611697673e+00  2.875090582593469242e-09  2.875090582593469242e-09
8.969072164611697318e+00  2.281106926662664099e-09  2.281106926662664099e-09
9.069072164611698739e+00  1.810078405678129332e-09  1.810078405678129332e-09
9.169072164611698383e+00  1.436499081825760688e-09  1.436499081825760688e-09
9.269072164611698028e+00  1.140175174072762378e-09  1.140175174072762378e-09
9.369072164611697673e+00  9.051079101544558022e-10  9.051079101544558022e-10
9.469072164611697318e+00  7.186160155925105868e-10  7.186160155925105868e-10
9.569072164611698739e+00  5.706450402709570924e-10  5.706450402709570924e-10
9.669072164611698383e+00  4.532224478022591959e-10  4.532224478022591959e-10
9.769072164611698028e+00  3.600267042381298988e-10  3.600267042381298988e-10
9.869072164611697673e+00  2.860458538979449453e-10  2.860458538979449453e-10
9.969072164611697318e+00  2.273066331281018196e-10  2.273066331281018196e-10
1.006907216461169874e+01  1.806594020498224875e-10  1.806594020498224875e-10
1.016907216461169838e+01  1.436073815331813030e-10  1.436073815331813030e-10
1.026907216461169803e+01  1.141711245272266285e-10  1.141711245272266285e-10
1.036907216461169767e+01  9.078102768436081044e-11  9.078102768436081044e-11
1.046907216461169732e+01  7.219215010648403170e-11  7.219215010648403170e-11
