-1.520375431571152625e+00  0.000000000000000000e+00  0.000000000000000000e+00
-1.420375431571152092e+00  0.000000000000000000e+00  0.000000000000000000e+00
-1.320375431571152447e+00  5.348754681877335087e-319  5.348754681877335087e-319
-1.220375431571152358e+00  7.441683615080693654e-292  7.441683615080693654e-292
-1.120375431571152269e+00  6.437285338586015485e-266  6.437285338586015485e-266
-1.020375431571152625e+00  3.462268602110354359e-241  3.462268602110354359e-241
-9.203754315711523137e-01  1.157831054594218285e-217  1.157831054594218285e-217
-8.203754315711524470e-01  2.407443310552770425e-195  2.407443310552770425e-195
-7.203754315711523581e-01  3.112385505181772179e-174  3.112385505181772179e-174
-6.203754315711522693e-01  2.501826209705197985e-154  2.501826209705197985e-154
-5.203754315711524026e-01  1.250395295536902273e-135  1.250395295536902273e-135
-4.203754315711523137e-01  3.885652543696714010e-118  3.885652543696714010e-118
-3.203754315711522249e-01  7.507702148544153347e-102  7.507702148544153347e-102
-2.203754315711523581e-01  9.019377099973507952e-87  9.019377099973507952e-87
-1.203754315711522693e-01  6.737092261062074545e-73  6.737092261062074545e-73
-2.037543157115240255e-02  3.128923057654745966e-60  3.128923057654745966e-60
7.962456842884768626e-02  9.035323605337626826e-49  9.035323605337626826e-49
1.796245684288477751e-01  1.622254467554681909e-38  1.622254467554681909e-38
2.796245684288476419e-01  1.811009319295727736e-29  1.811009319295727736e-29
3.796245684288477307e-01  1.257039227587629320e-21  1.257039227587629320e-21
4.796245684288475974e-01  5.425045878427868078e-15  5.425045878427868078e-15
5.796245684288476863e-01  1.455742090268603727e-09  1.455742090268603727e-09
6.796245684288477751e-01  2.428800826536404208e-05  2.428800826536404208e-05
7.796245684288478639e-01  2.519566376722397541e-02  2.519566376722397541e-02
8.796245684288479527e-01  1.625122657816753025e+00  1.625122657816753025e+00
9.796245684288475974e-01  6.517378232924265546e+00  6.517378232924265546e+00
1.079624568428847686e+00  1.625122657816733485e+00  1.625122657816733485e+00
1.179624568428847775e+00  2.519566376722337173e-02  2.519566376722337173e-02
1.279624568428847864e+00  2.428800826551373652e-05  2.428800826551373652e-05
1.379624568428847953e+00  1.456996790523978391e-09  1.456996790523978391e-09
1.479624568428847597e+00  2.606562738587918268e-09  2.606562738587918268e-09
1.579624568428847686e+00  1.350230116647845935e-06  1.350230116647845935e-06
1.679624568428847775e+00  1.744060403329122455e-04  1.744060403329122455e-04
1.779624568428847864e+00  5.617311052803166185e-03  5.617311052803166185e-03
1.879624568428847953e+00  4.511372041862597715e-02  4.511372041862597715e-02
1.979624568428847597e+00  9.034456559207194870e-02  9.034456559207194870e-02
2.079624568428847908e+00  4.511372041862569265e-02  4.511372041862569265e-02
2.179624568428847553e+00  5.617311052803390832e-03  5.617311052803390832e-03
2.279624568428848086e+00  1.744060406378677151e-04  1.744060406378677151e-04
2.379624568428847731e+00  1.350355445310185024e-06  1.350355445310185024e-06
2.479624568428847375e+00  2.301149468024071708e-08  2.301149468024071708e-08
2.579624568428847908e+00  1.316121613834896802e-06  1.316121613834896802e-06
2.679624568428847553e+00  3.363035318489121284e-05  3.363035318489121284e-05
2.779624568428847198e+00  3.404416831316360863e-04  3.404416831316360863e-04
2.879624568428847731e+00  1.365304461512497399e-03  1.365304461512497399e-03
2.979624568428847375e+00  2.169160910219726252e-03  2.169160910219726252e-03
3.079624568428847908e+00  1.365304461512526239e-03  1.365304461512526239e-03
3.179624568428847553e+00  3.404416831462597510e-04  3.404416831462597510e-04
3.279624568428848086e+00  3.363035585778261459e-05  3.363035585778261459e-05
3.379624568428847731e+00  1.316364344038873569e-06  1.316364344038873569e-06
3.479624568428847375e+00  3.152549596380568528e-08  3.152549596380568528e-08
3.579624568428847908e+00  2.532280757139499928e-07  2.532280757139499928e-07
3.679624568428847553e+00  2.876562208956939535e-06  2.876562208956939535e-06
3.779624568428848086e+00  1.632515074009118947e-05  1.632515074009118947e-05
3.879624568428847731e+00  4.626443741009144691e-05  4.626443741009144691e-05
3.979624568428847375e+00  6.547024716503721130e-05  6.547024716503721130e-05
4.079624568428847908e+00  4.626443741047038912e-05  4.626443741047038912e-05
4.179624568428847553e+00  1.632515078244243365e-05  1.632515078244243365e-05
4.279624568428848086e+00  2.876564654631327556e-06  2.876564654631327556e-06
4.379624568428847731e+00  2.532045401420675113e-07  2.532045401420675113e-07
4.479624568428847375e+00  1.328192908381325165e-08  1.328192908381325165e-08
4.579624568428847908e+00  2.657486780541615923e-08  2.657486780541615923e-08
4.679624568428847553e+00  1.840488981611149672e-07  1.840488981611149672e-07
4.779624568428848086e+00  7.380974472501365869e-07  7.380974472501365869e-07
4.879624568428847731e+00  1.698344397643454840e-06  1.698344397643454840e-06
4.979624568428847375e+00  2.242142026000975652e-06  2.242142026000975652e-06
5.079624568428847908e+00  1.698344398202017376e-06  1.698344398202017376e-06
5.179624568428847553e+00  7.380974632566485283e-07  7.380974632566485283e-07
5.279624568428848086e+00  1.840472116617040753e-07  1.840472116617040753e-07
5.379624568428847731e+00  2.635088248244511920e-08  2.635088248244511920e-08
5.479624568428847375e+00  2.416560300180891030e-09  2.416560300180891030e-09
5.579624568428847908e+00  2.151272243522587316e-09  2.151272243522587316e-09
5.679624568428847553e+00  1.036279023651604614e-08  1.036279023651604614e-08
5.779624568428848086e+00  3.296230911589091237e-08  3.296230911589091237e-08
5.879624568428847731e+00  6.601011033209041949e-08  6.601011033209041949e-08
5.979624568428847375e+00  8.320349823152421443e-08  8.320349823152421443e-08
6.079624568428847908e+00  6.601011029461609372e-08  6.601011029461609372e-08
6.179624568428847553e+00  3.296227644508032071e-08  3.296227644508032071e-08
6.279624568428848086e+00  1.036023523487629738e-08  1.036023523487629738e-08
6.379624568428847731e+00  2.052059290242948721e-09  2.052059290242948721e-09
6.479624568428847375e+00  2.780725386180388067e-10  2.780725386180388067e-10
6.579624568428847020e+00  1.564684541755414808e-10  1.564684541755414808e-10
6.679624568428848441e+00  5.482801629380193723e-10  5.482801629380193723e-10
6.779624568428848086e+00  1.475968531487681735e-09  1.475968531487681735e-09
6.879624568428847731e+00  2.676558886543879679e-09  2.676558886543879679e-09
6.979624568428847375e+00  3.263970666578237257e-09  3.263970666578237257e-09
7.079624568428847020e+00  2.676558392102352911e-09  2.676558392102352911e-09
7.179624568428848441e+00  1.475939894530650917e-09  1.475939894530650917e-09
7.279624568428848086e+00  5.473205675291653782e-10  5.473205675291653782e-10
7.379624568428847731e+00  1.367263303718996702e-10  1.367263303718996702e-10
7.479624568428847375e+00  2.462087561732097410e-11  2.462087561732097410e-11
7.579624568428847020e+00  1.087238935925809290e-11  1.087238935925809290e-11
7.679624568428848441e+00  2.815072389553074523e-11  2.815072389553074523e-11
7.779624568428848086e+00  6.660666850855933147e-11  6.660666850855933147e-11
7.879624568428847731e+00  1.121112093631233138e-10  1.121112093631233138e-10
7.979624568428847375e+00  1.333662959022152912e-10  1.333662959022152912e-10
8.079624568428847908e+00  1.121108884024018581e-10  1.121108884024018581e-10
8.179624568428849329e+00  6.659698267498980763e-11  6.659698267498980763e-11
8.279624568428847198e+00  2.795801563769176207e-11  2.795801563769176207e-11
8.379624568428848619e+00  8.313985879887396084e-12  8.313985879887396084e-12
8.479624568428846487e+00  1.856826426799804287e-12  1.856826426799804287e-12
8.579624568428847908e+00  7.333945430071122077e-13  7.333945430071122077e-13
8.679624568428849329e+00  1.428776195781367086e-12  1.428776195781367086e-12
8.779624568428847198e+00  3.034477416274204942e-12  3.034477416274204942e-12
8.879624568428848619e+00  4.818037771389217549e-12  4.818037771389217549e-12
8.979624568428846487e+00  5.621883952395634739e-12  5.621883952395634739e-12
9.079624568428849685e+00  4.817936839989959207e-12  4.817936839989959207e-12
9.179624568428849329e+00  3.032517710747436098e-12  3.032517710747436098e-12
9.279624568428848974e+00  1.402097189679076305e-12  1.402097189679076305e-12
9.379624568428848619e+00  4.775736122670433606e-13  4.775736122670433606e-13
9.479624568428848264e+00  1.262171430956643487e-13  1.262171430956643487e-13
9.579624568428849685e+00  4.805507884970386802e-14  4.805507884970386802e-14
9.679624568428849329e+00  7.251194459454988802e-14  7.251194459454988802e-14
9.779624568428848974e+00  1.396468448071412266e-13  1.396468448071412266e-13
9.879624568428848619e+00  2.114127690128428624e-13  2.114127690128428624e-13
9.979624568428848264e+00  2.428895924286694502e-13  2.428895924286694502e-13
1.007962456842884968e+01  2.113922466294570902e-13  2.113922466294570902e-13
1.017962456842884933e+01  1.393613874474258080e-13  1.393613874474258080e-13
1.027962456842884897e+01  6.961071576818194225e-14  6.961071576818194225e-14
1.037962456842884862e+01  2.643497803915213923e-14  2.643497803915213923e-14
1.047962456842884826e+01  7.996922444646312775e-15  7.996922444646312775e-15
