-1.530927908569230667e+00  6.078092199533433248e-07  6.078092199533433248e-07
-1.430927908569230134e+00  1.828792613814215670e-06  1.828792613814215670e-06
-1.330927908569230489e+00  5.271644698583834184e-06  5.271644698583834184e-06
-1.230927908569230400e+00  1.454641023015541384e-05  1.454641023015541384e-05
-1.130927908569230311e+00  3.840300791457697797e-05  3.840300791457697797e-05
-1.030927908569230667e+00  9.696756363575563054e-05  9.696756363575563054e-05
-9.309279085692303557e-01  2.341222026996099374e-04  2.341222026996099374e-04
-8.309279085692304889e-01  5.404421733922632485e-04  5.404421733922632485e-04
-7.309279085692304001e-01  1.192622869396500057e-03  1.192622869396500057e-03
-6.309279085692303113e-01  2.515793190094179656e-03  2.515793190094179656e-03
-5.309279085692304445e-01  5.072762493793647222e-03  5.072762493793647222e-03
-4.309279085692303557e-01  9.776830174244771632e-03  9.776830174244771632e-03
-3.309279085692302669e-01  1.801051277196237532e-02  1.801051277196237532e-02
-2.309279085692304001e-01  3.171189268679974749e-02  3.171189268679974749e-02
-1.309279085692303113e-01  5.336816184618742298e-02  5.336816184618742298e-02
-3.092790856923044451e-02  8.584283438100513697e-02  8.584283438100513697e-02
6.907209143076964430e-02  1.319735338058662666e-01  1.319735338058662666e-01
1.690720914307697331e-01  1.939239128016600477e-01  1.939239128016600477e-01
2.690720914307695999e-01  2.723578398061862194e-01  2.723578398061862194e-01
3.690720914307696887e-01  3.656086614329016604e-01  3.656086614329016604e-01
4.690720914307695555e-01  4.691022701103618742e-01  4.691022701103618742e-01
5.690720914307696443e-01  5.753108223494429740e-01  5.753108223494429740e-01
6.690720914307697331e-01  6.744276089326591839e-01  6.744276089326591839e-01
7.690720914307698219e-01  7.557637209069731909e-01  7.557637209069731909e-01
8.690720914307699108e-01  8.096251886436097722e-01  8.096251886436097722e-01
9.690720914307695555e-01  8.292252057253484132e-01  8.292252057253484132e-01
1.069072091430769644e+00  8.121118616036322457e-01  8.121118616036322457e-01
1.169072091430769733e+00  7.606958452174926721e-01  7.606958452174926721e-01
1.269072091430769822e+00  6.817198596268646549e-01  6.817198596268646549e-01
1.369072091430769911e+00  5.848289654689372563e-01  5.848289654689372563e-01
1.469072091430769555e+00  4.806581383172036093e-01  4.806581383172036093e-01
1.569072091430769644e+00  3.789569864614256156e-01  3.789569864614256156e-01
1.669072091430769733e+00  2.871969243698677121e-01  2.871969243698677121e-01
1.769072091430769822e+00  2.099015797470052125e-01  2.099015797470052125e-01
1.869072091430769911e+00  1.486989012294933077e-01  1.486989012294933077e-01
1.969072091430769555e+00  1.029034126705667684e-01  1.029034126705667684e-01
2.069072091430769866e+00  7.035076660634242973e-02  7.035076660634242973e-02
2.169072091430769511e+00  4.822511797418174706e-02  4.822511797418174706e-02
2.269072091430770044e+00  3.370615761691742041e-02  3.370615761691742041e-02
2.369072091430769689e+00  2.436777765589540415e-02  2.436777765589540415e-02
2.469072091430769333e+00  1.834533880059777480e-02  1.834533880059777480e-02
2.569072091430769866e+00  1.433546539937911694e-02  1.433546539937911694e-02
2.669072091430769511e+00  1.150285777586527829e-02  1.150285777586527829e-02
2.769072091430769156e+00  9.355461889173195822e-03  9.355461889173195822e-03
2.869072091430769689e+00  7.627000856240313126e-03  7.627000856240313126e-03
2.969072091430769333e+00  6.184919776081108760e-03  6.184919776081108760e-03
3.069072091430769866e+00  4.967191482525099878e-03  4.967191482525099878e-03
3.169072091430769511e+00  3.943721069741596037e-03  3.943721069741596037e-03
3.269072091430770044e+00  3.095531746158009835e-03  3.095531746158009835e-03
3.369072091430769689e+00  2.405279569290155565e-03  2.405279569290155565e-03
3.469072091430769333e+00  1.854167922399545297e-03  1.854167922399545297e-03
3.569072091430769866e+00  1.421979408528588427e-03  1.421979408528588427e-03
3.669072091430769511e+00  1.088271699926955617e-03  1.088271699926955617e-03
3.769072091430770044e+00  8.337048786508135644e-04  8.337048786508135644e-04
3.869072091430769689e+00  6.410433638503375492e-04  6.410433638503375492e-04
3.969072091430769333e+00  4.957043344659997327e-04  4.957043344659997327e-04
4.069072091430769866e+00  3.858927076084447505e-04  3.858927076084447505e-04
4.169072091430769511e+00  3.024323933750523610e-04  3.024323933750523610e-04
4.269072091430770044e+00  2.384163683201597471e-04  2.384163683201597471e-04
4.369072091430769689e+00  1.887813484804972601e-04  1.887813484804972601e-04
4.469072091430769333e+00  1.498840671447594012e-04  1.498840671447594012e-04
4.569072091430769866e+00  1.191261778738400578e-04  1.191261778738400578e-04
4.669072091430769511e+00  9.464950481054925952e-05  9.464950481054925952e-05
4.769072091430770044e+00  7.510512896457570615e-05  7.510512896457570615e-05
4.869072091430769689e+00  5.948869173029099099e-05  5.948869173029099099e-05
4.969072091430769333e+00  4.702908399778813571e-05  4.702908399778813571e-05
5.069072091430769866e+00  3.711664561688021713e-05  3.711664561688021713e-05
5.169072091430769511e+00  2.925844236268411487e-05  2.925844236268411487e-05
5.269072091430770044e+00  2.305076276145845779e-05  2.305076276145845779e-05
5.369072091430769689e+00  1.816175696411916787e-05  1.816175696411916787e-05
5.469072091430769333e+00  1.431959164719573318e-05  1.431959164719573318e-05
5.569072091430769866e+00  1.130339131957532047e-05  1.130339131957532047e-05
5.669072091430769511e+00  8.935550795321007663e-06  8.935550795321007663e-06
5.769072091430770044e+00  7.074818517148557455e-06  7.074818517148557455e-06
5.869072091430769689e+00  5.609990470935695295e-06  5.609990470935695295e-06
5.969072091430769333e+00  4.454244314411583559e-06  4.454244314411583559e-06
6.069072091430769866e+00  3.540186536971279842e-06  3.540186536971279842e-06
6.169072091430769511e+00  2.815657201135993746e-06  2.815657201135993746e-06
6.269072091430770044e+00  2.240285431266642320e-06  2.240285431266642320e-06
6.369072091430769689e+00  1.782741087614557092e-06  1.782741087614557092e-06
6.469072091430769333e+00  1.418595563059028200e-06  1.418595563059028200e-06
6.569072091430768978e+00  1.128689505754238829e-06  1.128689505754238829e-06
6.669072091430770399e+00  8.979047089661270952e-07  8.979047089661270952e-07
6.769072091430770044e+00  7.142467777443571370e-07  7.142467777443571370e-07
6.869072091430769689e+00  5.681598451764511973e-07  5.681598451764511973e-07
6.969072091430769333e+00  4.520108562677153150e-07  4.520108562677153150e-07
7.069072091430768978e+00  3.596962622668979818e-07  3.596962622668979818e-07
7.169072091430770399e+00  2.863369987006094034e-07  2.863369987006094034e-07
7.269072091430770044e+00  2.280378589771997110e-07  2.280378589771997110e-07
7.369072091430769689e+00  1.816949063271135528e-07  1.816949063271135528e-07
7.469072091430769333e+00  1.448397929220752540e-07  1.448397929220752540e-07
7.569072091430768978e+00  1.155132988698318242e-07  1.155132988698318242e-07
7.669072091430770399e+00  9.216257817917771730e-08  9.216257817917771730e-08
7.769072091430770044e+00  7.355793685965812760e-08  7.355793685965812760e-08
7.869072091430769689e+00  5.872579794214207222e-08  5.872579794214207222e-08
7.969072091430769333e+00  4.689505454904539459e-08  4.689505454904539459e-08
8.069072091430770755e+00  3.745441493762045945e-08  3.745441493762045945e-08
8.169072091430770399e+00  2.991867932467895685e-08  2.991867932467895685e-08
8.269072091430770044e+00  2.390219223063214875e-08  2.390219223063214875e-08
8.369072091430769689e+00  1.909799677031866751e-08  1.909799677031866751e-08
8.469072091430769333e+00  1.526147778861007063e-08  1.526147778861007063e-08
8.569072091430770755e+00  1.219751428549574543e-08  1.219751428549574543e-08
8.669072091430770399e+00  9.750364095009488554e-09  9.750364095009488554e-09
8.769072091430770044e+00  7.795673552044848501e-09  7.795673552044848501e-09
8.869072091430769689e+00  6.234142779901804685e-09  6.234142779901804685e-09
8.969072091430769333e+00  4.986486175079461280e-09  4.986486175079461280e-09
9.069072091430770755e+00  3.989411778957669139e-09  3.989411778957669139e-09
9.169072091430770399e+00  3.192407059808586968e-09  3.192407059808586968e-09
9.269072091430770044e+00  2.555166568894972935e-09  2.555166568894972935e-09
9.369072091430769689e+00  2.045532835549311187e-09  2.045532835549311187e-09
9.469072091430769333e+00  1.637848884758589594e-09  1.637848884758589594e-09
9.569072091430770755e+00  1.311641337706374163e-09  1.311641337706374163e-09
9.669072091430770399e+00  1.050568989345726679e-09  1.050568989345726679e-09
9.769072091430770044e+00  8.415843208652241122e-10  8.415843208652241122e-10
9.869072091430769689e+00  6.742654743717884753e-10  6.742654743717884753e-10
9.969072091430769333e+00  5.402843850617411864e-10  5.402843850617411864e-10
1.006907209143077075e+01  4.329834360817370574e-10  4.329834360817370574e-10
1.016907209143077040e+01  3.470384564023410232e-10  3.470384564023410232e-10
1.026907209143077004e+01  2.781903321954356971e-10  2.781903321954356971e-10
1.036907209143076969e+01  2.230311132263845677e-10  2.230311132263845677e-10
1.046907209143076933e+01  1.788334060243265606e-10  1.788334060243265606e-10
