-1.636361776698433523e+00  3.988494511962379655e-53  3.988494511962379655e-53
-1.536361776698433879e+00  3.221929106877679649e-49  3.221929106877679649e-49
-1.436361776698433790e+00  2.984101751202368487e-45  2.984101751202368487e-45
-1.336361776698433701e+00  1.951696544232482555e-41  1.951696544232482555e-41
-1.236361776698434056e+00  8.663315836698782784e-38  8.663315836698782784e-38
-1.136361776698433523e+00  2.602676689542828622e-34  2.602676689542828622e-34
-1.036361776698433879e+00  5.290797490093946485e-31  5.290797490093946485e-31
-9.363617766984337898e-01  7.277414607356079949e-28  7.277414607356079949e-28
-8.363617766984337010e-01  6.773092552579523917e-25  6.773092552579523917e-25
-7.363617766984336122e-01  4.265310519539490342e-22  4.265310519539490342e-22
-6.363617766984337454e-01  1.817473228154780726e-19  1.817473228154780726e-19
-5.363617766984336566e-01  5.240094395740454935e-17  5.240094395740454935e-17
-4.363617766984335677e-01  1.022266001194542599e-14  1.022266001194542599e-14
-3.363617766984337010e-01  1.349405394409115293e-12  1.349405394409115293e-12
-2.363617766984336122e-01  1.205243186082718767e-10  1.205243186082718767e-10
-1.363617766984337454e-01  7.283844166842722441e-09  7.283844166842722441e-09
-3.636177669843365656e-02  2.978518656455106528e-07  2.978518656455106528e-07
6.363822330156643226e-02  8.241262011044553644e-06  8.241262011044553644e-06
1.636382233015662990e-01  1.542910863057023077e-04  1.542910863057023077e-04
2.636382233015663878e-01  1.954526980998338385e-03  1.954526980998338385e-03
3.636382233015662546e-01  1.675314015052653538e-02  1.675314015052653538e-02
4.636382233015663434e-01  9.716380036429460298e-02  9.716380036429460298e-02
5.636382233015664323e-01  3.812997225426371095e-01  3.812997225426371095e-01
6.636382233015665211e-01  1.012470171124966845e+00  1.012470171124966845e+00
7.636382233015666099e-01  1.819080413269168917e+00  1.819080413269168917e+00
8.636382233015662546e-01  2.211447436175804970e+00  2.211447436175804970e+00
9.636382233015663434e-01  1.819140263139347180e+00  1.819140263139347180e+00
1.063638223301566432e+00  1.012791322209777523e+00  1.012791322209777523e+00
1.163638223301566521e+00  3.826898518899654600e-01  3.826898518899654600e-01
1.263638223301566610e+00  1.021115664190220956e-01  1.021115664190220956e-01
1.363638223301566255e+00  3.123874635548947593e-02  3.123874635548947593e-02
1.463638223301566343e+00  3.683973391027529215e-02  3.683973391027529215e-02
1.563638223301566432e+00  6.926156988178804041e-02  6.926156988178804041e-02
1.663638223301566521e+00  1.126207075625253046e-01  1.126207075625253046e-01
1.763638223301566610e+00  1.509519079243585582e-01  1.509519079243585582e-01
1.863638223301566255e+00  1.664600017446566105e-01  1.664600017446566105e-01
1.963638223301566343e+00  1.510545871918669569e-01  1.510545871918669569e-01
2.063638223301566654e+00  1.129469654525035172e-01  1.129469654525035172e-01
2.163638223301566299e+00  7.000000456838111063e-02  7.000000456838111063e-02
2.263638223301566832e+00  3.696705612546325598e-02  3.696705612546325598e-02
2.363638223301566477e+00  1.874632491807275841e-02  1.874632491807275841e-02
2.463638223301567010e+00  1.260304734748063198e-02  1.260304734748063198e-02
2.563638223301566654e+00  1.346552890196962143e-02  1.346552890196962143e-02
2.663638223301566299e+00  1.704455373668252102e-02  1.704455373668252102e-02
2.763638223301566832e+00  2.039724683960186455e-02  2.039724683960186455e-02
2.863638223301566477e+00  2.173035931452804367e-02  2.173035931452804367e-02
2.963638223301567010e+00  2.039583820465666608e-02  2.039583820465666608e-02
3.063638223301566654e+00  1.687644855819579737e-02  1.687644855819579737e-02
3.163638223301567187e+00  1.239936462186629930e-02  1.239936462186629930e-02
3.263638223301566832e+00  8.267983330359763433e-03  8.267983330359763433e-03
3.363638223301566477e+00  5.309505639830468943e-03  5.309505639830468943e-03
3.463638223301567010e+00  3.709702105197235523e-03  3.709702105197235523e-03
3.563638223301566654e+00  3.184634339015746021e-03  3.184634339015746021e-03
3.663638223301567187e+00  3.262794418567007294e-03  3.262794418567007294e-03
3.763638223301566832e+00  3.502420133788866283e-03  3.502420133788866283e-03
3.863638223301566477e+00  3.600340317304764545e-03  3.600340317304764545e-03
3.963638223301567010e+00  3.421517009409911006e-03  3.421517009409911006e-03
4.063638223301566654e+00  2.980167582160695230e-03  2.980167582160695230e-03
4.163638223301567187e+00  2.388497672667908630e-03  2.388497672667908630e-03
4.263638223301566832e+00  1.789552117335841590e-03  1.789552117335841590e-03
4.363638223301566477e+00  1.297740811499401665e-03  1.297740811499401665e-03
4.463638223301567010e+00  9.669133470645152736e-04  9.669133470645152736e-04
4.563638223301566654e+00  7.904459535744989569e-04  7.904459535744989569e-04
4.663638223301567187e+00  7.227310086054138018e-04  7.227310086054138018e-04
4.763638223301566832e+00  7.062974368831382178e-04  7.062974368831382178e-04
4.863638223301566477e+00  6.929912256535637662e-04  6.929912256535637662e-04
4.963638223301567010e+00  6.547982731393381340e-04  6.547982731393381340e-04
5.063638223301566654e+00  5.850437584730991489e-04  5.850437584730991489e-04
5.163638223301567187e+00  4.929711724502577755e-04  4.929711724502577755e-04
5.263638223301566832e+00  3.952870791302964706e-04  3.952870791302964706e-04
5.363638223301566477e+00  3.080296433148934092e-04  3.080296433148934092e-04
5.463638223301567010e+00  2.411959691171233126e-04  2.411959691171233126e-04
5.563638223301566654e+00  1.970684000136579169e-04  1.970684000136579169e-04
5.663638223301567187e+00  1.716598331937435498e-04  1.716598331937435498e-04
5.763638223301566832e+00  1.577848558481421992e-04  1.577848558481421992e-04
5.863638223301566477e+00  1.481903357842873136e-04  1.481903357842873136e-04
5.963638223301567010e+00  1.377025347183471191e-04  1.377025347183471191e-04
6.063638223301566654e+00  1.240380819723636645e-04  1.240380819723636645e-04
6.163638223301567187e+00  1.074679630435820073e-04  1.074679630435820073e-04
6.263638223301566832e+00  8.980726785380883774e-05  8.980726785380883774e-05
6.363638223301566477e+00  7.325309658598589790e-05  7.325309658598589790e-05
6.463638223301566121e+00  5.947826017413699061e-05  5.947826017413699061e-05
6.563638223301567542e+00  4.918719050160756651e-05  4.918719050160756651e-05
6.663638223301567187e+00  4.213215648221739089e-05  4.213215648221739089e-05
6.763638223301566832e+00  3.743963851457294618e-05  3.743963851457294618e-05
6.863638223301566477e+00  3.404220028158297509e-05  3.404220028158297509e-05
6.963638223301566121e+00  3.104189398035623731e-05  3.104189398035623731e-05
7.063638223301567542e+00  2.790964517655016819e-05  2.790964517655016819e-05
7.163638223301567187e+00  2.450871768447825921e-05  2.450871768447825921e-05
7.263638223301566832e+00  2.099005993318141098e-05  2.099005993318141098e-05
7.363638223301566477e+00  1.763246577209402668e-05  1.763246577209402668e-05
7.463638223301566121e+00  1.469492477989333251e-05  1.469492477989333251e-05
7.563638223301567542e+00  1.232382926157831748e-05  1.232382926157831748e-05
7.663638223301567187e+00  1.052724355993422728e-05  1.052724355993422728e-05
7.763638223301566832e+00  9.203368946627646813e-06  9.203368946627646813e-06
7.863638223301566477e+00  8.196991680901458130e-06  8.196991680901458130e-06
7.963638223301567898e+00  7.356879490367393507e-06  7.356879490367393507e-06
8.063638223301566654e+00  6.575246018677124935e-06  6.575246018677124935e-06
8.163638223301568075e+00  5.802084986486252246e-06  5.802084986486252246e-06
8.263638223301565944e+00  5.037485685196904776e-06  5.037485685196904776e-06
8.363638223301567365e+00  4.311107059596671595e-06  4.311107059596671595e-06
8.463638223301568786e+00  3.659232219062920288e-06  3.659232219062920288e-06
8.563638223301566654e+00  3.107378015960906014e-06  3.107378015960906014e-06
8.663638223301568075e+00  2.662216516303054717e-06  2.662216516303054717e-06
8.763638223301565944e+00  2.312451122082886228e-06  2.312451122082886228e-06
8.863638223301567365e+00  2.035550081445560627e-06  2.035550081445560627e-06
8.963638223301568786e+00  1.806327755887436589e-06  1.806327755887436589e-06
9.063638223301566654e+00  1.604013753623797450e-06  1.604013753623797450e-06
9.163638223301566299e+00  1.415975089061665511e-06  1.415975089061665511e-06
9.263638223301565944e+00  1.237898068721485108e-06  1.237898068721485108e-06
9.363638223301565588e+00  1.071432588748181526e-06  1.071432588748181526e-06
9.463638223301567010e+00  9.208075792627627531e-07  9.208075792627627531e-07
9.563638223301566654e+00  7.897945613338506327e-07  7.897945613338506327e-07
9.663638223301566299e+00  6.798654832210417033e-07  6.798654832210417033e-07
9.763638223301565944e+00  5.897527383375854339e-07  5.897527383375854339e-07
9.863638223301565588e+00  5.161096359078354405e-07  5.161096359078354405e-07
9.963638223301567010e+00  4.547117579434261379e-07  4.547117579434261379e-07
1.006363822330156665e+01  4.016391360099318098e-07  4.016391360099318098e-07
1.016363822330156630e+01  3.540577496321978326e-07  3.540577496321978326e-07
1.026363822330156594e+01  3.104647616418915740e-07  3.104647616418915740e-07
1.036363822330156559e+01  2.704759406935118918e-07  2.704759406935118918e-07
