-1.552217234697804038e+00  0.000000000000000000e+00  0.000000000000000000e+00
-1.452217234697803505e+00  0.000000000000000000e+00  0.000000000000000000e+00
-1.352217234697803860e+00  0.000000000000000000e+00  0.000000000000000000e+00
-1.252217234697803772e+00  0.000000000000000000e+00  0.000000000000000000e+00
-1.152217234697803683e+00  0.000000000000000000e+00  0.000000000000000000e+00
-1.052217234697804038e+00  0.000000000000000000e+00  0.000000000000000000e+00
-9.522172346978037272e-01  0.000000000000000000e+00  0.000000000000000000e+00
-8.522172346978038604e-01  0.000000000000000000e+00  0.000000000000000000e+00
-7.522172346978037716e-01  0.000000000000000000e+00  0.000000000000000000e+00
-6.522172346978036828e-01  0.000000000000000000e+00  0.000000000000000000e+00
-5.522172346978038160e-01  0.000000000000000000e+00  0.000000000000000000e+00
-4.522172346978037272e-01  0.000000000000000000e+00  0.000000000000000000e+00
-3.522172346978036384e-01  0.000000000000000000e+00  0.000000000000000000e+00
-2.522172346978037716e-01  0.000000000000000000e+00  0.000000000000000000e+00
-1.522172346978036828e-01  0.000000000000000000e+00  0.000000000000000000e+00
-5.221723469780381599e-02  0.000000000000000000e+00  0.000000000000000000e+00
4.778276530219627283e-02  0.000000000000000000e+00  0.000000000000000000e+00
1.477827653021963616e-01  0.000000000000000000e+00  0.000000000000000000e+00
2.477827653021962284e-01  0.000000000000000000e+00  0.000000000000000000e+00
3.477827653021963172e-01  0.000000000000000000e+00  0.000000000000000000e+00
4.477827653021961840e-01  0.000000000000000000e+00  0.000000000000000000e+00
5.477827653021962728e-01  0.000000000000000000e+00  0.000000000000000000e+00
6.477827653021963616e-01  1.374018548889748434e-194  1.374018548889748434e-194
7.477827653021964505e-01  5.147698132900410308e-86  5.147698132900410308e-86
8.477827653021965393e-01  7.174396206200410742e-21  7.174396206200410742e-21
9.477827653021961840e-01  3.719713167454818148e+01  3.719713167454818148e+01
1.047782765302196273e+00  7.174396206197251014e-21  7.174396206197251014e-21
1.147782765302196362e+00  5.147698132895875506e-86  5.147698132895875506e-86
1.247782765302196450e+00  1.374018548887951979e-194  1.374018548887951979e-194
1.347782765302196539e+00  0.000000000000000000e+00  0.000000000000000000e+00
1.447782765302196184e+00  6.318888484281633972e-272  6.318888484281633972e-272
1.547782765302196273e+00  3.287752519387047007e-174  3.287752519387047007e-174
1.647782765302196362e+00  3.299388469368467947e-98  3.299388469368467947e-98
1.747782765302196450e+00  6.386217274678611709e-44  6.386217274678611709e-44
1.847782765302196539e+00  2.384129453051125751e-11  2.384129453051125751e-11
1.947782765302196184e+00  1.716690012742126514e+00  1.716690012742126514e+00
2.047782765302196495e+00  2.384129453050600362e-11  2.384129453050600362e-11
2.147782765302196140e+00  6.386217274675797910e-44  6.386217274675797910e-44
2.247782765302196673e+00  3.299388469366311549e-98  3.299388469366311549e-98
2.347782765302196317e+00  3.287752519384056551e-174  3.287752519384056551e-174
2.447782765302195962e+00  1.518451098160025503e-182  1.518451098160025503e-182
2.547782765302196495e+00  2.116279843280456290e-117  2.116279843280456290e-117
2.647782765302196140e+00  9.846063920018020662e-67  9.846063920018020662e-67
2.747782765302195784e+00  1.529218263354524315e-30  1.529218263354524315e-30
2.847782765302196317e+00  7.928546384432300787e-09  7.928546384432300787e-09
2.947782765302195962e+00  1.372255361718034694e-01  1.372255361718034694e-01
3.047782765302196495e+00  7.928546384429961520e-09  7.928546384429961520e-09
3.147782765302196140e+00  1.529218263354524315e-30  1.529218263354524315e-30
3.247782765302196673e+00  9.846063920009347068e-67  9.846063920009347068e-67
3.347782765302196317e+00  2.116279843278050342e-117  2.116279843278050342e-117
3.447782765302195962e+00  2.645543291985850655e-138  2.645543291985850655e-138
3.547782765302196495e+00  1.908288736362603509e-89  1.908288736362603509e-89
3.647782765302196140e+00  1.911662643033324348e-51  1.911662643033324348e-51
3.747782765302196673e+00  2.659600294545808293e-24  2.659600294545808293e-24
3.847782765302196317e+00  5.138773120107217528e-08  5.138773120107217528e-08
3.947782765302195962e+00  1.378924435095856167e-02  1.378924435095856167e-02
4.047782765302196495e+00  5.138773120106085945e-08  5.138773120106085945e-08
4.147782765302196140e+00  2.659600294544636472e-24  2.659600294544636472e-24
4.247782765302196673e+00  1.911662643032074494e-51  1.911662643032074494e-51
4.347782765302196317e+00  1.908288736360922235e-89  1.908288736360922235e-89
4.447782765302195962e+00  4.196550469854783685e-112  4.196550469854783685e-112
4.547782765302196495e+00  5.121484018184044313e-73  5.121484018184044313e-73
4.647782765302196140e+00  1.288277895183041465e-42  1.288277895183041465e-42
4.747782765302196673e+00  6.679341525513266681e-21  6.679341525513266681e-21
4.847782765302196317e+00  7.137861343370313587e-08  7.137861343370313587e-08
4.947782765302195962e+00  1.572218587278081427e-03  1.572218587278081427e-03
5.047782765302196495e+00  7.137861343369045684e-08  7.137861343369045684e-08
5.147782765302196140e+00  6.679341525510892370e-21  6.679341525510892370e-21
5.247782765302196673e+00  1.288277895182364082e-42  1.288277895182364082e-42
5.347782765302196317e+00  5.121484018180404829e-73  5.121484018180404829e-73
5.447782765302195962e+00  6.461415224083974455e-95  6.461415224083974455e-95
5.547782765302196495e+00  2.412202667331495681e-62  2.412202667331495681e-62
5.647782765302196140e+00  5.203056848846768093e-37  5.203056848846768093e-37
5.747782765302196673e+00  6.484283339587614179e-19  6.484283339587614179e-19
5.847782765302196317e+00  4.669001691420107344e-08  4.669001691420107344e-08
5.947782765302195962e+00  1.942427033984577402e-04  1.942427033984577402e-04
6.047782765302196495e+00  4.669001691419419130e-08  4.669001691419419130e-08
6.147782765302196140e+00  6.484283339585725805e-19  6.484283339585725805e-19
6.247782765302196673e+00  5.203056848844476197e-37  5.203056848844476197e-37
6.347782765302196317e+00  2.412202667330124689e-62  2.412202667330124689e-62
6.447782765302195962e+00  7.107496250514921802e-83  7.107496250514921802e-83
6.547782765302195607e+00  5.897223924340471309e-55  5.897223924340471309e-55
6.647782765302197028e+00  3.057536948386441391e-33  3.057536948386441391e-33
6.747782765302196673e+00  9.905785618886372265e-18  9.905785618886372265e-18
6.847782765302196317e+00  2.005391875966874396e-08  2.005391875966874396e-08
6.947782765302195962e+00  2.536896173569518653e-05  2.536896173569518653e-05
7.047782765302195607e+00  2.005391875966874396e-08  2.005391875966874396e-08
7.147782765302197028e+00  9.905785618881374091e-18  9.905785618881374091e-18
7.247782765302196673e+00  3.057536948384095516e-33  3.057536948384095516e-33
7.347782765302196317e+00  5.897223924340471309e-55  5.897223924340471309e-55
7.447782765302195962e+00  4.780166580981772896e-74  4.780166580981772896e-74
7.547782765302195607e+00  1.283830348415253012e-49  1.283830348415253012e-49
7.647782765302197028e+00  1.284964770797315413e-30  1.284964770797315413e-30
7.747782765302196673e+00  4.792849373470585748e-17  4.792849373470585748e-17
7.847782765302196317e+00  6.662163951190059470e-09  6.662163951190059470e-09
7.947782765302195962e+00  3.451086366759411804e-06  3.451086366759411804e-06
8.047782765302198271e+00  6.662163951188579643e-09  6.662163951188579643e-09
8.147782765302196140e+00  4.792849373468473696e-17  4.792849373468473696e-17
8.247782765302197561e+00  1.284964770796457293e-30  1.284964770796457293e-30
8.347782765302195429e+00  1.283830348415253012e-49  1.283830348415253012e-49
8.447782765302196850e+00  2.325234175358055988e-67  2.325234175358055988e-67
8.547782765302198271e+00  1.205565200587027633e-45  1.205565200587027633e-45
8.647782765302196140e+00  9.341584682681628879e-29  9.341584682681628879e-29
8.747782765302197561e+00  1.081822883004454603e-16  1.081822883004454603e-16
8.847782765302195429e+00  1.872395240755622623e-09  1.872395240755622623e-09
8.947782765302196850e+00  4.843336575004585917e-07  4.843336575004585917e-07
9.047782765302198271e+00  1.872395240755253701e-09  1.872395240755253701e-09
9.147782765302197916e+00  1.081822883004031822e-16  1.081822883004031822e-16
9.247782765302197561e+00  9.341584682676052832e-29  9.341584682676052832e-29
9.347782765302197205e+00  1.205565200586085313e-45  1.205565200586085313e-45
9.447782765302196850e+00  3.599281577299433555e-62  3.599281577299433555e-62
9.547782765302198271e+00  1.257374659302216074e-42  1.257374659302216074e-42
9.647782765302197916e+00  1.994213124250849636e-27  1.994213124250849636e-27
9.747782765302197561e+00  1.435931152689512181e-16  1.435931152689512181e-16
9.847782765302197205e+00  4.694083883815430653e-10  4.694083883815430653e-10
9.947782765302196850e+00  6.966638182895160189e-08  6.966638182895160189e-08
1.004778276530219827e+01  4.694083883814596234e-10  4.694083883814596234e-10
1.014778276530219792e+01  1.435931152689002133e-16  1.435931152689002133e-16
1.024778276530219756e+01  1.994213124249786712e-27  1.994213124249786712e-27
1.034778276530219721e+01  1.257374659301322827e-42  1.257374659301322827e-42
1.044778276530219685e+01  4.549327436396551390e-58  4.549327436396551390e-58
