-1.611110521619307789e+00  1.352158134950486818e-20  1.352158134950486818e-20
-1.511110521619307256e+00  4.606444488465207899e-19  4.606444488465207899e-19
-1.411110521619307612e+00  1.440515056853081636e-17  1.440515056853081636e-17
-1.311110521619307523e+00  3.969802527955063067e-16  3.969802527955063067e-16
-1.211110521619307434e+00  9.506812902207251573e-15  9.506812902207251573e-15
-1.111110521619307789e+00  1.969000955372230748e-13  1.969000955372230748e-13
-1.011110521619307256e+00  3.521043742514489483e-12  3.521043742514489483e-12
-9.111105216193076117e-01  5.433006199479880299e-11  5.433006199479880299e-11
-8.111105216193075229e-01  7.231791087227638003e-10  7.231791087227638003e-10
-7.111105216193074341e-01  8.303177846101068880e-09  8.303177846101068880e-09
-6.111105216193075673e-01  8.222735694019244324e-08  8.222735694019244324e-08
-5.111105216193074785e-01  7.023490197504739186e-07  7.023490197504739186e-07
-4.111105216193073897e-01  5.174281161289514496e-06  5.174281161289514496e-06
-3.111105216193075229e-01  3.287799557121780209e-05  3.287799557121780209e-05
-2.111105216193074341e-01  1.801846681974418845e-04  1.801846681974418845e-04
-1.111105216193075673e-01  8.517007379142454895e-04  8.517007379142454895e-04
-1.111052161930747850e-02  3.472264108717440945e-03  3.472264108717440945e-03
8.888947838069261032e-02  1.220942373325556614e-02  1.220942373325556614e-02
1.888894783806924771e-01  3.702838532482957690e-02  3.702838532482957690e-02
2.888894783806925659e-01  9.685736460047424112e-02  9.685736460047424112e-02
3.888894783806924327e-01  2.185198607977705265e-01  2.185198607977705265e-01
4.888894783806925215e-01  4.252201549824876081e-01  4.252201549824876081e-01
5.888894783806926103e-01  7.136911145331181761e-01  7.136911145331181761e-01
6.888894783806926991e-01  1.033236014598717167e+00  1.033236014598717167e+00
7.888894783806927880e-01  1.290403915816272118e+00  1.290403915816272118e+00
8.888894783806924327e-01  1.390577171856314020e+00  1.390577171856314020e+00
9.888894783806925215e-01  1.293835409029836958e+00  1.293835409029836958e+00
1.088889478380692610e+00  1.041137061603225611e+00  1.041137061603225611e+00
1.188889478380692699e+00  7.280340999047880679e-01  7.280340999047880679e-01
1.288889478380692788e+00  4.486365767471043875e-01  4.486365767471043875e-01
1.388889478380692433e+00  2.537764035787481998e-01  2.537764035787481998e-01
1.488889478380692521e+00  1.460857905602139795e-01  1.460857905602139795e-01
1.588889478380692610e+00  1.008603910268140447e-01  1.008603910268140447e-01
1.688889478380692699e+00  8.910748629239560736e-02  8.910748629239560736e-02
1.788889478380692788e+00  8.957640926159064765e-02  8.957640926159064765e-02
1.888889478380692433e+00  9.051959257553376936e-02  9.051959257553376936e-02
1.988889478380692521e+00  8.712361300937791764e-02  8.712361300937791764e-02
2.088889478380692388e+00  7.868395884932058437e-02  7.868395884932058437e-02
2.188889478380692921e+00  6.663418826499170611e-02  6.663418826499170611e-02
2.288889478380692566e+00  5.322198176546285436e-02  5.322198176546285436e-02
2.388889478380692211e+00  4.057614313308127718e-02  4.057614313308127718e-02
2.488889478380692744e+00  3.013364538134797460e-02  3.013364538134797460e-02
2.588889478380692388e+00  2.245209485945443006e-02  2.245209485945443006e-02
2.688889478380692033e+00  1.734554765644128957e-02  1.734554765644128957e-02
2.788889478380692566e+00  1.419340686001790280e-02  1.419340686001790280e-02
2.888889478380692211e+00  1.226068423313169189e-02  1.226068423313169189e-02
2.988889478380692744e+00  1.092409582034204775e-02  1.092409582034204775e-02
3.088889478380692388e+00  9.773695935649723276e-03  9.773695935649723276e-03
3.188889478380692921e+00  8.613878300558036952e-03  8.613878300558036952e-03
3.288889478380692566e+00  7.408171454348209950e-03  7.408171454348209950e-03
3.388889478380692211e+00  6.208033603840265070e-03  6.208033603840265070e-03
3.488889478380692744e+00  5.091377429948930854e-03  5.091377429948930854e-03
3.588889478380692388e+00  4.122135181659732257e-03  4.122135181659732257e-03
3.688889478380692921e+00  3.331910593735170831e-03  3.331910593735170831e-03
3.788889478380692566e+00  2.718962671654274847e-03  2.718962671654274847e-03
3.888889478380692211e+00  2.257499047284605535e-03  2.257499047284605535e-03
3.988889478380692744e+00  1.910500856807358008e-03  1.910500856807358008e-03
4.088889478380692388e+00  1.641088268541247364e-03  1.641088268541247364e-03
4.188889478380692921e+00  1.419816484651785244e-03  1.419816484651785244e-03
4.288889478380692566e+00  1.227452094642994583e-03  1.227452094642994583e-03
4.388889478380692211e+00  1.054215932650403361e-03  1.054215932650403361e-03
4.488889478380692744e+00  8.970665819434386077e-04  8.970665819434386077e-04
4.588889478380692388e+00  7.565085938004158760e-04  7.565085938004158760e-04
4.688889478380692921e+00  6.339433568321440043e-04  6.339433568321440043e-04
4.788889478380692566e+00  5.300249950557966907e-04  5.300249950557966907e-04
4.888889478380692211e+00  4.440295980679577611e-04  4.440295980679577611e-04
4.988889478380692744e+00  3.739747699417106017e-04  3.739747699417106017e-04
5.088889478380692388e+00  3.171351711788405439e-04  3.171351711788405439e-04
5.188889478380692921e+00  2.706391331415017656e-04  2.706391331415017656e-04
5.288889478380692566e+00  2.319384184382811500e-04  2.319384184382811500e-04
5.388889478380692211e+00  1.990625972986227656e-04  1.990625972986227656e-04
5.488889478380692744e+00  1.706648227199228460e-04  1.706648227199228460e-04
5.588889478380692388e+00  1.459211886013459132e-04  1.459211886013459132e-04
5.688889478380692921e+00  1.243622760721314229e-04  1.243622760721314229e-04
5.788889478380692566e+00  1.057039165732721154e-04  1.057039165732721154e-04
5.888889478380692211e+00  8.971883880203259016e-05  8.971883880203259016e-05
5.988889478380692744e+00  7.616406842695343238e-05  7.616406842695343238e-05
6.088889478380692388e+00  6.475857550725798472e-05  6.475857550725798472e-05
6.188889478380692921e+00  5.519472036096829124e-05  5.519472036096829124e-05
6.288889478380692566e+00  4.716479132412693017e-05  4.716479132412693017e-05
6.388889478380692211e+00  4.038755547503564966e-05  4.038755547503564966e-05
6.488889478380691855e+00  3.462596917545008012e-05  3.462596917545008012e-05
6.588889478380693276e+00  2.969332523727664003e-05  2.969332523727664003e-05
6.688889478380692921e+00  2.544953705356409564e-05  2.544953705356409564e-05
6.788889478380692566e+00  2.179145667524092257e-05  2.179145667524092257e-05
6.888889478380692211e+00  1.864137600908010014e-05  1.864137600908010014e-05
6.988889478380691855e+00  1.593686387554422393e-05  1.593686387554422393e-05
7.088889478380693276e+00  1.362360745105207677e-05  1.362360745105207677e-05
7.188889478380692921e+00  1.165155023297886543e-05  1.165155023297886543e-05
7.288889478380692566e+00  9.973684108881903027e-06  9.973684108881903027e-06
7.388889478380692211e+00  8.546444357970647135e-06  8.546444357970647135e-06
7.488889478380691855e+00  7.330681974378810930e-06  7.330681974378810930e-06
7.588889478380693276e+00  6.292473629378814574e-06  6.292473629378814574e-06
7.688889478380692921e+00  5.403398631904226751e-06  5.403398631904226751e-06
7.788889478380692566e+00  4.640233152292886245e-06  4.640233152292886245e-06
7.888889478380692211e+00  3.984217215888628393e-06  3.984217215888628393e-06
7.988889478380693632e+00  3.420129367433927773e-06  3.420129367433927773e-06
8.088889478380693276e+00  2.935385200983103689e-06  2.935385200983103689e-06
8.188889478380692921e+00  2.519302663607625211e-06  2.519302663607625211e-06
8.288889478380692566e+00  2.162590607814958108e-06  2.162590607814958108e-06
8.388889478380692211e+00  1.857046431139312931e-06  1.857046431139312931e-06
8.488889478380693632e+00  1.595407241827700599e-06  1.595407241827700599e-06
8.588889478380693276e+00  1.371287103843105062e-06  1.371287103843105062e-06
8.688889478380692921e+00  1.179142657065762274e-06  1.179142657065762274e-06
8.788889478380692566e+00  1.014230017045198848e-06  1.014230017045198848e-06
8.888889478380692211e+00  8.725377243119603872e-07  8.725377243119603872e-07
8.988889478380693632e+00  7.506973496479555190e-07  7.506973496479555190e-07
9.088889478380693276e+00  6.458826389456927486e-07  6.458826389456927486e-07
9.188889478380692921e+00  5.557102747812957053e-07  5.557102747812957053e-07
9.288889478380692566e+00  4.781526439322252800e-07  4.781526439322252800e-07
9.388889478380692211e+00  4.114681030033957736e-07  4.114681030033957736e-07
9.488889478380693632e+00  3.541493668473215286e-07  3.541493668473215286e-07
9.588889478380693276e+00  3.048871716135576134e-07  3.048871716135576134e-07
9.688889478380692921e+00  2.625447422601976323e-07  2.625447422601976323e-07
9.788889478380692566e+00  2.261385952684904894e-07  2.261385952684904894e-07
9.888889478380692211e+00  1.948222432943906192e-07  1.948222432943906192e-07
9.988889478380693632e+00  1.678707897966533172e-07  1.678707897966533172e-07
1.008888947838069328e+01  1.446656974900970675e-07  1.446656974900970675e-07
1.018888947838069292e+01  1.246798993692758516e-07  1.246798993692758516e-07
1.028888947838069257e+01  1.074638271985455119e-07  1.074638271985455119e-07
1.038888947838069221e+01  9.263294551846193728e-08  9.263294551846193728e-08
