-1.623592240294591704e+00  4.178356137981958689e-08  4.178356137981958689e-08
-1.523592240294591615e+00  1.525454662166406572e-07  1.525454662166406572e-07
-1.423592240294591527e+00  5.331697240643421121e-07  5.331697240643421121e-07
-1.323592240294591882e+00  1.777199771898715531e-06  1.777199771898715531e-06
-1.223592240294591793e+00  5.635974775341909500e-06  5.635974775341909500e-06
-1.123592240294591704e+00  1.697900185107037788e-05  1.697900185107037788e-05
-1.023592240294591615e+00  4.854623052120496119e-05  4.854623052120496119e-05
-9.235922402945915266e-01  1.316553113476245202e-04  1.316553113476245202e-04
-8.235922402945916598e-01  3.385267336900710093e-04  3.385267336900710093e-04
-7.235922402945917931e-01  8.251063714911016991e-04  8.251063714911016991e-04
-6.235922402945917042e-01  1.905975267455393410e-03  1.905975267455393410e-03
-5.235922402945916154e-01  4.172219067444592894e-03  4.172219067444592894e-03
-4.235922402945915266e-01  8.654215157518557050e-03  8.654215157518557050e-03
-3.235922402945916598e-01  1.700897646592501589e-02  1.700897646592501589e-02
-2.235922402945915710e-01  3.167419062858525813e-02  3.167419062858525813e-02
-1.235922402945917042e-01  5.588594002680161155e-02  5.588594002680161155e-02
-2.359224029459161542e-02  9.342583741077301052e-02  9.342583741077301052e-02
7.640775970540847339e-02  1.479793537972869943e-01  1.479793537972869943e-01
1.764077597054083402e-01  2.220813596257520950e-01  2.220813596257520950e-01
2.764077597054084290e-01  3.158006328726026268e-01  3.158006328726026268e-01
3.764077597054082958e-01  4.255245551968258044e-01  4.255245551968258044e-01
4.764077597054083846e-01  5.433488841472493558e-01  5.433488841472493558e-01
5.764077597054084734e-01  6.575416737214487828e-01  6.575416737214487828e-01
6.764077597054085622e-01  7.542757918623586022e-01  7.542757918623586022e-01
7.764077597054086510e-01  8.203681140341477773e-01  8.203681140341477773e-01
8.764077597054082958e-01  8.463049614331674686e-01  8.463049614331674686e-01
9.764077597054083846e-01  8.286006030830456170e-01  8.286006030830456170e-01
1.076407759705408473e+00  7.706797118262903590e-01  7.706797118262903590e-01
1.176407759705408562e+00  6.819689955735775966e-01  6.819689955735775966e-01
1.276407759705408651e+00  5.755193477786082479e-01  5.755193477786082479e-01
1.376407759705408296e+00  4.649728026577256701e-01  4.649728026577256701e-01
1.476407759705408385e+00  3.618301462136757629e-01  3.618301462136757629e-01
1.576407759705408473e+00  2.737391696310861322e-01  2.737391696310861322e-01
1.676407759705408562e+00  2.040619651722157812e-01  2.040619651722157812e-01
1.776407759705408651e+00  1.525209254470873688e-01  1.525209254470873688e-01
1.876407759705408296e+00  1.164473559341904080e-01  1.164473559341904080e-01
1.976407759705408385e+00  9.212118059011818738e-02  9.212118059011818738e-02
2.076407759705408473e+00  7.583570774377919321e-02  7.583570774377919321e-02
2.176407759705408562e+00  6.453372268156991332e-02  6.453372268156991332e-02
2.276407759705408651e+00  5.604008136980805771e-02  5.604008136980805771e-02
2.376407759705408296e+00  4.901300411621551528e-02  4.901300411621551528e-02
2.476407759705408829e+00  4.275408189645796275e-02  4.275408189645796275e-02
2.576407759705408473e+00  3.698619217267339054e-02  3.698619217267339054e-02
2.676407759705408118e+00  3.166249074584429751e-02  3.166249074584429751e-02
2.776407759705408651e+00  2.683029975807846995e-02  2.683029975807846995e-02
2.876407759705408296e+00  2.254911448938475005e-02  2.254911448938475005e-02
2.976407759705408829e+00  1.885089211290698341e-02  1.885089211290698341e-02
3.076407759705408473e+00  1.572849917712564050e-02  1.572849917712564050e-02
3.176407759705409006e+00  1.314013897301658136e-02  1.314013897301658136e-02
3.276407759705408651e+00  1.102082766240224283e-02  1.102082766240224283e-02
3.376407759705408296e+00  9.295127061771140536e-03  9.295127061771140536e-03
3.476407759705408829e+00  7.887883853837948309e-03  7.887883853837948309e-03
3.576407759705408473e+00  6.731592940608543095e-03  6.731592940608543095e-03
3.676407759705409006e+00  5.770254386543914767e-03  5.770254386543914767e-03
3.776407759705408651e+00  4.960321579129256878e-03  4.960321579129256878e-03
3.876407759705408296e+00  4.269650254450496098e-03  4.269650254450496098e-03
3.976407759705408829e+00  3.675371803321348871e-03  3.675371803321348871e-03
4.076407759705408473e+00  3.161447986423369591e-03  3.161447986423369591e-03
4.176407759705409006e+00  2.716421570165582396e-03  2.716421570165582396e-03
4.276407759705408651e+00  2.331635758428278384e-03  2.331635758428278384e-03
4.376407759705408296e+00  2.000000960480789128e-03  2.000000960480789128e-03
4.476407759705408829e+00  1.715258609476054364e-03  1.715258609476054364e-03
4.576407759705408473e+00  1.471626107528672999e-03  1.471626107528672999e-03
4.676407759705409006e+00  1.263690605443341984e-03  1.263690605443341984e-03
4.776407759705408651e+00  1.086434445689551508e-03  1.086434445689551508e-03
4.876407759705408296e+00  9.353053358328103362e-04  9.353053358328103362e-04
4.976407759705408829e+00  8.062774123924611007e-04  8.062774123924611007e-04
5.076407759705408473e+00  6.958778013811689088e-04  6.958778013811689088e-04
5.176407759705409006e+00  6.011737352919317105e-04  6.011737352919317105e-04
5.276407759705408651e+00  5.197273826188929420e-04  5.197273826188929420e-04
5.376407759705408296e+00  4.495306646610840520e-04  4.495306646610840520e-04
5.476407759705408829e+00  3.889325732881907731e-04  3.889325732881907731e-04
5.576407759705408473e+00  3.365689696730114625e-04  3.365689696730114625e-04
5.676407759705409006e+00  2.913012543655299903e-04  2.913012543655299903e-04
5.776407759705408651e+00  2.521668267951032044e-04  2.521668267951032044e-04
5.876407759705408296e+00  2.183415411974567381e-04  2.183415411974567381e-04
5.976407759705408829e+00  1.891126364375605453e-04  1.891126364375605453e-04
6.076407759705408473e+00  1.638598053884114843e-04  1.638598053884114843e-04
6.176407759705409006e+00  1.420419604177257942e-04  1.420419604177257942e-04
6.276407759705408651e+00  1.231875840156157595e-04  1.231875840156157595e-04
6.376407759705408296e+00  1.068870898754136926e-04  1.068870898754136926e-04
6.476407759705407940e+00  9.278618114898893221e-05  9.278618114898893221e-05
6.576407759705409362e+00  8.057966912349874425e-05  8.057966912349874425e-05
6.676407759705409006e+00  7.000555829646612363e-05  7.000555829646612363e-05
6.776407759705408651e+00  6.083940888650621489e-05  6.083940888650621489e-05
6.876407759705408296e+00  5.288907841323302745e-05  5.288907841323302745e-05
6.976407759705407940e+00  4.598995475955829554e-05  4.598995475955829554e-05
7.076407759705409362e+00  4.000075888411355269e-05  4.000075888411355269e-05
7.176407759705409006e+00  3.479994440017073349e-05  3.479994440017073349e-05
7.276407759705408651e+00  3.028267280126960433e-05  3.028267280126960433e-05
7.376407759705408296e+00  2.635830751330067229e-05  2.635830751330067229e-05
7.476407759705407940e+00  2.294835041264050139e-05  2.294835041264050139e-05
7.576407759705409362e+00  1.998473949585292329e-05  1.998473949585292329e-05
7.676407759705409006e+00  1.740843213145820738e-05  1.740843213145820738e-05
7.776407759705408651e+00  1.516821025529018960e-05  1.516821025529018960e-05
7.876407759705408296e+00  1.321965800480178397e-05  1.321965800480178397e-05
7.976407759705409717e+00  1.152427573931996936e-05  1.152427573931996936e-05
8.076407759705409362e+00  1.004870549366535999e-05  1.004870549366535999e-05
8.176407759705409006e+00  8.764051041444929720e-06  8.764051041444929720e-06
8.276407759705408651e+00  7.645281028808451962e-06  7.645281028808451962e-06
8.376407759705408296e+00  6.670706632232312186e-06  6.670706632232312186e-06
8.476407759705409717e+00  5.821526601381286285e-06  5.821526601381286285e-06
8.576407759705409362e+00  5.081433040047586056e-06  5.081433040047586056e-06
8.676407759705409006e+00  4.436271381707918413e-06  4.436271381707918413e-06
8.776407759705408651e+00  3.873748079919171661e-06  3.873748079919171661e-06
8.876407759705408296e+00  3.383179739704174008e-06  3.383179739704174008e-06
8.976407759705409717e+00  2.955277818171134222e-06  2.955277818171134222e-06
9.076407759705409362e+00  2.581963592907792394e-06  2.581963592907792394e-06
9.176407759705409006e+00  2.256208767725211642e-06  2.256208767725211642e-06
9.276407759705408651e+00  1.971897782095467730e-06  1.971897782095467730e-06
9.376407759705408296e+00  1.723708550435788713e-06  1.723708550435788713e-06
9.476407759705409717e+00  1.507008938812039004e-06  1.507008938812039004e-06
9.576407759705409362e+00  1.317766770402594399e-06  1.317766770402594399e-06
9.676407759705409006e+00  1.152471536106603817e-06  1.152471536106603817e-06
9.776407759705408651e+00  1.008066284071354287e-06  1.008066284071354287e-06
9.876407759705408296e+00  8.818883887982523131e-07  8.818883887982523131e-07
9.976407759705409717e+00  7.716180751894789165e-07  7.716180751894789165e-07
1.007640775970540936e+01  6.752337116732017823e-07  6.752337116732017823e-07
1.017640775970540901e+01  5.909730019564601122e-07  5.909730019564601122e-07
1.027640775970540865e+01  5.172993055248574278e-07  5.172993055248574278e-07
1.037640775970540830e+01  4.528724077132770227e-07  4.528724077132770227e-07
