-1.662784647545790584e+00  3.032980049753759065e-134  3.032980049753759065e-134
-1.562784647545790051e+00  2.998022165163777197e-125  2.998022165163777197e-125
-1.462784647545790406e+00  4.669113962461655792e-115  4.669113962461655792e-115
-1.362784647545790317e+00  2.759588006907772656e-105  2.759588006907772656e-105
-1.262784647545790229e+00  6.000336118719308212e-96  6.000336118719308212e-96
-1.162784647545790584e+00  4.799681925861012399e-87  4.799681925861012399e-87
-1.062784647545790051e+00  1.412390718094868322e-78  1.412390718094868322e-78
-9.627846475457904063e-01  1.528983398859023887e-70  1.528983398859023887e-70
-8.627846475457903175e-01  6.089143420703390195e-63  6.089143420703390195e-63
-7.627846475457902287e-01  8.921033181937856489e-56  8.921033181937856489e-56
-6.627846475457903619e-01  4.808167894756202380e-49  4.808167894756202380e-49
-5.627846475457902731e-01  9.533439433971790224e-43  9.533439433971790224e-43
-4.627846475457901843e-01  6.953846784090725189e-37  6.953846784090725189e-37
-3.627846475457903175e-01  1.865976376924761810e-31  1.865976376924761810e-31
-2.627846475457902287e-01  1.842012967359946054e-26  1.842012967359946054e-26
-1.627846475457903619e-01  6.689362684215615358e-22  6.689362684215615358e-22
-6.278464754579027307e-02  8.936805812565495141e-18  8.936805812565495141e-18
3.721535245420981575e-02  4.392233473940139012e-14  4.392233473940139012e-14
1.372153524542096825e-01  7.941344415077359452e-11  7.941344415077359452e-11
2.372153524542097713e-01  5.282118792812314058e-08  5.282118792812314058e-08
3.372153524542096381e-01  1.292491853862380401e-05  1.292491853862380401e-05
4.372153524542097269e-01  1.163464089139851654e-03  1.163464089139851654e-03
5.372153524542098157e-01  3.852863914957450203e-02  3.852863914957450203e-02
6.372153524542099046e-01  4.693749137538145155e-01  4.693749137538145155e-01
7.372153524542099934e-01  2.103592420861359891e+00  2.103592420861359891e+00
8.372153524542096381e-01  3.468237569161796596e+00  3.468237569161796596e+00
9.372153524542097269e-01  2.103592421340463314e+00  2.103592421340463314e+00
1.037215352454209816e+00  4.693749473437278663e-01  4.693749473437278663e-01
1.137215352454209905e+00  3.853006742921402661e-02  3.853006742921402661e-02
1.237215352454209993e+00  1.200299906553135886e-03  1.200299906553135886e-03
1.337215352454209638e+00  5.891340504881192744e-04  5.891340504881192744e-04
1.437215352454209727e+00  5.466972851622467489e-03  5.466972851622467489e-03
1.537215352454209816e+00  3.145995271608574562e-02  3.145995271608574562e-02
1.637215352454209905e+00  1.098060241291249073e-01  1.098060241291249073e-01
1.737215352454209993e+00  2.324593549795085090e-01  2.324593549795085090e-01
1.837215352454209638e+00  2.984837226115514830e-01  2.984837226115514830e-01
1.937215352454209727e+00  2.324594159001583948e-01  2.324594159001583948e-01
2.037215352454209594e+00  1.098070612225736792e-01  1.098070612225736792e-01
2.137215352454210127e+00  3.147258704232575033e-02  3.147258704232575033e-02
2.237215352454209771e+00  5.577207505755703634e-03  5.577207505755703634e-03
2.337215352454209416e+00  1.266024308833968090e-03  1.266024308833968090e-03
2.437215352454209949e+00  3.128372956377896939e-03  3.128372956377896939e-03
2.537215352454209594e+00  9.929190432028181523e-03  9.929190432028181523e-03
2.637215352454209238e+00  2.284357506722139650e-02  2.284357506722139650e-02
2.737215352454209771e+00  3.766263525226807435e-02  3.766263525226807435e-02
2.837215352454209416e+00  4.449317418082510134e-02  4.449317418082510134e-02
2.937215352454209949e+00  3.766296656080354160e-02  3.766296656080354160e-02
3.037215352454209594e+00  2.284633821944890078e-02  2.284633821944890078e-02
3.137215352454210127e+00  9.946000024461710415e-03  9.946000024461710415e-03
3.237215352454209771e+00  3.184156723853674101e-03  3.184156723853674101e-03
3.337215352454209416e+00  1.056132742162417017e-03  1.056132742162417017e-03
3.437215352454209949e+00  1.238625016487774396e-03  1.238625016487774396e-03
3.537215352454209594e+00  2.719375524469592326e-03  2.719375524469592326e-03
3.637215352454210127e+00  5.057896084715260941e-03  5.057896084715260941e-03
3.737215352454209771e+00  7.357755830585772580e-03  7.357755830585772580e-03
3.837215352454209416e+00  8.337432400087663176e-03  8.337432400087663176e-03
3.937215352454209949e+00  7.358223131843142847e-03  7.358223131843142847e-03
4.037215352454209594e+00  5.059803409074476420e-03  5.059803409074476420e-03
4.137215352454210127e+00  2.719941431266930613e-03  2.719941431266930613e-03
4.237215352454209771e+00  1.176773695975795323e-03  1.176773695975795323e-03
4.337215352454209416e+00  5.118278342378700455e-04  5.118278342378700455e-04
4.437215352454209949e+00  4.505171217359122543e-04  4.505171217359122543e-04
4.537215352454209594e+00  7.389552572483408088e-04  7.389552572483408088e-04
4.637215352454210127e+00  1.191060937214116506e-03  1.191060937214116506e-03
4.737215352454209771e+00  1.604336428239173983e-03  1.604336428239173983e-03
4.837215352454209416e+00  1.772807179119050697e-03  1.772807179119050697e-03
4.937215352454209949e+00  1.604465774582684032e-03  1.604465774582684032e-03
5.037215352454209594e+00  1.190233444483600926e-03  1.190233444483600926e-03
5.137215352454210127e+00  7.275991870411284597e-04  7.275991870411284597e-04
5.237215352454209771e+00  3.782307908183414917e-04  3.782307908183414917e-04
5.337215352454209416e+00  1.963626046884077729e-04  1.963626046884077729e-04
5.437215352454209949e+00  1.560906218516274608e-04  1.560906218516274608e-04
5.537215352454209594e+00  2.061178064517717005e-04  2.061178064517717005e-04
5.637215352454210127e+00  2.955837419097799546e-04  2.955837419097799546e-04
5.737215352454209771e+00  3.763063252649819662e-04  3.763063252649819662e-04
5.837215352454209416e+00  4.085640687667110079e-04  4.085640687667110079e-04
5.937215352454209949e+00  3.760660334089891040e-04  3.760660334089891040e-04
6.037215352454209594e+00  2.936647334592075529e-04  2.936647334592075529e-04
6.137215352454210127e+00  1.959205640147793060e-04  1.959205640147793060e-04
6.237215352454209771e+00  1.152562695357629401e-04  1.152562695357629401e-04
6.337215352454209416e+00  6.753067596249012316e-05  6.753067596249012316e-05
6.437215352454209061e+00  5.205403769639511838e-05  5.205403769639511838e-05
6.537215352454210482e+00  5.918124628833354667e-05  5.918124628833354667e-05
6.637215352454210127e+00  7.672195301694594417e-05  7.672195301694594417e-05
6.737215352454209771e+00  9.310118651189868723e-05  9.310118651189868723e-05
6.837215352454209416e+00  9.961372987522981758e-05  9.961372987522981758e-05
6.937215352454209061e+00  9.278665711436884787e-05  9.278665711436884787e-05
7.037215352454210482e+00  7.521173977265981927e-05  7.521173977265981927e-05
7.137215352454210127e+00  5.347893389072797275e-05  5.347893389072797275e-05
7.237215352454209771e+00  3.438015816373852791e-05  3.438015816373852791e-05
7.337215352454209416e+00  2.196738226020606148e-05  2.196738226020606148e-05
7.437215352454209061e+00  1.688453656580121974e-05  1.688453656580121974e-05
7.537215352454210482e+00  1.738125622960736780e-05  1.738125622960736780e-05
7.637215352454210127e+00  2.068213630188547132e-05  2.068213630188547132e-05
7.737215352454209771e+00  2.401719719151087593e-05  2.401719719151087593e-05
7.837215352454209416e+00  2.533669168358175793e-05  2.533669168358175793e-05
7.937215352454210837e+00  2.379467647756447241e-05  2.379467647756447241e-05
8.037215352454211370e+00  1.984314626817369970e-05  1.984314626817369970e-05
8.137215352454209238e+00  1.481167838327142158e-05  1.481167838327142158e-05
8.237215352454210660e+00  1.017631519607935761e-05  1.017631519607935761e-05
8.337215352454208528e+00  6.935676092786210505e-06  6.935676092786210505e-06
8.437215352454209949e+00  5.374399704609390589e-06  5.374399704609390589e-06
8.537215352454211370e+00  5.185790852616441598e-06  5.185790852616441598e-06
8.637215352454209238e+00  5.751201642823899540e-06  5.751201642823899540e-06
8.737215352454210660e+00  6.410605174349403214e-06  6.410605174349403214e-06
8.837215352454208528e+00  6.664219699443923259e-06  6.664219699443923259e-06
8.937215352454209949e+00  6.290684089463776753e-06  6.290684089463776753e-06
9.037215352454211370e+00  5.363044609150818957e-06  5.363044609150818957e-06
9.137215352454211015e+00  4.158774219987637525e-06  4.158774219987637525e-06
9.237215352454210660e+00  3.007726246931552583e-06  3.007726246931552583e-06
9.337215352454210304e+00  2.154133220667580614e-06  2.154133220667580614e-06
9.437215352454211725e+00  1.689652143863433660e-06  1.689652143863433660e-06
9.537215352454211370e+00  1.563684737720970266e-06  1.563684737720970266e-06
9.637215352454211015e+00  1.639531700916695204e-06  1.639531700916695204e-06
9.737215352454210660e+00  1.760232968002507270e-06  1.760232968002507270e-06
9.837215352454210304e+00  1.801953337268193177e-06  1.801953337268193177e-06
9.937215352454211725e+00  1.705045701657341038e-06  1.705045701657341038e-06
1.003721535245421137e+01  1.478843484227235552e-06  1.478843484227235552e-06
1.013721535245421101e+01  1.182229605023094157e-06  1.182229605023094157e-06
1.023721535245421066e+01  8.903735644270845033e-07  8.903735644270845033e-07
1.033721535245421030e+01  6.630894666892464444e-07  6.630894666892464444e-07
