-1.500000000000000000e+00  4.364832546751513274e-212  4.364832546751513274e-212
-1.399999999999999911e+00  1.842057668598289392e-195  1.842057668598289392e-195
-1.299999999999999822e+00  1.629497617252974114e-179  1.629497617252974114e-179
-1.200000000000000178e+00  3.021475723274266208e-164  3.021475723274266208e-164
-1.100000000000000089e+00  1.174354890210847513e-149  1.174354890210847513e-149
-1.000000000000000000e+00  9.567412170524242103e-136  9.567412170524242103e-136
-8.999999999999999112e-01  1.633821021343735154e-122  1.633821021343735154e-122
-7.999999999999998224e-01  5.848296021562890639e-110  5.848296021562890639e-110
-6.999999999999999556e-01  4.388024933156810678e-98  4.388024933156810678e-98
-6.000000000000000888e-01  6.901185452699508634e-87  6.901185452699508634e-87
-5.000000000000000000e-01  2.275061713051538915e-76  2.275061713051538915e-76
-3.999999999999999112e-01  1.572090478597786784e-66  1.572090478597786784e-66
-2.999999999999998224e-01  2.277072010541023164e-57  2.277072010541023164e-57
-1.999999999999999556e-01  6.913386937305619898e-49  6.913386937305619898e-49
-9.999999999999986677e-02  4.399667297494334539e-41  4.399667297494334539e-41
0.000000000000000000e+00  5.868994197468932731e-34  5.868994197468932731e-34
1.000000000000000888e-01  1.641052200769277079e-27  1.641052200769277079e-27
2.000000000000001776e-01  9.618248283383298930e-22  9.618248283383298930e-22
3.000000000000000444e-01  1.181637985237865057e-16  1.181637985237865057e-16
4.000000000000001332e-01  3.042900666286305626e-12  3.042900666286305626e-12
5.000000000000000000e-01  1.642502272694855054e-08  1.642502272694855054e-08
6.000000000000000888e-01  1.858399393417885576e-05  1.858399393417885576e-05
7.000000000000001776e-01  4.407446029593102901e-03  4.407446029593102901e-03
8.000000000000002665e-01  2.191037561696085878e-01  2.191037561696085878e-01
9.000000000000003553e-01  2.283113567362786700e+00  2.283113567362786700e+00
1.000000000000000000e+00  4.986778505017909424e+00  4.986778505017909424e+00
1.100000000000000089e+00  2.283113567362771157e+00  2.283113567362771157e+00
1.200000000000000178e+00  2.191037561696055902e-01  2.191037561696055902e-01
1.300000000000000266e+00  4.407446029593012696e-03  4.407446029593012696e-03
1.400000000000000355e+00  1.858399393417832721e-05  1.858399393417832721e-05
1.500000000000000000e+00  1.642502272694855054e-08  1.642502272694855054e-08
1.600000000000000089e+00  3.042900666286240598e-12  3.042900666286240598e-12
1.700000000000000178e+00  1.181637985237831531e-16  1.181637985237831531e-16
1.800000000000000266e+00  9.618248283382683911e-22  9.618248283382683911e-22
1.900000000000000355e+00  1.641052200769183809e-27  1.641052200769183809e-27
2.000000000000000000e+00  5.868994197468932731e-34  5.868994197468932731e-34
2.100000000000000089e+00  4.399667297494146937e-41  4.399667297494146937e-41
2.200000000000000178e+00  6.913386937305325156e-49  6.913386937305325156e-49
2.300000000000000266e+00  2.277072010540828750e-57  2.277072010540828750e-57
2.400000000000000355e+00  1.572090478597608094e-66  1.572090478597608094e-66
2.500000000000000000e+00  2.275061713051538915e-76  2.275061713051538915e-76
2.600000000000000533e+00  6.901185452698723723e-87  6.901185452698723723e-87
2.700000000000000178e+00  4.388024933156561838e-98  4.388024933156561838e-98
2.799999999999999822e+00  5.848296021562890639e-110  5.848296021562890639e-110
2.900000000000000355e+00  1.633821021343642447e-122  1.633821021343642447e-122
3.000000000000000000e+00  9.567412170524242103e-136  9.567412170524242103e-136
3.100000000000000533e+00  1.174354890210713800e-149  1.174354890210713800e-149
3.200000000000000178e+00  3.021475723274266208e-164  3.021475723274266208e-164
3.300000000000000711e+00  1.629497617252325818e-179  1.629497617252325818e-179
3.400000000000000355e+00  1.842057668597975331e-195  1.842057668597975331e-195
3.500000000000000000e+00  4.364832546751513274e-212  4.364832546751513274e-212
3.600000000000000533e+00  2.167937829507798262e-229  2.167937829507798262e-229
3.700000000000000178e+00  2.257048712899563999e-247  2.257048712899563999e-247
3.800000000000000711e+00  4.925495346418350673e-266  4.925495346418350673e-266
3.900000000000000355e+00  2.253065231955052299e-285  2.253065231955052299e-285
4.000000000000000000e+00  2.160292165355131641e-305  2.160292165355131641e-305
4.100000000000000533e+00  0.000000000000000000e+00  0.000000000000000000e+00
4.200000000000000178e+00  0.000000000000000000e+00  0.000000000000000000e+00
4.300000000000000711e+00  0.000000000000000000e+00  0.000000000000000000e+00
4.400000000000000355e+00  0.000000000000000000e+00  0.000000000000000000e+00
4.500000000000000000e+00  0.000000000000000000e+00  0.000000000000000000e+00
4.600000000000000533e+00  0.000000000000000000e+00  0.000000000000000000e+00
4.700000000000000178e+00  0.000000000000000000e+00  0.000000000000000000e+00
4.800000000000000711e+00  0.000000000000000000e+00  0.000000000000000000e+00
4.900000000000000355e+00  0.000000000000000000e+00  0.000000000000000000e+00
5.000000000000000000e+00  0.000000000000000000e+00  0.000000000000000000e+00
5.100000000000000533e+00  0.000000000000000000e+00  0.000000000000000000e+00
5.200000000000000178e+00  0.000000000000000000e+00  0.000000000000000000e+00
5.300000000000000711e+00  0.000000000000000000e+00  0.000000000000000000e+00
5.400000000000000355e+00  0.000000000000000000e+00  0.000000000000000000e+00
5.500000000000000000e+00  0.000000000000000000e+00  0.000000000000000000e+00
5.600000000000000533e+00  0.000000000000000000e+00  0.000000000000000000e+00
5.700000000000000178e+00  0.000000000000000000e+00  0.000000000000000000e+00
5.800000000000000711e+00  0.000000000000000000e+00  0.000000000000000000e+00
5.900000000000000355e+00  0.000000000000000000e+00  0.000000000000000000e+00
6.000000000000000000e+00  0.000000000000000000e+00  0.000000000000000000e+00
6.100000000000000533e+00  0.000000000000000000e+00  0.000000000000000000e+00
6.200000000000000178e+00  0.000000000000000000e+00  0.000000000000000000e+00
6.300000000000000711e+00  0.000000000000000000e+00  0.000000000000000000e+00
6.400000000000000355e+00  0.000000000000000000e+00  0.000000000000000000e+00
6.500000000000000000e+00  0.000000000000000000e+00  0.000000000000000000e+00
6.599999999999999645e+00  0.000000000000000000e+00  0.000000000000000000e+00
6.700000000000001066e+00  0.000000000000000000e+00  0.000000000000000000e+00
6.800000000000000711e+00  0.000000000000000000e+00  0.000000000000000000e+00
6.900000000000000355e+00  0.000000000000000000e+00  0.000000000000000000e+00
7.000000000000000000e+00  0.000000000000000000e+00  0.000000000000000000e+00
7.099999999999999645e+00  0.000000000000000000e+00  0.000000000000000000e+00
7.200000000000001066e+00  0.000000000000000000e+00  0.000000000000000000e+00
7.300000000000000711e+00  0.000000000000000000e+00  0.000000000000000000e+00
7.400000000000000355e+00  0.000000000000000000e+00  0.000000000000000000e+00
7.500000000000000000e+00  0.000000000000000000e+00  0.000000000000000000e+00
7.599999999999999645e+00  0.000000000000000000e+00  0.000000000000000000e+00
7.700000000000001066e+00  0.000000000000000000e+00  0.000000000000000000e+00
7.800000000000000711e+00  0.000000000000000000e+00  0.000000000000000000e+00
7.900000000000000355e+00  0.000000000000000000e+00  0.000000000000000000e+00
8.000000000000000000e+00  0.000000000000000000e+00  0.000000000000000000e+00
8.100000000000001421e+00  0.000000000000000000e+00  0.000000000000000000e+00
8.200000000000001066e+00  0.000000000000000000e+00  0.000000000000000000e+00
8.300000000000000711e+00  0.000000000000000000e+00  0.000000000000000000e+00
8.400000000000000355e+00  0.000000000000000000e+00  0.000000000000000000e+00
8.500000000000000000e+00  0.000000000000000000e+00  0.000000000000000000e+00
8.600000000000001421e+00  0.000000000000000000e+00  0.000000000000000000e+00
8.700000000000001066e+00  0.000000000000000000e+00  0.000000000000000000e+00
8.800000000000000711e+00  0.000000000000000000e+00  0.000000000000000000e+00
8.900000000000000355e+00  0.000000000000000000e+00  0.000000000000000000e+00
9.000000000000000000e+00  0.000000000000000000e+00  0.000000000000000000e+00
9.100000000000001421e+00  0.000000000000000000e+00  0.000000000000000000e+00
9.200000000000001066e+00  0.000000000000000000e+00  0.000000000000000000e+00
9.300000000000000711e+00  0.000000000000000000e+00  0.000000000000000000e+00
9.400000000000000355e+00  0.000000000000000000e+00  0.000000000000000000e+00
9.500000000000000000e+00  0.000000000000000000e+00  0.000000000000000000e+00
9.600000000000001421e+00  0.000000000000000000e+00  0.000000000000000000e+00
9.700000000000001066e+00  0.000000000000000000e+00  0.000000000000000000e+00
9.800000000000000711e+00  0.000000000000000000e+00  0.000000000000000000e+00
9.900000000000000355e+00  0.000000000000000000e+00  0.000000000000000000e+00
1.000000000000000000e+01  0.000000000000000000e+00  0.000000000000000000e+00
1.010000000000000142e+01  0.000000000000000000e+00  0.000000000000000000e+00
1.020000000000000107e+01  0.000000000000000000e+00  0.000000000000000000e+00
1.030000000000000071e+01  0.000000000000000000e+00  0.000000000000000000e+00
1.040000000000000036e+01  0.000000000000000000e+00  0.000000000000000000e+00
1.050000000000000000e+01  0.000000000000000000e+00  0.000000000000000000e+00
