-1.649416282772561360e+00  1.205733635574706574e-09  1.205733635574706574e-09
-1.549416282772561715e+00  5.783285126429140509e-09  5.783285126429140509e-09
-1.449416282772561626e+00  2.641761338536292117e-08  2.641761338536292117e-08
-1.349416282772561537e+00  1.141324261631012788e-07  1.141324261631012788e-07
-1.249416282772561893e+00  4.644747411473027041e-07  4.644747411473027041e-07
-1.149416282772561360e+00  1.776342888890846763e-06  1.776342888890846763e-06
-1.049416282772561715e+00  6.375304330925603733e-06  6.375304330925603733e-06
-9.494162827725616260e-01  2.145489634074958354e-05  2.145489634074958354e-05
-8.494162827725615372e-01  6.766857645707004287e-05  6.766857645707004287e-05
-7.494162827725614484e-01  1.999631357112571426e-04  1.999631357112571426e-04
-6.494162827725615816e-01  5.535185646873575513e-04  5.535185646873575513e-04
-5.494162827725614928e-01  1.435097296713022403e-03  1.435097296713022403e-03
-4.494162827725614040e-01  3.484688767917654487e-03  3.484688767917654487e-03
-3.494162827725615372e-01  7.924265209532278462e-03  7.924265209532278462e-03
-2.494162827725614484e-01  1.687537711118786837e-02  1.687537711118786837e-02
-1.494162827725615816e-01  3.365429627102066445e-02  3.365429627102066445e-02
-4.941628277256149282e-02  6.285182523134016930e-02  6.285182523134016930e-02
5.058371722743859600e-02  1.099228087826867040e-01  1.099228087826867040e-01
1.505837172274384628e-01  1.800351139876024409e-01  1.800351139876024409e-01
2.505837172274385516e-01  2.761461395999996737e-01  2.761461395999996737e-01
3.505837172274384184e-01  3.966927185821426116e-01  3.966927185821426116e-01
4.505837172274385072e-01  5.337481509196704277e-01  5.337481509196704277e-01
5.505837172274385960e-01  6.727255041532459456e-01  6.727255041532459456e-01
6.505837172274386848e-01  7.944044725049228539e-01  7.944044725049228539e-01
7.505837172274387736e-01  8.791856451067926459e-01  8.791856451067926459e-01
8.505837172274384184e-01  9.123697481334032133e-01  9.123697481334032133e-01
9.505837172274385072e-01  8.885269068116593560e-01  8.885269068116593560e-01
1.050583717227438596e+00  8.131711072584747457e-01  8.131711072584747457e-01
1.150583717227438685e+00  7.010207571956522665e-01  7.010207571956522665e-01
1.250583717227438774e+00  5.715790592727644226e-01  5.715790592727644226e-01
1.350583717227438418e+00  4.438308527771097634e-01  4.438308527771097634e-01
1.450583717227438507e+00  3.319975152045945288e-01  3.319975152045945288e-01
1.550583717227438596e+00  2.435521595299458553e-01  2.435521595299458553e-01
1.650583717227438685e+00  1.795838506859677441e-01  1.795838506859677441e-01
1.750583717227438774e+00  1.367200969099899577e-01  1.367200969099899577e-01
1.850583717227438418e+00  1.095117738566280113e-01  1.095117738566280113e-01
1.950583717227438507e+00  9.241062767205221462e-02  9.241062767205221462e-02
2.050583717227438818e+00  8.094189983560449997e-02  8.094189983560449997e-02
2.150583717227438463e+00  7.209983009672170373e-02  7.209983009672170373e-02
2.250583717227438996e+00  6.422043034821944829e-02  6.422043034821944829e-02
2.350583717227438640e+00  5.661765987073902329e-02  5.661765987073902329e-02
2.450583717227439173e+00  4.919088616584789408e-02  4.919088616584789408e-02
2.550583717227438818e+00  4.210978230986824750e-02  4.210978230986824750e-02
2.650583717227438463e+00  3.560608663294776571e-02  3.560608663294776571e-02
2.750583717227438996e+00  2.986071167014259578e-02  2.986071167014259578e-02
2.850583717227438640e+00  2.496046736423161369e-02  2.496046736423161369e-02
2.950583717227439173e+00  2.089843461537427283e-02  2.089843461537427283e-02
3.050583717227438818e+00  1.759695526125549386e-02  1.759695526125549386e-02
3.150583717227439351e+00  1.493810017424031071e-02  1.493810017424031071e-02
3.250583717227438996e+00  1.279191837561604282e-02  1.279191837561604282e-02
3.350583717227438640e+00  1.103736789847129321e-02  1.103736789847129321e-02
3.450583717227439173e+00  9.574404323263990130e-03  9.574404323263990130e-03
3.550583717227438818e+00  8.328132396745506483e-03  8.328132396745506483e-03
3.650583717227439351e+00  7.247216056885004420e-03  7.247216056885004420e-03
3.750583717227438996e+00  6.299069447451682499e-03  6.299069447451682499e-03
3.850583717227438640e+00  5.464016779534531035e-03  5.464016779534531035e-03
3.950583717227439173e+00  4.729943247002032017e-03  4.729943247002032017e-03
4.050583717227438818e+00  4.088239983045332225e-03  4.088239983045332225e-03
4.150583717227439351e+00  3.531252241237291777e-03  3.531252241237291777e-03
4.250583717227438996e+00  3.051048931826042757e-03  3.051048931826042757e-03
4.350583717227438640e+00  2.639142795521868135e-03  2.639142795521868135e-03
4.450583717227439173e+00  2.286758651274464326e-03  2.286758651274464326e-03
4.550583717227438818e+00  1.985312154790448615e-03  1.985312154790448615e-03
4.650583717227439351e+00  1.726868294626165154e-03  1.726868294626165154e-03
4.750583717227438996e+00  1.504457312085593322e-03  1.504457312085593322e-03
4.850583717227438640e+00  1.312212704979507814e-03  1.312212704979507814e-03
4.950583717227439173e+00  1.145352704626666999e-03  1.145352704626666999e-03
5.050583717227438818e+00  1.000054290553243578e-03  1.000054290553243578e-03
5.150583717227439351e+00  8.732740485474595107e-04  8.732740485474595107e-04
5.250583717227438996e+00  7.625613903712133608e-04  7.625613903712133608e-04
5.350583717227438640e+00  6.658945849188442536e-04  6.658945849188442536e-04
5.450583717227439173e+00  5.815545035365303657e-04  5.815545035365303657e-04
5.550583717227438818e+00  5.080384456822058118e-04  5.080384456822058118e-04
5.650583717227439351e+00  4.440083042108148182e-04  4.440083042108148182e-04
5.750583717227438996e+00  3.882635614420006575e-04  3.882635614420006575e-04
5.850583717227438640e+00  3.397292153310671990e-04  3.397292153310671990e-04
5.950583717227439173e+00  2.974504424505093831e-04  2.974504424505093831e-04
6.050583717227438818e+00  2.605884145096519370e-04  2.605884145096519370e-04
6.150583717227439351e+00  2.284142989721155907e-04  2.284142989721155907e-04
6.250583717227438996e+00  2.003005574439574389e-04  2.003005574439574389e-04
6.350583717227438640e+00  1.757100008760779475e-04  1.757100008760779475e-04
6.450583717227438285e+00  1.541836984646671640e-04  1.541836984646671640e-04
6.550583717227439706e+00  1.353289318721950666e-04  1.353289318721950666e-04
6.650583717227439351e+00  1.188081476803699588e-04  1.188081476803699588e-04
6.750583717227438996e+00  1.043294815950970909e-04  1.043294815950970909e-04
6.850583717227438640e+00  9.163905049539598573e-05  9.163905049539598573e-05
6.950583717227438285e+00  8.051491622770824089e-05  8.051491622770824089e-05
7.050583717227439706e+00  7.076244888740853786e-05  7.076244888740853786e-05
7.150583717227439351e+00  6.221075052638695875e-05  6.221075052638695875e-05
7.250583717227438996e+00  5.470981534817947637e-05  5.470981534817947637e-05
7.350583717227438640e+00  4.812816555605105008e-05  4.812816555605105008e-05
7.450583717227438285e+00  4.235078246317313853e-05  4.235078246317313853e-05
7.550583717227439706e+00  3.727722805907640038e-05  3.727722805907640038e-05
7.650583717227439351e+00  3.281991048460420653e-05  3.281991048460420653e-05
7.750583717227438996e+00  2.890248378526047765e-05  2.890248378526047765e-05
7.850583717227438640e+00  2.545838979563810845e-05  2.545838979563810845e-05
7.950583717227440061e+00  2.242955312223427866e-05  2.242955312223427866e-05
8.050583717227439706e+00  1.976523485335195002e-05  1.976523485335195002e-05
8.150583717227439351e+00  1.742104203294564765e-05  1.742104203294564765e-05
8.250583717227438996e+00  1.535808178772009455e-05  1.535808178772009455e-05
8.350583717227438640e+00  1.354224333001685169e-05  1.354224333001685169e-05
8.450583717227440061e+00  1.194358849978420871e-05  1.194358849978420871e-05
8.550583717227439706e+00  1.053583171848982905e-05  1.053583171848982905e-05
8.650583717227439351e+00  9.295892369055333240e-06  9.295892369055333240e-06
8.750583717227438996e+00  8.203505736286742622e-06  8.203505736286742622e-06
8.850583717227438640e+00  7.240881926748740991e-06  7.240881926748740991e-06
8.950583717227440061e+00  6.392405079654163003e-06  6.392405079654163003e-06
9.050583717227439706e+00  5.644367402185155291e-06  5.644367402185155291e-06
9.150583717227439351e+00  4.984734063683135781e-06  4.984734063683135781e-06
9.250583717227438996e+00  4.402935864637033458e-06  4.402935864637033458e-06
9.350583717227438640e+00  3.889687032143728545e-06  3.889687032143728545e-06
9.450583717227440061e+00  3.436825666756175534e-06  3.436825666756175534e-06
9.550583717227439706e+00  3.037174428843428293e-06  3.037174428843428293e-06
9.650583717227439351e+00  2.684419109435347667e-06  2.684419109435347667e-06
9.750583717227438996e+00  2.373002835040117380e-06  2.373002835040117380e-06
9.850583717227438640e+00  2.098033822194977821e-06  2.098033822194977821e-06
9.950583717227440061e+00  1.855204813752264391e-06  1.855204813752264391e-06
1.005058371722743971e+01  1.640722571194949344e-06  1.640722571194949344e-06
1.015058371722743935e+01  1.451246040269492330e-06  1.451246040269492330e-06
1.025058371722743900e+01  1.283832030773381984e-06  1.283832030773381984e-06
1.035058371722743864e+01  1.135887443302294920e-06  1.135887443302294920e-06
