-1.510101010107268493e+00  1.316909834932775956e-10  1.316909834932775956e-10
-1.410101010107268404e+00  7.849143295121142817e-10  7.849143295121142817e-10
-1.310101010107268316e+00  4.357409302965084673e-09  4.357409302965084673e-09
-1.210101010107268671e+00  2.250999582050535381e-08  2.250999582050535381e-08
-1.110101010107268582e+00  1.081572693899762751e-07  1.081572693899762751e-07
-1.010101010107268493e+00  4.832350276815081950e-07  4.832350276815081950e-07
-9.101010101072684044e-01  2.007348702619597072e-06  2.007348702619597072e-06
-8.101010101072683156e-01  7.752020335911587266e-06  7.752020335911587266e-06
-7.101010101072684488e-01  2.783011883100571066e-05  2.783011883100571066e-05
-6.101010101072685821e-01  9.287776506486619438e-05  9.287776506486619438e-05
-5.101010101072684932e-01  2.881363487597249644e-04  2.881363487597249644e-04
-4.101010101072684044e-01  8.309400370434959389e-04  8.309400370434959389e-04
-3.101010101072683156e-01  2.227532407269022709e-03  2.227532407269022709e-03
-2.101010101072684488e-01  5.550849564265833772e-03  5.550849564265833772e-03
-1.101010101072683600e-01  1.285804641188610653e-02  1.285804641188610653e-02
-1.010101010726849324e-02  2.768663063963007834e-02  2.768663063963007834e-02
8.989898989273159557e-02  5.541720888023635161e-02  5.541720888023635161e-02
1.898989898927316844e-01  1.031095226878865900e-01  1.031095226878865900e-01
2.898989898927315512e-01  1.783335313306746994e-01  1.783335313306746994e-01
3.898989898927316400e-01  2.867136191894838482e-01  2.867136191894838482e-01
4.898989898927315068e-01  4.284955793904784982e-01  4.284955793904784982e-01
5.898989898927315956e-01  5.952915434576548925e-01  5.952915434576548925e-01
6.898989898927316844e-01  7.687810628859135242e-01  7.687810628859135242e-01
7.898989898927317732e-01  9.229372594778035843e-01  9.229372594778035843e-01
8.898989898927318620e-01  1.030029722396246017e+00  1.030029722396246017e+00
9.898989898927315068e-01  1.068698012170519407e+00  1.068698012170519407e+00
1.089898989892731596e+00  1.030912886451171850e+00  1.030912886451171850e+00
1.189898989892731684e+00  9.247222936479367883e-01  9.247222936479367883e-01
1.289898989892731773e+00  7.714964451922887712e-01  7.714964451922887712e-01
1.389898989892731862e+00  5.989595449874423050e-01  5.989595449874423050e-01
1.489898989892731507e+00  4.331127144271978979e-01  4.331127144271978979e-01
1.589898989892731596e+00  2.922319761641899993e-01  2.922319761641899993e-01
1.689898989892731684e+00  1.846475485223511570e-01  1.846475485223511570e-01
1.789898989892731773e+00  1.100518848882373474e-01  1.100518848882373474e-01
1.889898989892731862e+00  6.276573825588431521e-02  6.276573825588431521e-02
1.989898989892731507e+00  3.518167590084606694e-02  3.518167590084606694e-02
2.089898989892731596e+00  2.022750311236396620e-02  2.022750311236396620e-02
2.189898989892731684e+00  1.253819838971640538e-02  1.253819838971640538e-02
2.289898989892731773e+00  8.617647714421028393e-03  8.617647714421028393e-03
2.389898989892731862e+00  6.469067289747780676e-03  6.469067289747780676e-03
2.489898989892731507e+00  5.089150912867913823e-03  5.089150912867913823e-03
2.589898989892732040e+00  4.040196616139708069e-03  4.040196616139708069e-03
2.689898989892731684e+00  3.163507457426438605e-03  3.163507457426438605e-03
2.789898989892731329e+00  2.416800771693468873e-03  2.416800771693468873e-03
2.889898989892731862e+00  1.794562489620737814e-03  1.794562489620737814e-03
2.989898989892731507e+00  1.295084100152908485e-03  1.295084100152908485e-03
3.089898989892732040e+00  9.103995350792321115e-04  9.103995350792321115e-04
3.189898989892731684e+00  6.259474776598040330e-04  6.259474776598040330e-04
3.289898989892732217e+00  4.234455839836706072e-04  4.234455839836706072e-04
3.389898989892731862e+00  2.840537139713003611e-04  2.840537139713003611e-04
3.489898989892731507e+00  1.907042817270335297e-04  1.907042817270335297e-04
3.589898989892732040e+00  1.293561300328776263e-04  1.293561300328776263e-04
3.689898989892731684e+00  8.933245818730736775e-05  8.933245818730736775e-05
3.789898989892732217e+00  6.304737532610730567e-05  6.304737532610730567e-05
3.889898989892731862e+00  4.542451044086591666e-05  4.542451044086591666e-05
3.989898989892731507e+00  3.323971911828629258e-05  3.323971911828629258e-05
4.089898989892732040e+00  2.452958023098836656e-05  2.452958023098836656e-05
4.189898989892731684e+00  1.812867529709765975e-05  1.812867529709765975e-05
4.289898989892732217e+00  1.334443353233936604e-05  1.334443353233936604e-05
4.389898989892731862e+00  9.749042917742880822e-06  9.749042917742880822e-06
4.489898989892731507e+00  7.057633760372303646e-06  7.057633760372303646e-06
4.589898989892732040e+00  5.063123516611115670e-06  5.063123516611115670e-06
4.689898989892731684e+00  3.604458438214727692e-06  3.604458438214727692e-06
4.789898989892732217e+00  2.552363017697202459e-06  2.552363017697202459e-06
4.889898989892731862e+00  1.803002580291155056e-06  1.803002580291155056e-06
4.989898989892731507e+00  1.274484258518483586e-06  1.274484258518483586e-06
5.089898989892732040e+00  9.039546184653133815e-07  9.039546184653133815e-07
5.189898989892731684e+00  6.445990553165922239e-07  6.445990553165922239e-07
5.289898989892732217e+00  4.625505515499303272e-07  4.625505515499303272e-07
5.389898989892731862e+00  3.339350593642991374e-07  3.339350593642991374e-07
5.489898989892731507e+00  2.422679477147031362e-07  2.422679477147031362e-07
5.589898989892732040e+00  1.763217754143437023e-07  1.763217754143437023e-07
5.689898989892731684e+00  1.284883145864777045e-07  1.284883145864777045e-07
5.789898989892732217e+00  9.358868647665281344e-08  9.358868647665281344e-08
5.889898989892731862e+00  6.805000159484840292e-08  6.805000159484840292e-08
5.989898989892731507e+00  4.935838031609877251e-08  4.935838031609877251e-08
6.089898989892732040e+00  3.570662953977044952e-08  3.570662953977044952e-08
6.189898989892731684e+00  2.577112092730614864e-08  2.577112092730614864e-08
6.289898989892732217e+00  1.857016960051112614e-08  1.857016960051112614e-08
6.389898989892731862e+00  1.337182655563303945e-08  1.337182655563303945e-08
6.489898989892731507e+00  9.631011663583761420e-09  9.631011663583761420e-09
6.589898989892731151e+00  6.944244080061159644e-09  6.944244080061159644e-09
6.689898989892732573e+00  5.015488349900541362e-09  5.015488349900541362e-09
6.789898989892732217e+00  3.629663293880379144e-09  3.629663293880379144e-09
6.889898989892731862e+00  2.631938603042780037e-09  2.631938603042780037e-09
6.989898989892731507e+00  1.911679066029006924e-09  1.911679066029006924e-09
7.089898989892731151e+00  1.390202012991030994e-09  1.390202012991030994e-09
7.189898989892732573e+00  1.011637781779354491e-09  1.011637781779354491e-09
7.289898989892732217e+00  7.362541984700720827e-10  7.362541984700720827e-10
7.389898989892731862e+00  5.356774499084401729e-10  5.356774499084401729e-10
7.489898989892731507e+00  3.895258393240532588e-10  3.895258393240532588e-10
7.589898989892731151e+00  2.830645693101713236e-10  2.830645693101713236e-10
7.689898989892732573e+00  2.055791989835484751e-10  2.055791989835484751e-10
7.789898989892732217e+00  1.492448127915763086e-10  1.492448127915763086e-10
7.889898989892731862e+00  1.083329298222830764e-10  1.083329298222830764e-10
7.989898989892731507e+00  7.864789870437052489e-11  7.864789870437052489e-11
8.089898989892732928e+00  5.712040200744499223e-11  5.712040200744499223e-11
8.189898989892732573e+00  4.151032129641343727e-11  4.151032129641343727e-11
8.289898989892732217e+00  3.018742976124306373e-11  3.018742976124306373e-11
8.389898989892731862e+00  2.196873537491338566e-11  2.196873537491338566e-11
8.489898989892731507e+00  1.599781512018689875e-11  1.599781512018689875e-11
8.589898989892732928e+00  1.165561401706819151e-11  1.165561401706819151e-11
8.689898989892732573e+00  8.494894189543093663e-12  8.494894189543093663e-12
8.789898989892732217e+00  6.192399251092672187e-12  6.192399251092672187e-12
8.889898989892731862e+00  4.514184099012679968e-12  4.514184099012679968e-12
8.989898989892731507e+00  3.290629049934874412e-12  3.290629049934874412e-12
9.089898989892732928e+00  2.398501827490114720e-12  2.398501827490114720e-12
9.189898989892732573e+00  1.748099572435218620e-12  1.748099572435218620e-12
9.289898989892732217e+00  1.274025675444092694e-12  1.274025675444092694e-12
9.389898989892731862e+00  9.285562854815814726e-13  9.285562854815814726e-13
9.489898989892731507e+00  6.768503233573643777e-13  6.768503233573643777e-13
9.589898989892732928e+00  4.934750425283015922e-13  4.934750425283015922e-13
9.689898989892732573e+00  3.598751358672148375e-13  3.598751358672148375e-13
9.789898989892732217e+00  2.625230308871474693e-13  2.625230308871474693e-13
9.889898989892731862e+00  1.915643062596494784e-13  1.915643062596494784e-13
9.989898989892731507e+00  1.398250800278023090e-13  1.398250800278023090e-13
1.008989898989273293e+01  1.020850880877880746e-13  1.020850880877880746e-13
1.018989898989273257e+01  7.454614266835216145e-14  7.454614266835216145e-14
1.028989898989273222e+01  5.444423665417738962e-14  5.444423665417738962e-14
1.038989898989273186e+01  3.976706260128060769e-14  3.976706260128060769e-14
1.048989898989273151e+01  2.904866653394602600e-14  2.904866653394602600e-14
