-1.563829781504670002e+00  3.500007674237441068e-31  3.500007674237441068e-31
-1.463829781504670358e+00  8.019756579103543577e-29  8.019756579103543577e-29
-1.363829781504670269e+00  1.613597470771233330e-26  1.613597470771233330e-26
-1.263829781504670180e+00  2.638306415722938588e-24  2.638306415722938588e-24
-1.163829781504670535e+00  3.452279352825167430e-22  3.452279352825167430e-22
-1.063829781504670002e+00  3.604110688667268035e-20  3.604110688667268035e-20
-9.638297815046701356e-01  2.999911061085146585e-18  2.999911061085146585e-18
-8.638297815046702688e-01  1.990517674334990527e-16  1.990517674334990527e-16
-7.638297815046701800e-01  1.052815772813027569e-14  1.052815772813027569e-14
-6.638297815046700912e-01  4.438763190879449001e-13  4.438763190879449001e-13
-5.638297815046702244e-01  1.491739845337293330e-11  1.491739845337293330e-11
-4.638297815046701356e-01  3.996180787192855007e-10  3.996180787192855007e-10
-3.638297815046700467e-01  8.533316689934050127e-09  8.533316689934050127e-09
-2.638297815046701800e-01  1.452483501409225957e-07  1.452483501409225957e-07
-1.638297815046700912e-01  1.970720900415763624e-06  1.970720900415763624e-06
-6.382978150467022438e-02  2.131373644331716378e-05  2.131373644331716378e-05
3.617021849532986444e-02  1.837446105638484029e-04  1.837446105638484029e-04
1.361702184953299533e-01  1.262670930539609802e-03  1.262670930539609802e-03
2.361702184953298200e-01  6.916499100792062628e-03  6.916499100792062628e-03
3.361702184953299088e-01  3.019973108907302375e-02  3.019973108907302375e-02
4.361702184953297756e-01  1.051091503830841600e-01  1.051091503830841600e-01
5.361702184953298644e-01  2.916076402220887931e-01  2.916076402220887931e-01
6.361702184953299533e-01  6.448798280581736764e-01  6.448798280581736764e-01
7.361702184953300421e-01  1.136794424441319284e+00  1.136794424441319284e+00
8.361702184953301309e-01  1.597400305330214820e+00  1.597400305330214820e+00
9.361702184953297756e-01  1.789340497876898972e+00  1.789340497876898972e+00
1.036170218495329864e+00  1.598049725495126694e+00  1.598049725495126694e+00
1.136170218495329953e+00  1.138673146239299161e+00  1.138673146239299161e+00
1.236170218495330042e+00  6.493196361727824328e-01  6.493196361727824328e-01
1.336170218495330131e+00  3.008943311778535801e-01  3.008943311778535801e-01
1.436170218495329776e+00  1.224366118352235577e-01  1.224366118352235577e-01
1.536170218495329864e+00  5.906252845057109735e-02  5.906252845057109735e-02
1.636170218495329953e+00  4.984216830005555599e-02  4.984216830005555599e-02
1.736170218495330042e+00  5.826537323537361868e-02  5.826537323537361868e-02
1.836170218495330131e+00  6.777962156770413193e-02  6.777962156770413193e-02
1.936170218495329776e+00  7.161877269782790378e-02  7.161877269782790378e-02
2.036170218495329642e+00  6.777844458171188025e-02  6.777844458171188025e-02
2.136170218495330175e+00  5.742192749802192686e-02  5.742192749802192686e-02
2.236170218495329820e+00  4.369390402495589021e-02  4.369390402495589021e-02
2.336170218495330353e+00  3.012917179028074682e-02  3.012917179028074682e-02
2.436170218495329998e+00  1.925057528087197392e-02  1.925057528087197392e-02
2.536170218495330531e+00  1.199144599104111364e-02  1.199144599104111364e-02
2.636170218495330175e+00  7.968954198802056729e-03  7.968954198802056729e-03
2.736170218495329820e+00  6.159356453035199144e-03  6.159356453035199144e-03
2.836170218495330353e+00  5.502010528181368321e-03  5.502010528181368321e-03
2.936170218495329998e+00  5.219123659817579038e-03  5.219123659817579038e-03
3.036170218495330531e+00  4.881988973827478158e-03  4.881988973827478158e-03
3.136170218495330175e+00  4.343568518482656023e-03  4.343568518482656023e-03
3.236170218495330708e+00  3.633035388916042770e-03  3.633035388916042770e-03
3.336170218495330353e+00  2.858659677490404429e-03  2.858659677490404429e-03
3.436170218495329998e+00  2.135531092052095955e-03  2.135531092052095955e-03
3.536170218495330531e+00  1.543030809285715187e-03  1.543030809285715187e-03
3.636170218495330175e+00  1.110830078084737178e-03  1.110830078084737178e-03
3.736170218495330708e+00  8.263292224670235313e-04  8.263292224670235313e-04
3.836170218495330353e+00  6.527611998427392198e-04  6.527611998427392198e-04
3.936170218495329998e+00  5.477690522433773012e-04  5.477690522433773012e-04
4.036170218495330531e+00  4.762183686427169248e-04  4.762183686427169248e-04
4.136170218495330175e+00  4.156332087431602860e-04  4.156332087431602860e-04
4.236170218495330708e+00  3.558069857989498101e-04  3.558069857989498101e-04
4.336170218495330353e+00  2.952775113790931361e-04  2.952775113790931361e-04
4.436170218495329998e+00  2.370551511105685699e-04  2.370551511105685699e-04
4.536170218495330531e+00  1.851091022079520145e-04  1.851091022079520145e-04
4.636170218495330175e+00  1.422331162032861615e-04  1.422331162032861615e-04
4.736170218495330708e+00  1.092710470709919656e-04  1.092710470709919656e-04
4.836170218495330353e+00  8.532509040929906624e-05  8.532509040929906624e-05
4.936170218495329998e+00  6.845723393462480326e-05  6.845723393462480326e-05
5.036170218495330531e+00  5.645903016852021834e-05  5.645903016852021834e-05
5.136170218495330175e+00  4.742321770562422218e-05  4.742321770562422218e-05
5.236170218495330708e+00  4.002255898713295948e-05  4.002255898713295948e-05
5.336170218495330353e+00  3.353002046505665720e-05  3.353002046505665720e-05
5.436170218495329998e+00  2.767832104773735021e-05  2.767832104773735021e-05
5.536170218495330531e+00  2.246370685805083961e-05  2.246370685805083961e-05
5.636170218495330175e+00  1.797124933927561385e-05  1.797124933927561385e-05
5.736170218495330708e+00  1.426040791162689108e-05  1.426040791162689108e-05
5.836170218495330353e+00  1.131624409725644552e-05  1.131624409725644552e-05
5.936170218495329998e+00  9.050897117926939124e-06  9.050897117926939124e-06
6.036170218495330531e+00  7.332258468530538862e-06  7.332258468530538862e-06
6.136170218495330175e+00  6.018862922913566594e-06  6.018862922913566594e-06
6.236170218495330708e+00  4.987204441727985636e-06  4.987204441727985636e-06
6.336170218495330353e+00  4.145832843966527270e-06  4.145832843966527270e-06
6.436170218495329998e+00  3.436956981849754034e-06  3.436956981849754034e-06
6.536170218495329642e+00  2.829760772938642522e-06  2.829760772938642522e-06
6.636170218495331063e+00  2.310413939824958629e-06  2.310413939824958629e-06
6.736170218495330708e+00  1.872732206480818911e-06  1.872732206480818911e-06
6.836170218495330353e+00  1.511669835019399192e-06  1.511669835019399192e-06
6.936170218495329998e+00  1.220144343742763400e-06  1.220144343742763400e-06
7.036170218495329642e+00  9.885558183239885964e-07  9.885558183239885964e-07
7.136170218495331063e+00  8.058766424037514450e-07  8.058766424037514450e-07
7.236170218495330708e+00  6.612235115538010118e-07  6.612235115538010118e-07
7.336170218495330353e+00  5.451559925592810440e-07  5.451559925592810440e-07
7.436170218495329998e+00  4.503564703027293872e-07  4.503564703027293872e-07
7.536170218495329642e+00  3.716843539428186274e-07  3.716843539428186274e-07
7.636170218495331063e+00  3.057951812046226073e-07  3.057951812046226073e-07
7.736170218495330708e+00  2.505735293019899466e-07  2.505735293019899466e-07
7.836170218495330353e+00  2.045883526872801892e-07  2.045883526872801892e-07
7.936170218495329998e+00  1.666932511670077456e-07  1.666932511670077456e-07
8.036170218495332307e+00  1.358065386988192128e-07  1.358065386988192128e-07
8.136170218495330175e+00  1.108432702905869035e-07  1.108432702905869035e-07
8.236170218495331596e+00  9.074181679815864370e-08  9.074181679815864370e-08
8.336170218495329465e+00  7.452629039666888580e-08  7.452629039666888580e-08
8.436170218495330886e+00  6.136198514953206216e-08  6.136198514953206216e-08
8.536170218495332307e+00  5.058243546339220954e-08  5.058243546339220954e-08
8.636170218495330175e+00  4.168524898546048326e-08  4.168524898546048326e-08
8.736170218495331596e+00  3.430537486395844753e-08  3.430537486395844753e-08
8.836170218495329465e+00  2.817850679684632298e-08  2.817850679684632298e-08
8.936170218495330886e+00  2.310581295537650293e-08  2.310581295537650293e-08
9.036170218495330531e+00  1.892687493324184061e-08  1.892687493324184061e-08
9.136170218495330175e+00  1.550303751986097407e-08  1.550303751986097407e-08
9.236170218495329820e+00  1.270986097450686727e-08  1.270986097450686727e-08
9.336170218495329465e+00  1.043559290670073955e-08  1.043559290670073955e-08
9.436170218495329109e+00  8.582362338530020028e-09  8.582362338530020028e-09
9.536170218495330531e+00  7.067582151034913760e-09  7.067582151034913760e-09
9.636170218495330175e+00  5.824201771100721832e-09  5.824201771100721832e-09
9.736170218495329820e+00  4.799498474058183064e-09  4.799498474058183064e-09
9.836170218495329465e+00  3.952778376001892709e-09  3.952778376001892709e-09
9.936170218495329109e+00  3.252631095594393153e-09  3.252631095594393153e-09
1.003617021849533053e+01  2.674336539905750610e-09  2.674336539905750610e-09
1.013617021849533018e+01  2.197804648053245145e-09  2.197804648053245145e-09
1.023617021849532982e+01  1.806175621987611192e-09  1.806175621987611192e-09
1.033617021849532946e+01  1.485010036495120969e-09  1.485010036495120969e-09
1.043617021849532911e+01  1.221892648783626590e-09  1.221892648783626590e-09
