-1.541666666494231119e+00  3.409065176443239348e-31  3.409065176443239348e-31
-1.441666666494231031e+00  8.100983091833029736e-29  8.100983091833029736e-29
-1.341666666494231386e+00  1.642589817823991831e-26  1.642589817823991831e-26
-1.241666666494230853e+00  2.690167824656683362e-24  2.690167824656683362e-24
-1.141666666494231208e+00  3.521509308146023378e-22  3.521509308146023378e-22
-1.041666666494231119e+00  3.676756377804649200e-20  3.676756377804649200e-20
-9.416666664942310305e-01  3.060467305573062350e-18  3.060467305573062350e-18
-8.416666664942309417e-01  2.030717160380936208e-16  2.030717160380936208e-16
-7.416666664942310749e-01  1.074081432062152329e-14  1.074081432062152329e-14
-6.416666664942312082e-01  4.528426848564289127e-13  4.528426848564289127e-13
-5.416666664942311193e-01  1.521874033205209845e-11  1.521874033205209845e-11
-4.416666664942310305e-01  4.076907456559502192e-10  4.076907456559502192e-10
-3.416666664942309417e-01  8.705698914164505458e-09  8.705698914164505458e-09
-2.416666664942310749e-01  1.481825331463283803e-07  1.481825331463283803e-07
-1.416666664942309861e-01  2.010531779453555477e-06  2.010531779453555477e-06
-4.166666649423111934e-02  2.174429916975929915e-05  2.174429916975929915e-05
5.833333350576896947e-02  1.874564677139198829e-04  1.874564677139198829e-04
1.583333335057690583e-01  1.288178329296392303e-03  1.288178329296392303e-03
2.583333335057689251e-01  7.056219861453496070e-03  7.056219861453496070e-03
3.583333335057690139e-01  3.080979450622432780e-02  3.080979450622432780e-02
4.583333335057688807e-01  1.072324287108577107e-01  1.072324287108577107e-01
5.583333335057689695e-01  2.974981566805657840e-01  2.974981566805657840e-01
6.583333335057690583e-01  6.579056536909692054e-01  6.579056536909692054e-01
7.583333335057691471e-01  1.159752548446776776e+00  1.159752548446776776e+00
8.583333335057692359e-01  1.629645449091129183e+00  1.629645449091129183e+00
9.583333335057688807e-01  1.825407057646670550e+00  1.825407057646670550e+00
1.058333333505768969e+00  1.630096063519886229e+00  1.630096063519886229e+00
1.158333333505769058e+00  1.161056139104367224e+00  1.161056139104367224e+00
1.258333333505769147e+00  6.609863006173509747e-01  6.609863006173509747e-01
1.358333333505769236e+00  3.039418796889057917e-01  3.039418796889057917e-01
1.458333333505768881e+00  1.192552784388103693e-01  1.192552784388103693e-01
1.558333333505768969e+00  5.083626860711356471e-02  5.083626860711356471e-02
1.658333333505769058e+00  3.683937089031832923e-02  3.683937089031832923e-02
1.758333333505769147e+00  4.083610827331979332e-02  4.083610827331979332e-02
1.858333333505769236e+00  4.707912765500951030e-02  4.707912765500951030e-02
1.958333333505768881e+00  4.967626990407506687e-02  4.967626990407506687e-02
2.058333333505768969e+00  4.697890826254092628e-02  4.697890826254092628e-02
2.158333333505769058e+00  3.974584698241614977e-02  3.974584698241614977e-02
2.258333333505769147e+00  3.014568997849562115e-02  3.014568997849562115e-02
2.358333333505769236e+00  2.062407310756021392e-02  2.062407310756021392e-02
2.458333333505768881e+00  1.293035516589737151e-02  1.293035516589737151e-02
2.558333333505769414e+00  7.720156832926045563e-03  7.720156832926045563e-03
2.658333333505769058e+00  4.746703255889043148e-03  4.746703255889043148e-03
2.758333333505768703e+00  3.327163046507928320e-03  3.327163046507928320e-03
2.858333333505769236e+00  2.755230950570657349e-03  2.755230950570657349e-03
2.958333333505768881e+00  2.513990376560393779e-03  2.513990376560393779e-03
3.058333333505769414e+00  2.314052536891448870e-03  2.314052536891448870e-03
3.158333333505769058e+00  2.043773365613468351e-03  2.043773365613468351e-03
3.258333333505769591e+00  1.699409379190291395e-03  1.699409379190291395e-03
3.358333333505769236e+00  1.325866996570501449e-03  1.325866996570501449e-03
3.458333333505768881e+00  9.758107243196363027e-04  9.758107243196363027e-04
3.558333333505769414e+00  6.868000848515931969e-04  6.868000848515931969e-04
3.658333333505769058e+00  4.736596720067904102e-04  4.736596720067904102e-04
3.758333333505769591e+00  3.315522273195006656e-04  3.315522273195006656e-04
3.858333333505769236e+00  2.442106398154466848e-04  2.442106398154466848e-04
3.958333333505768881e+00  1.924231627226385564e-04  1.924231627226385564e-04
4.058333333505769858e+00  1.598702778393869131e-04  1.598702778393869131e-04
4.158333333505769502e+00  1.356174557962482779e-04  1.356174557962482779e-04
4.258333333505769147e+00  1.140226479344988604e-04  1.140226479344988604e-04
4.358333333505768792e+00  9.329516255639695276e-05  9.329516255639695276e-05
4.458333333505768437e+00  7.375444740593339952e-05  7.375444740593339952e-05
4.558333333505769858e+00  5.640827490889020708e-05  5.640827490889020708e-05
4.658333333505769502e+00  4.207788965385818878e-05  4.207788965385818878e-05
4.758333333505769147e+00  3.104160724031315764e-05  3.104160724031315764e-05
4.858333333505768792e+00  2.304433355709894894e-05  2.304433355709894894e-05
4.958333333505768437e+00  1.749282926131500625e-05  1.749282926131500625e-05
5.058333333505769858e+00  1.368803034288773650e-05  1.368803034288773650e-05
5.158333333505769502e+00  1.100362413354753413e-05  1.100362413354753413e-05
5.258333333505769147e+00  8.978083901349476906e-06  8.978083901349476906e-06
5.358333333505768792e+00  7.328941213298749936e-06  7.328941213298749936e-06
5.458333333505768437e+00  5.917993650844248294e-06  5.917993650844248294e-06
5.558333333505769858e+00  4.698092336368655957e-06  4.698092336368655957e-06
5.658333333505769502e+00  3.663866888775202792e-06  3.663866888775202792e-06
5.758333333505769147e+00  2.817592665731353974e-06  2.817592665731353974e-06
5.858333333505768792e+00  2.152108338606551054e-06  2.152108338606551054e-06
5.958333333505768437e+00  1.647113190228592237e-06  1.647113190228592237e-06
6.058333333505769858e+00  1.273179932110295324e-06  1.273179932110295324e-06
6.158333333505769502e+00  9.983196785798470500e-07  9.983196785798470500e-07
6.258333333505769147e+00  7.936542459622924885e-07  7.936542459622924885e-07
6.358333333505768792e+00  6.366557914279103674e-07  6.366557914279103674e-07
6.458333333505768437e+00  5.118835857819569772e-07  5.118835857819569772e-07
6.558333333505768081e+00  4.099592076170279084e-07  4.099592076170279084e-07
6.658333333505769502e+00  3.257385598415736258e-07  3.257385598415736258e-07
6.758333333505769147e+00  2.564692708566731006e-07  2.564692708566731006e-07
6.858333333505768792e+00  2.003922416727073325e-07  2.003922416727073325e-07
6.958333333505768437e+00  1.559270708834765461e-07  1.559270708834765461e-07
7.058333333505768081e+00  1.213622573680079207e-07  1.213622573680079207e-07
7.158333333505769502e+00  9.487142225329948391e-08  9.487142225329948391e-08
7.258333333505769147e+00  7.467172479360146035e-08  7.467172479360146035e-08
7.358333333505768792e+00  5.918925651236806294e-08  5.918925651236806294e-08
7.458333333505768437e+00  4.716055780454422181e-08  4.716055780454422181e-08
7.558333333505768081e+00  3.765412133648370900e-08  3.765412133648370900e-08
7.658333333505769502e+00  3.002959146730759746e-08  3.002959146730759746e-08
7.758333333505769147e+00  2.386512323944369245e-08  2.386512323944369245e-08
7.858333333505768792e+00  1.888096508735230512e-08  1.888096508735230512e-08
7.958333333505768437e+00  1.487740628591124999e-08  1.487740628591124999e-08
8.058333333505769858e+00  1.169414523686918723e-08  1.169414523686918723e-08
8.158333333505769502e+00  9.189708447870405753e-09  9.189708447870405753e-09
8.258333333505769147e+00  7.235096265227401644e-09  7.235096265227401644e-09
8.358333333505768792e+00  5.714905718360165335e-09  5.714905718360165335e-09
8.458333333505768437e+00  4.530503739336583915e-09  4.530503739336583915e-09
8.558333333505769858e+00  3.602030291859343269e-09  3.602030291859343269e-09
8.658333333505769502e+00  2.868085707163010263e-09  2.868085707163010263e-09
8.758333333505769147e+00  2.283373295205684292e-09  2.283373295205684292e-09
8.858333333505768792e+00  1.815223494622510359e-09  1.815223494622510359e-09
8.958333333505768437e+00  1.439980214340705672e-09  1.439980214340705672e-09
9.058333333505769858e+00  1.139944564630226342e-09  1.139944564630226342e-09
9.158333333505769502e+00  9.011871153303196241e-10  9.011871153303196241e-10
9.258333333505769147e+00  7.122179001102358786e-10  7.122179001102358786e-10
9.358333333505768792e+00  5.633134515007653197e-10  5.633134515007653197e-10
9.458333333505768437e+00  4.462416774179852789e-10  4.462416774179852789e-10
9.558333333505769858e+00  3.541592219775650765e-10  3.541592219775650765e-10
9.658333333505769502e+00  2.815330552264085573e-10  2.815330552264085573e-10
9.758333333505769147e+00  2.240182463227888304e-10  2.240182463227888304e-10
9.858333333505768792e+00  1.782836964118681597e-10  1.782836964118681597e-10
9.958333333505768437e+00  1.418096740162893627e-10  1.418096740162893627e-10
1.005833333350576986e+01  1.126890797436139598e-10  1.126890797436139598e-10
1.015833333350576950e+01  8.945737085546745040e-11  8.945737085546745040e-11
1.025833333350576915e+01  7.096319990407990876e-11  7.096319990407990876e-11
1.035833333350576879e+01  5.627978664182858942e-11  5.627978664182858942e-11
1.045833333350576844e+01  4.464926244039342944e-11  4.464926244039342944e-11
