-1.510101082921790017e+00  6.090811714758601564e-07  6.090811714758601564e-07
-1.410101082921790372e+00  1.841733439914771598e-06  1.841733439914771598e-06
-1.310101082921790283e+00  5.326954241060034641e-06  5.326954241060034641e-06
-1.210101082921790194e+00  1.473354583653863787e-05  1.473354583653863787e-05
-1.110101082921790550e+00  3.896123425226110461e-05  3.896123425226110461e-05
-1.010101082921790017e+00  9.849277833267002142e-05  9.849277833267002142e-05
-9.101010829217901499e-01  2.380066623816392819e-04  2.380066623816392819e-04
-8.101010829217902831e-01  5.497495709592833089e-04  5.497495709592833089e-04
-7.101010829217901943e-01  1.213715787742365021e-03  1.213715787742365021e-03
-6.101010829217901055e-01  2.561152400216381870e-03  2.561152400216381870e-03
-5.101010829217902387e-01  5.165511330345690273e-03  5.165511330345690273e-03
-4.101010829217901499e-01  9.957400780854035877e-03  9.957400780854035877e-03
-3.101010829217900611e-01  1.834552758601955963e-02  1.834552758601955963e-02
-2.101010829217901943e-01  3.230455807961454123e-02  3.230455807961454123e-02
-1.101010829217901055e-01  5.436825528838732519e-02  5.436825528838732519e-02
-1.010108292179023870e-02  8.745289889987634124e-02  8.745289889987634124e-02
8.989891707820985012e-02  1.344466537548648921e-01  1.344466537548648921e-01
1.898989170782099389e-01  1.975481680011807739e-01  1.975481680011807739e-01
2.898989170782098057e-01  2.774239871288614045e-01  2.774239871288614045e-01
3.898989170782098945e-01  3.723611749367622403e-01  3.723611749367622403e-01
4.898989170782097613e-01  4.776791924145087354e-01  4.776791924145087354e-01
5.898989170782098501e-01  5.856835527389183671e-01  5.856835527389183671e-01
6.898989170782099389e-01  6.863556432261924689e-01  6.863556432261924689e-01
7.898989170782100278e-01  7.687793473024101543e-01  7.687793473024101543e-01
8.898989170782101166e-01  8.230581581209928110e-01  8.230581581209928110e-01
9.898989170782097613e-01  8.422681906514728478e-01  8.422681906514728478e-01
1.089898917078209850e+00  8.239167241628682081e-01  8.239167241628682081e-01
1.189898917078209939e+00  7.704819901161750195e-01  7.704819901161750195e-01
1.289898917078210028e+00  6.888723927903820377e-01  6.888723927903820377e-01
1.389898917078210117e+00  5.889673078285539987e-01  5.889673078285539987e-01
1.489898917078209761e+00  4.816640030372050796e-01  4.816640030372050796e-01
1.589898917078209850e+00  3.769611779465923962e-01  3.769611779465923962e-01
1.689898917078209939e+00  2.825336827138841822e-01  2.825336827138841822e-01
1.789898917078210028e+00  2.030445351338403537e-01  2.030445351338403537e-01
1.889898917078210117e+00  1.401932934410208831e-01  1.401932934410208831e-01
1.989898917078209761e+00  9.330602789587121026e-02  9.330602789587121026e-02
2.089898917078209628e+00  6.018402439832847006e-02  6.018402439832847006e-02
2.189898917078210161e+00  3.794690832660289892e-02  3.794690832660289892e-02
2.289898917078209806e+00  2.369367514817565315e-02  2.369367514817565315e-02
2.389898917078210339e+00  1.491207841847145589e-02  1.491207841847145589e-02
2.489898917078209983e+00  9.653277746931568717e-03  9.653277746931568717e-03
2.589898917078210516e+00  6.536370398515085195e-03  6.536370398515085195e-03
2.689898917078210161e+00  4.658135870897773916e-03  4.658135870897773916e-03
2.789898917078209806e+00  3.469954347297978057e-03  3.469954347297978057e-03
2.889898917078210339e+00  2.661219212196504549e-03  2.661219212196504549e-03
2.989898917078209983e+00  2.067394986050715647e-03  2.067394986050715647e-03
3.089898917078210516e+00  1.606196225403398259e-03  1.606196225403398259e-03
3.189898917078210161e+00  1.237692826541172833e-03  1.237692826541172833e-03
3.289898917078210694e+00  9.416771438189512448e-04  9.416771438189512448e-04
3.389898917078210339e+00  7.060650628172791257e-04  7.060650628172791257e-04
3.489898917078209983e+00  5.216520518073912210e-04  5.216520518073912210e-04
3.589898917078210516e+00  3.801664793971035899e-04  3.801664793971035899e-04
3.689898917078210161e+00  2.738284927157712809e-04  2.738284927157712809e-04
3.789898917078210694e+00  1.954649530340095496e-04  1.954649530340095496e-04
3.889898917078210339e+00  1.387317051516322186e-04  1.387317051516322186e-04
3.989898917078209983e+00  9.826603687806067470e-05  9.826603687806067470e-05
4.089898917078210516e+00  6.972642186448966054e-05  6.972642186448966054e-05
4.189898917078210161e+00  4.973488565340213313e-05  4.973488565340213313e-05
4.289898917078210694e+00  3.575620946784268989e-05  3.575620946784268989e-05
4.389898917078210339e+00  2.594821204429816246e-05  2.594821204429816246e-05
4.489898917078209983e+00  1.900965799812747822e-05  1.900965799812747822e-05
4.589898917078210516e+00  1.404279679263946228e-05  1.404279679263946228e-05
4.689898917078210161e+00  1.043902073490032610e-05  1.043902073490032610e-05
4.789898917078210694e+00  7.789793166111328430e-06  7.789793166111328430e-06
4.889898917078210339e+00  5.820996785021363365e-06  5.820996785021363365e-06
4.989898917078209983e+00  4.346831128124135096e-06  4.346831128124135096e-06
5.089898917078210516e+00  3.238796191184258536e-06  3.238796191184258536e-06
5.189898917078210161e+00  2.405585635665572634e-06  2.405585635665572634e-06
5.289898917078210694e+00  1.780430708917142224e-06  1.780430708917142224e-06
5.389898917078210339e+00  1.313274279547581989e-06  1.313274279547581989e-06
5.489898917078209983e+00  9.659303769300767011e-07  9.659303769300767011e-07
5.589898917078210516e+00  7.090141483321910549e-07  7.090141483321910549e-07
5.689898917078210161e+00  5.198911530934845702e-07  5.198911530934845702e-07
5.789898917078210694e+00  3.812103501113177674e-07  3.812103501113177674e-07
5.889898917078210339e+00  2.797838409675714939e-07  2.797838409675714939e-07
5.989898917078209983e+00  2.056920848423860982e-07  2.056920848423860982e-07
6.089898917078210516e+00  1.515547980551227251e-07  1.515547980551227251e-07
6.189898917078210161e+00  1.119369042411963649e-07  1.119369042411963649e-07
6.289898917078210694e+00  8.287061081150927497e-08  8.287061081150927497e-08
6.389898917078210339e+00  6.147822278322745183e-08  6.147822278322745183e-08
6.489898917078209983e+00  4.568086669811826941e-08  4.568086669811826941e-08
6.589898917078209628e+00  3.397842444140491388e-08  3.397842444140491388e-08
6.689898917078211049e+00  2.528663563396542200e-08  2.528663563396542200e-08
6.789898917078210694e+00  1.881866411081962011e-08  1.881866411081962011e-08
6.889898917078210339e+00  1.400023636473739195e-08  1.400023636473739195e-08
6.989898917078209983e+00  1.040946053114871713e-08  1.040946053114871713e-08
7.089898917078209628e+00  7.734377544409682190e-09  7.734377544409682190e-09
7.189898917078211049e+00  5.743019851326071686e-09  5.743019851326071686e-09
7.289898917078210694e+00  4.262179500201177465e-09  4.262179500201177465e-09
7.389898917078210339e+00  3.162202772958776075e-09  3.162202772958776075e-09
7.489898917078209983e+00  2.345959773316686589e-09  2.345959773316686589e-09
7.589898917078209628e+00  1.740731749714196882e-09  1.740731749714196882e-09
7.689898917078211049e+00  1.292169047236536607e-09  1.292169047236536607e-09
7.789898917078210694e+00  9.597473741101314121e-10  9.597473741101314121e-10
7.889898917078210339e+00  7.133302856188648786e-10  7.133302856188648786e-10
7.989898917078209983e+00  5.305627454517114442e-10  5.305627454517114442e-10
8.089898917078212293e+00  3.948968440067962339e-10  3.948968440067962339e-10
8.189898917078210161e+00  2.941015136775083152e-10  2.941015136775083152e-10
8.289898917078211582e+00  2.191432007416913067e-10  2.191432007416913067e-10
8.389898917078209450e+00  1.633499283427910587e-10  1.633499283427910587e-10
8.489898917078210872e+00  1.217905129658962278e-10  1.217905129658962278e-10
8.589898917078212293e+00  9.081584961358700821e-11  9.081584961358700821e-11
8.689898917078210161e+00  6.772126296363006913e-11  6.772126296363006913e-11
8.789898917078211582e+00  5.049858173075839973e-11  5.049858173075839973e-11
8.889898917078209450e+00  3.765425984805323271e-11  3.765425984805323271e-11
8.989898917078210872e+00  2.807587073729357928e-11  2.807587073729357928e-11
9.089898917078210516e+00  2.093392414716048696e-11  2.093392414716048696e-11
9.189898917078210161e+00  1.560945500600854662e-11  1.560945500600854662e-11
9.289898917078209806e+00  1.164044017049114766e-11  1.164044017049114766e-11
9.389898917078209450e+00  8.682011998514071027e-12  8.682011998514071027e-12
9.489898917078209095e+00  6.476825458444386554e-12  6.476825458444386554e-12
9.589898917078210516e+00  4.832934035403047462e-12  4.832934035403047462e-12
9.689898917078210161e+00  3.607245231745397052e-12  3.607245231745397052e-12
9.789898917078209806e+00  2.693139286562752229e-12  2.693139286562752229e-12
9.889898917078209450e+00  2.011203855225385105e-12  2.011203855225385105e-12
9.989898917078209095e+00  1.502305098094101235e-12  1.502305098094101235e-12
1.008989891707821052e+01  1.122411685969665809e-12  1.122411685969665809e-12
1.018989891707821016e+01  8.387333035065014036e-13  8.387333035065014036e-13
1.028989891707820981e+01  6.268435923653656284e-13  6.268435923653656284e-13
1.038989891707820945e+01  4.685390085685536050e-13  4.685390085685536050e-13
1.048989891707820910e+01  3.502466990573853943e-13  3.502466990573853943e-13
