-1.563829773947737589e+00  9.843156404852419353e-15  9.843156404852419353e-15
-1.463829773947737500e+00  1.212294068229894239e-13  1.212294068229894239e-13
-1.363829773947737856e+00  1.373774321400083301e-12  1.373774321400083301e-12
-1.263829773947737323e+00  1.416028945470620868e-11  1.416028945470620868e-11
-1.163829773947737678e+00  1.320956397059596826e-10  1.320956397059596826e-10
-1.063829773947737589e+00  1.112731036932182140e-09  1.112731036932182140e-09
-9.638297739477375004e-01  8.455351023541351447e-09  8.455351023541351447e-09
-8.638297739477374115e-01  5.792979256906251202e-08  5.792979256906251202e-08
-7.638297739477375448e-01  3.577649938770022456e-07  3.577649938770022456e-07
-6.638297739477376780e-01  1.991437851661040483e-06  1.991437851661040483e-06
-5.638297739477375892e-01  9.990359624101549256e-06  9.990359624101549256e-06
-4.638297739477375004e-01  4.516749146762479228e-05  4.516749146762479228e-05
-3.638297739477374115e-01  1.840318426964213517e-04  1.840318426964213517e-04
-2.638297739477375448e-01  6.757365774655417706e-04  6.757365774655417706e-04
-1.638297739477374559e-01  2.236025285178820654e-03  2.236025285178820654e-03
-6.382977394773758917e-02  6.667906429432706762e-03  6.667906429432706762e-03
3.617022605226249965e-02  1.791906654562054266e-02  1.791906654562054266e-02
1.361702260522625885e-01  4.339650674490131560e-02  4.339650674490131560e-02
2.361702260522624552e-01  9.471286866814881966e-02  9.471286866814881966e-02
3.361702260522625441e-01  1.862861894939605023e-01  1.862861894939605023e-01
4.361702260522624108e-01  3.301980330772221750e-01  3.301980330772221750e-01
5.361702260522624996e-01  5.274712456735659583e-01  5.274712456735659583e-01
6.361702260522625885e-01  7.593964247354415553e-01  7.593964247354415553e-01
7.361702260522626773e-01  9.853972581665857433e-01  9.853972581665857433e-01
8.361702260522627661e-01  1.152602852786149157e+00  1.152602852786149157e+00
9.361702260522624108e-01  1.215561459614161732e+00  1.215561459614161732e+00
1.036170226052262500e+00  1.156415421342505523e+00  1.156415421342505523e+00
1.136170226052262588e+00  9.934275394119113090e-01  9.934275394119113090e-01
1.236170226052262677e+00  7.723570773484860208e-01  7.723570773484860208e-01
1.336170226052262766e+00  5.461970980135425480e-01  5.461970980135425480e-01
1.436170226052262411e+00  3.553975799587078543e-01  3.553975799587078543e-01
1.536170226052262500e+00  2.182737434411874122e-01  2.182737434411874122e-01
1.636170226052262588e+00  1.331822726261898959e-01  1.331822726261898959e-01
1.736170226052262677e+00  8.730152263818583003e-02  8.730152263818583003e-02
1.836170226052262766e+00  6.550841440097412982e-02  6.550841440097412982e-02
1.936170226052262411e+00  5.568458338129021745e-02  5.568458338129021745e-02
2.036170226052262500e+00  5.024210578557667534e-02  5.024210578557667534e-02
2.136170226052262588e+00  4.542363567010711950e-02  4.542363567010711950e-02
2.236170226052262677e+00  3.994008438533757505e-02  3.994008438533757505e-02
2.336170226052262766e+00  3.378813011069473071e-02  3.378813011069473071e-02
2.436170226052262411e+00  2.746873577049968942e-02  2.746873577049968942e-02
2.536170226052262944e+00  2.154603475689155848e-02  2.154603475689155848e-02
2.636170226052262588e+00  1.643509626749467198e-02  1.643509626749467198e-02
2.736170226052262233e+00  1.233387217406728756e-02  1.233387217406728756e-02
2.836170226052262766e+00  9.241887960127903243e-03  9.241887960127903243e-03
2.936170226052262411e+00  7.022570931846074810e-03  7.022570931846074810e-03
3.036170226052262944e+00  5.475735973870641052e-03  5.475735973870641052e-03
3.136170226052262588e+00  4.397765665611729456e-03  4.397765665611729456e-03
3.236170226052263121e+00  3.619155968908197366e-03  3.619155968908197366e-03
3.336170226052262766e+00  3.019320636581810085e-03  3.019320636581810085e-03
3.436170226052262411e+00  2.524642848536429608e-03  2.524642848536429608e-03
3.536170226052262944e+00  2.097559574168428222e-03  2.097559574168428222e-03
3.636170226052262588e+00  1.723282490094033741e-03  1.723282490094033741e-03
3.736170226052263121e+00  1.398314374784075846e-03  1.398314374784075846e-03
3.836170226052262766e+00  1.122524548541569333e-03  1.122524548541569333e-03
3.936170226052262411e+00  8.948504979440486101e-04  8.948504979440486101e-04
4.036170226052263388e+00  7.118047269156730717e-04  7.118047269156730717e-04
4.136170226052263033e+00  5.677090987097256234e-04  5.677090987097256234e-04
4.236170226052262677e+00  4.557005983027985442e-04  4.557005983027985442e-04
4.336170226052262322e+00  3.688368466833712991e-04  3.688368466833712991e-04
4.436170226052261967e+00  3.009330594537353108e-04  3.009330594537353108e-04
4.536170226052263388e+00  2.470073726173951521e-04  2.470073726173951521e-04
4.636170226052263033e+00  2.033705463204062581e-04  2.033705463204062581e-04
4.736170226052262677e+00  1.674723376900293396e-04  1.674723376900293396e-04
4.836170226052262322e+00  1.376302953973491006e-04  1.376302953973491006e-04
4.936170226052261967e+00  1.127426830769076853e-04  1.127426830769076853e-04
5.036170226052263388e+00  9.204851289424883804e-05  9.204851289424883804e-05
5.136170226052263033e+00  7.496042994611945174e-05  7.496042994611945174e-05
5.236170226052262677e+00  6.096898565411873119e-05  6.096898565411873119e-05
5.336170226052262322e+00  4.960189343684560541e-05  4.960189343684560541e-05
5.436170226052261967e+00  4.041735130913869719e-05  4.041735130913869719e-05
5.536170226052263388e+00  3.301286755704626436e-05  3.301286755704626436e-05
5.636170226052263033e+00  2.703659712416883293e-05  2.703659712416883293e-05
5.736170226052262677e+00  2.219421313550953091e-05  2.219421313550953091e-05
5.836170226052262322e+00  1.824917480519283689e-05  1.824917480519283689e-05
5.936170226052261967e+00  1.501730338370524331e-05  1.501730338370524331e-05
6.036170226052263388e+00  1.235793607796634620e-05  1.235793607796634620e-05
6.136170226052263033e+00  1.016404841110557839e-05  1.016404841110557839e-05
6.236170226052262677e+00  8.353161617733208572e-06  8.353161617733208572e-06
6.336170226052262322e+00  6.860046270121975170e-06  6.860046270121975170e-06
6.436170226052261967e+00  5.631504773705340057e-06  5.631504773705340057e-06
6.536170226052261611e+00  4.623013336319785987e-06  4.623013336319785987e-06
6.636170226052263033e+00  3.796754921335802047e-06  3.796754921335802047e-06
6.736170226052262677e+00  3.120530732716252873e-06  3.120530732716252873e-06
6.836170226052262322e+00  2.567121856921947542e-06  2.567121856921947542e-06
6.936170226052261967e+00  2.113810335571469728e-06  2.113810335571469728e-06
7.036170226052261611e+00  1.741905333252640887e-06  1.741905333252640887e-06
7.136170226052263033e+00  1.436224645428587919e-06  1.436224645428587919e-06
7.236170226052262677e+00  1.184544959383273919e-06  1.184544959383273919e-06
7.336170226052262322e+00  9.770604461932897607e-07  9.770604461932897607e-07
7.436170226052261967e+00  8.058895945297309459e-07  8.058895945297309459e-07
7.536170226052261611e+00  6.646569618401045466e-07  6.646569618401045466e-07
7.636170226052263033e+00  5.481596549482889286e-07  5.481596549482889286e-07
7.736170226052262677e+00  4.521141331677881747e-07  4.521141331677881747e-07
7.836170226052262322e+00  3.729700931235743816e-07  3.729700931235743816e-07
7.936170226052261967e+00  3.077748776967698503e-07  3.077748776967698503e-07
8.036170226052263388e+00  2.540727163718708137e-07  2.540727163718708137e-07
8.136170226052263033e+00  2.098263347592374095e-07  2.098263347592374095e-07
8.236170226052262677e+00  1.733524342733550704e-07  1.733524342733550704e-07
8.336170226052262322e+00  1.432661126990158090e-07  1.432661126990158090e-07
8.436170226052261967e+00  1.184319094333672538e-07  1.184319094333672538e-07
8.536170226052263388e+00  9.792070892482370540e-08  9.792070892482370540e-08
8.636170226052263033e+00  8.097240114914339497e-08  8.097240114914339497e-08
8.736170226052262677e+00  6.696427766810552442e-08  6.696427766810552442e-08
8.836170226052262322e+00  5.538493224535511786e-08  5.538493224535511786e-08
8.936170226052261967e+00  4.581316163039060238e-08  4.581316163039060238e-08
9.036170226052263388e+00  3.790115804667564512e-08  3.790115804667564512e-08
9.136170226052263033e+00  3.136120078257292894e-08  3.136120078257292894e-08
9.236170226052262677e+00  2.595508356924747622e-08  2.595508356924747622e-08
9.336170226052262322e+00  2.148562123105026542e-08  2.148562123105026542e-08
9.436170226052261967e+00  1.778972060682581774e-08  1.778972060682581774e-08
9.536170226052263388e+00  1.473264138761410040e-08  1.473264138761410040e-08
9.636170226052263033e+00  1.220318998593769748e-08  1.220318998593769748e-08
9.736170226052262677e+00  1.010967486403021795e-08  1.010967486403021795e-08
9.836170226052262322e+00  8.376505970177549040e-09  8.376505970177549040e-09
9.936170226052261967e+00  6.941350826664370604e-09  6.941350826664370604e-09
1.003617022605226339e+01  5.752773954290878862e-09  5.752773954290878862e-09
1.013617022605226303e+01  4.768292424570345257e-09  4.768292424570345257e-09
1.023617022605226268e+01  3.952783931584332946e-09  3.952783931584332946e-09
1.033617022605226232e+01  3.277187965406612071e-09  3.277187965406612071e-09
1.043617022605226197e+01  2.717446532972263437e-09  2.717446532972263437e-09
