-1.575268786585606762e+00  1.339316748042508107e-20  1.339316748042508107e-20
-1.475268786585606673e+00  4.677462768600313468e-19  4.677462768600313468e-19
-1.375268786585606584e+00  1.476134846526534231e-17  1.476134846526534231e-17
-1.275268786585606939e+00  4.081573652637956203e-16  4.081573652637956203e-16
-1.175268786585606851e+00  9.786960118730129540e-15  9.786960118730129540e-15
-1.075268786585606762e+00  2.028070995213224473e-13  2.028070995213224473e-13
-9.752687865856066729e-01  3.627482292876379456e-12  3.627482292876379456e-12
-8.752687865856065841e-01  5.597812978297806711e-11  5.597812978297806711e-11
-7.752687865856067173e-01  7.451532813538328473e-10  7.451532813538328473e-10
-6.752687865856068505e-01  8.555692919950438681e-09  8.555692919950438681e-09
-5.752687865856067617e-01  8.472921647767006257e-08  8.472921647767006257e-08
-4.752687865856066729e-01  7.237244258003810550e-07  7.237244258003810550e-07
-3.752687865856065841e-01  5.331780126626322885e-06  5.331780126626322885e-06
-2.752687865856067173e-01  3.387884992929476673e-05  3.387884992929476673e-05
-1.752687865856066285e-01  1.856700007883771517e-04  1.856700007883771517e-04
-7.526878658560676172e-02  8.776292868379127927e-04  8.776292868379127927e-04
2.473121341439332710e-02  3.577969681063983276e-03  3.577969681063983276e-03
1.247312134143934159e-01  1.258109648096208608e-02  1.258109648096208608e-02
2.247312134143932827e-01  3.815548534026436123e-02  3.815548534026436123e-02
3.247312134143933715e-01  9.980513762932330390e-02  9.980513762932330390e-02
4.247312134143932383e-01  2.251685725916182379e-01  2.251685725916182379e-01
5.247312134143933271e-01  4.381518903767936957e-01  4.381518903767936957e-01
6.247312134143934159e-01  7.353769895353825525e-01  7.353769895353825525e-01
7.247312134143935047e-01  1.064578570280134695e+00  1.064578570280134695e+00
8.247312134143935936e-01  1.329411872611124590e+00  1.329411872611124590e+00
9.247312134143932383e-01  1.432294494907586868e+00  1.432294494907586868e+00
1.024731213414393327e+00  1.331962212639729470e+00  1.331962212639729470e+00
1.124731213414393416e+00  1.070450625566413239e+00  1.070450625566413239e+00
1.224731213414393505e+00  7.460362869630485783e-01  7.460362869630485783e-01
1.324731213414393594e+00  4.555532775053711125e-01  4.555532775053711125e-01
1.424731213414393238e+00  2.513663001283928944e-01  2.513663001283928944e-01
1.524731213414393327e+00  1.363796581163318478e-01  1.363796581163318478e-01
1.624731213414393416e+00  8.556925303548748585e-02  8.556925303548748585e-02
1.724731213414393505e+00  6.967969849645815061e-02  6.967969849645815061e-02
1.824731213414393594e+00  6.747456043706444306e-02  6.747456043706444306e-02
1.924731213414393238e+00  6.735292068064994975e-02  6.735292068064994975e-02
2.024731213414393327e+00  6.453206653065889087e-02  6.453206653065889087e-02
2.124731213414393416e+00  5.807198199050863513e-02  5.807198199050863513e-02
2.224731213414393505e+00  4.891815402633292037e-02  4.891815402633292037e-02
2.324731213414393594e+00  3.871561755333289417e-02  3.871561755333289417e-02
2.424731213414393238e+00  2.905112533009468825e-02  2.905112533009468825e-02
2.524731213414393771e+00  2.101041172081931363e-02  2.101041172081931363e-02
2.624731213414393416e+00  1.503345582554384968e-02  1.503345582554384968e-02
2.724731213414393061e+00  1.101088379563929312e-02  1.101088379563929312e-02
2.824731213414393594e+00  8.507954294230528694e-03  8.507954294230528694e-03
2.924731213414393238e+00  6.996843064345972980e-03  6.996843064345972980e-03
3.024731213414393771e+00  6.020429954401942778e-03  6.020429954401942778e-03
3.124731213414393416e+00  5.266452366030816359e-03  5.266452366030816359e-03
3.224731213414393949e+00  4.570231566643416336e-03  4.570231566643416336e-03
3.324731213414393594e+00  3.878372693187946436e-03  3.878372693187946436e-03
3.424731213414393238e+00  3.201824348610811475e-03  3.201824348610811475e-03
3.524731213414393771e+00  2.575635621916430845e-03  2.575635621916430845e-03
3.624731213414393416e+00  2.032399384826919300e-03  2.032399384826919300e-03
3.724731213414393949e+00  1.589552895854648863e-03  1.589552895854648863e-03
3.824731213414393594e+00  1.247276350681028774e-03  1.247276350681028774e-03
3.924731213414393238e+00  9.926612765156566601e-04  9.926612765156566601e-04
4.024731213414393771e+00  8.061911774140659076e-04  8.061911774140659076e-04
4.124731213414393416e+00  6.677062002092842711e-04  6.677062002092842711e-04
4.224731213414393949e+00  5.603788215443283828e-04  5.603788215443283828e-04
4.324731213414393594e+00  4.724026555335251619e-04  4.724026555335251619e-04
4.424731213414393238e+00  3.968591078997413908e-04  3.968591078997413908e-04
4.524731213414393771e+00  3.305363144722641279e-04  3.305363144722641279e-04
4.624731213414393416e+00  2.724349037487322099e-04  2.724349037487322099e-04
4.724731213414393949e+00  2.224677899470494876e-04  2.224677899470494876e-04
4.824731213414393594e+00  1.805930302219160583e-04  1.805930302219160583e-04
4.924731213414393238e+00  1.464026741059909834e-04  1.464026741059909834e-04
5.024731213414393771e+00  1.190625065577499220e-04  1.190625065577499220e-04
5.124731213414393416e+00  9.745297831429921534e-05  9.745297831429921534e-05
5.224731213414393949e+00  8.037550784627471958e-05  8.037550784627471958e-05
5.324731213414393594e+00  6.673160097533730687e-05  6.673160097533730687e-05
5.424731213414393238e+00  5.563093705262108581e-05  5.563093705262108581e-05
5.524731213414393771e+00  4.642371242832255235e-05  4.642371242832255235e-05
5.624731213414393416e+00  3.867596092244981077e-05  3.867596092244981077e-05
5.724731213414393949e+00  3.211481318022589218e-05  3.211481318022589218e-05
5.824731213414393594e+00  2.656799952425952747e-05  2.656799952425952747e-05
5.924731213414393238e+00  2.191371019198748218e-05  2.191371019198748218e-05
6.024731213414393771e+00  1.804777556852360667e-05  1.804777556852360667e-05
6.124731213414393416e+00  1.486790575255438655e-05  1.486790575255438655e-05
6.224731213414393949e+00  1.227057216323705807e-05  1.227057216323705807e-05
6.324731213414393594e+00  1.015484977751817177e-05  1.015484977751817177e-05
6.424731213414393238e+00  8.428287588907604829e-06  8.428287588907604829e-06
6.524731213414392883e+00  7.011590417244427654e-06  7.011590417244427654e-06
6.624731213414394304e+00  5.840715485094850742e-06  5.840715485094850742e-06
6.724731213414393949e+00  4.866386763351562778e-06  4.866386763351562778e-06
6.824731213414393594e+00  4.051817122897395796e-06  4.051817122897395796e-06
6.924731213414393238e+00  3.369654513417292225e-06  3.369654513417292225e-06
7.024731213414392883e+00  2.799012589198334925e-06  2.799012589198334925e-06
7.124731213414394304e+00  2.323113441043196341e-06  2.323113441043196341e-06
7.224731213414393949e+00  1.927726051216379582e-06  1.927726051216379582e-06
7.324731213414393594e+00  1.600327494715306777e-06  1.600327494715306777e-06
7.424731213414393238e+00  1.329778322555884735e-06  1.329778322555884735e-06
7.524731213414392883e+00  1.106275775691154960e-06  1.106275775691154960e-06
7.624731213414394304e+00  9.213917090279548131e-07  9.213917090279548131e-07
7.724731213414393949e+00  7.680757650842702189e-07  7.680757650842702189e-07
7.824731213414393594e+00  6.405765305751108552e-07  6.405765305751108552e-07
7.924731213414393238e+00  5.342858650149157049e-07  5.342858650149157049e-07
8.024731213414394659e+00  4.455388763431507323e-07  4.455388763431507323e-07
8.124731213414394304e+00  3.714076472835471936e-07  3.714076472835471936e-07
8.224731213414393949e+00  3.095185824031184110e-07  3.095185824031184110e-07
8.324731213414393594e+00  2.579093632225037266e-07  2.579093632225037266e-07
8.424731213414393238e+00  2.149282338507983814e-07  2.149282338507983814e-07
8.524731213414394659e+00  1.791691513931571978e-07  1.791691513931571978e-07
8.624731213414394304e+00  1.494321225931584888e-07  1.494321225931584888e-07
8.724731213414393949e+00  1.246979781831246013e-07  1.246979781831246013e-07
8.824731213414393594e+00  1.041092920290170159e-07  1.041092920290170159e-07
8.924731213414393238e+00  8.695249448983977740e-08  8.695249448983977740e-08
9.024731213414394659e+00  7.263924920233350911e-08  7.263924920233350911e-08
9.124731213414394304e+00  6.068722850029643616e-08  6.068722850029643616e-08
9.224731213414393949e+00  5.070141316665605623e-08  5.070141316665605623e-08
9.324731213414393594e+00  4.235716800485334062e-08  4.235716800485334062e-08
9.424731213414393238e+00  3.538595605740920240e-08  3.538595605740920240e-08
9.524731213414394659e+00  2.956399015622358639e-08  2.956399015622358639e-08
9.624731213414394304e+00  2.470362303060110636e-08  2.470362303060110636e-08
9.724731213414393949e+00  2.064696747716013452e-08  2.064696747716013452e-08
9.824731213414393594e+00  1.726113414176503031e-08  1.726113414176503031e-08
9.924731213414393238e+00  1.443452944411307927e-08  1.443452944411307927e-08
1.002473121341439466e+01  1.207379811448156144e-08  1.207379811448156144e-08
1.012473121341439430e+01  1.010115659834159143e-08  1.010115659834159143e-08
1.022473121341439395e+01  8.451999242124816164e-09  8.451999242124816164e-09
1.032473121341439359e+01  7.072747707084151467e-09  7.072747707084151467e-09
1.042473121341439324e+01  5.918954972980819090e-09  5.918954972980819090e-09
