-1.541666667854997286e+00  4.230845060511480723e-08  4.230845060511480723e-08
-1.441666667854997197e+00  1.572633055261190747e-07  1.572633055261190747e-07
-1.341666667854997108e+00  5.561842530746403486e-07  5.561842530746403486e-07
-1.241666667854997463e+00  1.868483405292997408e-06  1.868483405292997408e-06
-1.141666667854997375e+00  5.956737214646130887e-06  5.956737214646130887e-06
-1.041666667854997286e+00  1.800995733635232904e-05  1.800995733635232904e-05
-9.416666678549971969e-01  5.162241823044141686e-05  5.162241823044141686e-05
-8.416666678549971081e-01  1.402433601028624515e-04  1.402433601028624515e-04
-7.416666678549972413e-01  3.610593538380513071e-04  3.610593538380513071e-04
-6.416666678549973746e-01  8.808143907428897046e-04  8.808143907428897046e-04
-5.416666678549972858e-01  2.035970932087587462e-03  2.035970932087587462e-03
-4.416666678549971969e-01  4.458835658652366557e-03  4.458835658652366557e-03
-3.416666678549971081e-01  9.251703388010845686e-03  9.251703388010845686e-03
-2.416666678549972413e-01  1.818712994899037566e-02  1.818712994899037566e-02
-1.416666678549971525e-01  3.387223045796732696e-02  3.387223045796732696e-02
-4.166666785499728576e-02  5.976649550057092086e-02  5.976649550057092086e-02
5.833333214500280306e-02  9.990915103763885197e-02  9.990915103763885197e-02
1.583333321450028919e-01  1.582293762749654442e-01  1.582293762749654442e-01
2.583333321450027587e-01  2.374138878993106994e-01  2.374138878993106994e-01
3.583333321450028475e-01  3.374950116748742235e-01  3.374950116748742235e-01
4.583333321450027142e-01  4.545471497260724081e-01  4.545471497260724081e-01
5.583333321450028031e-01  5.800337179388144193e-01  5.800337179388144193e-01
6.583333321450028919e-01  7.013081928495867867e-01  7.013081928495867867e-01
7.583333321450029807e-01  8.034781917435581677e-01  8.034781917435581677e-01
8.583333321450030695e-01  8.723516827344822699e-01  8.723516827344822699e-01
9.583333321450027142e-01  8.976921248167353262e-01  8.976921248167353262e-01
1.058333332145002803e+00  8.757590736668215969e-01  8.757590736668215969e-01
1.158333332145002892e+00  8.102647069355353171e-01  8.102647069355353171e-01
1.258333332145002981e+00  7.114065171063231885e-01  7.114065171063231885e-01
1.358333332145003070e+00  5.933186824271990956e-01  5.933186824271990956e-01
1.458333332145002714e+00  4.708138369331868467e-01  4.708138369331868467e-01
1.558333332145002803e+00  3.564398259135732050e-01  3.564398259135732050e-01
1.658333332145002892e+00  2.586244594899171356e-01  2.586244594899171356e-01
1.758333332145002981e+00  1.811876862527388443e-01  1.811876862527388443e-01
1.858333332145003070e+00  1.240097834830455603e-01  1.240097834830455603e-01
1.958333332145002714e+00  8.434896743810925412e-02  8.434896743810925412e-02
2.058333332145002803e+00  5.826355016304683720e-02  5.826355016304683720e-02
2.158333332145002892e+00  4.174869716819114979e-02  4.174869716819114979e-02
2.258333332145002981e+00  3.142381670128331639e-02  3.142381670128331639e-02
2.358333332145003070e+00  2.479656083632793273e-02  2.479656083632793273e-02
2.458333332145002714e+00  2.023178768244004305e-02  2.023178768244004305e-02
2.558333332145003247e+00  1.677187746060142259e-02  1.677187746060142259e-02
2.658333332145002892e+00  1.392152392246707136e-02  1.392152392246707136e-02
2.758333332145002537e+00  1.146136258832333027e-02  1.146136258832333027e-02
2.858333332145003070e+00  9.313816750691865376e-03  9.313816750691865376e-03
2.958333332145002714e+00  7.459646330255321686e-03  7.459646330255321686e-03
3.058333332145003247e+00  5.893210358720281199e-03  5.893210358720281199e-03
3.158333332145002892e+00  4.603005506301561731e-03  4.603005506301561731e-03
3.258333332145003425e+00  3.566604343346289896e-03  3.566604343346289896e-03
3.358333332145003070e+00  2.752555444114325022e-03  2.752555444114325022e-03
3.458333332145002714e+00  2.124734961645092634e-03  2.124734961645092634e-03
3.558333332145003247e+00  1.646719325101913319e-03  1.646719325101913319e-03
3.658333332145002892e+00  1.285085972761345046e-03  1.285085972761345046e-03
3.758333332145003425e+00  1.011346771002687899e-03  1.011346771002687899e-03
3.858333332145003070e+00  8.026505454061272924e-04  8.026505454061272924e-04
3.958333332145002714e+00  6.415813153227610749e-04  6.415813153227610749e-04
4.058333332145003247e+00  5.154159617244110161e-04  5.154159617244110161e-04
4.158333332145002892e+00  4.151550517371569902e-04  4.151550517371569902e-04
4.258333332145003425e+00  3.345524015197932216e-04  3.345524015197932216e-04
4.358333332145003070e+00  2.692764481706444099e-04  2.692764481706444099e-04
4.458333332145002714e+00  2.162593313919966933e-04  2.162593313919966933e-04
4.558333332145003247e+00  1.732358133287687993e-04  1.732358133287687993e-04
4.658333332145002892e+00  1.384436573575278159e-04  1.384436573575278159e-04
4.758333332145003425e+00  1.104451608686389432e-04  1.104451608686389432e-04
4.858333332145003070e+00  8.802996990967802444e-05  8.802996990967802444e-05
4.958333332145002714e+00  7.016631770802929683e-05  7.016631770802929683e-05
5.058333332145003247e+00  5.597706784150995312e-05  5.597706784150995312e-05
5.158333332145002892e+00  4.472568117687382769e-05  4.472568117687382769e-05
5.258333332145003425e+00  3.580413471141273817e-05  3.580413471141273817e-05
5.358333332145003070e+00  2.871955471814960606e-05  2.871955471814960606e-05
5.458333332145002714e+00  2.307911248956056780e-05  2.307911248956056780e-05
5.558333332145003247e+00  1.857404347699792690e-05  1.857404347699792690e-05
5.658333332145002892e+00  1.496400151346884215e-05  1.496400151346884215e-05
5.758333332145003425e+00  1.206278397578038410e-05  1.206278397578038410e-05
5.858333332145003070e+00  9.726076471250160832e-06  9.726076471250160832e-06
5.958333332145002714e+00  7.841463330713631163e-06  7.841463330713631163e-06
6.058333332145003247e+00  6.320632685450464799e-06  6.320632685450464799e-06
6.158333332145002892e+00  5.093504525982873128e-06  5.093504525982873128e-06
6.258333332145003425e+00  4.103918933918537528e-06  4.103918933918537528e-06
6.358333332145003070e+00  3.306512793971536361e-06  3.306512793971536361e-06
6.458333332145002714e+00  2.664455485492248808e-06  2.664455485492248808e-06
6.558333332145002359e+00  2.147779983154541926e-06  2.147779983154541926e-06
6.658333332145003780e+00  1.732115591793047536e-06  1.732115591793047536e-06
6.758333332145003425e+00  1.397690211004314933e-06  1.397690211004314933e-06
6.858333332145003070e+00  1.128518161591804976e-06  1.128518161591804976e-06
6.958333332145002714e+00  9.117234191647407369e-07  9.117234191647407369e-07
7.058333332145002359e+00  7.369694890292312792e-07  7.369694890292312792e-07
7.158333332145003780e+00  5.959791592370778386e-07  5.959791592370778386e-07
7.258333332145003425e+00  4.821331141016021943e-07  4.821331141016021943e-07
7.358333332145003070e+00  3.901385144918250562e-07  3.901385144918250562e-07
7.458333332145002714e+00  3.157590717897866307e-07  3.157590717897866307e-07
7.558333332145002359e+00  2.555980686471554778e-07  2.555980686471554778e-07
7.658333332145003780e+00  2.069258439272337282e-07  2.069258439272337282e-07
7.758333332145003425e+00  1.675436903952376650e-07  1.675436903952376650e-07
7.858333332145003070e+00  1.356769008091630959e-07  1.356769008091630959e-07
7.958333332145002714e+00  1.098907183097131740e-07  1.098907183097131740e-07
8.058333332145004135e+00  8.902405202099428764e-08  8.902405202099428764e-08
8.158333332145003780e+00  7.213688273841242140e-08  7.213688273841242140e-08
8.258333332145003425e+00  5.846822279998476935e-08  5.846822279998476935e-08
8.358333332145003070e+00  4.740226819960923261e-08  4.740226819960923261e-08
8.458333332145002714e+00  3.844098374320277288e-08  3.844098374320277288e-08
8.558333332145004135e+00  3.118181023749038956e-08  3.118181023749038956e-08
8.658333332145003780e+00  2.529950438792242429e-08  2.529950438792242429e-08
8.758333332145003425e+00  2.053134807315420772e-08  2.053134807315420772e-08
8.858333332145003070e+00  1.666512201062534658e-08  1.666512201062534658e-08
8.958333332145002714e+00  1.352935209800781621e-08  1.352935209800781621e-08
9.058333332145004135e+00  1.098542131780009205e-08  1.098542131780009205e-08
9.158333332145003780e+00  8.921206878129631525e-09  8.921206878129631525e-09
9.258333332145003425e+00  7.245957729629837594e-09  7.245957729629837594e-09
9.358333332145003070e+00  5.886175222975786226e-09  5.886175222975786226e-09
9.458333332145002714e+00  4.782301085559578268e-09  4.782301085559578268e-09
9.558333332145004135e+00  3.886052775261484088e-09  3.886052775261484088e-09
9.658333332145003780e+00  3.158276923770823494e-09  3.158276923770823494e-09
9.758333332145003425e+00  2.567217282977341524e-09  2.567217282977341524e-09
9.858333332145003070e+00  2.087114708928480093e-09  2.087114708928480093e-09
9.958333332145002714e+00  1.697073754806546537e-09  1.697073754806546537e-09
1.005833333214500414e+01  1.380143976656987501e-09  1.380143976656987501e-09
1.015833333214500378e+01  1.122574686980055595e-09  1.122574686980055595e-09
1.025833333214500342e+01  9.132101963892948511e-10  9.132101963892948511e-10
1.035833333214500307e+01  7.429990705101822666e-10  7.429990705101822666e-10
1.045833333214500271e+01  6.045960211916482954e-10  6.045960211916482954e-10
