-1.585916403282831233e+00  0.000000000000000000e+00  0.000000000000000000e+00
-1.485916403282830700e+00  0.000000000000000000e+00  0.000000000000000000e+00
-1.385916403282831055e+00  0.000000000000000000e+00  0.000000000000000000e+00
-1.285916403282830967e+00  0.000000000000000000e+00  0.000000000000000000e+00
-1.185916403282830878e+00  0.000000000000000000e+00  0.000000000000000000e+00
-1.085916403282831233e+00  0.000000000000000000e+00  0.000000000000000000e+00
-9.859164032828309221e-01  0.000000000000000000e+00  0.000000000000000000e+00
-8.859164032828310553e-01  0.000000000000000000e+00  0.000000000000000000e+00
-7.859164032828309665e-01  0.000000000000000000e+00  0.000000000000000000e+00
-6.859164032828308777e-01  0.000000000000000000e+00  0.000000000000000000e+00
-5.859164032828310109e-01  0.000000000000000000e+00  0.000000000000000000e+00
-4.859164032828309221e-01  0.000000000000000000e+00  0.000000000000000000e+00
-3.859164032828308333e-01  0.000000000000000000e+00  0.000000000000000000e+00
-2.859164032828309665e-01  0.000000000000000000e+00  0.000000000000000000e+00
-1.859164032828308777e-01  0.000000000000000000e+00  0.000000000000000000e+00
-8.591640328283101091e-02  0.000000000000000000e+00  0.000000000000000000e+00
1.408359671716907791e-02  0.000000000000000000e+00  0.000000000000000000e+00
1.140835967171691667e-01  0.000000000000000000e+00  0.000000000000000000e+00
2.140835967171690335e-01  1.764970745827105440e-265  1.764970745827105440e-265
3.140835967171691223e-01  6.600712554861474882e-195  6.600712554861474882e-195
4.140835967171689891e-01  3.428325763522825964e-135  3.428325763522825964e-135
5.140835967171690779e-01  2.472927001016369198e-86  2.472927001016369198e-86
6.140835967171691667e-01  2.477299203580878948e-48  2.477299203580878948e-48
7.140835967171692555e-01  3.446542053605165332e-21  3.446542053605165332e-21
8.140835967171693444e-01  6.659270454552959899e-05  6.659270454552959899e-05
9.140835967171689891e-01  1.786930563983213105e+01  1.786930563983213105e+01
1.014083596717169078e+00  6.659270454552226708e-05  6.659270454552226708e-05
1.114083596717169167e+00  3.446542053604405492e-21  3.446542053604405492e-21
1.214083596717169256e+00  2.477299203580069470e-48  2.477299203580069470e-48
1.314083596717169344e+00  2.472927001017637557e-86  2.472927001017637557e-86
1.414083596717168989e+00  1.724646828376712110e-68  1.724646828376712110e-68
1.514083596717169078e+00  4.631959795438862518e-44  4.631959795438862518e-44
1.614083596717169167e+00  4.636052702938567046e-25  4.636052702938567046e-25
1.714083596717169256e+00  1.729222683581706137e-11  1.729222683581706137e-11
1.814083596717169344e+00  2.403656807974616141e-03  2.403656807974616141e-03
1.914083596717168989e+00  1.245125052632166218e+00  1.245125052632166218e+00
2.014083596717169300e+00  2.403656807974483868e-03  2.403656807974483868e-03
2.114083596717168945e+00  1.729222683581515821e-11  1.729222683581515821e-11
2.214083596717169478e+00  4.636052702937809404e-25  4.636052702937809404e-25
2.314083596717169122e+00  4.631959795437810082e-44  4.631959795437810082e-44
2.414083596717168767e+00  8.667031231759114965e-47  8.667031231759114965e-47
2.514083596717169300e+00  1.674609046188231424e-30  1.674609046188231424e-30
2.614083596717168945e+00  7.777424820881161246e-18  7.777424820881161246e-18
2.714083596717168589e+00  8.682354779992258108e-09  8.682354779992258108e-09
2.814083596717169122e+00  2.329799522274796780e-03  2.329799522274796780e-03
2.914083596717168767e+00  1.502722860091764145e-01  1.502722860091764145e-01
3.014083596717169300e+00  2.329799522274625043e-03  2.329799522274625043e-03
3.114083596717168945e+00  8.682354779992258108e-09  8.682354779992258108e-09
3.214083596717169478e+00  7.777424820879447938e-18  7.777424820879447938e-18
3.314083596717169122e+00  1.674609046187755332e-30  1.674609046187755332e-30
3.414083596717168767e+00  2.683186693607450578e-36  2.683186693607450578e-36
3.514083596717169300e+00  4.397270629452265220e-24  4.397270629452265220e-24
3.614083596717168945e+00  1.391153288412890364e-14  1.391153288412890364e-14
3.714083596717169478e+00  8.496230113529197690e-08  8.496230113529197690e-08
3.814083596717169122e+00  1.001698524950425228e-03  1.001698524950425228e-03
3.914083596717168767e+00  2.279855334321163884e-02  2.279855334321163884e-02
4.014083596717169300e+00  1.001698524950369934e-03  1.001698524950369934e-03
4.114083596717168945e+00  8.496230113528261983e-08  8.496230113528261983e-08
4.214083596717169478e+00  1.391153288412662856e-14  1.391153288412662856e-14
4.314083596717169122e+00  4.397270629451296172e-24  4.397270629451296172e-24
4.414083596717168767e+00  2.820966371518006922e-30  2.820966371518006922e-30
4.514083596717169300e+00  1.667336811887156252e-20  1.667336811887156252e-20
4.614083596717168945e+00  6.640132905154268377e-13  6.640132905154268377e-13
4.714083596717169478e+00  1.781795245907149724e-07  1.781795245907149724e-07
4.814083596717169122e+00  3.221561378476125938e-04  3.221561378476125938e-04
4.914083596717168767e+00  3.924665203732025966e-03  3.924665203732025966e-03
5.014083596717169300e+00  3.221561378475982823e-04  3.221561378475982823e-04
5.114083596717168945e+00  1.781795245906991435e-07  1.781795245906991435e-07
5.214083596717169478e+00  6.640132905153394951e-13  6.640132905153394951e-13
5.314083596717169122e+00  1.667336811886860140e-20  1.667336811886860140e-20
5.414083596717168767e+00  1.758420264846290340e-26  1.758420264846290340e-26
5.514083596717169300e+00  2.443849955326845745e-18  2.443849955326845745e-18
5.614083596717168945e+00  5.266665457201948990e-12  5.266665457201948990e-12
5.714083596717169478e+00  1.759691700289791546e-07  1.759691700289791546e-07
5.814083596717169122e+00  9.115428682125117259e-05  9.115428682125117259e-05
5.914083596717168767e+00  7.320778521889010747e-04  7.320778521889010747e-04
6.014083596717169300e+00  9.115428682124779801e-05  9.115428682124779801e-05
6.114083596717168945e+00  1.759691700289663697e-07  1.759691700289663697e-07
6.214083596717169478e+00  5.266665457201368995e-12  5.266665457201368995e-12
6.314083596717169122e+00  2.443849955326515640e-18  2.443849955326515640e-18
6.414083596717168767e+00  5.923556325545742177e-24  5.923556325545742177e-24
6.514083596717168412e+00  5.636692522407545040e-17  5.636692522407545040e-17
6.614083596717169833e+00  1.512534776415596660e-11  1.512534776415596660e-11
6.714083596717169478e+00  1.141128813671314252e-07  1.141128813671314252e-07
6.814083596717169122e+00  2.420539940231028310e-05  2.420539940231028310e-05
6.914083596717168767e+00  1.443570882901343050e-04  1.443570882901343050e-04
7.014083596717168412e+00  2.420539940231028310e-05  2.420539940231028310e-05
7.114083596717169833e+00  1.141128813671170389e-07  1.141128813671170389e-07
7.214083596717169478e+00  1.512534776415306178e-11  1.512534776415306178e-11
7.314083596717169122e+00  5.636692522408649445e-17  5.636692522408649445e-17
7.414083596717168767e+00  3.275577221736641347e-22  3.275577221736641347e-22
7.514083596717168412e+00  4.117675009426978930e-16  4.117675009426978930e-16
7.614083596717169833e+00  2.316050168097860325e-11  2.316050168097860325e-11
7.714083596717169478e+00  5.723657030068986063e-08  5.723657030068986063e-08
7.814083596717169122e+00  6.214826175535390005e-06  6.214826175535390005e-06
7.914083596717168767e+00  2.964927745578716984e-05  2.964927745578716984e-05
8.014083596717171076e+00  6.214826175535046109e-06  6.214826175535046109e-06
8.114083596717168945e+00  5.723657030068355421e-08  5.723657030068355421e-08
8.214083596717170366e+00  2.316050168097473876e-11  2.316050168097473876e-11
8.314083596717168234e+00  4.117675009439096327e-16  4.117675009439096327e-16
8.414083596717169655e+00  5.551105079832079154e-21  5.551105079832079154e-21
8.514083596717171076e+00  1.403257317258264164e-15  1.403257317258264164e-15
8.614083596717168945e+00  2.341233763029408943e-11  2.341233763029408943e-11
8.714083596717170366e+00  2.428726886505539674e-08  2.428726886505539674e-08
8.814083596717168234e+00  1.566531102087199620e-06  1.566531102087199620e-06
8.914083596717169655e+00  6.282403150823095769e-06  6.282403150823095769e-06
9.014083596717171076e+00  1.566531102087122328e-06  1.566531102087122328e-06
9.114083596717170721e+00  2.428726886505302438e-08  2.428726886505302438e-08
9.214083596717170366e+00  2.341233763029059653e-11  2.341233763029059653e-11
9.314083596717170010e+00  1.403257317297033719e-15  1.403257317297033719e-15
9.414083596717169655e+00  4.180785411930123522e-20  4.180785411930123522e-20
9.514083596717171076e+00  2.812144517603263028e-15  2.812144517603263028e-15
9.614083596717170721e+00  1.774656696545793834e-11  1.774656696545793834e-11
9.714083596717170366e+00  9.192949281942354785e-09  9.192949281942354785e-09
9.814083596717170010e+00  3.908941502398789839e-07  3.908941502398789839e-07
9.914083596717169655e+00  1.364354644402780706e-06  1.364354644402780706e-06
1.001408359671717108e+01  3.908941502398616726e-07  3.908941502398616726e-07
1.011408359671717072e+01  9.192949281941537531e-09  9.192949281941537531e-09
1.021408359671717037e+01  1.774656696545557312e-11  1.774656696545557312e-11
1.031408359671717001e+01  2.812144518118912214e-15  2.812144518118912214e-15
1.041408359671716966e+01  1.754054113611529739e-19  1.754054113611529739e-19
