-1.586956465952288120e+00  3.446448370250818308e-47  3.446448370250818308e-47
-1.486956465952288475e+00  1.181136436746362692e-43  1.181136436746362692e-43
-1.386956465952288386e+00  3.886459888249329870e-40  3.886459888249329870e-40
-1.286956465952288298e+00  9.318983693642081966e-37  9.318983693642081966e-37
-1.186956465952288653e+00  1.585349270087628920e-33  1.585349270087628920e-33
-1.086956465952288120e+00  1.908710703223339540e-30  1.908710703223339540e-30
-9.869564659522882533e-01  1.625914101103468442e-27  1.625914101103468442e-27
-8.869564659522883865e-01  9.799023302897883007e-25  9.799023302897883007e-25
-7.869564659522882977e-01  4.178241505271117482e-22  4.178241505271117482e-22
-6.869564659522882089e-01  1.260461182924442643e-19  1.260461182924442643e-19
-5.869564659522883421e-01  2.690236918149040347e-17  2.690236918149040347e-17
-4.869564659522882533e-01  4.062343841684684010e-15  4.062343841684684010e-15
-3.869564659522881644e-01  4.339981979328809398e-13  4.339981979328809398e-13
-2.869564659522882977e-01  3.280380836137383884e-11  3.280380836137383884e-11
-1.869564659522882089e-01  1.754226628115367338e-09  1.754226628115367338e-09
-8.695646595228834208e-02  6.637006224393380701e-08  6.637006224393380701e-08
1.304353404771174674e-02  1.776576216162327275e-06  1.776576216162327275e-06
1.130435340477118356e-01  3.364500176471144478e-05  3.364500176471144478e-05
2.130435340477117023e-01  4.507983940241825065e-04  4.507983940241825065e-04
3.130435340477117911e-01  4.273357814681212445e-03  4.273357814681212445e-03
4.130435340477116579e-01  2.866033428209104061e-02  2.866033428209104061e-02
5.130435340477117467e-01  1.359935602844474234e-01  1.359935602844474234e-01
6.130435340477118356e-01  4.565418049769011666e-01  4.565418049769011666e-01
7.130435340477119244e-01  1.084346164731048834e+00  1.084346164731048834e+00
8.130435340477120132e-01  1.822136465485540535e+00  1.822136465485540535e+00
9.130435340477116579e-01  2.166314743469845094e+00  2.166314743469845094e+00
1.013043534047711747e+00  1.822235689371335843e+00  1.822235689371335843e+00
1.113043534047711836e+00  1.084791535320476452e+00  1.084791535320476452e+00
1.213043534047711924e+00  4.581736093202802840e-01  4.581736093202802840e-01
1.313043534047712013e+00  1.410178511164233428e-01  1.410178511164233428e-01
1.413043534047711658e+00  4.167196184558102229e-02  4.167196184558102229e-02
1.513043534047711747e+00  3.261671699680963876e-02  3.261671699680963876e-02
1.613043534047711836e+00  5.238285022645566835e-02  5.238285022645566835e-02
1.713043534047711924e+00  8.007010006750467368e-02  8.007010006750467368e-02
1.813043534047712013e+00  1.037594461606639179e-01  1.037594461606639179e-01
1.913043534047711658e+00  1.131545875776729937e-01  1.131545875776729937e-01
2.013043534047711525e+00  1.038439049221792781e-01  1.038439049221792781e-01
2.113043534047712058e+00  8.028920001559063102e-02  8.028920001559063102e-02
2.213043534047711702e+00  5.253776925484732879e-02  5.253776925484732879e-02
2.313043534047712235e+00  2.962644306925799748e-02  2.962644306925799748e-02
2.413043534047711880e+00  1.543156334204923846e-02  1.543156334204923846e-02
2.513043534047712413e+00  9.090914107725060062e-03  9.090914107725060062e-03
2.613043534047712058e+00  7.721390676995630413e-03  7.721390676995630413e-03
2.713043534047711702e+00  8.571878972336952063e-03  8.571878972336952063e-03
2.813043534047712235e+00  9.766827800257626285e-03  9.766827800257626285e-03
2.913043534047711880e+00  1.026673298841144014e-02  1.026673298841144014e-02
3.013043534047712413e+00  9.696406383900195783e-03  9.696406383900195783e-03
3.113043534047712058e+00  8.197244837676441465e-03  8.197244837676441465e-03
3.213043534047712591e+00  6.228536489702266379e-03  6.228536489702266379e-03
3.313043534047712235e+00  4.311571534784492017e-03  4.311571534784492017e-03
3.413043534047711880e+00  2.814488702907411936e-03  2.814488702907411936e-03
3.513043534047712413e+00  1.865660843788688331e-03  1.865660843788688331e-03
3.613043534047712058e+00  1.394944789432777570e-03  1.394944789432777570e-03
3.713043534047712591e+00  1.234798116601817887e-03  1.234798116601817887e-03
3.813043534047712235e+00  1.212117262527387385e-03  1.212117262527387385e-03
3.913043534047711880e+00  1.200041960869973213e-03  1.200041960869973213e-03
4.013043534047712413e+00  1.132705167070458940e-03  1.132705167070458940e-03
4.113043534047712058e+00  9.974163040356847504e-04  9.974163040356847504e-04
4.213043534047712591e+00  8.163439437949450558e-04  8.163439437949450558e-04
4.313043534047712235e+00  6.256223457744821206e-04  6.256223457744821206e-04
4.413043534047711880e+00  4.577788165425931912e-04  4.577788165425931912e-04
4.513043534047712413e+00  3.315161311447494810e-04  3.315161311447494810e-04
4.613043534047712058e+00  2.498003281056776102e-04  2.498003281056776102e-04
4.713043534047712591e+00  2.040386466579537203e-04  2.040386466579537203e-04
4.813043534047712235e+00  1.806219816139740012e-04  1.806219816139740012e-04
4.913043534047711880e+00  1.666424670821974041e-04  1.666424670821974041e-04
5.013043534047712413e+00  1.532096357307384407e-04  1.532096357307384407e-04
5.113043534047712058e+00  1.362890781001720500e-04  1.362890781001720500e-04
5.213043534047712591e+00  1.158060575116186318e-04  1.158060575116186318e-04
5.313043534047712235e+00  9.395081325490427639e-05  9.395081325490427639e-05
5.413043534047711880e+00  7.347121421451547187e-05  7.347121421451547187e-05
5.513043534047712413e+00  5.645301489703749803e-05  5.645301489703749803e-05
5.613043534047712058e+00  4.377651711402587780e-05  4.377651711402587780e-05
5.713043534047712591e+00  3.517258671006397007e-05  3.517258671006397007e-05
5.813043534047712235e+00  2.964038527404824080e-05  2.964038527404824080e-05
5.913043534047711880e+00  2.595751374485120454e-05  2.595751374485120454e-05
6.013043534047712413e+00  2.308256691973433928e-05  2.308256691973433928e-05
6.113043534047712058e+00  2.036090160925491157e-05  2.036090160925491157e-05
6.213043534047712591e+00  1.754183285905554270e-05  1.754183285905554270e-05
6.313043534047712235e+00  1.467160914286464083e-05  1.467160914286464083e-05
6.413043534047711880e+00  1.194031412984330320e-05  1.194031412984330320e-05
6.513043534047711525e+00  9.545632277180054443e-06  9.545632277180054443e-06
6.613043534047712946e+00  7.608258155806161490e-06  7.608258155806161490e-06
6.713043534047712591e+00  6.145538500177507794e-06  6.145538500177507794e-06
6.813043534047712235e+00  5.089803159453958924e-06  5.089803159453958924e-06
6.913043534047711880e+00  4.328942947767541665e-06  4.328942947767541665e-06
7.013043534047711525e+00  3.748022281713281134e-06  3.748022281713281134e-06
7.113043534047712946e+00  3.258177910899271281e-06  3.258177910899271281e-06
7.213043534047712591e+00  2.808146578201463859e-06  2.808146578201463859e-06
7.313043534047712235e+00  2.380969720706393723e-06  2.380969720706393723e-06
7.413043534047711880e+00  1.982146818691806374e-06  1.982146818691806374e-06
7.513043534047711525e+00  1.625889188124042180e-06  1.625889188124042180e-06
7.613043534047712946e+00  1.324303650329072378e-06  1.324303650329072378e-06
7.713043534047712591e+00  1.081691476232441459e-06  1.081691476232441459e-06
7.813043534047712235e+00  8.937907058080985233e-07  8.937907058080985233e-07
7.913043534047711880e+00  7.503343940232735807e-07  7.503343940232735807e-07
8.013043534047714189e+00  6.388665335027425084e-07  6.388665335027425084e-07
8.113043534047712058e+00  5.481189611072803792e-07  5.481189611072803792e-07
8.213043534047713479e+00  4.700112412459584757e-07  4.700112412459584757e-07
8.313043534047711347e+00  4.001118550339417813e-07  4.001118550339417813e-07
8.413043534047712768e+00  3.369436230529502646e-07  3.369436230529502646e-07
8.513043534047714189e+00  2.807429097688040304e-07  2.807429097688040304e-07
8.613043534047712058e+00  2.322358816529016060e-07  2.322358816529016060e-07
8.713043534047713479e+00  1.917897433126065019e-07  1.917897433126065019e-07
8.813043534047711347e+00  1.590540211668371806e-07  1.590540211668371806e-07
8.913043534047712768e+00  1.330154666518440248e-07  1.330154666518440248e-07
9.013043534047712413e+00  1.122908690619370450e-07  1.122908690619370450e-07
9.113043534047712058e+00  9.547272076833227137e-08  9.547272076833227137e-08
9.213043534047711702e+00  8.139399482126407306e-08  8.139399482126407306e-08
9.313043534047711347e+00  6.925263990749011465e-08  6.925263990749011465e-08
9.413043534047710992e+00  5.860240315950403017e-08  5.860240315950403017e-08
9.513043534047712413e+00  4.925670221584617655e-08  4.925670221584617655e-08
9.613043534047712058e+00  4.116329552897003157e-08  4.116329552897003157e-08
9.713043534047711702e+00  3.429646810199921962e-08  3.429646810199921962e-08
9.813043534047711347e+00  2.859172806403901427e-08  2.859172806403901427e-08
9.913043534047710992e+00  2.392620546126368411e-08  2.392620546126368411e-08
1.001304353404771241e+01  2.013288251491285838e-08  2.013288251491285838e-08
1.011304353404771206e+01  1.703074823669846799e-08  1.703074823669846799e-08
1.021304353404771170e+01  1.445462237033284950e-08  1.445462237033284950e-08
1.031304353404771135e+01  1.227448386343424113e-08  1.227448386343424113e-08
1.041304353404771099e+01  1.040119466837324806e-08  1.040119466837324806e-08
