-1.586956299686683725e+00  4.184664831936022646e-10  4.184664831936022646e-10
-1.486956299686683636e+00  2.215103849900450384e-09  2.215103849900450384e-09
-1.386956299686683991e+00  1.107882096888102231e-08  1.107882096888102231e-08
-1.286956299686683458e+00  5.207301521487145411e-08  5.207301521487145411e-08
-1.186956299686683813e+00  2.293192707505182184e-07  2.293192707505182184e-07
-1.086956299686683725e+00  9.445847810617713440e-07  9.445847810617713440e-07
-9.869562996866836357e-01  3.635759244920251273e-06  3.635759244920251273e-06
-8.869562996866835469e-01  1.306954828469733872e-05  1.306954828469733872e-05
-7.869562996866836802e-01  4.386257803907095556e-05  4.386257803907095556e-05
-6.869562996866838134e-01  1.374072461406122944e-04  1.374072461406122944e-04
-5.869562996866837246e-01  4.017483883839230072e-04  4.017483883839230072e-04
-4.869562996866836357e-01  1.096212467304148340e-03  1.096212467304148340e-03
-3.869562996866835469e-01  2.791326976440887571e-03  2.791326976440887571e-03
-2.869562996866836802e-01  6.632681057680386155e-03  6.632681057680386155e-03
-1.869562996866835913e-01  1.470693298384671659e-02  1.470693298384671659e-02
-8.695629968668372456e-02  3.043025000045726514e-02  3.043025000045726514e-02
1.304370031331636426e-02  5.875407811873908231e-02  5.875407811873908231e-02
1.130437003133164531e-01  1.058573261454112957e-01  1.058573261454112957e-01
2.130437003133163198e-01  1.779747622804101204e-01  1.779747622804101204e-01
3.130437003133164087e-01  2.792276033179970640e-01  2.792276033179970640e-01
4.130437003133162754e-01  4.088214345512306558e-01  4.088214345512306558e-01
5.130437003133163643e-01  5.586053016657668291e-01  5.586053016657668291e-01
6.130437003133164531e-01  7.123697581299364145e-01  7.123697581299364145e-01
7.130437003133165419e-01  8.479842790780518502e-01  8.479842790780518502e-01
8.130437003133166307e-01  9.424064358543927655e-01  9.424064358543927655e-01
9.130437003133162754e-01  9.781376439011739699e-01  9.781376439011739699e-01
1.013043700313316364e+00  9.486706925786754230e-01  9.486706925786754230e-01
1.113043700313316453e+00  8.606043968490356688e-01  8.606043968490356688e-01
1.213043700313316542e+00  7.314763383231148719e-01  7.314763383231148719e-01
1.313043700313316631e+00  5.842742312763736789e-01  5.842742312763736789e-01
1.413043700313316275e+00  4.409600274014089938e-01  4.409600274014089938e-01
1.513043700313316364e+00  3.174670766528887578e-01  3.174670766528887578e-01
1.613043700313316453e+00  2.215957188919200349e-01  2.215957188919200349e-01
1.713043700313316542e+00  1.537692428989280158e-01  1.537692428989280158e-01
1.813043700313316631e+00  1.095390439987584258e-01  1.095390439987584258e-01
1.913043700313316275e+00  8.244751584955258006e-02  8.244751584955258006e-02
2.013043700313316364e+00  6.624142986370087915e-02  6.624142986370087915e-02
2.113043700313316453e+00  5.606093681270008650e-02  5.606093681270008650e-02
2.213043700313316542e+00  4.873471983654672351e-02  4.873471983654672351e-02
2.313043700313316631e+00  4.253509896884892505e-02  4.253509896884892505e-02
2.413043700313316275e+00  3.673352492323243151e-02  3.673352492323243151e-02
2.513043700313316808e+00  3.117421534230371827e-02  3.117421534230371827e-02
2.613043700313316453e+00  2.595794847564268301e-02  2.595794847564268301e-02
2.713043700313316098e+00  2.124672169991652024e-02  2.124672169991652024e-02
2.813043700313316631e+00  1.716443236897132948e-02  1.716443236897132948e-02
2.913043700313316275e+00  1.376168474119281171e-02  1.376168474119281171e-02
3.013043700313316808e+00  1.101773189558964174e-02  1.101773189558964174e-02
3.113043700313316453e+00  8.860060411772277197e-03  8.860060411772277197e-03
3.213043700313316986e+00  7.188790833333288249e-03  7.188790833333288249e-03
3.313043700313316631e+00  5.898317195694907471e-03  5.898317195694907471e-03
3.413043700313316275e+00  4.892603362176388415e-03  4.892603362176388415e-03
3.513043700313316808e+00  4.093420015744388823e-03  4.093420015744388823e-03
3.613043700313316453e+00  3.442597652843279801e-03  3.442597652843279801e-03
3.713043700313316986e+00  2.900196909100286654e-03  2.900196909100286654e-03
3.813043700313316631e+00  2.440576414089305670e-03  2.440576414089305670e-03
3.913043700313316275e+00  2.047956074323566480e-03  2.047956074323566480e-03
4.013043700313316364e+00  1.712506099574003697e-03  1.712506099574003697e-03
4.113043700313316009e+00  1.427444930295531083e-03  1.427444930295531083e-03
4.213043700313317430e+00  1.187216226263309573e-03  1.187216226263309573e-03
4.313043700313317075e+00  9.865690565744418203e-04  9.865690565744418203e-04
4.413043700313316720e+00  8.202659719564140426e-04  8.202659719564140426e-04
4.513043700313316364e+00  6.831461995308234312e-04  6.831461995308234312e-04
4.613043700313316009e+00  5.703288435583009483e-04  5.703288435583009483e-04
4.713043700313317430e+00  4.774163585936985559e-04  4.774163585936985559e-04
4.813043700313317075e+00  4.006278102512886145e-04  4.006278102512886145e-04
4.913043700313316720e+00  3.368430129973268208e-04  3.368430129973268208e-04
5.013043700313316364e+00  2.835699857067824816e-04  2.835699857067824816e-04
5.113043700313316009e+00  2.388620756786960888e-04  2.388620756786960888e-04
5.213043700313317430e+00  2.012126559853673552e-04  2.012126559853673552e-04
5.313043700313317075e+00  1.694498117727427048e-04  1.694498117727427048e-04
5.413043700313316720e+00  1.426452664153093561e-04  1.426452664153093561e-04
5.513043700313316364e+00  1.200439227578576349e-04  1.200439227578576349e-04
5.613043700313316009e+00  1.010143896951455297e-04  1.010143896951455297e-04
5.713043700313317430e+00  8.501721522174770715e-05  8.501721522174770715e-05
5.813043700313317075e+00  7.158602468606173634e-05  7.158602468606173634e-05
5.913043700313316720e+00  6.031678542815688320e-05  6.031678542815688320e-05
6.013043700313316364e+00  5.086132875251309326e-05  5.086132875251309326e-05
6.113043700313316009e+00  4.292249628026985656e-05  4.292249628026985656e-05
6.213043700313317430e+00  3.624945240379251981e-05  3.624945240379251981e-05
6.313043700313317075e+00  3.063260997392120685e-05  3.063260997392120685e-05
6.413043700313316720e+00  2.589819014855328013e-05  2.589819014855328013e-05
6.513043700313316364e+00  2.190271254291116046e-05  2.190271254291116046e-05
6.613043700313317785e+00  1.852776843762794242e-05  1.852776843762794242e-05
6.713043700313317430e+00  1.567535762625926589e-05  1.567535762625926589e-05
6.813043700313317075e+00  1.326394514946717801e-05  1.326394514946717801e-05
6.913043700313316720e+00  1.122527093475079194e-05  1.122527093475079194e-05
7.013043700313316364e+00  9.501852287119466226e-06  9.501852287119466226e-06
7.113043700313317785e+00  8.045065670347283129e-06  8.045065670347283129e-06
7.213043700313317430e+00  6.813676740373956990e-06  6.813676740373956990e-06
7.313043700313317075e+00  5.772696121506807368e-06  5.772696121506807368e-06
7.413043700313316720e+00  4.892461452882609697e-06  4.892461452882609697e-06
7.513043700313316364e+00  4.147873924674153931e-06  4.147873924674153931e-06
7.613043700313317785e+00  3.517743077463733695e-06  3.517743077463733695e-06
7.713043700313317430e+00  2.984213467540140194e-06  2.984213467540140194e-06
7.813043700313317075e+00  2.532259927379237712e-06  2.532259927379237712e-06
7.913043700313316720e+00  2.149245309555651107e-06  2.149245309555651107e-06
8.013043700313318141e+00  1.824537368896906975e-06  1.824537368896906975e-06
8.113043700313317785e+00  1.549181549493541971e-06  1.549181549493541971e-06
8.213043700313317430e+00  1.315625378122994370e-06  1.315625378122994370e-06
8.313043700313317075e+00  1.117488953941876652e-06  1.117488953941876652e-06
8.413043700313316720e+00  9.493752338665382243e-07  9.493752338665382243e-07
8.513043700313318141e+00  8.067136370029783400e-07  8.067136370029783400e-07
8.613043700313317785e+00  6.856308755632698459e-07  6.856308755632698459e-07
8.713043700313317430e+00  5.828436859515997171e-07  5.828436859515997171e-07
8.813043700313317075e+00  4.955690760136685904e-07  4.955690760136685904e-07
8.913043700313316720e+00  4.214486481995808919e-07  4.214486481995808919e-07
9.013043700313318141e+00  3.584843871522674039e-07  3.584843871522674039e-07
9.113043700313317785e+00  3.049839581286457557e-07  3.049839581286457557e-07
9.213043700313317430e+00  2.595140424976275391e-07  2.595140424976275391e-07
9.313043700313317075e+00  2.208605623719121899e-07  2.208605623719121899e-07
9.413043700313316720e+00  1.879948565913026004e-07  1.879948565913026004e-07
9.513043700313318141e+00  1.600450045478261449e-07  1.600450045478261449e-07
9.613043700313317785e+00  1.362715859655097428e-07  1.362715859655097428e-07
9.713043700313317430e+00  1.160472371013872030e-07  1.160472371013872030e-07
9.813043700313317075e+00  9.883943046863069307e-08  9.883943046863069307e-08
9.913043700313316720e+00  8.419597178268455142e-08  8.419597178268455142e-08
1.001304370031331814e+01  7.173277490315171088e-08  7.173277490315171088e-08
1.011304370031331779e+01  6.112354096190767224e-08  6.112354096190767224e-08
1.021304370031331743e+01  5.209102881754593244e-08  5.209102881754593244e-08
1.031304370031331707e+01  4.439965815590020313e-08  4.439965815590020313e-08
1.041304370031331672e+01  3.784923270591176392e-08  3.784923270591176392e-08
