-1.576401521356043389e+00  0.000000000000000000e+00  0.000000000000000000e+00
-1.476401521356043745e+00  0.000000000000000000e+00  0.000000000000000000e+00
-1.376401521356043656e+00  0.000000000000000000e+00  0.000000000000000000e+00
-1.276401521356043567e+00  0.000000000000000000e+00  0.000000000000000000e+00
-1.176401521356043922e+00  0.000000000000000000e+00  0.000000000000000000e+00
-1.076401521356043389e+00  0.000000000000000000e+00  0.000000000000000000e+00
-9.764015213560435225e-01  0.000000000000000000e+00  0.000000000000000000e+00
-8.764015213560436557e-01  0.000000000000000000e+00  0.000000000000000000e+00
-7.764015213560435669e-01  0.000000000000000000e+00  0.000000000000000000e+00
-6.764015213560434781e-01  0.000000000000000000e+00  0.000000000000000000e+00
-5.764015213560436113e-01  0.000000000000000000e+00  0.000000000000000000e+00
-4.764015213560435225e-01  0.000000000000000000e+00  0.000000000000000000e+00
-3.764015213560434336e-01  0.000000000000000000e+00  0.000000000000000000e+00
-2.764015213560435669e-01  0.000000000000000000e+00  0.000000000000000000e+00
-1.764015213560434781e-01  0.000000000000000000e+00  0.000000000000000000e+00
-7.640152135604361128e-02  0.000000000000000000e+00  0.000000000000000000e+00
2.359847864395647754e-02  0.000000000000000000e+00  0.000000000000000000e+00
1.235984786439565664e-01  0.000000000000000000e+00  0.000000000000000000e+00
2.235984786439564331e-01  0.000000000000000000e+00  0.000000000000000000e+00
3.235984786439565219e-01  0.000000000000000000e+00  0.000000000000000000e+00
4.235984786439563887e-01  0.000000000000000000e+00  0.000000000000000000e+00
5.235984786439564775e-01  0.000000000000000000e+00  0.000000000000000000e+00
6.235984786439565664e-01  1.333410163782858581e-194  1.333410163782858581e-194
7.235984786439566552e-01  4.995560661129198034e-86  4.995560661129198034e-86
8.235984786439567440e-01  6.962360754214550327e-21  6.962360754214550327e-21
9.235984786439563887e-01  3.609779029438102071e+01  3.609779029438102071e+01
1.023598478643956478e+00  6.962360754211482381e-21  6.962360754211482381e-21
1.123598478643956566e+00  4.995560661124796819e-86  4.995560661124796819e-86
1.223598478643956655e+00  1.333410163781115356e-194  1.333410163781115356e-194
1.323598478643956744e+00  0.000000000000000000e+00  0.000000000000000000e+00
1.423598478643956389e+00  8.501292951671961249e-272  8.501292951671961249e-272
1.523598478643956478e+00  4.423269597087115378e-174  4.423269597087115378e-174
1.623598478643956566e+00  4.438924347097204782e-98  4.438924347097204782e-98
1.723598478643956655e+00  8.591875618650534461e-44  8.591875618650534461e-44
1.823598478643956744e+00  3.207555089081661609e-11  3.207555089081661609e-11
1.923598478643956389e+00  2.309596813084037858e+00  2.309596813084037858e+00
2.023598478643956255e+00  3.207555089080955275e-11  3.207555089080955275e-11
2.123598478643956788e+00  8.591875618646749872e-44  8.591875618646749872e-44
2.223598478643956433e+00  4.438924347094303813e-98  4.438924347094303813e-98
2.323598478643956966e+00  4.423269597083092492e-174  4.423269597083092492e-174
2.423598478643956611e+00  2.832162881464878762e-182  2.832162881464878762e-182
2.523598478643957144e+00  3.947212541907994355e-117  3.947212541907994355e-117
2.623598478643956788e+00  1.836454054832316187e-66  1.836454054832316187e-66
2.723598478643956433e+00  2.852245428502061755e-30  2.852245428502061755e-30
2.823598478643956966e+00  1.478805264204515381e-08  1.478805264204515381e-08
2.923598478643956611e+00  2.559483610672983467e-01  2.559483610672983467e-01
3.023598478643957144e+00  1.478805264204079126e-08  1.478805264204079126e-08
3.123598478643956788e+00  2.852245428502061755e-30  2.852245428502061755e-30
3.223598478643957321e+00  1.836454054830698223e-66  1.836454054830698223e-66
3.323598478643956966e+00  3.947212541903506493e-117  3.947212541903506493e-117
3.423598478643956611e+00  6.840776711026930740e-138  6.840776711026930740e-138
3.523598478643957144e+00  4.934403147047092513e-89  4.934403147047092513e-89
3.623598478643956788e+00  4.943127306749245815e-51  4.943127306749245815e-51
3.723598478643957321e+00  6.877124940908597138e-24  6.877124940908597138e-24
3.823598478643956966e+00  1.328770524745155425e-07  1.328770524745155425e-07
3.923598478643956611e+00  3.565586770190018462e-02  3.565586770190018462e-02
4.023598478643957144e+00  1.328770524744862934e-07  1.328770524744862934e-07
4.123598478643956788e+00  6.877124940905567301e-24  6.877124940905567301e-24
4.223598478643957321e+00  4.943127306746014355e-51  4.943127306746014355e-51
4.323598478643956966e+00  4.934403147042745617e-89  4.934403147042745617e-89
4.423598478643956611e+00  1.504375036599056674e-111  1.504375036599056674e-111
4.523598478643957144e+00  1.835944250555793849e-72  1.835944250555793849e-72
4.623598478643956788e+00  4.618205165498241984e-42  4.618205165498241984e-42
4.723598478643957321e+00  2.394403385371254069e-20  2.394403385371254069e-20
4.823598478643956966e+00  2.558773091568057218e-07  2.558773091568057218e-07
4.923598478643956611e+00  5.636072797809163135e-03  5.636072797809163135e-03
5.023598478643957144e+00  2.558773091567602467e-07  2.558773091567602467e-07
5.123598478643956788e+00  2.394403385370402748e-20  2.394403385370402748e-20
5.223598478643957321e+00  4.618205165495813475e-42  4.618205165495813475e-42
5.323598478643956966e+00  1.835944250554489114e-72  1.835944250554489114e-72
5.423598478643956611e+00  3.211178473395986480e-94  3.211178473395986480e-94
5.523598478643957144e+00  1.198810633610289053e-61  1.198810633610289053e-61
5.623598478643956788e+00  2.585802578759509805e-36  2.585802578759509805e-36
5.723598478643957321e+00  3.222543413998891345e-18  3.222543413998891345e-18
5.823598478643956966e+00  2.320389141353043645e-07  2.320389141353043645e-07
5.923598478643956611e+00  9.653426782455336308e-04  9.653426782455336308e-04
6.023598478643957144e+00  2.320389141352701656e-07  2.320389141352701656e-07
6.123598478643956788e+00  3.222543413997952647e-18  3.222543413997952647e-18
6.223598478643957321e+00  2.585802578758370539e-36  2.585802578758370539e-36
6.323598478643956966e+00  1.198810633609607833e-61  1.198810633609607833e-61
6.423598478643956611e+00  4.896960015774134906e-82  4.896960015774134906e-82
6.523598478643956255e+00  4.063100245670485567e-54  4.063100245670485567e-54
6.623598478643957677e+00  2.106597830694532866e-32  2.106597830694532866e-32
6.723598478643957321e+00  6.824940090121747326e-17  6.824940090121747326e-17
6.823598478643956966e+00  1.381685404597870037e-07  1.381685404597870037e-07
6.923598478643956611e+00  1.747884021077528507e-04  1.747884021077528507e-04
7.023598478643956255e+00  1.381685404597870037e-07  1.381685404597870037e-07
7.123598478643957677e+00  6.824940090118303455e-17  6.824940090118303455e-17
7.223598478643957321e+00  2.106597830692916446e-32  2.106597830692916446e-32
7.323598478643956966e+00  4.063100245670485567e-54  4.063100245670485567e-54
7.423598478643956611e+00  4.565896633911541788e-73  4.565896633911541788e-73
7.523598478643956255e+00  1.226282927480675773e-48  1.226282927480675773e-48
7.623598478643957677e+00  1.227366499621957765e-29  1.227366499621957765e-29
7.723598478643957321e+00  4.578010924830078025e-16  4.578010924830078025e-16
7.823598478643956966e+00  6.363533876190233328e-08  6.363533876190233328e-08
7.923598478643956611e+00  3.296392158077839486e-05  3.296392158077839486e-05
8.023598478643958032e+00  6.363533876188819841e-08  6.363533876188819841e-08
8.123598478643957677e+00  4.578010924828060513e-16  4.578010924828060513e-16
8.223598478643957321e+00  1.227366499621138145e-29  1.227366499621138145e-29
8.323598478643956966e+00  1.226282927480675773e-48  1.226282927480675773e-48
8.423598478643956611e+00  3.079093254574340326e-66  3.079093254574340326e-66
8.523598478643958032e+00  1.596418945275354883e-44  1.596418945275354883e-44
8.623598478643957677e+00  1.237020010121839004e-27  1.237020010121839004e-27
8.723598478643957321e+00  1.432558392544645232e-15  1.432558392544645232e-15
8.823598478643956966e+00  2.479440542850925997e-08  2.479440542850925997e-08
8.923598478643956611e+00  6.413584485449164881e-06  6.413584485449164881e-06
9.023598478643958032e+00  2.479440542850437298e-08  2.479440542850437298e-08
9.123598478643957677e+00  1.432558392544085338e-15  1.432558392544085338e-15
9.223598478643957321e+00  1.237020010121100553e-27  1.237020010121100553e-27
9.323598478643956966e+00  1.596418945274107044e-44  1.596418945274107044e-44
9.423598478643956611e+00  6.607609013297415233e-61  6.607609013297415233e-61
9.523598478643958032e+00  2.308309286539239244e-41  2.308309286539239244e-41
9.623598478643957677e+00  3.661009580550366234e-26  3.661009580550366234e-26
9.723598478643957321e+00  2.636106263206884882e-15  2.636106263206884882e-15
9.823598478643956966e+00  8.617477170104948448e-09  8.617477170104948448e-09
9.923598478643956611e+00  1.278947010309563233e-06  1.278947010309563233e-06
1.002359847864395803e+01  8.617477170103418164e-09  8.617477170103418164e-09
1.012359847864395768e+01  2.636106263205948504e-15  2.636106263205948504e-15
1.022359847864395732e+01  3.661009580548414730e-26  3.661009580548414730e-26
1.032359847864395697e+01  2.308309286537598741e-41  2.308309286537598741e-41
1.042359847864395661e+01  1.157817318601819372e-56  1.157817318601819372e-56
