-1.611110625959705445e+00  1.841771190117911215e-28  1.841771190117911215e-28
-1.511110625959705356e+00  2.481850322102600761e-26  2.481850322102600761e-26
-1.411110625959705267e+00  3.068813793114425494e-24  3.068813793114425494e-24
-1.311110625959705622e+00  3.175934383919179957e-22  3.175934383919179957e-22
-1.211110625959705533e+00  2.691558541214266690e-20  2.691558541214266690e-20
-1.111110625959705445e+00  1.858504607564439912e-18  1.858504607564439912e-18
-1.011110625959705356e+00  1.044250293978795034e-16  1.044250293978795034e-16
-9.111106259597052670e-01  4.772871560877265692e-15  4.772871560877265692e-15
-8.111106259597054002e-01  1.774377635862482591e-13  1.774377635862482591e-13
-7.111106259597055335e-01  5.365248661929686452e-12  5.365248661929686452e-12
-6.111106259597054446e-01  1.319491016254169521e-10  1.319491016254169521e-10
-5.111106259597053558e-01  2.639332175894501218e-09  2.639332175894501218e-09
-4.111106259597052670e-01  4.293900724952557359e-08  4.293900724952557359e-08
-3.111106259597054002e-01  5.681722016091833180e-07  5.681722016091833180e-07
-2.111106259597053114e-01  6.114738197925018898e-06  6.114738197925018898e-06
-1.111106259597054446e-01  5.352363500239558472e-05  5.352363500239558472e-05
-1.111062595970535583e-02  3.810510516896712958e-04  3.810510516896712958e-04
8.888937404029473299e-02  2.206432144210477685e-03  2.206432144210477685e-03
1.888893740402945998e-01  1.039125232506213359e-02  1.039125232506213359e-02
2.888893740402946886e-01  3.980294813742175225e-02  3.980294813742175225e-02
3.888893740402945554e-01  1.240032087549307049e-01  1.240032087549307049e-01
4.888893740402946442e-01  3.142111828622512482e-01  3.142111828622512482e-01
5.888893740402947330e-01  6.475646528369780608e-01  6.475646528369780608e-01
6.888893740402948218e-01  1.085480746187901691e+00  1.085480746187901691e+00
7.888893740402949106e-01  1.479967847147866555e+00  1.479967847147866555e+00
8.888893740402945554e-01  1.641408255305995212e+00  1.641408255305995212e+00
9.888893740402946442e-01  1.481365064932805176e+00  1.481365064932805176e+00
1.088889374040294733e+00  1.089268855969663052e+00  1.089268855969663052e+00
1.188889374040294822e+00  6.559026718882339235e-01  6.559026718882339235e-01
1.288889374040294911e+00  3.305595782829281459e-01  3.305595782829281459e-01
1.388889374040294555e+00  1.528674890477787762e-01  1.528674890477787762e-01
1.488889374040294644e+00  8.575654265789876829e-02  8.575654265789876829e-02
1.588889374040294733e+00  7.637660971330280379e-02  7.637660971330280379e-02
1.688889374040294822e+00  8.767345205552165566e-02  8.767345205552165566e-02
1.788889374040294911e+00  1.002581730852485781e-01  1.002581730852485781e-01
1.888889374040294555e+00  1.054069777009739722e-01  1.054069777009739722e-01
1.988889374040294644e+00  1.004180990429305448e-01  1.004180990429305448e-01
2.088889374040294733e+00  8.667039129556319832e-02  8.667039129556319832e-02
2.188889374040294822e+00  6.810426925668726372e-02  6.810426925668726372e-02
2.288889374040294911e+00  4.931014853566875050e-02  4.931014853566875050e-02
2.388889374040294555e+00  3.378379070501496412e-02  3.378379070501496412e-02
2.488889374040295088e+00  2.306691966059603791e-02  2.306691966059603791e-02
2.588889374040294733e+00  1.690870520459469145e-02  1.690870520459469145e-02
2.688889374040294378e+00  1.402604922810316707e-02  1.402604922810316707e-02
2.788889374040294911e+00  1.291128964929609546e-02  1.291128964929609546e-02
2.888889374040294555e+00  1.235616001065886239e-02  1.235616001065886239e-02
2.988889374040295088e+00  1.164309866662294191e-02  1.164309866662294191e-02
3.088889374040294733e+00  1.050945530322123893e-02  1.050945530322123893e-02
3.188889374040295266e+00  9.008480245785365284e-03  9.008480245785365284e-03
3.288889374040294911e+00  7.350898413194229507e-03  7.350898413194229507e-03
3.388889374040294555e+00  5.771901276748926148e-03  5.771901276748926148e-03
3.488889374040295088e+00  4.444601946661697230e-03  4.444601946661697230e-03
3.588889374040294733e+00  3.444868762840283798e-03  3.444868762840283798e-03
3.688889374040295266e+00  2.758864105620043288e-03  2.758864105620043288e-03
3.788889374040294911e+00  2.315558704004365767e-03  2.315558704004365767e-03
3.888889374040294555e+00  2.024946898896654284e-03  2.024946898896654284e-03
3.988889374040295088e+00  1.807914508330633321e-03  1.807914508330633321e-03
4.088889374040294733e+00  1.611789589958152616e-03  1.611789589958152616e-03
4.188889374040295266e+00  1.412509398165892995e-03  1.412509398165892995e-03
4.288889374040294911e+00  1.208062930357868200e-03  1.208062930357868200e-03
4.388889374040294555e+00  1.008540669471967707e-03  1.008540669471967707e-03
4.488889374040295088e+00  8.269215827284600966e-04  8.269215827284600966e-04
4.588889374040294733e+00  6.728671359027067929e-04  6.728671359027067929e-04
4.688889374040295266e+00  5.500737856437299669e-04  5.500737856437299669e-04
4.788889374040294911e+00  4.565416691589932767e-04  4.565416691589932767e-04
4.888889374040294555e+00  3.865465879931803857e-04  3.865465879931803857e-04
4.988889374040295088e+00  3.330761989319501438e-04  3.330761989319501438e-04
5.088889374040294733e+00  2.898248729626077408e-04  2.898248729626077408e-04
5.188889374040295266e+00  2.523137584509449471e-04  2.523137584509449471e-04
5.288889374040294911e+00  2.181254859282853514e-04  2.181254859282853514e-04
5.388889374040294555e+00  1.865090923549898795e-04  1.865090923549898795e-04
5.488889374040295088e+00  1.576997767489135842e-04  1.576997767489135842e-04
5.588889374040294733e+00  1.322515396195204321e-04  1.322515396195204321e-04
5.688889374040295266e+00  1.105648789505075583e-04  1.105648789505075583e-04
5.788889374040294911e+00  9.266718601511228861e-05  9.266718601511228861e-05
5.888889374040294555e+00  7.820956269883075037e-05  7.820956269883075037e-05
5.988889374040295088e+00  6.659566520087773368e-05  6.659566520087773368e-05
6.088889374040294733e+00  5.715228847439229344e-05  5.715228847439229344e-05
6.188889374040295266e+00  4.927362020126296670e-05  4.927362020126296670e-05
6.288889374040294911e+00  4.250460140372458218e-05  4.250460140372458218e-05
6.388889374040294555e+00  3.655980694521275803e-05  3.655980694521275803e-05
6.488889374040294200e+00  3.129468979012659077e-05  3.129468979012659077e-05
6.588889374040295621e+00  2.665390747577968536e-05  2.665390747577968536e-05
6.688889374040295266e+00  2.261915154410424242e-05  2.261915154410424242e-05
6.788889374040294911e+00  1.917089358973956824e-05  1.917089358973956824e-05
6.888889374040294555e+00  1.626920857533563543e-05  1.626920857533563543e-05
6.988889374040294200e+00  1.385149642324782883e-05  1.385149642324782883e-05
7.088889374040295621e+00  1.184092029584679750e-05  1.184092029584679750e-05
7.188889374040295266e+00  1.015863978715546955e-05  1.015863978715546955e-05
7.288889374040294911e+00  8.734447905948877007e-06  8.734447905948877007e-06
7.388889374040294555e+00  7.512940896897959752e-06  7.512940896897959752e-06
7.488889374040294200e+00  6.454765139197081145e-06  6.454765139197081145e-06
7.588889374040295621e+00  5.534134668909450868e-06  5.534134668909450868e-06
7.688889374040295266e+00  4.734500363199416851e-06  4.734500363199416851e-06
7.788889374040294911e+00  4.044132509953308516e-06  4.044132509953308516e-06
7.888889374040294555e+00  3.452784600748848106e-06  3.452784600748848106e-06
7.988889374040295976e+00  2.949885724656968290e-06  2.949885724656968290e-06
8.088889374040295621e+00  2.524118788866117523e-06  2.524118788866117523e-06
8.188889374040295266e+00  2.163906530486226046e-06  2.163906530486226046e-06
8.288889374040294911e+00  1.858251567191973268e-06  1.858251567191973268e-06
8.388889374040294555e+00  1.597487955160969704e-06  1.597487955160969704e-06
8.488889374040295976e+00  1.373699438216406699e-06  1.373699438216406699e-06
8.588889374040295621e+00  1.180754878508128072e-06  1.180754878508128072e-06
8.688889374040295266e+00  1.014048499109086209e-06  1.014048499109086209e-06
8.788889374040294911e+00  8.700930246654172669e-07  8.700930246654172669e-07
8.888889374040294555e+00  7.461080954958693665e-07  7.461080954958693665e-07
8.988889374040295976e+00  6.397003685235661548e-07  6.397003685235661548e-07
9.088889374040295621e+00  5.486736774888390720e-07  5.486736774888390720e-07
9.188889374040295266e+00  4.709589219626188317e-07  4.709589219626188317e-07
9.288889374040294911e+00  4.046248808816176730e-07  4.046248808816176730e-07
9.388889374040294555e+00  3.479239275591912059e-07  3.479239275591912059e-07
9.488889374040295976e+00  2.993351088701972020e-07  2.993351088701972020e-07
9.588889374040295621e+00  2.575831207725118319e-07  2.575831207725118319e-07
9.688889374040295266e+00  2.216279730798936951e-07  2.216279730798936951e-07
9.788889374040294911e+00  1.906318137441489829e-07  1.906318137441489829e-07
9.888889374040294555e+00  1.639147623052405575e-07  1.639147623052405575e-07
9.988889374040295976e+00  1.409114208614302030e-07  1.409114208614302030e-07
1.008888937404029562e+01  1.211360763160387043e-07  1.211360763160387043e-07
1.018888937404029527e+01  1.041598214443714573e-07  1.041598214443714573e-07
1.028888937404029491e+01  8.959872678906916496e-08  8.959872678906916496e-08
1.038888937404029456e+01  7.710975060522413876e-08  7.710975060522413876e-08
