-1.636361886321656023e+00  4.077606399486860006e-69  4.077606399486860006e-69
-1.536361886321656378e+00  4.047245227051880878e-64  4.047245227051880878e-64
-1.436361886321656289e+00  6.247349786099545979e-59  6.247349786099545979e-59
-1.336361886321656200e+00  6.034186681075661560e-54  6.034186681075661560e-54
-1.236361886321656556e+00  3.503796324583779746e-49  3.503796324583779746e-49
-1.136361886321656023e+00  1.221527720999231878e-44  1.221527720999231878e-44
-1.036361886321656378e+00  2.556761267082119146e-40  2.556761267082119146e-40
-9.363618863216562893e-01  3.212908008412160761e-36  3.212908008412160761e-36
-8.363618863216562005e-01  2.423971967031775417e-32  2.423971967031775417e-32
-7.363618863216561117e-01  1.097938661939416296e-28  1.097938661939416296e-28
-6.363618863216562449e-01  2.985724599719701424e-25  2.985724599719701424e-25
-5.363618863216561561e-01  4.874640553139110650e-22  4.874640553139110650e-22
-4.363618863216560673e-01  4.778115357574540260e-19  4.778115357574540260e-19
-3.363618863216562005e-01  2.811848042429459055e-16  2.811848042429459055e-16
-2.363618863216561117e-01  9.934551050536460567e-14  9.934551050536460567e-14
-1.363618863216562449e-01  2.107297381153728476e-11  2.107297381153728476e-11
-3.636188632165615608e-02  2.683642071895160499e-09  2.683642071895160499e-09
6.363811367834393273e-02  2.051844945604532047e-07  2.051844945604532047e-07
1.636381136783437995e-01  9.418585152047688217e-06  9.418585152047688217e-06
2.636381136783438883e-01  2.595661054412296150e-04  2.595661054412296150e-04
3.636381136783437551e-01  4.294686589484785454e-03  4.294686589484785454e-03
4.636381136783438439e-01  4.266150319884155773e-02  4.266150319884155773e-02
5.636381136783439327e-01  2.544263072518355151e-01  2.544263072518355151e-01
6.636381136783440216e-01  9.109804536363735883e-01  9.109804536363735883e-01
7.636381136783441104e-01  1.958291288850520173e+00  1.958291288850520173e+00
8.636381136783437551e-01  2.527358131782311723e+00  2.527358131782311723e+00
9.636381136783438439e-01  1.958297449068722162e+00  1.958297449068722162e+00
1.063638113678343933e+00  9.110346462939042933e-01  9.110346462939042933e-01
1.163638113678344022e+00  2.547934855407129051e-01  2.547934855407129051e-01
1.263638113678344110e+00  4.458906472113617625e-02  4.458906472113617625e-02
1.363638113678343755e+00  1.213529928285680959e-02  1.213529928285680959e-02
1.463638113678343844e+00  2.497125106629263097e-02  2.497125106629263097e-02
1.563638113678343933e+00  6.035776382557483943e-02  6.035776382557483943e-02
1.663638113678344022e+00  1.141931411110452682e-01  1.141931411110452682e-01
1.763638113678344110e+00  1.674268444458655025e-01  1.674268444458655025e-01
1.863638113678343755e+00  1.902081326304067288e-01  1.902081326304067288e-01
1.963638113678343844e+00  1.674512926314194738e-01  1.674512926314194738e-01
2.063638113678344155e+00  1.143001715579707034e-01  1.143001715579707034e-01
2.163638113678343800e+00  6.073271814645998107e-02  6.073271814645998107e-02
2.263638113678344332e+00  2.587274806444910327e-02  2.587274806444910327e-02
2.363638113678343977e+00  1.079920007156884645e-02  1.079920007156884645e-02
2.463638113678344510e+00  8.287506050847708028e-03  8.287506050847708028e-03
2.563638113678344155e+00  1.190075762786648415e-02  1.190075762786648415e-02
2.663638113678343800e+00  1.769913517570663106e-02  1.769913517570663106e-02
2.763638113678344332e+00  2.277991051390922811e-02  2.277991051390922811e-02
2.863638113678343977e+00  2.480045612783910933e-02  2.480045612783910933e-02
2.963638113678344510e+00  2.279513226707823026e-02  2.279513226707823026e-02
3.063638113678344155e+00  1.771310140317959581e-02  1.771310140317959581e-02
3.163638113678344688e+00  1.171199273688149772e-02  1.171199273688149772e-02
3.263638113678344332e+00  6.768907618028551301e-03  6.768907618028551301e-03
3.363638113678343977e+00  3.783432236118028109e-03  3.783432236118028109e-03
3.463638113678344510e+00  2.625450614360680477e-03  2.625450614360680477e-03
3.563638113678344155e+00  2.672896962623172706e-03  2.672896962623172706e-03
3.663638113678344688e+00  3.255689675562285345e-03  3.255689675562285345e-03
3.763638113678344332e+00  3.838454677469191681e-03  3.838454677469191681e-03
3.863638113678343977e+00  4.072214695688469721e-03  4.072214695688469721e-03
3.963638113678344510e+00  3.824545611056215551e-03  3.824545611056215551e-03
4.063638113678344155e+00  3.176810290130805195e-03  3.176810290130805195e-03
4.163638113678344688e+00  2.350391135024298452e-03  2.350391135024298452e-03
4.263638113678344332e+00  1.584710352286248809e-03  1.584710352286248809e-03
4.363638113678343977e+00  1.035808600677391765e-03  1.035808600677391765e-03
4.463638113678344510e+00  7.429144069715607358e-04  7.429144069715607358e-04
4.563638113678344155e+00  6.558380681616665826e-04  6.558380681616665826e-04
4.663638113678344688e+00  6.848131584005141045e-04  6.848131584005141045e-04
4.763638113678344332e+00  7.418497513014117540e-04  7.418497513014117540e-04
4.863638113678343977e+00  7.644132704493063158e-04  7.644132704493063158e-04
4.963638113678344510e+00  7.244410757585128917e-04  7.244410757585128917e-04
5.063638113678344155e+00  6.263344414782170315e-04  6.263344414782170315e-04
5.163638113678344688e+00  4.962585824003732261e-04  4.962585824003732261e-04
5.263638113678344332e+00  3.668504490566295000e-04  3.668504490566295000e-04
5.363638113678343977e+00  2.635378417646964066e-04  2.635378417646964066e-04
5.463638113678344510e+00  1.974535527487530136e-04  1.974535527487530136e-04
5.563638113678344155e+00  1.658620185356740183e-04  1.658620185356740183e-04
5.663638113678344688e+00  1.573896674354887607e-04  1.573896674354887607e-04
5.763638113678344332e+00  1.583509395693827185e-04  1.583509395693827185e-04
5.863638113678343977e+00  1.576182939516656287e-04  1.576182939516656287e-04
5.963638113678344510e+00  1.491082301034896845e-04  1.491082301034896845e-04
6.063638113678344155e+00  1.320092291792621727e-04  1.320092291792621727e-04
6.163638113678344688e+00  1.093621405992174366e-04  1.093621405992174366e-04
6.263638113678344332e+00  8.583763149031773147e-05  8.583763149031773147e-05
6.363638113678343977e+00  6.561285820306744332e-05  6.561285820306744332e-05
6.463638113678343622e+00  5.103668366039469792e-05  5.103668366039469792e-05
6.563638113678345043e+00  4.232796061117840105e-05  4.232796061117840105e-05
6.663638113678344688e+00  3.809971236383697497e-05  3.809971236383697497e-05
6.763638113678344332e+00  3.626184121620368035e-05  3.626184121620368035e-05
6.863638113678343977e+00  3.487274844228137761e-05  3.487274844228137761e-05
6.963638113678343622e+00  3.268013917117085649e-05  3.268013917117085649e-05
7.063638113678345043e+00  2.928115829668993082e-05  2.928115829668993082e-05
7.163638113678344688e+00  2.496951756017322049e-05  2.496951756017322049e-05
7.263638113678344332e+00  2.040878920838843828e-05  2.040878920838843828e-05
7.363638113678343977e+00  1.628443600499885434e-05  1.628443600499885434e-05
7.463638113678343622e+00  1.305317189192552370e-05  1.305317189192552370e-05
7.563638113678345043e+00  1.084447367069778456e-05  1.084447367069778456e-05
7.663638113678344688e+00  9.502246243792659766e-06  9.502246243792659766e-06
7.763638113678344332e+00  8.710186216433963807e-06  8.710186216433963807e-06
7.863638113678343977e+00  8.133238376323861129e-06  8.133238376323861129e-06
7.963638113678345398e+00  7.523522796813554126e-06  7.523522796813554126e-06
8.063638113678344155e+00  6.767168528066198544e-06  6.767168528066198544e-06
8.163638113678345576e+00  5.874820341954707828e-06  5.874820341954707828e-06
8.263638113678343444e+00  4.935553033805724849e-06  4.935553033805724849e-06
8.363638113678344865e+00  4.059657190157725365e-06  4.059657190157725365e-06
8.463638113678346286e+00  3.331975287931916089e-06  3.331975287931916089e-06
8.563638113678344155e+00  2.787875693147428461e-06  2.787875693147428461e-06
8.663638113678345576e+00  2.413065720536460674e-06  2.413065720536460674e-06
8.763638113678343444e+00  2.160207298304097200e-06  2.160207298304097200e-06
8.863638113678344865e+00  1.971807477436504274e-06  1.971807477436504274e-06
8.963638113678346286e+00  1.799943855829109165e-06  1.799943855829109165e-06
9.063638113678344155e+00  1.617282910371072860e-06  1.617282910371072860e-06
9.163638113678343800e+00  1.418364681331140268e-06  1.418364681331140268e-06
9.263638113678343444e+00  1.213590227446083687e-06  1.213590227446083687e-06
9.363638113678343089e+00  1.019985498228420531e-06  1.019985498228420531e-06
9.463638113678344510e+00  8.526664125239101330e-07  8.526664125239101330e-07
9.563638113678344155e+00  7.195638008951095178e-07  7.195638008951095178e-07
9.663638113678343800e+00  6.201638429102417516e-07  6.201638429102417516e-07
9.763638113678343444e+00  5.474865032295163963e-07  5.474865032295163963e-07
9.863638113678343089e+00  4.916899240466548591e-07  4.916899240466548591e-07
9.963638113678344510e+00  4.436297586421134741e-07  4.436297586421134741e-07
1.006363811367834415e+01  3.972115420556780992e-07  3.972115420556780992e-07
1.016363811367834380e+01  3.501134607754282834e-07  3.501134607754282834e-07
1.026363811367834344e+01  3.031142899949182954e-07  3.031142899949182954e-07
1.036363811367834309e+01  2.586475092215875446e-07  2.586475092215875446e-07
