-1.541666915664866799e+00  1.803267950288700117e-06  1.803267950288700117e-06
-1.441666915664867155e+00  4.957739008648981428e-06  4.957739008648981428e-06
-1.341666915664867066e+00  1.310995062877502996e-05  1.310995062877502996e-05
-1.241666915664866977e+00  3.331436183513683102e-05  3.331436183513683102e-05
-1.141666915664867332e+00  8.130618493066566735e-05  8.130618493066566735e-05
-1.041666915664866799e+00  1.905065486116384399e-04  1.905065486116384399e-04
-9.416669156648669325e-01  4.284280278752803837e-04  4.284280278752803837e-04
-8.416669156648670658e-01  9.245937329697778923e-04  9.245937329697778923e-04
-7.416669156648669770e-01  1.914593459648102807e-03  1.914593459648102807e-03
-6.416669156648668881e-01  3.803805888758190687e-03  3.803805888758190687e-03
-5.416669156648670214e-01  7.250214985460069934e-03  7.250214985460069934e-03
-4.416669156648669325e-01  1.325734142252901933e-02  1.325734142252901933e-02
-3.416669156648668437e-01  2.325533939488816371e-02  2.325533939488816371e-02
-2.416669156648669770e-01  3.913282598363781312e-02  3.913282598363781312e-02
-1.416669156648668881e-01  6.316937971868628876e-02  6.316937971868628876e-02
-4.166691566486702136e-02  9.781734026688962413e-02  9.781734026688962413e-02
5.833308433513306746e-02  1.453007803755815563e-01  1.453007803755815563e-01
1.583330843351331563e-01  2.070445868439302339e-01  2.070445868439302339e-01
2.583330843351330230e-01  2.830131956347700650e-01  2.830131956347700650e-01
3.583330843351331119e-01  3.711092492104257623e-01  3.711092492104257623e-01
4.583330843351329786e-01  4.668287089965928449e-01  4.668287089965928449e-01
5.583330843351330675e-01  5.633604473887191544e-01  5.633604473887191544e-01
6.583330843351331563e-01  6.522377205661936683e-01  6.522377205661936683e-01
7.583330843351332451e-01  7.245053892159351028e-01  7.245053892159351028e-01
8.583330843351333339e-01  7.722001542143215325e-01  7.722001542143215325e-01
9.583330843351329786e-01  7.898111357239263608e-01  7.898111357239263608e-01
1.058333084335133067e+00  7.753508395264926412e-01  7.753508395264926412e-01
1.158333084335133156e+00  7.307477902865877617e-01  7.307477902865877617e-01
1.258333084335133245e+00  6.614521050051935802e-01  6.614521050051935802e-01
1.358333084335133334e+00  5.753635448769776062e-01  5.753635448769776062e-01
1.458333084335132979e+00  4.813713952589384615e-01  4.813713952589384615e-01
1.558333084335133067e+00  3.878764337084693037e-01  3.878764337084693037e-01
1.658333084335133156e+00  3.016275611259459644e-01  3.016275611259459644e-01
1.758333084335133245e+00  2.270753421186671450e-01  2.270753421186671450e-01
1.858333084335133334e+00  1.662778026139092868e-01  1.662778026139092868e-01
1.958333084335132979e+00  1.192501552784672458e-01  1.192501552784672458e-01
2.058333084335132845e+00  8.456954088478853271e-02  8.456954088478853271e-02
2.158333084335133378e+00  6.003758033702195906e-02  6.003758033702195906e-02
2.258333084335133023e+00  4.325014041799467995e-02  4.325014041799467995e-02
2.358333084335133556e+00  3.199484016754337162e-02  3.199484016754337162e-02
2.458333084335133201e+00  2.446381131973214551e-02  2.446381131973214551e-02
2.558333084335133734e+00  1.931457605404234695e-02  1.931457605404234695e-02
2.658333084335133378e+00  1.563128700168266855e-02  1.563128700168266855e-02
2.758333084335133023e+00  1.283725489546396620e-02  1.283725489546396620e-02
2.858333084335133556e+00  1.059690365939920144e-02  1.059690365939920144e-02
2.958333084335133201e+00  8.729557047735982470e-03  8.729557047735982470e-03
3.058333084335133734e+00  7.144197305390986505e-03  7.144197305390986505e-03
3.158333084335133378e+00  5.795652018385400936e-03  5.795652018385400936e-03
3.258333084335133911e+00  4.658349018516101843e-03  4.658349018516101843e-03
3.358333084335133556e+00  3.712556993419912840e-03  3.712556993419912840e-03
3.458333084335133201e+00  2.938505016096363935e-03  2.938505016096363935e-03
3.558333084335133734e+00  2.314896325102479106e-03  2.314896325102479106e-03
3.658333084335133378e+00  1.819491326202905086e-03  1.819491326202905086e-03
3.758333084335133911e+00  1.430371050362673610e-03  1.430371050362673610e-03
3.858333084335133556e+00  1.127150976198476378e-03  1.127150976198476378e-03
3.958333084335133201e+00  8.918344554399374857e-04  8.918344554399374857e-04
4.058333084335133734e+00  7.092379664881486674e-04  7.092379664881486674e-04
4.158333084335133378e+00  5.670447045725577956e-04  5.670447045725577956e-04
4.258333084335133911e+00  4.555924858819905641e-04  4.555924858819905641e-04
4.358333084335133556e+00  3.675075194117652703e-04  3.675075194117652703e-04
4.458333084335133201e+00  2.972783148659750851e-04  2.972783148659750851e-04
4.558333084335133734e+00  2.408377099041657103e-04  2.408377099041657103e-04
4.658333084335133378e+00  1.951943184760600736e-04  1.951943184760600736e-04
4.758333084335133911e+00  1.581323245619835002e-04  1.581323245619835002e-04
4.858333084335133556e+00  1.279823597418028704e-04  1.279823597418028704e-04
4.958333084335133201e+00  1.034562312346864213e-04  1.034562312346864213e-04
5.058333084335133734e+00  8.353347718524490565e-05  8.353347718524490565e-05
5.158333084335133378e+00  6.738666430928342633e-05  6.738666430928342633e-05
5.258333084335133911e+00  5.433356745768125014e-05  5.433356745768125014e-05
5.358333084335133556e+00  4.380669398876472337e-05  4.380669398876472337e-05
5.458333084335133201e+00  3.533319690690664156e-05  3.533319690690664156e-05
5.558333084335133734e+00  2.852055340970034041e-05  2.852055340970034041e-05
5.658333084335133378e+00  2.304523309107545697e-05  2.304523309107545697e-05
5.758333084335133911e+00  1.864289201731850556e-05  1.864289201731850556e-05
5.858333084335133556e+00  1.509946332512118317e-05  1.509946332512118317e-05
5.958333084335133201e+00  1.224297837695395375e-05  1.224297837695395375e-05
6.058333084335133734e+00  9.936159454461735799e-06  9.936159454461735799e-06
6.158333084335133378e+00  8.069875577297690834e-06  8.069875577297690834e-06
6.258333084335133911e+00  6.557523478598560215e-06  6.557523478598560215e-06
6.358333084335133556e+00  5.330337368521590659e-06  5.330337368521590659e-06
6.458333084335133201e+00  4.333573973004317147e-06  4.333573973004317147e-06
6.558333084335132845e+00  3.523477715691325388e-06  3.523477715691325388e-06
6.658333084335134266e+00  2.864908658781542634e-06  2.864908658781542634e-06
6.758333084335133911e+00  2.329510863024140029e-06  2.329510863024140029e-06
6.858333084335133556e+00  1.894306497530509412e-06  1.894306497530509412e-06
6.958333084335133201e+00  1.540616197836164571e-06  1.540616197836164571e-06
7.058333084335132845e+00  1.253224429871271980e-06  1.253224429871271980e-06
7.158333084335134266e+00  1.019726768928971383e-06  1.019726768928971383e-06
7.258333084335133911e+00  8.300120928340184158e-07  8.300120928340184158e-07
7.358333084335133556e+00  6.758458091922362426e-07  6.758458091922362426e-07
7.458333084335133201e+00  5.505302330261417051e-07  5.505302330261417051e-07
7.558333084335132845e+00  4.486254112238360704e-07  4.486254112238360704e-07
7.658333084335134266e+00  3.657185850780809504e-07  3.657185850780809504e-07
7.758333084335133911e+00  2.982336747194503343e-07  2.982336747194503343e-07
7.858333084335133556e+00  2.432741895482167526e-07  2.432741895482167526e-07
7.958333084335133201e+00  1.984942433087614676e-07  1.984942433087614676e-07
8.058333084335135510e+00  1.619931914418955184e-07  1.619931914418955184e-07
8.158333084335133378e+00  1.322300162878792270e-07  1.322300162878792270e-07
8.258333084335134799e+00  1.079540829987611465e-07  1.079540829987611465e-07
8.358333084335132668e+00  8.814933628242953606e-08  8.814933628242953606e-08
8.458333084335134089e+00  7.198942816327004857e-08  7.198942816327004857e-08
8.558333084335135510e+00  5.880166206277938628e-08  5.880166206277938628e-08
8.658333084335133378e+00  4.803800237094650242e-08  4.803800237094650242e-08
8.758333084335134799e+00  3.925172373951679283e-08  3.925172373951679283e-08
8.858333084335132668e+00  3.207855546252854074e-08  3.207855546252854074e-08
8.958333084335134089e+00  2.622141204622849002e-08  2.622141204622849002e-08
9.058333084335133734e+00  2.143799333415420740e-08  2.143799333415420740e-08
9.158333084335133378e+00  1.753069072674110373e-08  1.753069072674110373e-08
9.258333084335133023e+00  1.433835585610626302e-08  1.433835585610626302e-08
9.358333084335132668e+00  1.172958066711965022e-08  1.172958066711965022e-08
9.458333084335132313e+00  9.597209012629971256e-09  9.597209012629971256e-09
9.558333084335133734e+00  7.853854642823173754e-09  7.853854642823173754e-09
9.658333084335133378e+00  6.428242976345486029e-09  6.428242976345486029e-09
9.758333084335133023e+00  5.262227471177152080e-09  5.262227471177152080e-09
9.858333084335132668e+00  4.308358124392143867e-09  4.308358124392143867e-09
9.958333084335132313e+00  3.527901305657701345e-09  3.527901305657701345e-09
1.005833308433513373e+01  2.889227943204412788e-09  2.889227943204412788e-09
1.015833308433513338e+01  2.366501844428919773e-09  2.366501844428919773e-09
1.025833308433513302e+01  1.938612215086883568e-09  1.938612215086883568e-09
1.035833308433513267e+01  1.588304655692635695e-09  1.588304655692635695e-09
1.045833308433513231e+01  1.301473381297637121e-09  1.301473381297637121e-09
