-1.563829770924147766e+00  1.062085492728281206e-165  1.062085492728281206e-165
-1.463829770924147677e+00  1.621115201350196810e-154  1.621115201350196810e-154
-1.363829770924147589e+00  6.378182604039436086e-142  6.378182604039436086e-142
-1.263829770924147944e+00  7.386374854348644745e-130  7.386374854348644745e-130
-1.163829770924147855e+00  2.488862618801861443e-118  2.488862618801861443e-118
-1.063829770924147766e+00  2.440082325991786766e-107  2.440082325991786766e-107
-9.638297709241476774e-01  6.960525142649533495e-97  6.960525142649533495e-97
-8.638297709241475886e-01  5.777148176924733117e-87  5.777148176924733117e-87
-7.638297709241477218e-01  1.395143821200156040e-77  1.395143821200156040e-77
-6.638297709241478550e-01  9.802986988800657058e-69  9.802986988800657058e-69
-5.638297709241477662e-01  2.004157486476583407e-60  2.004157486476583407e-60
-4.638297709241476774e-01  1.192172878171296285e-52  1.192172878171296285e-52
-3.638297709241475886e-01  2.063386584176170914e-45  2.063386584176170914e-45
-2.638297709241477218e-01  1.039096640029431340e-38  1.039096640029431340e-38
-1.638297709241476330e-01  1.522527871084388997e-32  1.522527871084388997e-32
-6.382977092414776621e-02  6.490954060153572701e-27  6.490954060153572701e-27
3.617022907585232261e-02  8.051666763109137612e-22  8.051666763109137612e-22
1.361702290758524114e-01  2.906009449431526062e-17  2.906009449431526062e-17
2.361702290758522782e-01  3.051702721297540154e-13  3.051702721297540154e-13
3.361702290758523670e-01  9.324410843064015211e-10  9.324410843064015211e-10
4.361702290758522338e-01  8.289618601013131378e-07  8.289618601013131378e-07
5.361702290758523226e-01  2.144280870257093258e-04  2.144280870257093258e-04
6.361702290758524114e-01  1.613848510665427671e-02  1.613848510665427671e-02
7.361702290758525002e-01  3.534091857185449603e-01  3.534091857185449603e-01
8.361702290758525891e-01  2.251784751859634337e+00  2.251784751859634337e+00
9.361702290758522338e-01  4.174552118103248333e+00  4.174552118103248333e+00
1.036170229075852323e+00  2.251784751861938716e+00  2.251784751861938716e+00
1.136170229075852411e+00  3.534091861586216021e-01  3.534091861586216021e-01
1.236170229075852500e+00  1.613853020437962596e-02  1.613853020437962596e-02
1.336170229075852589e+00  2.169209260098271168e-04  2.169209260098271168e-04
1.436170229075852234e+00  7.515668032968810333e-05  7.515668032968810333e-05
1.536170229075852323e+00  1.195431517192789951e-03  1.195431517192789951e-03
1.636170229075852411e+00  1.037086331146697994e-02  1.037086331146697994e-02
1.736170229075852500e+00  4.853135802125963655e-02  4.853135802125963655e-02
1.836170229075852589e+00  1.225030676953367398e-01  1.225030676953367398e-01
1.936170229075852234e+00  1.667970906238553375e-01  1.667970906238553375e-01
2.036170229075852323e+00  1.225030683620980249e-01  1.225030683620980249e-01
2.136170229075852411e+00  4.853138006185681030e-02  4.853138006185681030e-02
2.236170229075852500e+00  1.037134596799734430e-02  1.037134596799734430e-02
2.336170229075852589e+00  1.202434349013869076e-03  1.202434349013869076e-03
2.436170229075852234e+00  1.416722861702226588e-04  1.416722861702226588e-04
2.536170229075852767e+00  4.315860170818382473e-04  4.315860170818382473e-04
2.636170229075852411e+00  1.811713215409359572e-03  1.811713215409359572e-03
2.736170229075852056e+00  5.068549611852648726e-03  5.068549611852648726e-03
2.836170229075852589e+00  9.396512115605668361e-03  9.396512115605668361e-03
2.936170229075852234e+00  1.154323905023103315e-02  1.154323905023103315e-02
3.036170229075852767e+00  9.396515847869133659e-03  9.396515847869133659e-03
3.136170229075852411e+00  5.068600753901282042e-03  5.068600753901282042e-03
3.236170229075852944e+00  1.812190288323430867e-03  1.812190288323430867e-03
3.336170229075852589e+00  4.329754169073034330e-04  4.329754169073034330e-04
3.436170229075852234e+00  8.854333140676938670e-05  8.854333140676938670e-05
3.536170229075852767e+00  9.201910786295401613e-05  9.201910786295401613e-05
3.636170229075852411e+00  2.508874214451211910e-04  2.508874214451211910e-04
3.736170229075852944e+00  5.417064754971197401e-04  5.417064754971197401e-04
3.836170229075852589e+00  8.606151122338443014e-04  8.606151122338443014e-04
3.936170229075852234e+00  1.004221605140752848e-03  1.004221605140752848e-03
4.036170229075852767e+00  8.606189136390234376e-04  8.606189136390234376e-04
4.136170229075852411e+00  5.417211388747141367e-04  5.417211388747141367e-04
4.236170229075852944e+00  2.506386398731505266e-04  2.506386398731505266e-04
4.336170229075852589e+00  8.617947039143480437e-05  8.617947039143480437e-05
4.436170229075852234e+00  2.572547623155319073e-05  2.572547623155319073e-05
4.536170229075852767e+00  1.763317731176357772e-05  1.763317731176357772e-05
4.636170229075852411e+00  3.315453655297030206e-05  3.315453655297030206e-05
4.736170229075852944e+00  6.054827043800481862e-05  6.054827043800481862e-05
4.836170229075852589e+00  8.761937195407795980e-05  8.761937195407795980e-05
4.936170229075852234e+00  9.912893429423915955e-05  9.912893429423915955e-05
5.036170229075852767e+00  8.761814439581801608e-05  8.761814439581801608e-05
5.136170229075852411e+00  6.051133562534750487e-05  6.051133562534750487e-05
5.236170229075852944e+00  3.270092727365952432e-05  3.270092727365952432e-05
5.336170229075852589e+00  1.401211122301866671e-05  1.401211122301866671e-05
5.436170229075852234e+00  5.336578904311687366e-06  5.336578904311687366e-06
5.536170229075852767e+00  3.208395106911350586e-06  3.208395106911350586e-06
5.636170229075852411e+00  4.434379775320536178e-06  4.434379775320536178e-06
5.736170229075852944e+00  7.062641102158440224e-06  7.062641102158440224e-06
5.836170229075852589e+00  9.570859691867598614e-06  9.570859691867598614e-06
5.936170229075852234e+00  1.060353924220083748e-05  1.060353924220083748e-05
6.036170229075852767e+00  9.567311390880372897e-06  9.567311390880372897e-06
6.136170229075852411e+00  7.030177072353731855e-06  7.030177072353731855e-06
6.236170229075852944e+00  4.216433490997083270e-06  4.216433490997083270e-06
6.336170229075852589e+00  2.094394783591685166e-06  2.094394783591685166e-06
6.436170229075852234e+00  9.420996474048169925e-07  9.420996474048169925e-07
6.536170229075851879e+00  5.536007316909879705e-07  5.536007316909879705e-07
6.636170229075853300e+00  6.106900415607199434e-07  6.106900415607199434e-07
6.736170229075852944e+00  8.571918518594919607e-07  8.571918518594919607e-07
6.836170229075852589e+00  1.100258091613302878e-06  1.100258091613302878e-06
6.936170229075852234e+00  1.199315804740452533e-06  1.199315804740452533e-06
7.036170229075851879e+00  1.098011199424239183e-06  1.098011199424239183e-06
7.136170229075853300e+00  8.435543896353709472e-07  8.435543896353709472e-07
7.236170229075852944e+00  5.453481152832683988e-07  5.453481152832683988e-07
7.336170229075852589e+00  3.012071903635837636e-07  3.012071903635837636e-07
7.436170229075852234e+00  1.527481956915443317e-07  1.527481956915443317e-07
7.536170229075851879e+00  9.120964020848020462e-08  9.120964020848020462e-08
7.636170229075853300e+00  8.643714650793664287e-08  8.643714650793664287e-08
7.736170229075852944e+00  1.079466599605615417e-07  1.079466599605615417e-07
7.836170229075852589e+00  1.316650375772195057e-07  1.316650375772195057e-07
7.936170229075852234e+00  1.413937081295031866e-07  1.413937081295031866e-07
8.036170229075853655e+00  1.308072275857851338e-07  1.308072275857851338e-07
8.136170229075853300e+00  1.039186700523232630e-07  1.039186700523232630e-07
8.236170229075852944e+00  7.110346677125969042e-08  7.110346677125969042e-08
8.336170229075852589e+00  4.253553537082859424e-08  4.253553537082859424e-08
8.436170229075852234e+00  2.360337069144997701e-08  2.360337069144997701e-08
8.536170229075853655e+00  1.450484630786607949e-08  1.450484630786607949e-08
8.636170229075853300e+00  1.247384238061888606e-08  1.247384238061888606e-08
8.736170229075852944e+00  1.405192066465582170e-08  1.405192066465582170e-08
8.836170229075852589e+00  1.629249756194845208e-08  1.629249756194845208e-08
8.936170229075852234e+00  1.722330797814552460e-08  1.722330797814552460e-08
9.036170229075853655e+00  1.604554455474425780e-08  1.604554455474425780e-08
9.136170229075853300e+00  1.308288284330699079e-08  1.308288284330699079e-08
9.236170229075852944e+00  9.358117885092036179e-09  9.358117885092036179e-09
9.336170229075852589e+00  5.957176377056409447e-09  5.957176377056409447e-09
9.436170229075852234e+00  3.544988684468476498e-09  3.544988684468476498e-09
9.536170229075853655e+00  2.248104300231462762e-09  2.248104300231462762e-09
9.636170229075853300e+00  1.821264047414589531e-09  1.821264047414589531e-09
9.736170229075852944e+00  1.881918795094716067e-09  1.881918795094716067e-09
9.836170229075852589e+00  2.075170144841983383e-09  2.075170144841983383e-09
9.936170229075852234e+00  2.155442359876247495e-09  2.155442359876247495e-09
1.003617022907585365e+01  2.015690103473552793e-09  2.015690103473552793e-09
1.013617022907585330e+01  1.677358845703195348e-09  1.677358845703195348e-09
1.023617022907585294e+01  1.243299173870997088e-09  1.243299173870997088e-09
1.033617022907585259e+01  8.317339251003336906e-10  8.317339251003336906e-10
1.043617022907585223e+01  5.232796364567917247e-10  5.232796364567917247e-10
