-1.611110731132469276e+00  3.786355986293342585e-53  3.786355986293342585e-53
-1.511110731132469187e+00  3.263152490278783426e-49  3.263152490278783426e-49
-1.411110731132469098e+00  3.042727628041467997e-45  3.042727628041467997e-45
-1.311110731132469454e+00  1.991028791088373887e-41  1.991028791088373887e-41
-1.211110731132469365e+00  8.838281962802397272e-38  8.838281962802397272e-38
-1.111110731132469276e+00  2.655252528010900760e-34  2.655252528010900760e-34
-1.011110731132469187e+00  5.397678142960938682e-31  5.397678142960938682e-31
-9.111107311324690983e-01  7.424427991516393034e-28  7.424427991516393034e-28
-8.111107311324692315e-01  6.909918067542579983e-25  6.909918067542579983e-25
-7.111107311324693647e-01  4.351475502228209960e-22  4.351475502228209960e-22
-6.111107311324692759e-01  1.854188622035062810e-19  1.854188622035062810e-19
-5.111107311324691871e-01  5.345951323453882677e-17  5.345951323453882677e-17
-4.111107311324690983e-01  1.042917144189183868e-14  1.042917144189183868e-14
-3.111107311324692315e-01  1.376665191539948171e-12  1.376665191539948171e-12
-2.111107311324691427e-01  1.229590713449354476e-10  1.229590713449354476e-10
-1.111107311324692759e-01  7.430987579283026494e-09  7.430987579283026494e-09
-1.111073113246918709e-02  3.038688724485756969e-07  3.038688724485756969e-07
8.888926886753090173e-02  8.407746546717752910e-06  8.407746546717752910e-06
1.888892688675307685e-01  1.574079729891822584e-04  1.574079729891822584e-04
2.888892688675308573e-01  1.994011044779645664e-03  1.994011044779645664e-03
3.888892688675307241e-01  1.709157602393009817e-02  1.709157602393009817e-02
4.888892688675308129e-01  9.912663920990896771e-02  9.912663920990896771e-02
5.888892688675309017e-01  3.890024861601661943e-01  3.890024861601661943e-01
6.888892688675309905e-01  1.032923405446396936e+00  1.032923405446396936e+00
7.888892688675310794e-01  1.855828087424490569e+00  1.855828087424490569e+00
8.888892688675307241e-01  2.256120177762250822e+00  2.256120177762250822e+00
9.888892688675308129e-01  1.855879997749078969e+00  1.855879997749078969e+00
1.088889268867530902e+00  1.033201953368795722e+00  1.033201953368795722e+00
1.188889268867530991e+00  3.902082041430126047e-01  3.902082041430126047e-01
1.288889268867531079e+00  1.034180458953063708e-01  1.034180458953063708e-01
1.388889268867530724e+00  2.965555397222083278e-02  2.965555397222083278e-02
1.488889268867530813e+00  3.225141897381718359e-02  3.225141897381718359e-02
1.588889268867530902e+00  6.009702796379215450e-02  6.009702796379215450e-02
1.688889268867530991e+00  9.768172548467966843e-02  9.768172548467966843e-02
1.788889268867531079e+00  1.309259534330279584e-01  1.309259534330279584e-01
1.888889268867530724e+00  1.443736092085500244e-01  1.443736092085500244e-01
1.988889268867530813e+00  1.310015835264033979e-01  1.310015835264033979e-01
2.088889268867530902e+00  9.791997284145155522e-02  9.791997284145155522e-02
2.188889268867530991e+00  6.059790362344385367e-02  6.059790362344385367e-02
2.288889268867531079e+00  3.179253393856206616e-02  3.179253393856206616e-02
2.388889268867530724e+00  1.570576772420202716e-02  1.570576772420202716e-02
2.488889268867531257e+00  9.936280396397356371e-03  9.936280396397356371e-03
2.588889268867530902e+00  1.010985354607965396e-02  1.010985354607965396e-02
2.688889268867530546e+00  1.260982889065182140e-02  1.260982889065182140e-02
2.788889268867531079e+00  1.504752465392451312e-02  1.504752465392451312e-02
2.888889268867530724e+00  1.602193932228586012e-02  1.602193932228586012e-02
2.988889268867531257e+00  1.503225122606828210e-02  1.503225122606828210e-02
3.088889268867530902e+00  1.242722559362889265e-02  1.242722559362889265e-02
3.188889268867531435e+00  9.107229228639523652e-03  9.107229228639523652e-03
3.288889268867531079e+00  6.028975309772050678e-03  6.028975309772050678e-03
3.388889268867530724e+00  3.799268229219213665e-03  3.799268229219213665e-03
3.488889268867531257e+00  2.555608156767234188e-03  2.555608156767234188e-03
3.588889268867530902e+00  2.095041848004250765e-03  2.095041848004250765e-03
3.688889268867531435e+00  2.082389353095252717e-03  2.082389353095252717e-03
3.788889268867531079e+00  2.207411230435395427e-03  2.207411230435395427e-03
3.888889268867530724e+00  2.259378697371773430e-03  2.259378697371773430e-03
3.988889268867531257e+00  2.143242079728430085e-03  2.143242079728430085e-03
4.088889268867530902e+00  1.863380513779513276e-03  1.863380513779513276e-03
4.188889268867531435e+00  1.488236888738202809e-03  1.488236888738202809e-03
4.288889268867531079e+00  1.106662000143505227e-03  1.106662000143505227e-03
4.388889268867530724e+00  7.901625667970482757e-04  7.901625667970482757e-04
4.488889268867531257e+00  5.728916142200219178e-04  5.728916142200219178e-04
4.588889268867530902e+00  4.517586202370632272e-04  4.517586202370632272e-04
4.688889268867531435e+00  3.997680586529283242e-04  3.997680586529283242e-04
4.788889268867531079e+00  3.826263329405998458e-04  3.826263329405998458e-04
4.888889268867530724e+00  3.714642870052036806e-04  3.714642870052036806e-04
4.988889268867531257e+00  3.491349631065080329e-04  3.491349631065080329e-04
5.088889268867530902e+00  3.107826237786582907e-04  3.107826237786582907e-04
5.188889268867531435e+00  2.606681741246264796e-04  2.606681741246264796e-04
5.288889268867531079e+00  2.074029658522751974e-04  2.074029658522751974e-04
5.388889268867530724e+00  1.594566955213994931e-04  1.594566955213994931e-04
5.488889268867531257e+00  1.222179331848513453e-04  1.222179331848513453e-04
5.588889268867530902e+00  9.706186012153805091e-05  9.706186012153805091e-05
5.688889268867531435e+00  8.207957450323307010e-05  8.207957450323307010e-05
5.788889268867531079e+00  7.365909941059224652e-05  7.365909941059224652e-05
5.888889268867530724e+00  6.809078537317886511e-05  6.809078537317886511e-05
5.988889268867531257e+00  6.266162532283520842e-05  6.266162532283520842e-05
6.088889268867530902e+00  5.607083797585355980e-05  5.607083797585355980e-05
6.188889268867531435e+00  4.827582217100044425e-05  4.827582217100044425e-05
6.288889268867531079e+00  4.001141099737624894e-05  4.001141099737624894e-05
6.388889268867530724e+00  3.223850465874948727e-05  3.223850465874948727e-05
6.488889268867530369e+00  2.571432543964658691e-05  2.571432543964658691e-05
6.588889268867531790e+00  2.077765151781021954e-05  2.077765151781021954e-05
6.688889268867531435e+00  1.734545229824986599e-05  1.734545229824986599e-05
6.788889268867531079e+00  1.505102081921270247e-05  1.505102081921270247e-05
6.888889268867530724e+00  1.343096842129140595e-05  1.343096842129140595e-05
6.988889268867530369e+00  1.208380255700678737e-05  1.208380255700678737e-05
7.088889268867531790e+00  1.075848662260367229e-05  1.075848662260367229e-05
7.188889268867531435e+00  9.368192630864820736e-06  9.368192630864820736e-06
7.288889268867531079e+00  7.949838672274658257e-06  7.949838672274658257e-06
7.388889268867530724e+00  6.600033003057966582e-06  6.600033003057966582e-06
7.488889268867530369e+00  5.415148098034884023e-06  5.415148098034884023e-06
7.588889268867531790e+00  4.452783768442347230e-06  4.452783768442347230e-06
7.688889268867531435e+00  3.719517215972802099e-06  3.719517215972802099e-06
7.788889268867531079e+00  3.179959805158939627e-06  3.179959805158939627e-06
7.888889268867530724e+00  2.777035071405814442e-06  2.777035071405814442e-06
7.988889268867532145e+00  2.453165844249700920e-06  2.453165844249700920e-06
8.088889268867532678e+00  2.165209002030452400e-06  2.165209002030452400e-06
8.188889268867530546e+00  1.890372576494051216e-06  1.890372576494051216e-06
8.288889268867531968e+00  1.624154950878642845e-06  1.624154950878642845e-06
8.388889268867529836e+00  1.373540832975746542e-06  1.373540832975746542e-06
8.488889268867531257e+00  1.149123654119941324e-06  1.149123654119941324e-06
8.588889268867532678e+00  9.589564531182351617e-07  9.589564531182351617e-07
8.688889268867530546e+00  8.054699167798026570e-07  8.054699167798026570e-07
8.788889268867531968e+00  6.853915219078228972e-07  6.853915219078228972e-07
8.888889268867529836e+00  5.916752331902997497e-07  5.916752331902997497e-07
8.988889268867531257e+00  5.161422999604010444e-07  5.161422999604010444e-07
9.088889268867532678e+00  4.517381083031247820e-07  4.517381083031247820e-07
9.188889268867530546e+00  3.937952492425627242e-07  3.937952492425627242e-07
9.288889268867531968e+00  3.402122371870563362e-07  3.402122371870563362e-07
9.388889268867529836e+00  2.908339939272856628e-07  2.908339939272856628e-07
9.488889268867531257e+00  2.464816197832089791e-07  2.464816197832089791e-07
9.588889268867532678e+00  2.080450433163948687e-07  2.080450433163948687e-07
9.688889268867530546e+00  1.758980531272070489e-07  1.758980531272070489e-07
9.788889268867531968e+00  1.497092032903768465e-07  1.497092032903768465e-07
9.888889268867529836e+00  1.285734276525113376e-07  1.285734276525113376e-07
9.988889268867531257e+00  1.113127570310111112e-07  1.113127570310111112e-07
1.008888926886753268e+01  9.679101591915549763e-08  9.679101591915549763e-08
1.018888926886753055e+01  8.413416956323869595e-08  8.413416956323869595e-08
1.028888926886753197e+01  7.281386061633944882e-08  7.281386061633944882e-08
1.038888926886752984e+01  6.260947624308489791e-08  6.260947624308489791e-08
