-1.575268727681829795e+00  1.219209420652066758e-09  1.219209420652066758e-09
-1.475268727681830150e+00  5.951811672813311719e-09  5.951811672813311719e-09
-1.375268727681830061e+00  2.748428472015153211e-08  2.748428472015153211e-08
-1.275268727681829972e+00  1.195442923446643257e-07  1.195442923446643257e-07
-1.175268727681830327e+00  4.885710410978677263e-07  4.885710410978677263e-07
-1.075268727681829795e+00  1.873601882320545848e-06  1.873601882320545848e-06
-9.752687276818299278e-01  6.736390166533616891e-06  6.736390166533616891e-06
-8.752687276818300610e-01  2.269711315483126542e-05  2.269711315483126542e-05
-7.752687276818299722e-01  7.164453782620152321e-05  7.164453782620152321e-05
-6.752687276818298834e-01  2.118304647299025468e-04  2.118304647299025468e-04
-5.752687276818300166e-01  5.865960578813263519e-04  5.865960578813263519e-04
-4.752687276818299278e-01  1.521266309301741622e-03  1.521266309301741622e-03
-3.752687276818298390e-01  3.694601876680868140e-03  3.694601876680868140e-03
-2.752687276818299722e-01  8.402611083686808285e-03  8.402611083686808285e-03
-1.752687276818298834e-01  1.789524876583802743e-02  1.789524876583802743e-02
-7.526872768183001661e-02  3.568897854537722569e-02  3.568897854537722569e-02
2.473127231817007221e-02  6.665030597485922803e-02  6.665030597485922803e-02
1.247312723181701610e-01  1.165582659091625728e-01  1.165582659091625728e-01
2.247312723181700278e-01  1.908801945616878104e-01  1.908801945616878104e-01
3.247312723181701166e-01  2.927270642759918218e-01  2.927270642759918218e-01
4.247312723181699834e-01  4.203985191390025022e-01  4.203985191390025022e-01
5.247312723181700722e-01  5.654248142082664019e-01  5.654248142082664019e-01
6.247312723181701610e-01  7.122524272331145490e-01  7.122524272331145490e-01
7.247312723181702498e-01  8.403996885737611278e-01  8.403996885737611278e-01
8.247312723181703387e-01  9.289811476960574410e-01  9.289811476960574410e-01
9.247312723181699834e-01  9.623241594658740183e-01  9.623241594658740183e-01
1.024731272318170072e+00  9.346224400322514780e-01  9.346224400322514780e-01
1.124731272318170161e+00  8.517295902693184928e-01  8.517295902693184928e-01
1.224731272318170250e+00  7.293260675915835822e-01  7.293260675915835822e-01
1.324731272318170339e+00  5.882350329519022702e-01  5.882350329519022702e-01
1.424731272318169983e+00  4.487912926340233422e-01  4.487912926340233422e-01
1.524731272318170072e+00  3.263226383361448324e-01  3.263226383361448324e-01
1.624731272318170161e+00  2.290199920475106121e-01  2.290199920475106121e-01
1.724731272318170250e+00  1.582931226404385994e-01  1.582931226404385994e-01
1.824731272318170339e+00  1.107773944025730317e-01  1.107773944025730317e-01
1.924731272318169983e+00  8.083459022142591710e-02  8.083459022142591710e-02
2.024731272318169850e+00  6.263075798234644942e-02  6.263075798234644942e-02
2.124731272318170383e+00  5.137382963641344558e-02  5.137382963641344558e-02
2.224731272318170028e+00  4.374212331953637733e-02  4.374212331953637733e-02
2.324731272318170561e+00  3.777186675724135412e-02  3.777186675724135412e-02
2.424731272318170205e+00  3.250251079428295026e-02  3.250251079428295026e-02
2.524731272318170738e+00  2.759384736722848147e-02  2.759384736722848147e-02
2.624731272318170383e+00  2.302103382427141479e-02  2.302103382427141479e-02
2.724731272318170028e+00  1.887386618594919657e-02  1.887386618594919657e-02
2.824731272318170561e+00  1.524584218701375768e-02  1.524584218701375768e-02
2.924731272318170205e+00  1.218624039961161906e-02  1.218624039961161906e-02
3.024731272318170738e+00  9.690357139286322197e-03  9.690357139286322197e-03
3.124731272318170383e+00  7.709371408899209216e-03  7.709371408899209216e-03
3.224731272318170916e+00  6.167546051772232647e-03  6.167546051772232647e-03
3.324731272318170561e+00  4.979379892658329990e-03  4.979379892658329990e-03
3.424731272318170205e+00  4.062919228608783719e-03  4.062919228608783719e-03
3.524731272318170738e+00  3.347955011422564832e-03  3.347955011422564832e-03
3.624731272318170383e+00  2.779446722776090367e-03  2.779446722776090367e-03
3.724731272318170916e+00  2.317362128242605665e-03  2.317362128242605665e-03
3.824731272318170561e+00  1.934368075669288655e-03  1.934368075669288655e-03
3.924731272318170205e+00  1.612650640779879439e-03  1.612650640779879439e-03
4.024731272318170738e+00  1.340783798960824922e-03  1.340783798960824922e-03
4.124731272318170383e+00  1.111167137681173681e-03  1.111167137681173681e-03
4.224731272318170916e+00  9.182183685822516844e-04  9.182183685822516844e-04
4.324731272318170561e+00  7.572800739188530672e-04  7.572800739188530672e-04
4.424731272318170205e+00  6.240826988789116439e-04  6.240826988789116439e-04
4.524731272318170738e+00  5.145732113345208953e-04  5.145732113345208953e-04
4.624731272318170383e+00  4.249393114344944501e-04  4.249393114344944501e-04
4.724731272318170916e+00  3.517039698155627944e-04  3.517039698155627944e-04
4.824731272318170561e+00  2.918138949963129344e-04  2.918138949963129344e-04
4.924731272318170205e+00  2.426865286573324154e-04  2.426865286573324154e-04
5.024731272318170738e+00  2.022087033362167407e-04  2.022087033362167407e-04
5.124731272318170383e+00  1.686962372915357306e-04  1.686962372915357306e-04
5.224731272318170916e+00  1.408300231109333247e-04  1.408300231109333247e-04
5.324731272318170561e+00  1.175839298806824256e-04  1.175839298806824256e-04
5.424731272318170205e+00  9.815618844207510884e-05  9.815618844207510884e-05
5.524731272318170738e+00  8.191122883044212575e-05  8.191122883044212575e-05
5.624731272318170383e+00  6.833468060751652609e-05  6.833468060751652609e-05
5.724731272318170916e+00  5.700114976733059553e-05  5.700114976733059553e-05
5.824731272318170561e+00  4.755260153311202578e-05  4.755260153311202578e-05
5.924731272318170205e+00  3.968451513910194303e-05  3.968451513910194303e-05
6.024731272318170738e+00  3.313709337674631525e-05  3.313709337674631525e-05
6.124731272318170383e+00  2.768935271856954683e-05  2.768935271856954683e-05
6.224731272318170916e+00  2.315460209413778384e-05  2.315460209413778384e-05
6.324731272318170561e+00  1.937644928545564999e-05  1.937644928545564999e-05
6.424731272318170205e+00  1.622495614239880939e-05  1.622495614239880939e-05
6.524731272318169850e+00  1.359287230445607920e-05  1.359287230445607920e-05
6.624731272318171271e+00  1.139203229691786162e-05  1.139203229691786162e-05
6.724731272318170916e+00  9.550044483854257867e-06  9.550044483854257867e-06
6.824731272318170561e+00  8.007377563920190137e-06  8.007377563920190137e-06
6.924731272318170205e+00  6.714899019617872217e-06  6.714899019617872217e-06
7.024731272318169850e+00  5.631866436323785154e-06  5.631866436323785154e-06
7.124731272318171271e+00  4.724331391929567701e-06  4.724331391929567701e-06
7.224731272318170916e+00  3.963891761477611746e-06  3.963891761477611746e-06
7.324731272318170561e+00  3.326720664674372745e-06  3.326720664674372745e-06
7.424731272318170205e+00  2.792804636655313025e-06  2.792804636655313025e-06
7.524731272318169850e+00  2.345334831413838328e-06  2.345334831413838328e-06
7.624731272318171271e+00  1.970208715684518409e-06  1.970208715684518409e-06
7.724731272318170916e+00  1.655612630181230479e-06  1.655612630181230479e-06
7.824731272318170561e+00  1.391666045024994162e-06  1.391666045024994162e-06
7.924731272318170205e+00  1.170115746549400153e-06  1.170115746549400153e-06
8.024731272318170738e+00  9.840727838854396251e-07  9.840727838854396251e-07
8.124731272318172159e+00  8.277874090182078210e-07  8.277874090182078210e-07
8.224731272318170028e+00  6.964582099366914300e-07  6.964582099366914300e-07
8.324731272318171449e+00  5.860718296471429890e-07  5.860718296471429890e-07
8.424731272318169317e+00  4.932695770683484351e-07  4.932695770683484351e-07
8.524731272318170738e+00  4.152371700623238462e-07  4.152371700623238462e-07
8.624731272318172159e+00  3.496139430202061577e-07  3.496139430202061577e-07
8.724731272318170028e+00  2.944181230062611940e-07  2.944181230062611940e-07
8.824731272318171449e+00  2.479851856521337262e-07  2.479851856521337262e-07
8.924731272318169317e+00  2.089167766079002983e-07  2.089167766079002983e-07
9.024731272318170738e+00  1.760381612862585229e-07  1.760381612862585229e-07
9.124731272318170383e+00  1.483625971571415362e-07  1.483625971571415362e-07
9.224731272318170028e+00  1.250613826994228118e-07  1.250613826994228118e-07
9.324731272318169673e+00  1.054386180394283772e-07  1.054386180394283772e-07
9.424731272318169317e+00  8.890992049238202013e-08  8.890992049238202013e-08
9.524731272318170738e+00  7.498448718553435951e-08  7.498448718553435951e-08
9.624731272318170383e+00  6.325000238003171577e-08  6.325000238003171577e-08
9.724731272318170028e+00  5.335996341695153234e-08  5.335996341695153234e-08
9.824731272318169673e+00  4.502305766059425291e-08  4.502305766059425291e-08
9.924731272318169317e+00  3.799427106171350993e-08  3.799427106171350993e-08
1.002473127231817074e+01  3.206745146111033697e-08  3.206745146111033697e-08
1.012473127231817038e+01  2.706908854519929187e-08  2.706908854519929187e-08
1.022473127231817003e+01  2.285310799357968307e-08  2.285310799357968307e-08
1.032473127231816967e+01  1.929650963758038673e-08  1.929650963758038673e-08
1.042473127231816932e+01  1.629570800841277957e-08  1.629570800841277957e-08
