-1.598900977491977571e+00  2.547874668523830142e-111  2.547874668523830142e-111
-1.498900977491977038e+00  1.452382645156449926e-103  1.452382645156449926e-103
-1.398900977491977393e+00  3.853473885279332803e-95  3.853473885279332803e-95
-1.298900977491977304e+00  4.587063319713447430e-87  4.587063319713447430e-87
-1.198900977491977216e+00  2.389666395143689532e-79  2.389666395143689532e-79
-1.098900977491977571e+00  5.447772869028147418e-72  5.447772869028147418e-72
-9.989009774919772600e-01  5.434751001275787507e-65  5.434751001275787507e-65
-8.989009774919773932e-01  2.372571179571099198e-58  2.372571179571099198e-58
-7.989009774919773044e-01  4.532499767585999623e-52  4.532499767585999623e-52
-6.989009774919772155e-01  3.789093054180160412e-46  3.789093054180160412e-46
-5.989009774919773488e-01  1.386154668778127849e-40  1.386154668778127849e-40
-4.989009774919772600e-01  2.219049825177902377e-35  2.219049825177902377e-35
-3.989009774919771711e-01  1.554538047611882917e-30  1.554538047611882917e-30
-2.989009774919773044e-01  4.765567208462112691e-26  4.765567208462112691e-26
-1.989009774919772155e-01  6.393030584629284247e-22  6.393030584629284247e-22
-9.890097749197734878e-02  3.752994310975003763e-18  3.752994310975003763e-18
1.099022508022740041e-03  9.641130704387734688e-15  9.641130704387734688e-15
1.010990225080228289e-01  1.083819537875716356e-11  1.083819537875716356e-11
2.010990225080226956e-01  5.331690381442598292e-09  5.331690381442598292e-09
3.010990225080227845e-01  1.147761909059423853e-06  1.147761909059423853e-06
4.010990225080226512e-01  1.081228872906415603e-04  1.081228872906415603e-04
5.010990225080227400e-01  4.457202874193108046e-03  4.457202874193108046e-03
6.010990225080228289e-01  8.040556534549431200e-02  8.040556534549431200e-02
7.010990225080229177e-01  6.347296098717480906e-01  6.347296098717480906e-01
8.010990225080230065e-01  2.192655221835290380e+00  2.192655221835290380e+00
9.010990225080226512e-01  3.314598101860483315e+00  3.314598101860483315e+00
1.001099022508022740e+00  2.192655232229901774e+00  2.192655232229901774e+00
1.101099022508022829e+00  6.347299584777824633e-01  6.347299584777824633e-01
1.201099022508022918e+00  8.041329729319056374e-02  8.041329729319056374e-02
1.301099022508023006e+00  4.570647088261944359e-03  4.570647088261944359e-03
1.401099022508022651e+00  1.209193734622858538e-03  1.209193734622858538e-03
1.501099022508022740e+00  7.070630653908155545e-03  7.070630653908155545e-03
1.601099022508022829e+00  3.002614509896447959e-02  3.002614509896447959e-02
1.701099022508022918e+00  8.436276908831776000e-02  8.436276908831776000e-02
1.801099022508023006e+00  1.567983989276854617e-01  1.567983989276854617e-01
1.901099022508022651e+00  1.927844190845569572e-01  1.927844190845569572e-01
2.001099022508022962e+00  1.567986750349318059e-01  1.567986750349318059e-01
2.101099022508022607e+00  8.436565161590661721e-02  8.436565161590661721e-02
2.201099022508023140e+00  3.004889518646783331e-02  3.004889518646783331e-02
2.301099022508022784e+00  7.205861786120928807e-03  7.205861786120928807e-03
2.401099022508022429e+00  1.721609883776862703e-03  1.721609883776862703e-03
2.501099022508022962e+00  2.257078510513970109e-03  2.257078510513970109e-03
2.601099022508022607e+00  5.629746131536726532e-03  5.629746131536726532e-03
2.701099022508022252e+00  1.119454308916988453e-02  1.119454308916988453e-02
2.801099022508022784e+00  1.692208400365251622e-02  1.692208400365251622e-02
2.901099022508022429e+00  1.942116686802943318e-02  1.942116686802943318e-02
3.001099022508022962e+00  1.692263560894298469e-02  1.692263560894298469e-02
3.101099022508022607e+00  1.119750089771955580e-02  1.119750089771955580e-02
3.201099022508023140e+00  5.637589768184425067e-03  5.637589768184425067e-03
3.301099022508022784e+00  2.203295613658428839e-03  2.203295613658428839e-03
3.401099022508022429e+00  8.064090488304142233e-04  8.064090488304142233e-04
3.501099022508022962e+00  6.073513874683541744e-04  6.073513874683541744e-04
3.601099022508022607e+00  9.933806510898867369e-04  9.933806510898867369e-04
3.701099022508023140e+00  1.629845832941989462e-03  1.629845832941989462e-03
3.801099022508022784e+00  2.218349237747571298e-03  2.218349237747571298e-03
3.901099022508022429e+00  2.459559174143879055e-03  2.459559174143879055e-03
4.001099022508022962e+00  2.218494616333199429e-03  2.218494616333199429e-03
4.101099022508022607e+00  1.628743989337640662e-03  1.628743989337640662e-03
4.201099022508023140e+00  9.767845703929889899e-04  9.767845703929889899e-04
4.301099022508022784e+00  4.890089864815036665e-04  4.890089864815036665e-04
4.401099022508022429e+00  2.306378476495980897e-04  2.306378476495980897e-04
4.501099022508022962e+00  1.538492664604967713e-04  1.538492664604967713e-04
4.601099022508022607e+00  1.835492259204740879e-04  1.835492259204740879e-04
4.701099022508023140e+00  2.572319309441044831e-04  2.572319309441044831e-04
4.801099022508022784e+00  3.259536855584535130e-04  3.259536855584535130e-04
4.901099022508022429e+00  3.535381332435368388e-04  3.535381332435368388e-04
5.001099022508022962e+00  3.255863533213638615e-04  3.255863533213638615e-04
5.101099022508022607e+00  2.545931712218374963e-04  2.545931712218374963e-04
5.201099022508023140e+00  1.698566529719733884e-04  1.698566529719733884e-04
5.301099022508022784e+00  9.879888424138445746e-05  9.879888424138445746e-05
5.401099022508022429e+00  5.460357868145031848e-05  5.460357868145031848e-05
5.501099022508022962e+00  3.631751226498520309e-05  3.631751226498520309e-05
5.601099022508022607e+00  3.576527975086421843e-05  3.576527975086421843e-05
5.701099022508023140e+00  4.356014840021286375e-05  4.356014840021286375e-05
5.801099022508022784e+00  5.180752018111875419e-05  5.180752018111875419e-05
5.901099022508022429e+00  5.514060680025845466e-05  5.514060680025845466e-05
6.001099022508022962e+00  5.145479584711397820e-05  5.145479584711397820e-05
6.101099022508022607e+00  4.198471842758651500e-05  4.198471842758651500e-05
6.201099022508023140e+00  3.010757657111106400e-05  3.010757657111106400e-05
6.301099022508022784e+00  1.936246055388499195e-05  1.936246055388499195e-05
6.401099022508022429e+00  1.190610865417197106e-05  1.190610865417197106e-05
6.501099022508022074e+00  8.132995311871438858e-06  8.132995311871438858e-06
6.601099022508023495e+00  7.207778910589202672e-06  7.207778910589202672e-06
6.701099022508023140e+00  7.823268974842201919e-06  7.823268974842201919e-06
6.801099022508022784e+00  8.748542007713814770e-06  8.748542007713814770e-06
6.901099022508022429e+00  9.121861126369531337e-06  9.121861126369531337e-06
7.001099022508022074e+00  8.574538833512076699e-06  8.574538833512076699e-06
7.101099022508023495e+00  7.211638674270397497e-06  7.211638674270397497e-06
7.201099022508023140e+00  5.448081051019950550e-06  5.448081051019950550e-06
7.301099022508022784e+00  3.763835324845658310e-06  3.763835324845658310e-06
7.401099022508022429e+00  2.497223616442064912e-06  2.497223616442064912e-06
7.501099022508022074e+00  1.761021749413485242e-06  1.761021749413485242e-06
7.601099022508023495e+00  1.477598742332045742e-06  1.477598742332045742e-06
7.701099022508023140e+00  1.470341092518189254e-06  1.470341092518189254e-06
7.801099022508022784e+00  1.551516333454258633e-06  1.551516333454258633e-06
7.901099022508022429e+00  1.580215210148234829e-06  1.580215210148234829e-06
8.001099022508023850e+00  1.488354963259103157e-06  1.488354963259103157e-06
8.101099022508023495e+00  1.279247332148489038e-06  1.279247332148489038e-06
8.201099022508023140e+00  1.004798627363384010e-06  1.004798627363384010e-06
8.301099022508022784e+00  7.321391976930936448e-07  7.321391976930936448e-07
8.401099022508022429e+00  5.140110556762460618e-07  5.140110556762460618e-07
8.501099022508023850e+00  3.735830002592223277e-07  3.735830002592223277e-07
8.601099022508023495e+00  3.052766152980812116e-07  3.052766152980812116e-07
8.701099022508023140e+00  2.856142778240530275e-07  2.856142778240530275e-07
8.801099022508022784e+00  2.862951288718343083e-07  2.862951288718343083e-07
8.901099022508022429e+00  2.842885710285385163e-07  2.842885710285385163e-07
9.001099022508023850e+00  2.670468574640360745e-07  2.670468574640360745e-07
9.101099022508023495e+00  2.329962843413569001e-07  2.329962843413569001e-07
9.201099022508023140e+00  1.884898470346349554e-07  1.884898470346349554e-07
9.301099022508022784e+00  1.430420530562449448e-07  1.430420530562449448e-07
9.401099022508022429e+00  1.048772758452700054e-07  1.048772758452700054e-07
9.501099022508023850e+00  7.829748105097976391e-08  7.829748105097976391e-08
9.601099022508023495e+00  6.328896556999600926e-08  6.328896556999600926e-08
9.701099022508023140e+00  5.677908399032119478e-08  5.677908399032119478e-08
9.801099022508022784e+00  5.452627810638177022e-08  5.452627810638177022e-08
9.901099022508022429e+00  5.278141806139751622e-08  5.278141806139751622e-08
1.000109902250802385e+01  4.926755956269756906e-08  4.926755956269756906e-08
1.010109902250802349e+01  4.339854044906378404e-08  4.339854044906378404e-08
1.020109902250802314e+01  3.589906849587397650e-08  3.589906849587397650e-08
1.030109902250802278e+01  2.811518874784134025e-08  2.811518874784134025e-08
1.040109902250802243e+01  2.132710281639767708e-08  2.132710281639767708e-08
