-1.636359406384433335e+00  3.723982201020316248e-11  3.723982201020316248e-11
-1.536359406384433690e+00  2.349791853310439242e-10  2.349791853310439242e-10
-1.436359406384433601e+00  1.402008393527426589e-09  1.402008393527426589e-09
-1.336359406384433512e+00  7.834546029160289975e-09  7.834546029160289975e-09
-1.236359406384433868e+00  4.079049950573546726e-08  4.079049950573546726e-08
-1.136359406384433335e+00  1.973170120873506265e-07  1.973170120873506265e-07
-1.036359406384433690e+00  8.854490621704997018e-07  8.854490621704997018e-07
-9.363594063844336013e-01  3.682865563401373386e-06  3.682865563401373386e-06
-8.363594063844335125e-01  1.419127323444500832e-05  1.419127323444500832e-05
-7.363594063844334237e-01  5.064636733651084157e-05  5.064636733651084157e-05
-6.363594063844335569e-01  1.673765270237261244e-04  1.673765270237261244e-04
-5.363594063844334681e-01  5.121728844206720893e-04  5.121728844206720893e-04
-4.363594063844333792e-01  1.451068039294433395e-03  1.451068039294433395e-03
-3.363594063844335125e-01  3.806202299399808180e-03  3.806202299399808180e-03
-2.363594063844334237e-01  9.243133091847465996e-03  9.243133091847465996e-03
-1.363594063844335569e-01  2.078091640622042532e-02  2.078091640622042532e-02
-3.635940638443346806e-02  4.325404625049812657e-02  4.325404625049812657e-02
6.364059361556662076e-02  8.335025539394050331e-02  8.335025539394050331e-02
1.636405936155664875e-01  1.486997978095807027e-01  1.486997978095807027e-01
2.636405936155665763e-01  2.456103802197805441e-01  2.456103802197805441e-01
3.636405936155664431e-01  3.756057406156985690e-01  3.756057406156985690e-01
4.636405936155665319e-01  5.318553146993455494e-01  5.318553146993455494e-01
5.636405936155666208e-01  6.973874031947582264e-01  6.973874031947582264e-01
6.636405936155667096e-01  8.469273081424227856e-01  8.469273081424227856e-01
7.636405936155667984e-01  9.528650251800732107e-01  9.528650251800732107e-01
8.636405936155664431e-01  9.936647153421284129e-01  9.936647153421284129e-01
9.636405936155665319e-01  9.612622677764086632e-01  9.612622677764086632e-01
1.063640593615566621e+00  8.639810997602516141e-01  8.639810997602516141e-01
1.163640593615566710e+00  7.235166887650835710e-01  7.235166887650835710e-01
1.263640593615566798e+00  5.674594946944405693e-01  5.674594946944405693e-01
1.363640593615566443e+00  4.208434804143940666e-01  4.208434804143940666e-01
1.463640593615566532e+00  3.001853385017059783e-01  3.001853385017059783e-01
1.563640593615566621e+00  2.117044977046033116e-01  2.117044977046033116e-01
1.663640593615566710e+00  1.532103483949061595e-01  1.532103483949061595e-01
1.763640593615566798e+00  1.177952977875184742e-01  1.177952977875184742e-01
1.863640593615566443e+00  9.741407495863793620e-02  9.741407495863793620e-02
1.963640593615566532e+00  8.523411309885711717e-02  8.523411309885711717e-02
2.063640593615566843e+00  7.657849926789760120e-02  7.657849926789760120e-02
2.163640593615566488e+00  6.886019550657491994e-02  6.886019550657491994e-02
2.263640593615567020e+00  6.104031557680519166e-02  6.104031557680519166e-02
2.363640593615566665e+00  5.300759953889866427e-02  5.300759953889866427e-02
2.463640593615567198e+00  4.507716179253114241e-02  4.507716179253114241e-02
2.563640593615566843e+00  3.766022194874514561e-02  3.766022194874514561e-02
2.663640593615566488e+00  3.108472900555216828e-02  3.108472900555216828e-02
2.763640593615567020e+00  2.552560653873377911e-02  2.552560653873377911e-02
2.863640593615566665e+00  2.100464009363649243e-02  2.100464009363649243e-02
2.963640593615567198e+00  1.742756327385619822e-02  1.742756327385619822e-02
3.063640593615566843e+00  1.463407090158786068e-02  1.463407090158786068e-02
3.163640593615567376e+00  1.244437073678504417e-02  1.244437073678504417e-02
3.263640593615567020e+00  1.069327003874979976e-02  1.069327003874979976e-02
3.363640593615566665e+00  9.249065421073838014e-03  9.249065421073838014e-03
3.463640593615567198e+00  8.018965546133434777e-03  8.018965546133434777e-03
3.563640593615566843e+00  6.945128505463951142e-03  6.945128505463951142e-03
3.663640593615567376e+00  5.995882019692016368e-03  5.995882019692016368e-03
3.763640593615567020e+00  5.155923191677670887e-03  5.155923191677670887e-03
3.863640593615566665e+00  4.417957750691822207e-03  4.417957750691822207e-03
3.963640593615567198e+00  3.776892583416403739e-03  3.776892583416403739e-03
4.063640593615566843e+00  3.226664708585832118e-03  3.226664708585832118e-03
4.163640593615567376e+00  2.759181148289946168e-03  2.759181148289946168e-03
4.263640593615567020e+00  2.364614708390205995e-03  2.364614708390205995e-03
4.363640593615566665e+00  2.032337089360541915e-03  2.032337089360541915e-03
4.463640593615567198e+00  1.751948880445256332e-03  1.751948880445256332e-03
4.563640593615566843e+00  1.514085016339740408e-03  1.514085016339740408e-03
4.663640593615567376e+00  1.310868807990930645e-03  1.310868807990930645e-03
4.763640593615567020e+00  1.136026088806241924e-03  1.136026088806241924e-03
4.863640593615566665e+00  9.847473332379817063e-04  9.847473332379817063e-04
4.963640593615567198e+00  8.534095859837407660e-04  8.534095859837407660e-04
5.063640593615566843e+00  7.392585254602797957e-04  7.392585254602797957e-04
5.163640593615567376e+00  6.401214070847283458e-04  6.401214070847283458e-04
5.263640593615567020e+00  5.541880945806506578e-04  5.541880945806506578e-04
5.363640593615566665e+00  4.798690225005074889e-04  4.798690225005074889e-04
5.463640593615567198e+00  4.157199614240764682e-04  4.157199614240764682e-04
5.563640593615566843e+00  3.604142771267468252e-04  3.604142771267468252e-04
5.663640593615567376e+00  3.127420406583322461e-04  3.127420406583322461e-04
5.763640593615567020e+00  2.716189613850984296e-04  2.716189613850984296e-04
5.863640593615566665e+00  2.360938679432187520e-04  2.360938679432187520e-04
5.963640593615567198e+00  2.053492176763073332e-04  2.053492176763073332e-04
6.063640593615566843e+00  1.786936126201521763e-04  1.786936126201521763e-04
6.163640593615567376e+00  1.555480739526278033e-04  1.555480739526278033e-04
6.263640593615567020e+00  1.354289834168289730e-04  1.354289834168289730e-04
6.363640593615566665e+00  1.179305593050691820e-04  1.179305593050691820e-04
6.463640593615566310e+00  1.027090077326019211e-04  1.027090077326019211e-04
6.563640593615567731e+00  8.946952971602952431e-05  8.946952971602952431e-05
6.663640593615567376e+00  7.795648871096866317e-05  7.795648871096866317e-05
6.763640593615567020e+00  6.794641956896731367e-05  6.794641956896731367e-05
6.863640593615566665e+00  5.924323047242223590e-05  5.924323047242223590e-05
6.963640593615566310e+00  5.167487282286760441e-05  5.167487282286760441e-05
7.063640593615567731e+00  4.509084861586012234e-05  4.509084861586012234e-05
7.163640593615567376e+00  3.936010327807279625e-05  3.936010327807279625e-05
7.263640593615567020e+00  3.436904320367546901e-05  3.436904320367546901e-05
7.363640593615566665e+00  3.001957576086683474e-05  3.001957576086683474e-05
7.463640593615566310e+00  2.622717518395218159e-05  2.622717518395218159e-05
7.563640593615567731e+00  2.291903001433447817e-05  2.291903001433447817e-05
7.663640593615567376e+00  2.003233796172704183e-05  2.003233796172704183e-05
7.763640593615567020e+00  1.751279815865939201e-05  1.751279815865939201e-05
7.863640593615566665e+00  1.531332392116357757e-05  1.531332392116357757e-05
7.963640593615568086e+00  1.339297263162536428e-05  1.339297263162536428e-05
8.063640593615566843e+00  1.171606977118211555e-05  1.171606977118211555e-05
8.163640593615568264e+00  1.025149370055799358e-05  1.025149370055799358e-05
8.263640593615566132e+00  8.972085722300759925e-06  8.972085722300759925e-06
8.363640593615567553e+00  7.854153826762535606e-06  7.854153826762535606e-06
8.463640593615568974e+00  6.877045481271896405e-06  6.877045481271896405e-06
8.563640593615566843e+00  6.022772413826173857e-06  6.022772413826173857e-06
8.663640593615568264e+00  5.275676908986921957e-06  5.275676908986921957e-06
8.763640593615566132e+00  4.622133866990122222e-06  4.622133866990122222e-06
8.863640593615567553e+00  4.050285667400797983e-06  4.050285667400797983e-06
8.963640593615568974e+00  3.549808063902328538e-06  3.549808063902328538e-06
9.063640593615566843e+00  3.111705452548085455e-06  3.111705452548085455e-06
9.163640593615566488e+00  2.728133440234174907e-06  2.728133440234174907e-06
9.263640593615566132e+00  2.392246116068929149e-06  2.392246116068929149e-06
9.363640593615565777e+00  2.098065057472872722e-06  2.098065057472872722e-06
9.463640593615567198e+00  1.840366994121035194e-06  1.840366994121035194e-06
9.563640593615566843e+00  1.614587200924120478e-06  1.614587200924120478e-06
9.663640593615566488e+00  1.416736025088801292e-06  1.416736025088801292e-06
9.763640593615566132e+00  1.243326378680280106e-06  1.243326378680280106e-06
9.863640593615565777e+00  1.091310462576468685e-06  1.091310462576468685e-06
9.963640593615567198e+00  9.580243710361553619e-07  9.580243710361553619e-07
1.006364059361556684e+01  8.411395284444899707e-07  8.411395284444899707e-07
1.016364059361556649e+01  7.386201264366391974e-07  7.386201264366391974e-07
1.026364059361556613e+01  6.486858727014253646e-07  6.486858727014253646e-07
1.036364059361556578e+01  5.697794525259699076e-07  5.697794525259699076e-07
