-1.530927834992801273e+00  9.791875699181219233e-15  9.791875699181219233e-15
-1.430927834992800740e+00  1.228101508361733689e-13  1.228101508361733689e-13
-1.330927834992801095e+00  1.403555599782985262e-12  1.403555599782985262e-12
-1.230927834992801007e+00  1.452616506588693592e-11  1.452616506588693592e-11
-1.130927834992800918e+00  1.357820472996859018e-10  1.357820472996859018e-10
-1.030927834992801273e+00  1.144974190230717918e-09  1.144974190230717918e-09
-9.309278349928009622e-01  8.705224561412303671e-09  8.705224561412303671e-09
-8.309278349928010954e-01  5.966040854487014669e-08  5.966040854487014669e-08
-7.309278349928010066e-01  3.685200233706378986e-07  3.685200233706378986e-07
-6.309278349928009177e-01  2.051528281912848002e-06  2.051528281912848002e-06
-5.309278349928010510e-01  1.029250900652272095e-05  1.029250900652272095e-05
-4.309278349928009622e-01  4.653552519458274337e-05  4.653552519458274337e-05
-3.309278349928008733e-01  1.896109035755257034e-04  1.896109035755257034e-04
-2.309278349928010066e-01  6.962334684628566006e-04  6.962334684628566006e-04
-1.309278349928009177e-01  2.303870347979821570e-03  2.303870347979821570e-03
-3.092783499280105097e-02  6.870242104636087484e-03  6.870242104636087484e-03
6.907216500719903784e-02  1.846276352578492611e-02  1.846276352578492611e-02
1.690721650071991267e-01  4.471283843106024086e-02  4.471283843106024086e-02
2.690721650071989934e-01  9.758415905242148747e-02  9.758415905242148747e-02
3.690721650071990823e-01  1.919284286755827129e-01  1.919284286755827129e-01
4.690721650071989490e-01  3.401845736548284038e-01  3.401845736548284038e-01
5.690721650071990378e-01  5.433873708348628817e-01  5.433873708348628817e-01
6.690721650071991267e-01  7.822251840751521801e-01  7.822251840751521801e-01
7.690721650071992155e-01  1.014835379069004784e+00  1.014835379069004784e+00
8.690721650071993043e-01  1.186664709211028956e+00  1.186664709211028956e+00
9.690721650071989490e-01  1.250784288119231924e+00  1.250784288119231924e+00
1.069072165007199038e+00  1.188687634113709812e+00  1.188687634113709812e+00
1.169072165007199127e+00  1.019095864152638642e+00  1.019095864152638642e+00
1.269072165007199215e+00  7.891005706378914075e-01  7.891005706378914075e-01
1.369072165007199304e+00  5.533191141590476647e-01  5.533191141590476647e-01
1.469072165007198949e+00  3.535460358051338292e-01  3.535460358051338292e-01
1.569072165007199038e+00  2.088823416868216820e-01  2.088823416868216820e-01
1.669072165007199127e+00  1.179621427126104904e-01  1.179621427126104904e-01
1.769072165007199215e+00  6.795161947637026745e-02  6.795161947637026745e-02
1.869072165007199304e+00  4.362267078279921662e-02  4.362267078279921662e-02
1.969072165007198949e+00  3.274120884046550356e-02  3.274120884046550356e-02
2.069072165007199260e+00  2.757845335770969450e-02  2.757845335770969450e-02
2.169072165007198905e+00  2.416775895473850105e-02  2.416775895473850105e-02
2.269072165007199438e+00  2.092544061880678360e-02  2.092544061880678360e-02
2.369072165007199082e+00  1.749522961797565779e-02  1.749522961797565779e-02
2.469072165007198727e+00  1.402344995499524120e-02  1.402344995499524120e-02
2.569072165007199260e+00  1.077773651767726694e-02  1.077773651767726694e-02
2.669072165007198905e+00  7.975316088050075566e-03  7.975316088050075566e-03
2.769072165007198549e+00  5.726027899387466265e-03  5.726027899387466265e-03
2.869072165007199082e+00  4.035293898685020191e-03  4.035293898685020191e-03
2.969072165007198727e+00  2.834711670424078841e-03  2.834711670424078841e-03
3.069072165007199260e+00  2.019514049150175714e-03  2.019514049150175714e-03
3.169072165007198905e+00  1.480220650567836988e-03  1.480220650567836988e-03
3.269072165007199438e+00  1.122829280011505620e-03  1.122829280011505620e-03
3.369072165007199082e+00  8.773783997157713881e-04  8.773783997157713881e-04
3.469072165007198727e+00  6.978874009810380951e-04  6.978874009810380951e-04
3.569072165007199260e+00  5.575912538071848721e-04  5.575912538071848721e-04
3.669072165007198905e+00  4.427679041334542463e-04  4.427679041334542463e-04
3.769072165007199438e+00  3.472188190955790644e-04  3.472188190955790644e-04
3.869072165007199082e+00  2.682802429344608233e-04  2.682802429344608233e-04
3.969072165007198727e+00  2.044310803091951747e-04  2.044310803091951747e-04
4.069072165007199260e+00  1.541566778299876064e-04  1.541566778299876064e-04
4.169072165007198905e+00  1.156195177014481901e-04  1.156195177014481901e-04
4.269072165007199438e+00  8.674447394603604410e-05  8.674447394603604410e-05
4.369072165007199082e+00  6.544422453981263866e-05  6.544422453981263866e-05
4.469072165007198727e+00  4.982855658319047722e-05  4.982855658319047722e-05
4.569072165007199260e+00  3.833246545707252775e-05  3.833246545707252775e-05
4.669072165007198905e+00  2.975585364519795444e-05  2.975585364519795444e-05
4.769072165007199438e+00  2.323656391305009805e-05  2.323656391305009805e-05
4.869072165007199082e+00  1.818674621400174829e-05  1.818674621400174829e-05
4.969072165007198727e+00  1.421878796103056093e-05  1.421878796103056093e-05
5.069072165007199260e+00  1.107826888446355623e-05  1.107826888446355623e-05
5.169072165007198905e+00  8.592341579112573261e-06  8.592341579112573261e-06
5.269072165007199438e+00  6.635025495888353596e-06  6.635025495888353596e-06
5.369072165007199082e+00  5.106830846572016008e-06  5.106830846572016008e-06
5.469072165007198727e+00  3.924537018941153235e-06  3.924537018941153235e-06
5.569072165007199260e+00  3.017031446477391172e-06  3.017031446477391172e-06
5.669072165007198905e+00  2.324044007581637382e-06  2.324044007581637382e-06
5.769072165007199438e+00  1.795761908862546058e-06  1.795761908862546058e-06
5.869072165007199082e+00  1.392309363038805303e-06  1.392309363038805303e-06
5.969072165007198727e+00  1.082773196313953186e-06  1.082773196313953186e-06
6.069072165007199260e+00  8.438442726229975531e-07  8.438442726229975531e-07
6.169072165007198905e+00  6.582943081165813903e-07  6.582943081165813903e-07
6.269072165007199438e+00  5.135082091346579746e-07  5.135082091346579746e-07
6.369072165007199082e+00  4.002227585900228939e-07  4.002227585900228939e-07
6.469072165007198727e+00  3.115386287953182988e-07  3.115386287953182988e-07
6.569072165007198372e+00  2.422047043417723966e-07  2.422047043417723966e-07
6.669072165007199793e+00  1.881323529073483500e-07  1.881323529073483500e-07
6.769072165007199438e+00  1.460810815900397089e-07  1.460810815900397089e-07
6.869072165007199082e+00  1.134587346694764830e-07  1.134587346694764830e-07
6.969072165007198727e+00  8.819074065381760686e-08  8.819074065381760686e-08
7.069072165007198372e+00  6.862715228703319970e-08  6.862715228703319970e-08
7.169072165007199793e+00  5.346905448761158038e-08  5.346905448761158038e-08
7.269072165007199438e+00  4.170537690564502255e-08  4.170537690564502255e-08
7.369072165007199082e+00  3.255695709706292932e-08  3.255695709706292932e-08
7.469072165007198727e+00  2.542751812372208217e-08  2.542751812372208217e-08
7.569072165007198372e+00  1.986204792123606873e-08  1.986204792123606873e-08
7.669072165007199793e+00  1.551283768990005943e-08  1.551283768990005943e-08
7.769072165007199438e+00  1.211284846573459603e-08  1.211284846573459603e-08
7.869072165007199082e+00  9.455540648270936511e-09  9.455540648270936511e-09
7.969072165007198727e+00  7.379995311730473160e-09  7.379995311730473160e-09
8.069072165007199260e+00  5.760095731222200917e-09  5.760095731222200917e-09
8.169072165007200681e+00  4.496659420103490181e-09  4.496659420103490181e-09
8.269072165007198549e+00  3.511629099451032408e-09  3.511629099451032408e-09
8.369072165007199970e+00  2.743670851375975823e-09  2.743670851375975823e-09
8.469072165007197839e+00  2.144740237215753912e-09  2.144740237215753912e-09
8.569072165007199260e+00  1.677339552764491561e-09  1.677339552764491561e-09
8.669072165007200681e+00  1.312298680954927305e-09  1.312298680954927305e-09
8.769072165007198549e+00  1.026976856285624224e-09  1.026976856285624224e-09
8.869072165007199970e+00  8.038161881537060999e-10  8.038161881537060999e-10
8.969072165007197839e+00  6.291926819668198319e-10  6.291926819668198319e-10
9.069072165007201036e+00  4.925165022201102595e-10  4.925165022201102595e-10
9.169072165007200681e+00  3.855365222068468934e-10  3.855365222068468934e-10
9.269072165007200326e+00  3.018078774530334300e-10  3.018078774530334300e-10
9.369072165007199970e+00  2.362861964443507948e-10  2.362861964443507948e-10
9.469072165007199615e+00  1.850181358279915733e-10  1.850181358279915733e-10
9.569072165007201036e+00  1.449040663639433846e-10  1.449040663639433846e-10
9.669072165007200681e+00  1.135145349632564609e-10  1.135145349632564609e-10
9.769072165007200326e+00  8.894700522237666084e-11  8.894700522237666084e-11
9.869072165007199970e+00  6.971317464122743271e-11  6.971317464122743271e-11
9.969072165007199615e+00  5.464992597224853239e-11  5.464992597224853239e-11
1.006907216500720104e+01  4.284886956847553246e-11  4.284886956847553246e-11
1.016907216500720068e+01  3.360069642933330474e-11  3.360069642933330474e-11
1.026907216500720033e+01  2.635139785131091542e-11  2.635139785131091542e-11
1.036907216500719997e+01  2.066798261456247271e-11  2.066798261456247271e-11
1.046907216500719962e+01  1.621174918637636096e-11  1.621174918637636096e-11
