-1.598900966307351457e+00  4.642763165500073267e-80  4.642763165500073267e-80
-1.498900966307351368e+00  2.829376923731704180e-74  2.829376923731704180e-74
-1.398900966307351723e+00  3.000520286357158667e-68  3.000520286357158667e-68
-1.298900966307351190e+00  1.815401173870161806e-62  1.815401173870161806e-62
-1.198900966307351545e+00  6.081554294888008166e-57  6.081554294888008166e-57
-1.098900966307351457e+00  1.127414314651133451e-51  1.127414314651133451e-51
-9.989009663073513678e-01  1.156574763046070226e-46  1.156574763046070226e-46
-8.989009663073512790e-01  6.565758483445572433e-42  6.565758483445572433e-42
-7.989009663073514123e-01  2.062609969254024693e-37  2.062609969254024693e-37
-6.989009663073515455e-01  3.585670169617726728e-33  3.585670169617726728e-33
-5.989009663073514567e-01  3.449408112985487496e-29  3.449408112985487496e-29
-4.989009663073513678e-01  1.836283954768552901e-25  1.836283954768552901e-25
-3.989009663073512790e-01  5.409487417763485309e-22  5.409487417763485309e-22
-2.989009663073514123e-01  8.818473357786435100e-19  8.818473357786435100e-19
-1.989009663073513234e-01  7.955211235018309186e-16  7.955211235018309186e-16
-9.890096630735145666e-02  3.971284871996610194e-13  3.971284871996610194e-13
1.099033692648632154e-03  1.097062533578682184e-10  1.097062533578682184e-10
1.010990336926487210e-01  1.677075993014077042e-08  1.677075993014077042e-08
2.010990336926485877e-01  1.418714859303338883e-06  1.418714859303338883e-06
3.010990336926486766e-01  6.641382743607784163e-05  6.641382743607784163e-05
4.010990336926485433e-01  1.720453416212550796e-03  1.720453416212550796e-03
5.010990336926486322e-01  2.466313857726609021e-02  2.466313857726609021e-02
6.010990336926487210e-01  1.956477172019977784e-01  1.956477172019977784e-01
7.010990336926488098e-01  8.588597365497254721e-01  8.588597365497254721e-01
8.010990336926488986e-01  2.086367067943946552e+00  2.086367067943946552e+00
9.010990336926485433e-01  2.804659993552699238e+00  2.804659993552699238e+00
1.001099033692648632e+00  2.086368085423616847e+00  2.086368085423616847e+00
1.101099033692648721e+00  8.588723505935347280e-01  8.588723505935347280e-01
1.201099033692648810e+00  1.957637360806439575e-01  1.957637360806439575e-01
1.301099033692648899e+00  2.545693724939449010e-02  2.545693724939449010e-02
1.401099033692648543e+00  5.760650703387554770e-03  5.760650703387554770e-03
1.501099033692648632e+00  1.536337931186622374e-02  1.536337931186622374e-02
1.601099033692648721e+00  4.308566654230663179e-02  4.308566654230663179e-02
1.701099033692648810e+00  9.026977697068196138e-02  9.026977697068196138e-02
1.801099033692648899e+00  1.406943981937953114e-01  1.406943981937953114e-01
1.901099033692648543e+00  1.631261170839028718e-01  1.631261170839028718e-01
2.001099033692648632e+00  1.406998684720637549e-01  1.406998684720637549e-01
2.101099033692648721e+00  9.029957630874310692e-02  9.029957630874310692e-02
2.201099033692648810e+00  4.321518350827657784e-02  4.321518350827657784e-02
2.301099033692648899e+00  1.576886431839081421e-02  1.576886431839081421e-02
2.401099033692648543e+00  5.436492107806040371e-03  5.436492107806040371e-03
2.501099033692649076e+00  4.185719445908764845e-03  4.185719445908764845e-03
2.601099033692648721e+00  6.880817564906429804e-03  6.880817564906429804e-03
2.701099033692648366e+00  1.108918840637552507e-02  1.108918840637552507e-02
2.801099033692648899e+00  1.489123289370113297e-02  1.489123289370113297e-02
2.901099033692648543e+00  1.643456495123433309e-02  1.643456495123433309e-02
3.001099033692649076e+00  1.489514979102112349e-02  1.489514979102112349e-02
3.101099033692648721e+00  1.109482525348636124e-02  1.109482525348636124e-02
3.201099033692649254e+00  6.820290649212313802e-03  6.820290649212313802e-03
3.301099033692648899e+00  3.537091358833516740e-03  3.537091358833516740e-03
3.401099033692648543e+00  1.723807515489523406e-03  1.723807515489523406e-03
3.501099033692649076e+00  1.109179741007584787e-03  1.109179741007584787e-03
3.601099033692648721e+00  1.200462074514902508e-03  1.200462074514902508e-03
3.701099033692649254e+00  1.577981399549150928e-03  1.577981399549150928e-03
3.801099033692648899e+00  1.938511426867408575e-03  1.938511426867408575e-03
3.901099033692648543e+00  2.082733094032312125e-03  2.082733094032312125e-03
4.001099033692648632e+00  1.935287116475802255e-03  1.935287116475802255e-03
4.101099033692648277e+00  1.554882934140309862e-03  1.554882934140309862e-03
4.201099033692649698e+00  1.085976304017817863e-03  1.085976304017817863e-03
4.301099033692649343e+00  6.728081991040133327e-04  6.728081991040133327e-04
4.401099033692648987e+00  3.956323893410588870e-04  3.956323893410588870e-04
4.501099033692648632e+00  2.611995288918135278e-04  2.611995288918135278e-04
4.601099033692648277e+00  2.310754853979493932e-04  2.310754853979493932e-04
4.701099033692649698e+00  2.543463918205347515e-04  2.543463918205347515e-04
4.801099033692649343e+00  2.871751347444943987e-04  2.871751347444943987e-04
4.901099033692648987e+00  3.006449553128885590e-04  3.006449553128885590e-04
5.001099033692648632e+00  2.829792428518278290e-04  2.829792428518278290e-04
5.101099033692648277e+00  2.380407157957436051e-04  2.380407157957436051e-04
5.201099033692649698e+00  1.797283991189314108e-04  1.797283991189314108e-04
5.301099033692649343e+00  1.239161186899585885e-04  1.239161186899585885e-04
5.401099033692648987e+00  8.169178781427817015e-05  8.169178781427817015e-05
5.501099033692648632e+00  5.668471203707346225e-05  5.668471203707346225e-05
5.601099033692648277e+00  4.634219045825663979e-05  4.634219045825663979e-05
5.701099033692649698e+00  4.501976814084958985e-05  4.501976814084958985e-05
5.801099033692649343e+00  4.684392092585862132e-05  4.684392092585862132e-05
5.901099033692648987e+00  4.747666039715960984e-05  4.747666039715960984e-05
6.001099033692648632e+00  4.480159360462078016e-05  4.480159360462078016e-05
6.101099033692648277e+00  3.879717628305444621e-05  3.879717628305444621e-05
6.201099033692649698e+00  3.085232986493421817e-05  3.085232986493421817e-05
6.301099033692649343e+00  2.282922481515313489e-05  2.282922481515313489e-05
6.401099033692648987e+00  1.623655031955091065e-05  1.623655031955091065e-05
6.501099033692648632e+00  1.178795010704510959e-05  1.178795010704510959e-05
6.601099033692650053e+00  9.397274008309558732e-06  9.397274008309558732e-06
6.701099033692649698e+00  8.461454725026181989e-06  8.461454725026181989e-06
6.801099033692649343e+00  8.219105886256541896e-06  8.219105886256541896e-06
6.901099033692648987e+00  8.032138529019607160e-06  8.032138529019607160e-06
7.001099033692648632e+00  7.531359398628968447e-06  7.531359398628968447e-06
7.101099033692650053e+00  6.633063469919519919e-06  6.633063469919519919e-06
7.201099033692649698e+00  5.464471362403072518e-06  5.464471362403072518e-06
7.301099033692649343e+00  4.247049082483757577e-06  4.247049082483757577e-06
7.401099033692648987e+00  3.186050977825788324e-06  3.186050977825788324e-06
7.501099033692648632e+00  2.401047135715198999e-06  2.401047135715198999e-06
7.601099033692650053e+00  1.908835153579352939e-06  1.908835153579352939e-06
7.701099033692649698e+00  1.647675106290836203e-06  1.647675106290836203e-06
7.801099033692649343e+00  1.520289607112065179e-06  1.520289607112065179e-06
7.901099033692648987e+00  1.434410749526607274e-06  1.434410749526607274e-06
8.001099033692650409e+00  1.328399788597527464e-06  1.328399788597527464e-06
8.101099033692650053e+00  1.178936516341018596e-06  1.178936516341018596e-06
8.201099033692649698e+00  9.943371888662938005e-07  9.943371888662938005e-07
8.301099033692649343e+00  8.001541131955310632e-07  8.001541131955310632e-07
8.401099033692648987e+00  6.239824610105444881e-07  6.239824610105444881e-07
8.501099033692650409e+00  4.846122304495907807e-07  4.846122304495907807e-07
8.601099033692650053e+00  3.877367701100432242e-07  3.877367701100432242e-07
8.701099033692649698e+00  3.275467856534195614e-07  3.275467856534195614e-07
8.801099033692649343e+00  2.917360442974150657e-07  2.917360442974150657e-07
8.901099033692648987e+00  2.670985619447430921e-07  2.670985619447430921e-07
9.001099033692650409e+00  2.436599274067524204e-07  2.436599274067524204e-07
9.101099033692650053e+00  2.164766600867316716e-07  2.164766600867316716e-07
9.201099033692649698e+00  1.852833448372469731e-07  1.852833448372469731e-07
9.301099033692649343e+00  1.527898808540600072e-07  1.527898808540600072e-07
9.401099033692648987e+00  1.225999080953920661e-07  1.225999080953920661e-07
9.501099033692650409e+00  9.753842328108627763e-08  9.753842328108627763e-08
9.601099033692650053e+00  7.880073245744599226e-08  7.880073245744599226e-08
9.701099033692649698e+00  6.593737163186795640e-08  6.593737163186795640e-08
9.801099033692649343e+00  5.740784826322588251e-08  5.740784826322588251e-08
9.901099033692648987e+00  5.133279190719052752e-08  5.133279190719052752e-08
1.000109903369265041e+01  4.612954692618219832e-08  4.612954692618219832e-08
1.010109903369265005e+01  4.085874301264834224e-08  4.085874301264834224e-08
1.020109903369264970e+01  3.526081182651977783e-08  3.526081182651977783e-08
1.030109903369264934e+01  2.956894188517901912e-08  2.956894188517901912e-08
1.040109903369264899e+01  2.422937858321774583e-08  2.422937858321774583e-08
