-1.575268855171023219e+00  1.793039335305590949e-06  1.793039335305590949e-06
-1.475268855171023130e+00  4.899263051396649172e-06  4.899263051396649172e-06
-1.375268855171023041e+00  1.289888365894179993e-05  1.289888365894179993e-05
-1.275268855171023397e+00  3.267601315525827196e-05  3.267601315525827196e-05
-1.175268855171023308e+00  7.956909647030994070e-05  7.956909647030994070e-05
-1.075268855171023219e+00  1.861308005472638233e-04  1.861308005472638233e-04
-9.752688551710231302e-01  4.180817029513976633e-04  4.180817029513976633e-04
-8.752688551710230414e-01  9.014548372140313839e-04  9.014548372140313839e-04
-7.752688551710231746e-01  1.865424737563841024e-03  1.865424737563841024e-03
-6.752688551710233078e-01  3.704253477062596691e-03  3.704253477062596691e-03
-5.752688551710232190e-01  7.057806690226885865e-03  7.057806690226885865e-03
-4.752688551710231302e-01  1.290193222816163852e-02  1.290193222816163852e-02
-3.752688551710230414e-01  2.262740295854083830e-02  2.262740295854083830e-02
-2.752688551710231746e-01  3.807109218699403913e-02  3.807109218699403913e-02
-1.752688551710230858e-01  6.145078149809862778e-02  6.145078149809862778e-02
-7.526885517102321899e-02  9.515371917887978370e-02  9.515371917887978370e-02
2.473114482897686983e-02  1.413476995678305814e-01  1.413476995678305814e-01
1.247311448289769586e-01  2.014271485491272717e-01  2.014271485491272717e-01
2.247311448289768254e-01  2.753713249018392983e-01  2.753713249018392983e-01
3.247311448289769142e-01  3.611603737096392153e-01  3.611603737096392153e-01
4.247311448289767810e-01  4.544398741490641713e-01  4.544398741490641713e-01
5.247311448289768698e-01  5.486162956544767821e-01  5.486162956544767821e-01
6.247311448289769586e-01  6.354875875007198749e-01  6.354875875007198749e-01
7.247311448289770475e-01  7.063739071630581456e-01  7.063739071630581456e-01
8.247311448289771363e-01  7.535519025082041411e-01  7.535519025082041411e-01
9.247311448289767810e-01  7.716699506909077133e-01  7.716699506909077133e-01
1.024731144828976870e+00  7.587856422144169111e-01  7.587856422144169111e-01
1.124731144828976959e+00  7.167456644298162427e-01  7.167456644298162427e-01
1.224731144828977047e+00  6.508028893485894306e-01  6.508028893485894306e-01
1.324731144828977136e+00  5.685771985210921198e-01  5.685771985210921198e-01
1.424731144828976781e+00  4.786409287937648527e-01  4.786409287937648527e-01
1.524731144828976870e+00  3.890881528776546361e-01  3.890881528776546361e-01
1.624731144828976959e+00  3.064102357317255443e-01  3.064102357317255443e-01
1.724731144828977047e+00  2.348734534788016748e-01  2.348734534788016748e-01
1.824731144828977136e+00  1.764323809726991155e-01  1.764323809726991155e-01
1.924731144828976781e+00  1.310732986213986873e-01  1.310732986213986873e-01
2.024731144828976870e+00  9.740374684847993847e-02  9.740374684847993847e-02
2.124731144828976959e+00  7.329648145984528351e-02  7.329648145984528351e-02
2.224731144828977047e+00  5.644155340742272597e-02  5.644155340742272597e-02
2.324731144828977136e+00  4.472952092286079651e-02  4.472952092286079651e-02
2.424731144828976781e+00  3.645404670065552355e-02  3.645404670065552355e-02
2.524731144828977314e+00  3.036631302425819509e-02  3.036631302425819509e-02
2.624731144828976959e+00  2.563257215917372211e-02  2.563257215917372211e-02
2.724731144828976603e+00  2.174484153263049960e-02  2.174484153263049960e-02
2.824731144828977136e+00  1.842222837722806011e-02  1.842222837722806011e-02
2.924731144828976781e+00  1.552492011729837522e-02  1.552492011729837522e-02
3.024731144828977314e+00  1.298980449400603289e-02  1.298980449400603289e-02
3.124731144828976959e+00  1.078806973350934784e-02  1.078806973350934784e-02
3.224731144828977492e+00  8.900804317073841149e-03  8.900804317073841149e-03
3.324731144828977136e+00  7.307348428110296314e-03  7.307348428110296314e-03
3.424731144828976781e+00  5.981592341563817146e-03  5.981592341563817146e-03
3.524731144828977314e+00  4.892541147137396268e-03  4.892541147137396268e-03
3.624731144828976959e+00  4.006661886010887824e-03  4.006661886010887824e-03
3.724731144828977492e+00  3.290525225054386025e-03  3.290525225054386025e-03
3.824731144828977136e+00  2.712978413525575765e-03  2.712978413525575765e-03
3.924731144828976781e+00  2.246563342188465963e-03  2.246563342188465963e-03
4.024731144828977314e+00  1.868177153638227520e-03  1.868177153638227520e-03
4.124731144828976959e+00  1.559117796510440124e-03  1.559117796510440124e-03
4.224731144828977492e+00  1.304709004666118437e-03  1.304709004666118437e-03
4.324731144828977136e+00  1.093694155553115400e-03  1.093694155553115400e-03
4.424731144828976781e+00  9.175531185790954244e-04  9.175531185790954244e-04
4.524731144828977314e+00  7.698496585876714532e-04  7.698496585876714532e-04
4.624731144828976959e+00  6.456717067291420104e-04  6.456717067291420104e-04
4.724731144828977492e+00  5.411898191502143192e-04  5.411898191502143192e-04
4.824731144828977136e+00  4.533330995534449602e-04  4.533330995534449602e-04
4.924731144828976781e+00  3.795665059704021499e-04  3.795665059704021499e-04
5.024731144828977314e+00  3.177468519993573398e-04  3.177468519993573398e-04
5.124731144828976959e+00  2.660343528275491945e-04  2.660343528275491945e-04
5.224731144828977492e+00  2.228397288885775995e-04  2.228397288885775995e-04
5.324731144828977136e+00  1.867916118678958218e-04  1.867916118678958218e-04
5.424731144828976781e+00  1.567138700420802938e-04  1.567138700420802938e-04
5.524731144828977314e+00  1.316066521948820983e-04  1.316066521948820983e-04
5.624731144828976959e+00  1.106280893199205041e-04  1.106280893199205041e-04
5.724731144828977492e+00  9.307566558334531414e-05  9.307566558334531414e-05
5.824731144828977136e+00  7.836743506063335624e-05  7.836743506063335624e-05
5.924731144828976781e+00  6.602375499070844826e-05  6.602375499070844826e-05
6.024731144828977314e+00  5.565026855807173381e-05  5.565026855807173381e-05
6.124731144828976959e+00  4.692270106661262246e-05  4.692270106661262246e-05
6.224731144828977492e+00  3.957377916469413150e-05  3.957377916469413150e-05
6.324731144828977136e+00  3.338233603309203126e-05  3.338233603309203126e-05
6.424731144828976781e+00  2.816447395405774609e-05  2.816447395405774609e-05
6.524731144828976426e+00  2.376653492982295368e-05  2.376653492982295368e-05
6.624731144828977847e+00  2.005957533770178202e-05  2.005957533770178202e-05
6.724731144828977492e+00  1.693503716694958491e-05  1.693503716694958491e-05
6.824731144828977136e+00  1.430133838382320399e-05  1.430133838382320399e-05
6.924731144828976781e+00  1.208115210645240301e-05  1.208115210645240301e-05
7.024731144828976426e+00  1.020919592290162406e-05  1.020919592290162406e-05
7.124731144828977847e+00  8.630400523613504144e-06  8.630400523613504144e-06
7.224731144828977492e+00  7.298366399123267069e-06  7.298366399123267069e-06
7.324731144828977136e+00  6.174047229590256392e-06  6.174047229590256392e-06
7.424731144828976781e+00  5.224619304528842120e-06  5.224619304528842120e-06
7.524731144828976426e+00  4.422509474198699389e-06  4.422509474198699389e-06
7.624731144828977847e+00  3.744561737343261494e-06  3.744561737343261494e-06
7.724731144828977492e+00  3.171326511902546381e-06  3.171326511902546381e-06
7.824731144828977136e+00  2.686458472154282127e-06  2.686458472154282127e-06
7.924731144828976781e+00  2.276209691913808806e-06  2.276209691913808806e-06
8.024731144828978202e+00  1.929005419790587881e-06  1.929005419790587881e-06
8.124731144828977847e+00  1.635090502617031825e-06  1.635090502617031825e-06
8.224731144828977492e+00  1.386235400230558391e-06  1.386235400230558391e-06
8.324731144828977136e+00  1.175491884410165333e-06  1.175491884410165333e-06
8.424731144828976781e+00  9.969898002305909540e-07  9.969898002305909540e-07
8.524731144828978202e+00  8.457675834769296859e-07  8.457675834769296859e-07
8.624731144828977847e+00  7.176304798974006414e-07  7.176304798974006414e-07
8.724731144828977492e+00  6.090315354630234181e-07  6.090315354630234181e-07
8.824731144828977136e+00  5.169713865618812657e-07  5.169713865618812657e-07
8.924731144828976781e+00  4.389136667489476583e-07  4.389136667489476583e-07
9.024731144828978202e+00  3.727134729710693305e-07  3.727134729710693305e-07
9.124731144828977847e+00  3.165568210356518081e-07  3.165568210356518081e-07
9.224731144828977492e+00  2.689093940040490450e-07  2.689093940040490450e-07
9.324731144828977136e+00  2.284731743666475084e-07  2.284731743666475084e-07
9.424731144828976781e+00  1.941497742079564640e-07  1.941497742079564640e-07
9.524731144828978202e+00  1.650094553695698467e-07  1.650094553695698467e-07
9.624731144828977847e+00  1.402649773327077273e-07  1.402649773327077273e-07
9.724731144828977492e+00  1.192495333924000954e-07  1.192495333924000954e-07
9.824731144828977136e+00  1.013981415682634734e-07  1.013981415682634734e-07
9.924731144828976781e+00  8.623194911436621760e-08  8.623194911436621760e-08
1.002473114482897820e+01  7.334499047469564966e-08  7.334499047469564966e-08
1.012473114482897785e+01  6.239300927354168139e-08  6.239300927354168139e-08
1.022473114482897749e+01  5.308401625581007043e-08  5.308401625581007043e-08
1.032473114482897714e+01  4.517030773111468392e-08  4.517030773111468392e-08
1.042473114482897678e+01  3.844171379419274126e-08  3.844171379419274126e-08
