-1.575268794072138157e+00  1.797979429436918519e-28  1.797979429436918519e-28
-1.475268794072138512e+00  2.522173830507646994e-26  2.522173830507646994e-26
-1.375268794072138423e+00  3.151046804625730069e-24  3.151046804625730069e-24
-1.275268794072138334e+00  3.269432427972539968e-22  3.269432427972539968e-22
-1.175268794072138689e+00  2.772693913528185461e-20  2.772693913528185461e-20
-1.075268794072138157e+00  1.914909534308051975e-18  1.914909534308051975e-18
-9.752687940721382898e-01  1.076011384836871209e-16  1.076011384836871209e-16
-8.752687940721384230e-01  4.918149134029849997e-15  4.918149134029849997e-15
-7.752687940721383342e-01  1.828402116435058745e-13  1.828402116435058745e-13
-6.752687940721382454e-01  5.528624163220949602e-12  5.528624163220949602e-12
-5.752687940721383786e-01  1.359672623465847794e-10  1.359672623465847794e-10
-4.752687940721382898e-01  2.719708192359011482e-09  2.719708192359011482e-09
-3.752687940721382009e-01  4.424665373744974482e-08  4.424665373744974482e-08
-2.752687940721383342e-01  5.854752025252747617e-07  5.854752025252747617e-07
-1.752687940721382454e-01  6.300955840837371061e-06  6.300955840837371061e-06
-7.526879407213837858e-02  5.515364028242128556e-05  5.515364028242128556e-05
2.473120592786171024e-02  3.926555433912134281e-04  3.926555433912134281e-04
1.247312059278617991e-01  2.273626380930330627e-03  2.273626380930330627e-03
2.247312059278616658e-01  1.070770315796190121e-02  1.070770315796190121e-02
3.247312059278617546e-01  4.101507385772645148e-02  4.101507385772645148e-02
4.247312059278616214e-01  1.277793983354579554e-01  1.277793983354579554e-01
5.247312059278617102e-01  3.237791288692454250e-01  3.237791288692454250e-01
6.247312059278617991e-01  6.672810555348025474e-01  6.672810555348025474e-01
7.247312059278618879e-01  1.118520815776753441e+00  1.118520815776753441e+00
8.247312059278619767e-01  1.524981378416500721e+00  1.524981378416500721e+00
9.247312059278616214e-01  1.691224388136693513e+00  1.691224388136693513e+00
1.024731205927861710e+00  1.526019901242600563e+00  1.526019901242600563e+00
1.124731205927861799e+00  1.121336428900979731e+00  1.121336428900979731e+00
1.224731205927861888e+00  6.734784700968774462e-01  6.734784700968774462e-01
1.324731205927861977e+00  3.359302977878691476e-01  3.359302977878691476e-01
1.424731205927861621e+00  1.492327614919329304e-01  1.492327614919329304e-01
1.524731205927861710e+00  7.516889431835575841e-02  7.516889431835575841e-02
1.624731205927861799e+00  5.974651259021313693e-02  5.974651259021313693e-02
1.724731205927861888e+00  6.578310529089775871e-02  6.578310529089775871e-02
1.824731205927861977e+00  7.459251153503203280e-02  7.459251153503203280e-02
1.924731205927861621e+00  7.828583846820447167e-02  7.828583846820447167e-02
2.024731205927861488e+00  7.449290217379787860e-02  7.449290217379787860e-02
2.124731205927862021e+00  6.415488762492004005e-02  6.415488762492004005e-02
2.224731205927861666e+00  5.017474405555033545e-02  5.017474405555033545e-02
2.324731205927862199e+00  3.595313647175975985e-02  3.595313647175975985e-02
2.424731205927861843e+00  2.409040579954394370e-02  2.409040579954394370e-02
2.524731205927862376e+00  1.575261291157641769e-02  1.575261291157641769e-02
2.624731205927862021e+00  1.079298517635398150e-02  1.079298517635398150e-02
2.724731205927861666e+00  8.311556395420055532e-03  8.311556395420055532e-03
2.824731205927862199e+00  7.243072015522745120e-03  7.243072015522745120e-03
2.924731205927861843e+00  6.730580414627969875e-03  6.730580414627969875e-03
3.024731205927862376e+00  6.254441535128730731e-03  6.254441535128730731e-03
3.124731205927862021e+00  5.600938756494342613e-03  5.600938756494342613e-03
3.224731205927862554e+00  4.764892157864137300e-03  4.764892157864137300e-03
3.324731205927862199e+00  3.846121760419710794e-03  3.846121760419710794e-03
3.424731205927861843e+00  2.967174757323176766e-03  2.967174757323176766e-03
3.524731205927862376e+00  2.221651743451381888e-03  2.221651743451381888e-03
3.624731205927862021e+00  1.653015418530650975e-03  1.653015418530650975e-03
3.724731205927862554e+00  1.257396373351788972e-03  1.257396373351788972e-03
3.824731205927862199e+00  1.000076103334718086e-03  1.000076103334718086e-03
3.924731205927861843e+00  8.351460793937568036e-04  8.351460793937568036e-04
4.024731205927862376e+00  7.209320577481835969e-04  7.209320577481835969e-04
4.124731205927862021e+00  6.281468463612067043e-04  6.281468463612067043e-04
4.224731205927862554e+00  5.413342115317481499e-04  5.413342115317481499e-04
4.324731205927862199e+00  4.560100546820996343e-04  4.560100546820996343e-04
4.424731205927861843e+00  3.741433565191730286e-04  3.741433565191730286e-04
4.524731205927862376e+00  2.999372724410367562e-04  2.999372724410367562e-04
4.624731205927862021e+00  2.369320663556114090e-04  2.369320663556114090e-04
4.724731205927862554e+00  1.866517138713301850e-04  1.866517138713301850e-04
4.824731205927862199e+00  1.485037567595697472e-04  1.485037567595697472e-04
4.924731205927861843e+00  1.204208440077762278e-04  1.204208440077762278e-04
5.024731205927862376e+00  9.973822232558595996e-05  9.973822232558595996e-05
5.124731205927862021e+00  8.394368684215393144e-05  8.394368684215393144e-05
5.224731205927862554e+00  7.112400592657665841e-05  7.112400592657665841e-05
5.324731205927862199e+00  6.009403221158303497e-05  6.009403221158303497e-05
5.424731205927861843e+00  5.029446183157959446e-05  5.029446183157959446e-05
5.524731205927862376e+00  4.157737685873936991e-05  4.157737685873936991e-05
5.624731205927862021e+00  3.398301045653476362e-05  3.398301045653476362e-05
5.724731205927862554e+00  2.757173286014290292e-05  2.757173286014290292e-05
5.824731205927862199e+00  2.233361580438839942e-05  2.233361580438839942e-05
5.924731205927861843e+00  1.816705615041240134e-05  1.816705615041240134e-05
6.024731205927862376e+00  1.490215448196472369e-05  1.490215448196472369e-05
6.124731205927862021e+00  1.234208114287580449e-05  1.234208114287580449e-05
6.224731205927862554e+00  1.030175758871350337e-05  1.030175758871350337e-05
6.324731205927862199e+00  8.632634588513711768e-06  8.632634588513711768e-06
6.424731205927861843e+00  7.231124790542745288e-06  7.231124790542745288e-06
6.524731205927861488e+00  6.034123332203720636e-06  6.034123332203720636e-06
6.624731205927862909e+00  5.007521273696371516e-06  5.007521273696371516e-06
6.724731205927862554e+00  4.133356262242914698e-06  4.133356262242914698e-06
6.824731205927862199e+00  3.399440894168030074e-06  3.399440894168030074e-06
6.924731205927861843e+00  2.793113088521051503e-06  2.793113088521051503e-06
7.024731205927861488e+00  2.298960167783333910e-06  2.298960167783333910e-06
7.124731205927862909e+00  1.899334012382203603e-06  1.899334012382203603e-06
7.224731205927862554e+00  1.576190322781950414e-06  1.576190322781950414e-06
7.324731205927862199e+00  1.313030130052771417e-06  1.313030130052771417e-06
7.424731205927861843e+00  1.096213126268393140e-06  1.096213126268393140e-06
7.524731205927861488e+00  9.154107547047717502e-07  9.154107547047717502e-07
7.624731205927862909e+00  7.633273043709525811e-07  7.633273043709525811e-07
7.724731205927862554e+00  6.349922679308895945e-07  6.349922679308895945e-07
7.824731205927862199e+00  5.269417297096547423e-07  5.269417297096547423e-07
7.924731205927861843e+00  4.365213716524241010e-07  4.365213716524241010e-07
8.024731205927864153e+00  3.614237916295774648e-07  3.614237916295774648e-07
8.124731205927862021e+00  2.994670250243773192e-07  2.994670250243773192e-07
8.224731205927863442e+00  2.485545482028496400e-07  2.485545482028496400e-07
8.324731205927861311e+00  2.067333205122285620e-07  2.067333205122285620e-07
8.424731205927862732e+00  1.722754202043472418e-07  1.722754202043472418e-07
8.524731205927864153e+00  1.437350054791002592e-07  1.437350054791002592e-07
8.624731205927862021e+00  1.199613953897231163e-07  1.199613953897231163e-07
8.724731205927863442e+00  1.000715908200965114e-07  1.000715908200965114e-07
8.824731205927861311e+00  8.339774781406523264e-08  8.339774781406523264e-08
8.924731205927862732e+00  6.942765340076400725e-08  6.942765340076400725e-08
9.024731205927862376e+00  5.775231261531191746e-08  5.775231261531191746e-08
9.124731205927862021e+00  4.802809910557625131e-08  4.802809910557625131e-08
9.224731205927861666e+00  3.995458856254303905e-08  3.995458856254303905e-08
9.324731205927861311e+00  3.326491253543058812e-08  3.326491253543058812e-08
9.424731205927860955e+00  2.772368386833370052e-08  2.772368386833370052e-08
9.524731205927862376e+00  2.312779783630938624e-08  2.312779783630938624e-08
9.624731205927862021e+00  1.930683898950094761e-08  1.930683898950094761e-08
9.724731205927861666e+00  1.612155975857304031e-08  1.612155975857304031e-08
9.824731205927861311e+00  1.346033095075603137e-08  1.346033095075603137e-08
9.924731205927860955e+00  1.123431223446155876e-08  1.123431223446155876e-08
1.002473120592786238e+01  9.372348394970384234e-09  9.372348394970384234e-09
1.012473120592786202e+01  7.816430771494185125e-09  7.816430771494185125e-09
1.022473120592786167e+01  6.518194297528151823e-09  6.518194297528151823e-09
1.032473120592786131e+01  5.436540153303359809e-09  5.436540153303359809e-09
1.042473120592786096e+01  4.536200210912812019e-09  4.536200210912812019e-09
