-1.598889603024776562e+00  1.115159277444001790e-272  1.115159277444001790e-272
-1.498889603024776473e+00  2.891994366439895290e-255  2.891994366439895290e-255
-1.398889603024776385e+00  1.933467271512220241e-234  1.933467271512220241e-234
-1.298889603024776740e+00  1.692116959924221090e-214  1.692116959924221090e-214
-1.198889603024776651e+00  1.924015941028559488e-195  1.924015941028559488e-195
-1.098889603024776562e+00  2.842311579504653819e-177  2.842311579504653819e-177
-9.988896030247764735e-01  5.455309987627470547e-160  5.455309987627470547e-160
-8.988896030247763846e-01  1.360353923714917012e-143  1.360353923714917012e-143
-7.988896030247765179e-01  4.407264592908674924e-128  4.407264592908674924e-128
-6.988896030247766511e-01  1.855115978369205352e-113  1.855115978369205352e-113
-5.988896030247765623e-01  1.014513285127859320e-99  1.014513285127859320e-99
-4.988896030247764735e-01  7.208238400643149210e-87  7.208238400643149210e-87
-3.988896030247763846e-01  6.654037986786918129e-75  6.654037986786918129e-75
-2.988896030247765179e-01  7.980427210211296811e-64  7.980427210211296811e-64
-1.988896030247764291e-01  1.243517027423275238e-53  1.243517027423275238e-53
-9.888960302477656228e-02  2.517457009837581962e-44  2.517457009837581962e-44
1.110396975223526539e-03  6.621511234305376286e-36  6.621511234305376286e-36
1.011103969752236154e-01  2.262751744256649103e-28  2.262751744256649103e-28
2.011103969752234821e-01  1.004619091870323028e-21  1.004619091870323028e-21
3.011103969752235709e-01  5.794963128213581908e-16  5.794963128213581908e-16
4.011103969752234377e-01  4.342948281593738988e-11  4.342948281593738988e-11
5.011103969752235265e-01  4.228665854331174604e-07  4.228665854331174604e-07
6.011103969752236154e-01  5.349421404225626316e-04  5.349421404225626316e-04
7.011103969752237042e-01  8.792147878759433433e-02  8.792147878759433433e-02
8.011103969752237930e-01  1.877447873450621696e+00  1.877447873450621696e+00
9.011103969752234377e-01  5.208654159744114054e+00  5.208654159744114054e+00
1.001110396975223527e+00  1.877447873450605043e+00  1.877447873450605043e+00
1.101110396975223615e+00  8.792147878759476454e-02  8.792147878759476454e-02
1.201110396975223704e+00  5.349421446298580594e-04  5.349421446298580594e-04
1.301110396975223793e+00  4.260620139597026639e-07  4.260620139597026639e-07
1.401110396975223438e+00  8.748178963012897108e-07  8.748178963012897108e-07
1.501110396975223527e+00  8.631881187336281843e-05  8.631881187336281843e-05
1.601110396975223615e+00  3.070132895456574064e-03  3.070132895456574064e-03
1.701110396975223704e+00  3.935965304563793232e-02  3.935965304563793232e-02
1.801110396975223793e+00  1.818811591592978949e-01  1.818811591592978949e-01
1.901110396975223438e+00  3.029469124666962498e-01  3.029469124666962498e-01
2.001110396975223527e+00  1.818811591593301469e-01  1.818811591593301469e-01
2.101110396975223615e+00  3.935965305636607986e-02  3.935965305636607986e-02
2.201110396975223704e+00  3.070134658758943633e-03  3.070134658758943633e-03
2.301110396975223793e+00  8.646559514026488913e-05  8.646559514026488913e-05
2.401110396975223438e+00  7.063309844226091219e-06  7.063309844226091219e-06
2.501110396975223971e+00  1.321512523573356330e-04  1.321512523573356330e-04
2.601110396975223615e+00  1.429207424943933170e-03  1.429207424943933170e-03
2.701110396975223260e+00  7.828730088666755252e-03  7.828730088666755252e-03
2.801110396975223793e+00  2.171945656573291347e-02  2.171945656573291347e-02
2.901110396975223438e+00  3.051885011246266433e-02  3.051885011246266433e-02
3.001110396975223971e+00  2.171945656983646777e-02  2.171945656983646777e-02
3.101110396975223615e+00  7.828730402433823135e-03  7.828730402433823135e-03
3.201110396975224148e+00  1.429221823679979308e-03  1.429221823679979308e-03
3.301110396975223793e+00  1.325449866013628730e-04  1.325449866013628730e-04
3.401110396975223438e+00  1.275598970193599443e-05  1.275598970193599443e-05
3.501110396975223971e+00  6.538494857319500440e-05  6.538494857319500440e-05
3.601110396975223615e+00  3.890716328962258810e-04  3.890716328962258810e-04
3.701110396975224148e+00  1.393075473175323271e-03  1.393075473175323271e-03
3.801110396975223793e+00  2.994627914842434152e-03  2.994627914842434152e-03
3.901110396975223438e+00  3.864846745600157476e-03  3.864846745600157476e-03
4.001110396975223971e+00  2.994627951561774828e-03  2.994627951561774828e-03
4.101110396975223615e+00  1.393076643163117636e-03  1.393076643163117636e-03
4.201110396975224148e+00  3.890950822439132864e-04  3.890950822439132864e-04
4.301110396975223793e+00  6.559612023451999929e-05  6.559612023451999929e-05
4.401110396975223438e+00  9.946352799820515475e-06  9.946352799820515475e-06
4.501110396975223971e+00  2.160293592556324056e-05  2.160293592556324056e-05
4.601110396975223615e+00  8.850142377112069135e-05  8.850142377112069135e-05
4.701110396975224148e+00  2.454922369478862118e-04  2.454922369478862118e-04
4.801110396975223793e+00  4.528264567737086237e-04  4.528264567737086237e-04
4.901110396975223438e+00  5.553455786925968292e-04  5.553455786925968292e-04
5.001110396975223971e+00  4.528265425665568725e-04  4.528265425665568725e-04
5.101110396975223615e+00  2.454935443854762618e-04  2.454935443854762618e-04
5.201110396975224148e+00  8.850780501276467153e-05  8.850780501276467153e-05
5.301110396975223793e+00  2.139563661561416847e-05  2.139563661561416847e-05
5.401110396975223438e+00  4.610197509781468884e-06  4.610197509781468884e-06
5.501110396975223971e+00  6.047794100033078459e-06  6.047794100033078459e-06
5.601110396975223615e+00  1.873708435703976273e-05  1.873708435703976273e-05
5.701110396975224148e+00  4.379524586687751314e-05  4.379524586687751314e-05
5.801110396975223793e+00  7.294479330790070554e-05  7.294479330790070554e-05
5.901110396975223438e+00  8.646766280104309171e-05  8.646766280104309171e-05
6.001110396975223971e+00  7.294486224371383163e-05  7.294486224371383163e-05
6.101110396975223615e+00  4.379532854674834323e-05  4.379532854674834323e-05
6.201110396975224148e+00  1.872312207651296778e-05  1.872312207651296778e-05
6.301110396975223793e+00  5.764686074405286774e-06  5.764686074405286774e-06
6.401110396975223438e+00  1.603317420830286521e-06  1.603317420830286521e-06
6.501110396975223082e+00  1.571090972637517601e-06  1.571090972637517601e-06
6.601110396975224504e+00  3.853407533228579819e-06  3.853407533228579819e-06
6.701110396975224148e+00  7.945585985102812099e-06  7.945585985102812099e-06
6.801110396975223793e+00  1.230170202590388192e-05  1.230170202590388192e-05
6.901110396975223438e+00  1.423215175683539534e-05  1.423215175683539534e-05
7.001110396975223082e+00  1.230169115363041262e-05  1.230169115363041262e-05
7.101110396975224504e+00  7.944659970505422642e-06  7.944659970505422642e-06
7.201110396975224148e+00  3.837333569883779560e-06  3.837333569883779560e-06
7.301110396975223793e+00  1.406187676747893201e-06  1.406187676747893201e-06
7.401110396975223438e+00  4.725990157087413823e-07  4.725990157087413823e-07
7.501110396975223082e+00  3.918523233568621946e-07  3.918523233568621946e-07
7.601110396975224504e+00  7.854083931990622557e-07  7.854083931990622557e-07
7.701110396975224148e+00  1.466147118678355929e-06  1.466147118678355929e-06
7.801110396975223793e+00  2.147873906719362010e-06  2.147873906719362010e-06
7.901110396975223438e+00  2.439967572954625227e-06  2.439967572954625227e-06
8.001110396975224859e+00  2.147812064245208980e-06  2.147812064245208980e-06
8.101110396975224504e+00  1.465188256812796438e-06  1.465188256812796438e-06
8.201110396975224148e+00  7.758263526315981983e-07  7.758263526315981983e-07
8.301110396975223793e+00  3.242899045285784930e-07  3.242899045285784930e-07
8.401110396975223438e+00  1.259340130936383430e-07  1.259340130936383430e-07
8.501110396975224859e+00  9.506564165931896531e-08  9.506564165931896531e-08
8.601110396975224504e+00  1.602608373354279580e-07  1.602608373354279580e-07
8.701110396975224148e+00  2.748971189874035461e-07  2.748971189874035461e-07
8.801110396975223793e+00  3.853715195792012553e-07  3.853715195792012553e-07
8.901110396975223438e+00  4.315581905299072858e-07  4.315581905299072858e-07
9.001110396975224859e+00  3.853122830610955571e-07  3.853122830610955571e-07
9.101110396975224504e+00  2.743159608134526370e-07  2.743159608134526370e-07
9.201110396975224148e+00  1.560777144762893505e-07  1.560777144762893505e-07
9.301110396975223793e+00  7.232466539730066812e-08  7.232466539730066812e-08
9.401110396975223438e+00  3.145538730764449101e-08  3.145538730764449101e-08
9.501110396975224859e+00  2.257120526465292635e-08  2.257120526465292635e-08
9.601110396975224504e+00  3.289493136551237763e-08  3.289493136551237763e-08
9.701110396975224148e+00  5.231658458533817185e-08  5.231658458533817185e-08
9.801110396975223793e+00  7.068452880463316037e-08  7.068452880463316037e-08
9.901110396975223438e+00  7.823527283267676395e-08  7.823527283267676395e-08
1.000111039697522486e+01  7.064838059626758632e-08  7.064838059626758632e-08
1.010111039697522450e+01  5.205022085706328331e-08  5.205022085706328331e-08
1.020111039697522415e+01  3.138016592270772117e-08  3.138016592270772117e-08
1.030111039697522379e+01  1.579961316854068512e-08  1.579961316854068512e-08
1.040111039697522344e+01  7.524934888530092250e-09  7.524934888530092250e-09
