-1.541666665961658467e+00  4.197613899665424378e-13  4.197613899665424378e-13
-1.441666665961657934e+00  3.892317149925534044e-12  3.892317149925534044e-12
-1.341666665961658289e+00  3.330409577661282833e-11  3.330409577661282833e-11
-1.241666665961658200e+00  2.613914996566891573e-10  2.613914996566891573e-10
-1.141666665961658111e+00  1.876640055303021261e-09  1.876640055303021261e-09
-1.041666665961658467e+00  1.230803650538793206e-08  1.230803650538793206e-08
-9.416666659616581558e-01  7.369387431497780829e-08  7.369387431497780829e-08
-8.416666659616582891e-01  4.026849577497551161e-07  4.026849577497551161e-07
-7.416666659616582002e-01  2.007779313401447340e-06  2.007779313401447340e-06
-6.416666659616581114e-01  9.133617325456765219e-06  9.133617325456765219e-06
-5.416666659616582447e-01  3.790736509776596567e-05  3.790736509776596567e-05
-4.416666659616581558e-01  1.435309770051298778e-04  1.435309770051298778e-04
-3.416666659616580670e-01  4.957943503692601112e-04  4.957943503692601112e-04
-2.416666659616582002e-01  1.562381490376891710e-03  1.562381490376891710e-03
-1.416666659616581114e-01  4.491585862087221249e-03  4.491585862087221249e-03
-4.166666596165824465e-02  1.177980665566971154e-02  1.177980665566971154e-02
5.833333403834184416e-02  2.818396302631180628e-02  2.818396302631180628e-02
1.583333340383419330e-01  6.151652486911462353e-02  6.151652486911462353e-02
2.583333340383417998e-01  1.224922568810799250e-01  1.224922568810799250e-01
3.583333340383418886e-01  2.225128304581141248e-01  2.225128304581141248e-01
4.583333340383417553e-01  3.687528363594730352e-01  3.687528363594730352e-01
5.583333340383418442e-01  5.575154889648658019e-01  5.575154889648658019e-01
6.583333340383419330e-01  7.690108285702005331e-01  7.690108285702005331e-01
7.583333340383420218e-01  9.677969321646675560e-01  9.677969321646675560e-01
8.583333340383421106e-01  1.111354411617638149e+00  1.111354411617638149e+00
9.583333340383417553e-01  1.164695287981101224e+00  1.164695287981101224e+00
1.058333334038341844e+00  1.114312183001722634e+00  1.114312183001722634e+00
1.158333334038341933e+00  9.739119881326243622e-01  9.739119881326243622e-01
1.258333334038342022e+00  7.786248360236316390e-01  7.786248360236316390e-01
1.358333334038342111e+00  5.710066678044737332e-01  5.710066678044737332e-01
1.458333334038341755e+00  3.864006100617783379e-01  3.864006100617783379e-01
1.558333334038341844e+00  2.443597629921521464e-01  2.443597629921521464e-01
1.658333334038341933e+00  1.482352569133261466e-01  1.482352569133261466e-01
1.758333334038342022e+00  9.045729251631950962e-02  9.045729251631950962e-02
1.858333334038342111e+00  5.925778528369719106e-02  5.925778528369719106e-02
1.958333334038341755e+00  4.366341533647973006e-02  4.366341533647973006e-02
2.058333334038342066e+00  3.576983392791675126e-02  3.576983392791675126e-02
2.158333334038341711e+00  3.091695374617589934e-02  3.091695374617589934e-02
2.258333334038342244e+00  2.687311843224817268e-02  2.687311843224817268e-02
2.358333334038341889e+00  2.286584465817320319e-02  2.286584465817320319e-02
2.458333334038341533e+00  1.883852943896173471e-02  1.883852943896173471e-02
2.558333334038342066e+00  1.499407177087921927e-02  1.499407177087921927e-02
2.658333334038341711e+00  1.155785111509103832e-02  1.155785111509103832e-02
2.758333334038341356e+00  8.677776446083499892e-03  8.677776446083499892e-03
2.858333334038341889e+00  6.401383378988555889e-03  6.401383378988555889e-03
2.958333334038341533e+00  4.692056580726701974e-03  4.692056580726701974e-03
3.058333334038342066e+00  3.460610822781254835e-03  3.460610822781254835e-03
3.158333334038341711e+00  2.597427410589007047e-03  2.597427410589007047e-03
3.258333334038342244e+00  1.997058157538147798e-03  1.997058157538147798e-03
3.358333334038341889e+00  1.572539668992345430e-03  1.572539668992345430e-03
3.458333334038341533e+00  1.260368120331828478e-03  1.260368120331828478e-03
3.558333334038342066e+00  1.018973836928917069e-03  1.018973836928917069e-03
3.658333334038341711e+00  8.238687200247935384e-04  8.238687200247935384e-04
3.758333334038342244e+00  6.620040823914329770e-04  6.620040823914329770e-04
3.858333334038341889e+00  5.268863583082396967e-04  5.268863583082396967e-04
3.958333334038341533e+00  4.150894866144244242e-04  4.150894866144244242e-04
4.058333334038342066e+00  3.241781631026746484e-04  3.241781631026746484e-04
4.158333334038341711e+00  2.517366661992451464e-04  2.517366661992451464e-04
4.258333334038342244e+00  1.951097966527180012e-04  1.951097966527180012e-04
4.358333334038341889e+00  1.515088561835342131e-04  1.515088561835342131e-04
4.458333334038341533e+00  1.182364364710104685e-04  1.182364364710104685e-04
4.558333334038342066e+00  9.288802044691763285e-05  9.288802044691763285e-05
4.658333334038341711e+00  7.347093744001974790e-05  7.347093744001974790e-05
4.758333334038342244e+00  5.843481873530326475e-05  5.843481873530326475e-05
4.858333334038341889e+00  4.663510568776858508e-05  4.663510568776858508e-05
4.958333334038341533e+00  3.725936578252921517e-05  3.725936578252921517e-05
5.058333334038342066e+00  2.974286428946881815e-05  2.974286428946881815e-05
5.158333334038341711e+00  2.369148270344388732e-05  2.369148270344388732e-05
5.258333334038342244e+00  1.882112990832268711e-05  1.882112990832268711e-05
5.358333334038341889e+00  1.491569743497397691e-05  1.491569743497397691e-05
5.458333334038341533e+00  1.180119722170486668e-05  1.180119722170486668e-05
5.558333334038342066e+00  9.331785287427667625e-06  9.331785287427667625e-06
5.658333334038341711e+00  7.383221059707659755e-06  7.383221059707659755e-06
5.758333334038342244e+00  5.850151292849127911e-06  5.850151292849127911e-06
5.858333334038341889e+00  4.644790953220374771e-06  4.644790953220374771e-06
5.958333334038341533e+00  3.695679312951455972e-06  3.695679312951455972e-06
6.058333334038342066e+00  2.946013456559280123e-06  2.946013456559280123e-06
6.158333334038341711e+00  2.351560114782259926e-06  2.351560114782259926e-06
6.258333334038342244e+00  1.878370682806636295e-06  1.878370682806636295e-06
6.358333334038341889e+00  1.500561215433382606e-06  1.500561215433382606e-06
6.458333334038341533e+00  1.198356283287969346e-06  1.198356283287969346e-06
6.558333334038341178e+00  9.564999093698635632e-07  9.564999093698635632e-07
6.658333334038342599e+00  7.630498629765566422e-07  7.630498629765566422e-07
6.758333334038342244e+00  6.085121846938893065e-07  6.085121846938893065e-07
6.858333334038341889e+00  4.852437874216909544e-07  4.852437874216909544e-07
6.958333334038341533e+00  3.870462940259814302e-07  3.870462940259814302e-07
7.058333334038341178e+00  3.088847625953221910e-07  3.088847625953221910e-07
7.158333334038342599e+00  2.466820041284864803e-07  2.466820041284864803e-07
7.258333334038342244e+00  1.971565527812929593e-07  1.971565527812929593e-07
7.358333334038341889e+00  1.576864753208564535e-07  1.576864753208564535e-07
7.458333334038341533e+00  1.261908635682925370e-07  1.261908635682925370e-07
7.558333334038341178e+00  1.010263197458181745e-07  1.010263197458181745e-07
7.658333334038342599e+00  8.089805422494851001e-08  8.089805422494851001e-08
7.758333334038342244e+00  6.478557788213735034e-08  6.478557788213735034e-08
7.858333334038341889e+00  5.188242247692866711e-08  5.188242247692866711e-08
7.958333334038341533e+00  4.154857693398845711e-08  4.154857693398845711e-08
8.058333334038342954e+00  3.327377428298672441e-08  3.327377428298672441e-08
8.158333334038342599e+00  2.664953775632378036e-08  2.664953775632378036e-08
8.258333334038342244e+00  2.134796979042260900e-08  2.134796979042260900e-08
8.358333334038341889e+00  1.710554500674824035e-08  1.710554500674824035e-08
8.458333334038341533e+00  1.371053565043628106e-08  1.371053565043628106e-08
8.558333334038342954e+00  1.099306542037825008e-08  1.099306542037825008e-08
8.658333334038342599e+00  8.817099704954620781e-09  8.817099704954620781e-09
8.758333334038342244e+00  7.073914289141134555e-09  7.073914289141134555e-09
8.858333334038341889e+00  5.676741844929171659e-09  5.676741844929171659e-09
8.958333334038341533e+00  4.556390547132308735e-09  4.556390547132308735e-09
9.058333334038342954e+00  3.657681054678708133e-09  3.657681054678708133e-09
9.158333334038342599e+00  2.936574537835372027e-09  2.936574537835372027e-09
9.258333334038342244e+00  2.357878747672981440e-09  2.357878747672981440e-09
9.358333334038341889e+00  1.893429656162949724e-09  1.893429656162949724e-09
9.458333334038341533e+00  1.520657020999807996e-09  1.520657020999807996e-09
9.558333334038342954e+00  1.221454471614120557e-09  1.221454471614120557e-09
9.658333334038342599e+00  9.812878673043342438e-10  9.812878673043342438e-10
9.758333334038342244e+00  7.884886524285266095e-10  7.884886524285266095e-10
9.858333334038341889e+00  6.336907018225734965e-10  6.336907018225734965e-10
9.958333334038341533e+00  5.093790601154344017e-10  5.093790601154344017e-10
1.005833333403834295e+01  4.095268082924304728e-10  4.095268082924304728e-10
1.015833333403834260e+01  3.293021591427956223e-10  3.293021591427956223e-10
1.025833333403834224e+01  2.648321138770517742e-10  2.648321138770517742e-10
1.035833333403834189e+01  2.130120022095191125e-10  2.130120022095191125e-10
1.045833333403834153e+01  1.713523529872348869e-10  1.713523529872348869e-10
