-1.662769112888424772e+00  3.255349710837369992e-07  3.255349710837369992e-07
-1.562769112888424239e+00  1.003777953452431841e-06  1.003777953452431841e-06
-1.462769112888424594e+00  2.982113544820005189e-06  2.982113544820005189e-06
-1.362769112888424505e+00  8.507565341664017960e-06  8.507565341664017960e-06
-1.262769112888424416e+00  2.325533035137933229e-05  2.325533035137933229e-05
-1.162769112888424772e+00  6.081979561201003879e-05  6.081979561201003879e-05
-1.062769112888424239e+00  1.520393699114691577e-04  1.520393699114691577e-04
-9.627691128884245941e-01  3.630604255687444799e-04  3.630604255687444799e-04
-8.627691128884245053e-01  8.278046319600204650e-04  8.278046319600204650e-04
-7.627691128884244165e-01  1.801678551583906071e-03  1.801678551583906071e-03
-6.627691128884245497e-01  3.742326830730572252e-03  3.742326830730572252e-03
-5.627691128884244609e-01  7.417584920323267751e-03  7.417584920323267751e-03
-4.627691128884243721e-01  1.402813156856912852e-02  1.402813156856912852e-02
-3.627691128884245053e-01  2.531202461963890510e-02  2.531202461963890510e-02
-2.627691128884244165e-01  4.357392220923373555e-02  4.357392220923373555e-02
-1.627691128884245497e-01  7.156318814317944033e-02  7.156318814317944033e-02
-6.276911288842446091e-02  1.121277045647690040e-01  1.121277045647690040e-01
3.723088711157562791e-02  1.676098123329693712e-01  1.676098123329693712e-01
1.372308871115754947e-01  2.390334412266511277e-01  2.390334412266511277e-01
2.372308871115755835e-01  3.252427602931708406e-01  3.252427602931708406e-01
3.372308871115754503e-01  4.222533485166823919e-01  4.222533485166823919e-01
4.372308871115755391e-01  5.231123523020152488e-01  5.231123523020152488e-01
5.372308871115756279e-01  6.184887389724254003e-01  6.184887389724254003e-01
6.372308871115757167e-01  6.980220384812210188e-01  6.980220384812210188e-01
7.372308871115758055e-01  7.521986700771534640e-01  7.521986700771534640e-01
8.372308871115754503e-01  7.742972810808739226e-01  7.742972810808739226e-01
9.372308871115755391e-01  7.618536786892052826e-01  7.618536786892052826e-01
1.037230887111575628e+00  7.172005713072666655e-01  7.172005713072666655e-01
1.137230887111575717e+00  6.469128630176721462e-01  6.469128630176721462e-01
1.237230887111575806e+00  5.603321504041161027e-01  5.603321504041161027e-01
1.337230887111575450e+00  4.676186427304409587e-01  4.676186427304409587e-01
1.437230887111575539e+00  3.778816517280269016e-01  3.778816517280269016e-01
1.537230887111575628e+00  2.978468460735529399e-01  2.978468460735529399e-01
1.637230887111575717e+00  2.312887431901494706e-01  2.312887431901494706e-01
1.737230887111575806e+00  1.791960534090488166e-01  1.791960534090488166e-01
1.837230887111575450e+00  1.404440379033880248e-01  1.404440379033880248e-01
1.937230887111575539e+00  1.126729282870410770e-01  1.126729282870410770e-01
2.037230887111575406e+00  9.310808461676757519e-02  9.310808461676757519e-02
2.137230887111575939e+00  7.916005549859700396e-02  7.916005549859700396e-02
2.237230887111575584e+00  6.875604070894822395e-02  6.875604070894822395e-02
2.337230887111575228e+00  6.043877388213451940e-02  6.043877388213451940e-02
2.437230887111575761e+00  5.330974311449234587e-02  5.330974311449234587e-02
2.537230887111575406e+00  4.689679409646841518e-02  4.689679409646841518e-02
2.637230887111575051e+00  4.100722577816442310e-02  4.100722577816442310e-02
2.737230887111575584e+00  3.560209495986004641e-02  3.560209495986004641e-02
2.837230887111575228e+00  3.070572040605788408e-02  3.070572040605788408e-02
2.937230887111575761e+00  2.635024834028078591e-02  2.635024834028078591e-02
3.037230887111575406e+00  2.254825666817127441e-02  2.254825666817127441e-02
3.137230887111575939e+00  1.928453212920964305e-02  1.928453212920964305e-02
3.237230887111575584e+00  1.651902953962118212e-02  1.651902953962118212e-02
3.337230887111575228e+00  1.419494053869691831e-02  1.419494053869691831e-02
3.437230887111575761e+00  1.224782202844257317e-02  1.224782202844257317e-02
3.537230887111575406e+00  1.061345174990230115e-02  1.061345174990230115e-02
3.637230887111575939e+00  9.233371004857096262e-03  9.233371004857096262e-03
3.737230887111575584e+00  8.057952363565280482e-03  8.057952363565280482e-03
3.837230887111575228e+00  7.047351434425281648e-03  7.047351434425281648e-03
3.937230887111575761e+00  6.170940985814181781e-03  6.170940985814181781e-03
4.037230887111575406e+00  5.405861992316181135e-03  5.405861992316181135e-03
4.137230887111575939e+00  4.735235666182236076e-03  4.735235666182236076e-03
4.237230887111575584e+00  4.146429397394357091e-03  4.146429397394357091e-03
4.337230887111575228e+00  3.629608425827617404e-03  3.629608425827617404e-03
4.437230887111575761e+00  3.176666736889574398e-03  3.176666736889574398e-03
4.537230887111575406e+00  2.780530935229788819e-03  2.780530935229788819e-03
4.637230887111575939e+00  2.434772237539868829e-03  2.434772237539868829e-03
4.737230887111575584e+00  2.133438199264823046e-03  2.133438199264823046e-03
4.837230887111575228e+00  1.871017299859032779e-03  1.871017299859032779e-03
4.937230887111575761e+00  1.642465509477512766e-03  1.642465509477512766e-03
5.037230887111575406e+00  1.443245588941650124e-03  1.443245588941650124e-03
5.137230887111575939e+00  1.269350922978086356e-03  1.269350922978086356e-03
5.237230887111575584e+00  1.117302638193364396e-03  1.117302638193364396e-03
5.337230887111575228e+00  9.841203090470932585e-04  9.841203090470932585e-04
5.437230887111575761e+00  8.672729245109080283e-04  8.672729245109080283e-04
5.537230887111575406e+00  7.646190329387773758e-04  7.646190329387773758e-04
5.637230887111575939e+00  6.743444564842503630e-04  6.743444564842503630e-04
5.737230887111575584e+00  5.949039511534982274e-04  5.949039511534982274e-04
5.837230887111575228e+00  5.249706953142656198e-04  5.249706953142656198e-04
5.937230887111575761e+00  4.633951910404043254e-04  4.633951910404043254e-04
6.037230887111575406e+00  4.091734146119419815e-04  4.091734146119419815e-04
6.137230887111575939e+00  3.614229614270404343e-04  3.614229614270404343e-04
6.237230887111575584e+00  3.193654382807515377e-04  3.193654382807515377e-04
6.337230887111575228e+00  2.823133179422368478e-04  2.823133179422368478e-04
6.437230887111574873e+00  2.496597180828573391e-04  2.496597180828573391e-04
6.537230887111576294e+00  2.208699458243034558e-04  2.208699458243034558e-04
6.637230887111575939e+00  1.954740447274663383e-04  1.954740447274663383e-04
6.737230887111575584e+00  1.730599203123701869e-04  1.730599203123701869e-04
6.837230887111575228e+00  1.532668694222893632e-04  1.532668694222893632e-04
6.937230887111574873e+00  1.357794934502924700e-04  1.357794934502924700e-04
7.037230887111576294e+00  1.203220494833800986e-04  1.203220494833800986e-04
7.137230887111575939e+00  1.066533091145309252e-04  1.066533091145309252e-04
7.237230887111575584e+00  9.456197543242076710e-05  9.456197543242076710e-05
7.337230887111575228e+00  8.386267440093232023e-05  8.386267440093232023e-05
7.437230887111574873e+00  7.439250172296300932e-05  7.439250172296300932e-05
7.537230887111576294e+00  6.600807869426201266e-05  6.600807869426201266e-05
7.637230887111575939e+00  5.858305386387886352e-05  5.858305386387886352e-05
7.737230887111575584e+00  5.200598135752677046e-05  5.200598135752677046e-05
7.837230887111575228e+00  4.617850926771514732e-05  4.617850926771514732e-05
7.937230887111576649e+00  4.101381955404086491e-05  4.101381955404086491e-05
8.037230887111576294e+00  3.643527150679847480e-05  3.643527150679847480e-05
8.137230887111575939e+00  3.237521168955102797e-05  3.237521168955102797e-05
8.237230887111575584e+00  2.877392287073816303e-05  2.877392287073816303e-05
8.337230887111575228e+00  2.557869202516903958e-05  2.557869202516903958e-05
8.437230887111576649e+00  2.274298288350322782e-05  2.274298288350322782e-05
8.537230887111576294e+00  2.022570198069763089e-05  2.022570198069763089e-05
8.637230887111575939e+00  1.799054915363591407e-05  1.799054915363591407e-05
8.737230887111575584e+00  1.600544446018441604e-05  1.600544446018441604e-05
8.837230887111575228e+00  1.424202397616092093e-05  1.424202397616092093e-05
8.937230887111576649e+00  1.267519720355757248e-05  1.267519720355757248e-05
9.037230887111576294e+00  1.128275910202748101e-05  1.128275910202748101e-05
9.137230887111575939e+00  1.004505013823658302e-05  1.004505013823658302e-05
9.237230887111575584e+00  8.944658256586106432e-06  8.944658256586106432e-06
9.337230887111575228e+00  7.966157283149786139e-06  7.966157283149786139e-06
9.437230887111576649e+00  7.095876933179084975e-06  7.095876933179084975e-06
9.537230887111576294e+00  6.321700249432070155e-06  6.321700249432070155e-06
9.637230887111575939e+00  5.632884911734017470e-06  5.632884911734017470e-06
9.737230887111575584e+00  5.019905400381934884e-06  5.019905400381934884e-06
9.837230887111575228e+00  4.474313455286872993e-06  4.474313455286872993e-06
9.937230887111576649e+00  3.988614649593036045e-06  3.988614649593036045e-06
1.003723088711157629e+01  3.556159199779639884e-06  3.556159199779639884e-06
1.013723088711157594e+01  3.171045377069260582e-06  3.171045377069260582e-06
1.023723088711157558e+01  2.828034081369878251e-06  2.828034081369878251e-06
1.033723088711157523e+01  2.522473301621078880e-06  2.522473301621078880e-06
