-1.510099750065782676e+00  1.454584794336138239e-273  1.454584794336138239e-273
-1.410099750065782587e+00  3.112192038503351837e-255  3.112192038503351837e-255
-1.310099750065782942e+00  2.094500076511573767e-234  2.094500076511573767e-234
-1.210099750065782409e+00  1.833048419679338463e-214  1.833048419679338463e-214
-1.110099750065782764e+00  2.084261586916704296e-195  2.084261586916704296e-195
-1.010099750065782676e+00  3.079039376380176659e-177  3.079039376380176659e-177
-9.100997500657825867e-01  5.909666759754877641e-160  5.909666759754877641e-160
-8.100997500657824979e-01  1.473653813021256841e-143  1.473653813021256841e-143
-7.100997500657826311e-01  4.774332737319708836e-128  4.774332737319708836e-128
-6.100997500657827644e-01  2.009623148404538540e-113  2.009623148404538540e-113
-5.100997500657826755e-01  1.099009121763447777e-99  1.099009121763447777e-99
-4.100997500657825867e-01  7.808591440134750661e-87  7.808591440134750661e-87
-3.100997500657824979e-01  7.208233298904185998e-75  7.208233298904185998e-75
-2.100997500657826311e-01  8.645093591343246082e-64  8.645093591343246082e-64
-1.100997500657825423e-01  1.347085914241240801e-53  1.347085914241240801e-53
-1.009975006578267553e-02  2.727128622184724010e-44  2.727128622184724010e-44
8.990024993421741328e-02  7.172997488587466637e-36  7.172997488587466637e-36
1.899002499342175021e-01  2.451209701912183222e-28  2.451209701912183222e-28
2.899002499342173689e-01  1.088290870162482149e-21  1.088290870162482149e-21
3.899002499342174577e-01  6.277608614446996588e-16  6.277608614446996588e-16
4.899002499342173245e-01  4.704659709031682203e-11  4.704659709031682203e-11
5.899002499342174133e-01  4.580859033515641569e-07  4.580859033515641569e-07
6.899002499342175021e-01  5.794959026741237831e-04  5.794959026741237831e-04
7.899002499342175909e-01  9.524420094145914784e-02  9.524420094145914784e-02
8.899002499342176797e-01  2.033815001542910839e+00  2.033815001542910839e+00
9.899002499342173245e-01  5.642467691242177175e+00  5.642467691242177175e+00
1.089900249934217413e+00  2.033815001542892631e+00  2.033815001542892631e+00
1.189900249934217502e+00  9.524420094145770455e-02  9.524420094145770455e-02
1.289900249934217591e+00  5.794959032226998331e-04  5.794959032226998331e-04
1.389900249934217680e+00  4.585025555863748499e-07  4.585025555863748499e-07
1.489900249934217324e+00  1.141089739834840400e-07  1.141089739834840400e-07
1.589900249934217413e+00  1.125511823438422590e-05  1.125511823438422590e-05
1.689900249934217502e+00  4.003149253564280692e-04  4.003149253564280692e-04
1.789900249934217591e+00  5.132108969724670164e-03  5.132108969724670164e-03
1.889900249934217680e+00  2.371550194466974862e-02  2.371550194466974862e-02
1.989900249934217324e+00  3.950127723478581709e-02  3.950127723478581709e-02
2.089900249934217413e+00  2.371550194467016495e-02  2.371550194467016495e-02
2.189900249934217502e+00  5.132108969893002526e-03  5.132108969893002526e-03
2.289900249934217591e+00  4.003149530304559605e-04  4.003149530304559605e-04
2.389900249934217680e+00  1.125742191405341694e-05  1.125742191405341694e-05
2.489900249934217324e+00  2.111874871427318445e-07  2.111874871427318445e-07
2.589900249934217857e+00  2.074405603930791049e-06  2.074405603930791049e-06
2.689900249934217502e+00  2.243060202074558226e-05  2.243060202074558226e-05
2.789900249934217147e+00  1.228674873250836896e-04  1.228674873250836896e-04
2.889900249934217680e+00  3.408745766003759689e-04  3.408745766003759689e-04
2.989900249934217324e+00  4.789760774594868393e-04  4.789760774594868393e-04
3.089900249934217857e+00  3.408745766081260086e-04  3.408745766081260086e-04
3.189900249934217502e+00  1.228674879175532309e-04  1.228674879175532309e-04
3.289900249934218035e+00  2.243062868023763665e-05  2.243062868023763665e-05
3.389900249934217680e+00  2.074738777309862617e-06  2.074738777309862617e-06
3.489900249934217324e+00  1.095319022684317749e-07  1.095319022684317749e-07
3.589900249934217857e+00  1.255427594971991026e-07  1.255427594971991026e-07
3.689900249934217502e+00  7.350056159868762773e-07  7.350056159868762773e-07
3.789900249934218035e+00  2.631609080792636745e-06  2.631609080792636745e-06
3.889900249934217680e+00  5.657044232791561339e-06  5.657044232791561339e-06
3.989900249934217324e+00  7.300943425717498876e-06  7.300943425717498876e-06
4.089900249934217413e+00  5.657044240629345241e-06  5.657044240629345241e-06
4.189900249934217058e+00  2.631609180883510191e-06  2.631609180883510191e-06
4.289900249934218479e+00  7.349836747465275324e-07  7.349836747465275324e-07
4.389900249934218124e+00  1.233204701470716866e-07  1.233204701470716866e-07
4.489900249934217769e+00  1.317462847402983373e-08  1.317462847402983373e-08
4.589900249934217413e+00  5.571597274755619034e-09  5.571597274755619034e-09
4.689900249934217058e+00  2.014717807200856595e-08  2.014717807200856595e-08
4.789900249934218479e+00  5.581996692086795096e-08  5.581996692086795096e-08
4.889900249934218124e+00  1.029626179805823628e-07  1.029626179805823628e-07
4.989900249934217769e+00  1.262731665455211159e-07  1.262731665455211159e-07
5.089900249934217413e+00  1.029626126887772312e-07  1.029626126887772312e-07
5.189900249934217058e+00  5.581941856074700712e-08  5.581941856074700712e-08
5.289900249934218479e+00  2.012053881713009376e-08  2.012053881713009376e-08
5.389900249934218124e+00  4.826961533201461567e-09  4.826961533201461567e-09
5.489900249934217769e+00  8.019845995267000476e-10  8.019845995267000476e-10
5.589900249934217413e+00  2.371125246517621315e-10  2.371125246517621315e-10
5.689900249934217058e+00  5.178460696938325316e-10  5.178460696938325316e-10
5.789900249934218479e+00  1.198840292622646047e-09  1.198840292622646047e-09
5.889900249934218124e+00  1.996386847843977927e-09  1.996386847843977927e-09
5.989900249934217769e+00  2.366478280974037504e-09  2.366478280974037504e-09
6.089900249934217413e+00  1.996378839324797994e-09  1.996378839324797994e-09
6.189900249934217058e+00  1.198575986015793729e-09  1.198575986015793729e-09
6.289900249934218479e+00  5.121503377671927160e-10  5.121503377671927160e-10
6.389900249934218124e+00  1.559681382316074469e-10  1.559681382316074469e-10
6.489900249934217769e+00  3.492414024946628554e-11  3.492414024946628554e-11
6.589900249934217413e+00  9.740678784997694392e-12  9.740678784997694392e-12
6.689900249934218834e+00  1.319425374207680687e-11  1.319425374207680687e-11
6.789900249934218479e+00  2.621337191166790003e-11  2.621337191166790003e-11
6.889900249934218124e+00  4.052642177322288759e-11  4.052642177322288759e-11
6.989900249934217769e+00  4.688360766156258652e-11  4.688360766156258652e-11
7.089900249934217413e+00  4.052399278597552478e-11  4.052399278597552478e-11
7.189900249934218834e+00  2.616927778971346149e-11  2.616927778971346149e-11
7.289900249934218479e+00  1.262729228041141648e-11  1.262729228041141648e-11
7.389900249934218124e+00  4.560610848780995460e-12  4.560610848780995460e-12
7.489900249934217769e+00  1.265383586544882716e-12  1.265383586544882716e-12
7.589900249934217413e+00  3.722554869380270439e-13  3.722554869380270439e-13
7.689900249934218834e+00  3.440200644394720332e-13  3.440200644394720332e-13
7.789900249934218479e+00  5.849986062922613709e-13  5.849986062922613709e-13
7.889900249934218124e+00  8.519541122391040551e-13  8.519541122391040551e-13
7.989900249934217769e+00  9.674817793004003757e-13  9.674817793004003757e-13
8.089900249934219190e+00  8.516080467348771256e-13  8.516080467348771256e-13
8.189900249934218834e+00  5.808512617861052818e-13  5.808512617861052818e-13
8.289900249934218479e+00  3.070387284402245720e-13  3.070387284402245720e-13
8.389900249934218124e+00  1.260425375445060296e-13  1.260425375445060296e-13
8.489900249934217769e+00  4.109093459876585598e-14  4.109093459876585598e-14
8.589900249934219190e+00  1.316141100874612850e-14  1.316141100874612850e-14
8.689900249934218834e+00  9.291392259315163899e-15  9.291392259315163899e-15
8.789900249934218479e+00  1.336212434855746399e-14  1.336212434855746399e-14
8.889900249934218124e+00  1.841982712769386918e-14  1.841982712769386918e-14
8.989900249934217769e+00  2.059873563575566240e-14  2.059873563575566240e-14
9.089900249934219190e+00  1.838860712229894515e-14  1.838860712229894515e-14
9.189900249934218834e+00  1.308713087193521618e-14  1.308713087193521618e-14
9.289900249934218479e+00  7.426784128459502566e-15  7.426784128459502566e-15
9.389900249934218124e+00  3.368364099828450188e-15  3.368364099828450188e-15
9.489900249934217769e+00  1.245060016652448985e-15  1.245060016652448985e-15
9.589900249934219190e+00  4.354715567320351521e-16  4.354715567320351521e-16
9.689900249934218834e+00  2.590037136093147335e-16  2.590037136093147335e-16
9.789900249934218479e+00  3.133192065851657744e-16  3.133192065851657744e-16
9.889900249934218124e+00  4.079076685252300413e-16  4.079076685252300413e-16
9.989900249934217769e+00  4.496323049587873923e-16  4.496323049587873923e-16
1.008990024993421919e+01  4.058204233430558252e-16  4.058204233430558252e-16
1.018990024993421883e+01  2.988114983453974270e-16  2.988114983453974270e-16
1.028990024993421848e+01  1.794877888866899843e-16  1.794877888866899843e-16
1.038990024993421812e+01  8.816936029615147673e-17  8.816936029615147673e-17
1.048990024993421777e+01  3.603689219025470335e-17  3.603689219025470335e-17
