-1.649419976998368842e+00  3.732338750456614805e-19  3.732338750456614805e-19
-1.549419976998368753e+00  9.668276553231957482e-18  9.668276553231957482e-18
-1.449419976998369108e+00  2.331943418171441089e-16  2.331943418171441089e-16
-1.349419976998368575e+00  5.026782783660150024e-15  5.026782783660150024e-15
-1.249419976998368931e+00  9.535639526385422843e-14  9.535639526385422843e-14
-1.149419976998368842e+00  1.582787182796392297e-12  1.582787182796392297e-12
-1.049419976998368753e+00  2.293889203002086330e-11  2.293889203002086330e-11
-9.494199769983686643e-01  2.900214090625540116e-10  2.900214090625540116e-10
-8.494199769983687975e-01  3.197733104054778601e-09  3.197733104054778601e-09
-7.494199769983689308e-01  3.074271237117354350e-08  3.074271237117354350e-08
-6.494199769983688419e-01  2.576911263103709589e-07  2.576911263103709589e-07
-5.494199769983687531e-01  1.883213080527367202e-06  1.883213080527367202e-06
-4.494199769983686643e-01  1.199871948435911057e-05  1.199871948435911057e-05
-3.494199769983687975e-01  6.665028914383153862e-05  6.665028914383153862e-05
-2.494199769983687087e-01  3.227742964913591977e-04  3.227742964913591977e-04
-1.494199769983688419e-01  1.362776670171331628e-03  1.362776670171331628e-03
-4.941997699836875313e-02  5.016248043057854218e-03  5.016248043057854218e-03
5.058002300163133569e-02  1.609763804271376053e-02  1.609763804271376053e-02
1.505800230016312025e-01  4.503758351303029789e-02  4.503758351303029789e-02
2.505800230016312913e-01  1.098549681284999580e-01  1.098549681284999580e-01
3.505800230016311581e-01  2.336144833663230946e-01  2.336144833663230946e-01
4.505800230016312469e-01  4.331342655051723667e-01  4.331342655051723667e-01
5.505800230016313357e-01  7.001686051786258913e-01  7.001686051786258913e-01
6.505800230016314245e-01  9.868940689566065849e-01  9.868940689566065849e-01
7.505800230016315133e-01  1.213089875386802907e+00  1.213089875386802907e+00
8.505800230016311581e-01  1.300837732345276887e+00  1.300837732345276887e+00
9.505800230016312469e-01  1.217952878541568529e+00  1.217952878541568529e+00
1.050580023001631336e+00  9.978168650334909850e-01  9.978168650334909850e-01
1.150580023001631425e+00  7.193807126727379542e-01  7.193807126727379542e-01
1.250580023001631513e+00  4.635215240700752415e-01  4.635215240700752415e-01
1.350580023001631158e+00  2.780878120767645845e-01  2.780878120767645845e-01
1.450580023001631247e+00  1.705056825960132583e-01  1.705056825960132583e-01
1.550580023001631336e+00  1.222559796359017487e-01  1.222559796359017487e-01
1.650580023001631425e+00  1.079437792522874029e-01  1.079437792522874029e-01
1.750580023001631513e+00  1.071342672931057255e-01  1.071342672931057255e-01
1.850580023001631158e+00  1.075805220367427872e-01  1.075805220367427872e-01
1.950580023001631247e+00  1.038222612158252872e-01  1.038222612158252872e-01
2.050580023001631336e+00  9.476887848519197077e-02  9.476887848519197077e-02
2.150580023001631425e+00  8.172216855208441766e-02  8.172216855208441766e-02
2.250580023001631513e+00  6.696380879433522226e-02  6.696380879433522226e-02
2.350580023001631158e+00  5.275650477826393514e-02  5.275650477826393514e-02
2.450580023001631691e+00  4.071695951908670813e-02  4.071695951908670813e-02
2.550580023001631336e+00  3.157180136435312062e-02  3.157180136435312062e-02
2.650580023001630980e+00  2.524527180581740554e-02  2.524527180581740554e-02
2.750580023001631513e+00  2.114659461548759958e-02  2.114659461548759958e-02
2.850580023001631158e+00  1.850094796118389659e-02  1.850094796118389659e-02
2.950580023001631691e+00  1.660769542243614727e-02  1.660769542243614727e-02
3.050580023001631336e+00  1.497745173716911321e-02  1.497745173716911321e-02
3.150580023001631869e+00  1.335758318985151745e-02  1.335758318985151745e-02
3.250580023001631513e+00  1.168560717179657586e-02  1.168560717179657586e-02
3.350580023001631158e+00  1.001364152273629023e-02  1.001364152273629023e-02
3.450580023001631691e+00  8.436015924769346003e-03  8.436015924769346003e-03
3.550580023001631336e+00  7.037283321439339635e-03  7.037283321439339635e-03
3.650580023001631869e+00  5.865340042219890915e-03  5.865340042219890915e-03
3.750580023001631513e+00  4.926195884148055516e-03  4.926195884148055516e-03
3.850580023001631158e+00  4.192976223301535417e-03  4.192976223301535417e-03
3.950580023001631691e+00  3.621082446339190294e-03  3.621082446339190294e-03
4.050580023001630892e+00  3.162980971906865016e-03  3.162980971906865016e-03
4.150580023001632313e+00  2.778698339595181421e-03  2.778698339595181421e-03
4.250580023001631957e+00  2.440755390620750771e-03  2.440755390620750771e-03
4.350580023001631602e+00  2.134269498691628193e-03  2.134269498691628193e-03
4.450580023001631247e+00  1.853993535194566793e-03  1.853993535194566793e-03
4.550580023001630892e+00  1.600217534863057839e-03  1.600217534863057839e-03
4.650580023001632313e+00  1.375029216329163619e-03  1.375029216329163619e-03
4.750580023001631957e+00  1.179759763795004517e-03  1.179759763795004517e-03
4.850580023001631602e+00  1.013808761941246799e-03  1.013808761941246799e-03
4.950580023001631247e+00  8.746031495484919184e-04  8.746031495484919184e-04
5.050580023001630892e+00  7.582410031433384472e-04  7.582410031433384472e-04
5.150580023001632313e+00  6.603644191256175487e-04  6.603644191256175487e-04
5.250580023001631957e+00  5.769221306100520740e-04  5.769221306100520740e-04
5.350580023001631602e+00  5.046440438711472225e-04  5.046440438711472225e-04
5.450580023001631247e+00  4.411968684166351880e-04  4.411968684166351880e-04
5.550580023001630892e+00  3.850891460992590730e-04  3.850891460992590730e-04
5.650580023001632313e+00  3.354370635590906693e-04  3.354370635590906693e-04
5.750580023001631957e+00  2.916991502105524656e-04  2.916991502105524656e-04
5.850580023001631602e+00  2.534566982106832740e-04  2.534566982106832740e-04
5.950580023001631247e+00  2.202764400614285031e-04  2.202764400614285031e-04
6.050580023001630892e+00  1.916569273276607689e-04  1.916569273276607689e-04
6.150580023001632313e+00  1.670376542867193202e-04  1.670376542867193202e-04
6.250580023001631957e+00  1.458415208528147510e-04  1.458415208528147510e-04
6.350580023001631602e+00  1.275237698865685240e-04  1.275237698865685240e-04
6.450580023001631247e+00  1.116092705275010437e-04  1.116092705275010437e-04
6.550580023001632668e+00  9.771029637294748960e-05  9.771029637294748960e-05
6.650580023001632313e+00  8.552544111136135103e-05  8.552544111136135103e-05
6.750580023001631957e+00  7.482542005213073583e-05  7.482542005213073583e-05
6.850580023001631602e+00  6.543312409108928722e-05  6.543312409108928722e-05
6.950580023001631247e+00  5.720429332731368139e-05  5.720429332731368139e-05
7.050580023001632668e+00  5.001280768979585206e-05  5.001280768979585206e-05
7.150580023001632313e+00  4.374200179340183482e-05  4.374200179340183482e-05
7.250580023001631957e+00  3.828138258493433608e-05  3.828138258493433608e-05
7.350580023001631602e+00  3.352700175315146314e-05  3.352700175315146314e-05
7.450580023001631247e+00  2.938348200048105532e-05  2.938348200048105532e-05
7.550580023001632668e+00  2.576606406252412870e-05  2.576606406252412870e-05
7.650580023001632313e+00  2.260170317495596544e-05  2.260170317495596544e-05
7.750580023001631957e+00  1.982891424233698083e-05  1.982891424233698083e-05
7.850580023001631602e+00  1.739656170828816995e-05  1.739656170828816995e-05
7.950580023001633023e+00  1.526204439786066992e-05  1.526204439786066992e-05
8.050580023001632668e+00  1.338935911120557372e-05  1.338935911120557372e-05
8.150580023001632313e+00  1.174741248128354282e-05  1.174741248128354282e-05
8.250580023001631957e+00  1.030877437069757173e-05  1.030877437069757173e-05
8.350580023001631602e+00  9.048898734413398398e-06  9.048898734413398398e-06
8.450580023001633023e+00  7.945721784965293399e-06  7.945721784965293399e-06
8.550580023001632668e+00  6.979495415126198420e-06  6.979495415126198420e-06
8.650580023001632313e+00  6.132717005245696645e-06  6.132717005245696645e-06
8.750580023001631957e+00  5.390054279591185082e-06  5.390054279591185082e-06
8.850580023001631602e+00  4.738213353382059566e-06  4.738213353382059566e-06
8.950580023001633023e+00  4.165742047749149336e-06  4.165742047749149336e-06
9.050580023001632668e+00  3.662789310319679846e-06  3.662789310319679846e-06
9.150580023001632313e+00  3.220853112187602238e-06  3.220853112187602238e-06
9.250580023001631957e+00  2.832546815929140592e-06  2.832546815929140592e-06
9.350580023001631602e+00  2.491403563331147414e-06  2.491403563331147414e-06
9.450580023001633023e+00  2.191725586448665704e-06  2.191725586448665704e-06
9.550580023001632668e+00  1.928474812721816856e-06  1.928474812721816856e-06
9.650580023001632313e+00  1.697194873624979833e-06  1.697194873624979833e-06
9.750580023001631957e+00  1.493952846887650143e-06  1.493952846887650143e-06
9.850580023001631602e+00  1.315290679224810904e-06  1.315290679224810904e-06
9.950580023001633023e+00  1.158179633397157765e-06  1.158179633397157765e-06
1.005058002300163267e+01  1.019974762917680481e-06  1.019974762917680481e-06
1.015058002300163231e+01  8.983692957890330549e-07  8.983692957890330549e-07
1.025058002300163196e+01  7.913504454069370495e-07  7.913504454069370495e-07
1.035058002300163160e+01  6.971585995250859187e-07  6.971585995250859187e-07
