-1.623594716540781135e+00  5.182852075416396742e-80  5.182852075416396742e-80
-1.523594716540781491e+00  2.790476070309622740e-74  2.790476070309622740e-74
-1.423594716540781402e+00  2.941451161547607343e-68  2.941451161547607343e-68
-1.323594716540781313e+00  1.779458997333001617e-62  1.779458997333001617e-62
-1.223594716540781668e+00  5.961132028716977986e-57  5.961132028716977986e-57
-1.123594716540781135e+00  1.105090020277412349e-51  1.105090020277412349e-51
-1.023594716540781491e+00  1.133673048613439584e-46  1.133673048613439584e-46
-9.235947165407814019e-01  6.435747754861650357e-42  6.435747754861650357e-42
-8.235947165407813131e-01  2.021767555416717858e-37  2.021767555416717858e-37
-7.235947165407812243e-01  3.514669143176081659e-33  3.514669143176081659e-33
-6.235947165407813575e-01  3.381105256042155951e-29  3.381105256042155951e-29
-5.235947165407812687e-01  1.799923096278649009e-25  1.799923096278649009e-25
-4.235947165407811799e-01  5.302372390161387435e-22  5.302372390161387435e-22
-3.235947165407813131e-01  8.643855885893256463e-19  8.643855885893256463e-19
-2.235947165407812243e-01  7.797687498439955339e-16  7.797687498439955339e-16
-1.235947165407813575e-01  3.892648162854270822e-13  3.892648162854270822e-13
-2.359471654078126868e-02  1.075339239948373907e-10  1.075339239948373907e-10
7.640528345921882014e-02  1.643867663387012644e-08  1.643867663387012644e-08
1.764052834592186869e-01  1.390622422889721176e-06  1.390622422889721176e-06
2.764052834592187757e-01  6.509874554206842169e-05  6.509874554206842169e-05
3.764052834592186425e-01  1.686386156057728160e-03  1.686386156057728160e-03
4.764052834592187313e-01  2.417477571302497838e-02  2.417477571302497838e-02
5.764052834592188201e-01  1.917736328373332022e-01  1.917736328373332022e-01
6.764052834592189090e-01  8.418531743403845358e-01  8.418531743403845358e-01
7.764052834592189978e-01  2.045054232562812491e+00  2.045054232562812491e+00
8.764052834592186425e-01  2.749124016671259607e+00  2.749124016671259607e+00
9.764052834592187313e-01  2.045055427387362013e+00  2.045055427387362013e+00
1.076405283459218820e+00  8.418679869893683776e-01  8.418679869893683776e-01
1.176405283459218909e+00  1.919098735980907522e-01  1.919098735980907522e-01
1.276405283459218998e+00  2.510693206761485663e-02  2.510693206761485663e-02
1.376405283459218643e+00  6.430782572684870350e-03  6.430782572684870350e-03
1.476405283459218731e+00  1.802829784691018303e-02  1.802829784691018303e-02
1.576405283459218820e+00  5.059514566218168558e-02  5.059514566218168558e-02
1.676405283459218909e+00  1.060036362620116468e-01  1.060036362620116468e-01
1.776405283459218998e+00  1.652172041147274839e-01  1.652172041147274839e-01
1.876405283459218643e+00  1.915589053926676777e-01  1.915589053926676777e-01
1.976405283459218731e+00  1.652248999319221312e-01  1.652248999319221312e-01
2.076405283459219042e+00  1.060455661222698270e-01  1.060455661222698270e-01
2.176405283459218687e+00  5.077795973421715681e-02  5.077795973421715681e-02
2.276405283459219220e+00  1.862708216430312633e-02  1.862708216430312633e-02
2.376405283459218865e+00  6.708750695406729900e-03  6.708750695406729900e-03
2.476405283459219397e+00  5.704024215031014942e-03  5.704024215031014942e-03
2.576405283459219042e+00  9.653187921079844913e-03  9.653187921079844913e-03
2.676405283459218687e+00  1.559772155953154625e-02  1.559772155953154625e-02
2.776405283459219220e+00  2.094932238218498791e-02  2.094932238218498791e-02
2.876405283459218865e+00  2.312103688966727494e-02  2.312103688966727494e-02
2.976405283459219397e+00  2.095644403286630111e-02  2.095644403286630111e-02
3.076405283459219042e+00  1.561366924440437884e-02  1.561366924440437884e-02
3.176405283459219575e+00  9.610474175310567205e-03  9.610474175310567205e-03
3.276405283459219220e+00  5.016540632460438943e-03  5.016540632460438943e-03
3.376405283459218865e+00  2.516349395866007699e-03  2.516349395866007699e-03
3.476405283459219397e+00  1.737967042910580238e-03  1.737967042910580238e-03
3.576405283459219042e+00  1.986805260200262286e-03  1.986805260200262286e-03
3.676405283459219575e+00  2.651264763459098422e-03  2.651264763459098422e-03
3.776405283459219220e+00  3.265720631291180089e-03  3.265720631291180089e-03
3.876405283459218865e+00  3.510300653685440898e-03  3.510300653685440898e-03
3.976405283459219397e+00  3.262559902347605869e-03  3.262559902347605869e-03
4.076405283459219042e+00  2.622882479770451657e-03  2.622882479770451657e-03
4.176405283459219575e+00  1.835815618184755745e-03  1.835815618184755745e-03
4.276405283459219220e+00  1.145819410157517936e-03  1.145819410157517936e-03
4.376405283459218865e+00  6.895400859504028160e-04  6.895400859504028160e-04
4.476405283459219397e+00  4.789548855760962010e-04  4.789548855760962010e-04
4.576405283459219042e+00  4.480605514816497510e-04  4.480605514816497510e-04
4.676405283459219575e+00  5.074744011544374137e-04  5.074744011544374137e-04
4.776405283459219220e+00  5.781639892816039291e-04  5.781639892816039291e-04
4.876405283459218865e+00  6.067593392595560043e-04  6.067593392595560043e-04
4.976405283459219397e+00  5.716339089379640593e-04  5.716339089379640593e-04
5.076405283459219042e+00  4.814195421628789020e-04  4.814195421628789020e-04
5.176405283459219575e+00  3.645599993243234639e-04  3.645599993243234639e-04
5.276405283459219220e+00  2.533612169903686146e-04  2.533612169903686146e-04
5.376405283459218865e+00  1.703759124805051984e-04  1.703759124805051984e-04
5.476405283459219397e+00  1.229150189480405901e-04  1.229150189480405901e-04
5.576405283459219042e+00  1.055218971401874377e-04  1.055218971401874377e-04
5.676405283459219575e+00  1.062013038314037569e-04  1.062013038314037569e-04
5.776405283459219220e+00  1.123464347391017715e-04  1.123464347391017715e-04
5.876405283459218865e+00  1.145775947193595449e-04  1.145775947193595449e-04
5.976405283459219397e+00  1.084017099087138667e-04  1.084017099087138667e-04
6.076405283459219042e+00  9.407195490000505697e-05  9.407195490000505697e-05
6.176405283459219575e+00  7.508908086968755938e-05  7.508908086968755938e-05
6.276405283459219220e+00  5.602448013384740498e-05  5.602448013384740498e-05
6.376405283459218865e+00  4.055241030524390345e-05  4.055241030524390345e-05
6.476405283459218509e+00  3.038270809654981100e-05  3.038270809654981100e-05
6.576405283459219930e+00  2.524405561506709082e-05  2.524405561506709082e-05
6.676405283459219575e+00  2.357487863428066311e-05  2.357487863428066311e-05
6.776405283459219220e+00  2.341672770444799435e-05  2.341672770444799435e-05
6.876405283459218865e+00  2.313487543410127446e-05  2.313487543410127446e-05
6.976405283459218509e+00  2.180649099204313586e-05  2.180649099204313586e-05
7.076405283459219930e+00  1.927499968974084481e-05  1.927499968974084481e-05
7.176405283459219575e+00  1.595387750642300844e-05  1.595387750642300844e-05
7.276405283459219220e+00  1.250577162460958013e-05  1.250577162460958013e-05
7.376405283459218865e+00  9.532147958109115927e-06  9.532147958109115927e-06
7.476405283459218509e+00  7.375873382400044533e-06  7.375873382400044533e-06
7.576405283459219930e+00  6.073441978964046919e-06  6.073441978964046919e-06
7.676405283459219575e+00  5.427835858281786044e-06  5.427835858281786044e-06
7.776405283459219220e+00  5.137887231332076222e-06  5.137887231332076222e-06
7.876405283459218865e+00  4.921842991819266178e-06  4.921842991819266178e-06
7.976405283459220286e+00  4.596747702303901022e-06  4.596747702303901022e-06
8.076405283459219930e+00  4.102611840506670623e-06  4.102611840506670623e-06
8.176405283459219575e+00  3.480658956045076723e-06  3.480658956045076723e-06
8.276405283459219220e+00  2.825879027472406965e-06  2.825879027472406965e-06
8.376405283459218865e+00  2.236378414695173634e-06  2.236378414695173634e-06
8.476405283459220286e+00  1.777031431873662685e-06  1.777031431873662685e-06
8.576405283459219930e+00  1.465422561723289032e-06  1.465422561723289032e-06
8.676405283459219575e+00  1.278167529852335532e-06  1.278167529852335532e-06
8.776405283459219220e+00  1.169235056056211507e-06  1.169235056056211507e-06
8.876405283459218865e+00  1.090392783429561690e-06  1.090392783429561690e-06
8.976405283459220286e+00  1.006343328486026710e-06  1.006343328486026710e-06
9.076405283459219930e+00  9.012382464299311390e-07  9.012382464299311390e-07
9.176405283459219575e+00  7.770664178835206736e-07  7.770664178835206736e-07
9.276405283459219220e+00  6.468419647287744072e-07  6.468419647287744072e-07
9.376405283459218865e+00  5.263118423021762684e-07  5.263118423021762684e-07
9.476405283459220286e+00  4.273128496112195482e-07  4.273128496112195482e-07
9.576405283459219930e+00  3.544750828501432348e-07  3.544750828501432348e-07
9.676405283459219575e+00  3.053683309330850008e-07  3.053683309330850008e-07
9.776405283459219220e+00  2.730069923423327876e-07  2.730069923423327876e-07
9.876405283459218865e+00  2.491644613302114253e-07  2.491644613302114253e-07
9.976405283459220286e+00  2.271501496586304300e-07  2.271501496586304300e-07
1.007640528345921993e+01  2.032924716994087161e-07  2.032924716994087161e-07
1.017640528345921958e+01  1.770255729891361665e-07  1.770255729891361665e-07
1.027640528345921922e+01  1.499626455158441371e-07  1.499626455158441371e-07
1.037640528345921886e+01  1.245541758509637006e-07  1.245541758509637006e-07
