-1.598753054660287276e+00  0.000000000000000000e+00  0.000000000000000000e+00
-1.498753054660287187e+00  0.000000000000000000e+00  0.000000000000000000e+00
-1.398753054660287098e+00  4.987148035686126742e-319  4.987148035686126742e-319
-1.298753054660287454e+00  6.938579812396594852e-292  6.938579812396594852e-292
-1.198753054660287365e+00  6.002085066668769938e-266  6.002085066668769938e-266
-1.098753054660287276e+00  3.228197847462100747e-241  3.228197847462100747e-241
-9.987530546602871873e-01  1.079554519798835860e-217  1.079554519798835860e-217
-8.987530546602870984e-01  2.244685264533319910e-195  2.244685264533319910e-195
-7.987530546602872317e-01  2.901969010196337187e-174  2.901969010196337187e-174
-6.987530546602873649e-01  2.332687296407849628e-154  2.332687296407849628e-154
-5.987530546602872761e-01  1.165860845998079288e-135  1.165860845998079288e-135
-4.987530546602871873e-01  3.622958418044643928e-118  3.622958418044643928e-118
-3.987530546602870984e-01  7.000135084997178426e-102  7.000135084997178426e-102
-2.987530546602872317e-01  8.409611467416532804e-87  8.409611467416532804e-87
-1.987530546602871429e-01  6.281623188350470470e-73  6.281623188350470470e-73
-9.875305466028727608e-02  2.917388521918508124e-60  2.917388521918508124e-60
1.246945339712812739e-03  8.424479890467134791e-49  8.424479890467134791e-49
1.012469453397129016e-01  1.512580039862800120e-38  1.512580039862800120e-38
2.012469453397127683e-01  1.688573897103414740e-29  1.688573897103414740e-29
3.012469453397128571e-01  1.172055607182052278e-21  1.172055607182052278e-21
4.012469453397127239e-01  5.058279249752380470e-15  5.058279249752380470e-15
5.012469453397128127e-01  1.357324928343413104e-09  1.357324928343413104e-09
6.012469453397129016e-01  2.264598880445002282e-05  2.264598880445002282e-05
7.012469453397129904e-01  2.349228118498785864e-02  2.349228118498785864e-02
8.012469453397130792e-01  1.515254322737469739e+00  1.515254322737469739e+00
9.012469453397127239e-01  6.076763186368134839e+00  6.076763186368134839e+00
1.001246945339712813e+00  1.515254322737451309e+00  1.515254322737451309e+00
1.101246945339712902e+00  2.349228118498729312e-02  2.349228118498729312e-02
1.201246945339712990e+00  2.264598880503834819e-05  2.264598880503834819e-05
1.301246945339713079e+00  1.362233456343480844e-09  1.362233456343480844e-09
1.401246945339712724e+00  1.019714935782966722e-08  1.019714935782966722e-08
1.501246945339712813e+00  5.282251522160823105e-06  5.282251522160823105e-06
1.601246945339712902e+00  6.822959736002108403e-04  6.822959736002108403e-04
1.701246945339712990e+00  2.197555031048025603e-02  2.197555031048025603e-02
1.801246945339713079e+00  1.764899296893528702e-01  1.764899296893528702e-01
1.901246945339712724e+00  3.534380645444789582e-01  3.534380645444789582e-01
2.001246945339712813e+00  1.764899296893517600e-01  1.764899296893517600e-01
2.101246945339712902e+00  2.197555031048481142e-02  2.197555031048481142e-02
2.201246945339712990e+00  6.822959786058912807e-04  6.822959786058912807e-04
2.301246945339713079e+00  5.284308708306290707e-06  5.284308708306290707e-06
2.401246945339712724e+00  3.451305398810008384e-07  3.451305398810008384e-07
2.501246945339713257e+00  2.160324009406009452e-05  2.160324009406009452e-05
2.601246945339712902e+00  5.520197481793610774e-04  5.520197481793610774e-04
2.701246945339712546e+00  5.588122466616091306e-03  5.588122466616091306e-03
2.801246945339713079e+00  2.241055932096051168e-02  2.241055932096051168e-02
2.901246945339712724e+00  3.560532513116885373e-02  3.560532513116885373e-02
3.001246945339713257e+00  2.241055932096307907e-02  2.241055932096307907e-02
3.101246945339712902e+00  5.588122467623232725e-03  5.588122467623232725e-03
3.201246945339713434e+00  5.520199322733399623e-04  5.520199322733399623e-04
3.301246945339713079e+00  2.162003861947619780e-05  2.162003861947619780e-05
3.401246945339712724e+00  1.100815089661924596e-06  1.100815089661924596e-06
3.501246945339713257e+00  1.743344419746997533e-05  1.743344419746997533e-05
3.601246945339712902e+00  1.981111057137691198e-04  1.981111057137691198e-04
3.701246945339713434e+00  1.124326084484760261e-03  1.124326084484760261e-03
3.801246945339713079e+00  3.186268512495289175e-03  3.186268512495289175e-03
3.901246945339712724e+00  4.508987868979464665e-03  4.508987868979464665e-03
4.001246945339713257e+00  3.186268512604884234e-03  3.186268512604884234e-03
4.101246945339712902e+00  1.124326096803002608e-03  1.124326096803002608e-03
4.201246945339713434e+00  1.981118955479674901e-04  1.981118955479674901e-04
4.301246945339713079e+00  1.746080176977824003e-05  1.746080176977824003e-05
4.401246945339712724e+00  1.390444623508024782e-06  1.390444623508024782e-06
4.501246945339713257e+00  7.625537549775283995e-06  7.625537549775283995e-06
4.601246945339712902e+00  5.318331499090489620e-05  5.318331499090489620e-05
4.701246945339713434e+00  2.132851816642854096e-04  2.132851816642854096e-04
4.801246945339713079e+00  4.907640585796250706e-04  4.907640585796250706e-04
4.901246945339712724e+00  6.479031709646868725e-04  6.479031709646868725e-04
5.001246945339713257e+00  4.907640593025386615e-04  4.907640593025386615e-04
5.101246945339712902e+00  2.132852177942550582e-04  2.132852177942550582e-04
5.201246945339713434e+00  5.318432701727827835e-05  5.318432701727827835e-05
5.301246945339713079e+00  7.632982331727487780e-06  7.632982331727487780e-06
5.401246945339712724e+00  9.339642912801915454e-07  9.339642912801915454e-07
5.501246945339713257e+00  2.514277427541631164e-06  2.514277427541631164e-06
5.601246945339712902e+00  1.256168164994283425e-05  1.256168164994283425e-05
5.701246945339713434e+00  3.996465666704427359e-05  3.996465666704427359e-05
5.801246945339713079e+00  8.003304546301755770e-05  8.003304546301755770e-05
5.901246945339712724e+00  1.008789313356927490e-04  1.008789313356927490e-04
6.001246945339713257e+00  8.003304709251814219e-05  8.003304709251814219e-05
6.101246945339712902e+00  3.996469508582608778e-05  3.996469508582608778e-05
6.201246945339713434e+00  1.256188200821850477e-05  1.256188200821850477e-05
6.301246945339713079e+00  2.497988100591830053e-06  2.497988100591830053e-06
6.401246945339712724e+00  4.258082100656593382e-07  4.258082100656593382e-07
6.501246945339712369e+00  7.184798369403112854e-07  7.184798369403112854e-07
6.601246945339713790e+00  2.785336772636905059e-06  2.785336772636905059e-06
6.701246945339713434e+00  7.508289680279564507e-06  7.508289680279564507e-06
6.801246945339713079e+00  1.361593643468902252e-05  1.361593643468902252e-05
6.901246945339712724e+00  1.660416477294105858e-05  1.660416477294105858e-05
7.001246945339712369e+00  1.361593793050851422e-05  1.361593793050851422e-05
7.101246945339713790e+00  7.508295086752589549e-06  7.508295086752589549e-06
7.201246945339713434e+00  2.784715839547363872e-06  2.784715839547363872e-06
7.301246945339713079e+00  6.997268809092671489e-07  6.997268809092671489e-07
7.401246945339712724e+00  1.535065191642338402e-07  1.535065191642338402e-07
7.501246945339712369e+00  1.901180627515993287e-07  1.901180627515993287e-07
7.601246945339713790e+00  5.976781349360458362e-07  5.976781349360458362e-07
7.701246945339713434e+00  1.421513076394479194e-06  1.421513076394479194e-06
7.801246945339713079e+00  2.392933972681261383e-06  2.392933972681261383e-06
7.901246945339712724e+00  2.846615225615988245e-06  2.846615225615988245e-06
8.001246945339714145e+00  2.392934105919864588e-06  2.392934105919864588e-06
8.101246945339713790e+00  1.421488195574385240e-06  1.421488195574385240e-06
8.201246945339713434e+00  5.969447304879451904e-07  5.969447304879451904e-07
8.301246945339713079e+00  1.789390174922399563e-07  1.789390174922399563e-07
8.401246945339712724e+00  4.772781211294699483e-08  4.772781211294699483e-08
8.501246945339714145e+00  4.811826775474223270e-08  4.811826775474223270e-08
8.601246945339713790e+00  1.261172818282935912e-07  1.261172818282935912e-07
8.701246945339713434e+00  2.716196366579562372e-07  2.716196366579562372e-07
8.801246945339713079e+00  4.314769875237079499e-07  4.314769875237079499e-07
8.901246945339712724e+00  5.034731242103888470e-07  5.034731242103888470e-07
9.001246945339714145e+00  4.314759485833282595e-07  4.314759485833282595e-07
9.101246945339713790e+00  2.715896797588443359e-07  2.715896797588443359e-07
9.201246945339713434e+00  1.256431816081052588e-07  1.256431816081052588e-07
9.301246945339713079e+00  4.323795947218787016e-08  4.323795947218787016e-08
9.401246945339712724e+00  1.346179230794234506e-08  1.346179230794234506e-08
9.501246945339714145e+00  1.183680056756144856e-08  1.183680056756144856e-08
9.601246945339713790e+00  2.641020045020013945e-08  2.641020045020013945e-08
9.701246945339713434e+00  5.239056159338020753e-08  5.239056159338020753e-08
9.801246945339713079e+00  7.943372619214596361e-08  7.943372619214596361e-08
9.901246945339712724e+00  9.126706264277020343e-08  9.126706264277020343e-08
1.000124694533971415e+01  7.943246038755322209e-08  7.943246038755322209e-08
1.010124694533971379e+01  5.236992257537128976e-08  5.236992257537128976e-08
1.020124694533971343e+01  2.618311109370358814e-08  2.618311109370358814e-08
1.030124694533971308e+01  1.006957443888965347e-08  1.006957443888965347e-08
1.040124694533971272e+01  3.552153371125372503e-09  3.552153371125372503e-09
