-1.520408163263470946e+00  1.010957841543477292e-16  1.010957841543477292e-16
-1.420408163263470414e+00  1.831259473773594038e-15  1.831259473773594038e-15
-1.320408163263470769e+00  2.974201903379078493e-14  2.974201903379078493e-14
-1.220408163263470680e+00  4.305508072283878846e-13  4.305508072283878846e-13
-1.120408163263470591e+00  5.542764155589394780e-12  5.542764155589394780e-12
-1.020408163263470946e+00  6.339932749003702149e-11  6.339932749003702149e-11
-9.204081632634706356e-01  6.440752290912171539e-10  6.440752290912171539e-10
-8.204081632634707688e-01  5.810476094477492397e-09  5.810476094477492397e-09
-7.204081632634706800e-01  4.654553723277266764e-08  4.654553723277266764e-08
-6.204081632634705912e-01  3.310704748239797659e-07  3.310704748239797659e-07
-5.204081632634707244e-01  2.090891370541907537e-06  2.090891370541907537e-06
-4.204081632634706356e-01  1.172484959024066965e-05  1.172484959024066965e-05
-3.204081632634705468e-01  5.837754907110576173e-05  5.837754907110576173e-05
-2.204081632634706800e-01  2.580751017088546342e-04  2.580751017088546342e-04
-1.204081632634705912e-01  1.012995321022329854e-03  1.012995321022329854e-03
-2.040816326347072440e-02  3.530445918277141503e-03  3.530445918277141503e-03
7.959183673652936442e-02  1.092477221096989359e-02  1.092477221096989359e-02
1.795918367365294532e-01  3.001622064909978058e-02  3.001622064909978058e-02
2.795918367365293200e-01  7.322522429343916728e-02  7.322522429343916728e-02
3.795918367365294088e-01  1.586087287411810653e-01  1.586087287411810653e-01
4.795918367365292756e-01  3.050396017805061533e-01  3.050396017805061533e-01
5.795918367365293644e-01  5.208949629148555971e-01  5.208949629148555971e-01
6.795918367365294532e-01  7.897919529319215037e-01  7.897919529319215037e-01
7.795918367365295421e-01  1.063289014404008803e+00  1.063289014404008803e+00
8.795918367365296309e-01  1.271104206157461780e+00  1.271104206157461780e+00
9.795918367365292756e-01  1.349379665625567215e+00  1.349379665625567215e+00
1.079591836736529364e+00  1.272274611920432452e+00  1.272274611920432452e+00
1.179591836736529453e+00  1.065819888495663559e+00  1.065819888495663559e+00
1.279591836736529542e+00  7.940261591304317301e-01  7.940261591304317301e-01
1.379591836736529631e+00  5.272531690303876584e-01  5.272531690303876584e-01
1.479591836736529276e+00  3.139115609683322816e-01  3.139115609683322816e-01
1.579591836736529364e+00  1.702257058838151649e-01  1.702257058838151649e-01
1.679591836736529453e+00  8.754175316681601926e-02  8.754175316681601926e-02
1.779591836736529542e+00  4.663731066989972723e-02  4.663731066989972723e-02
1.879591836736529631e+00  2.910968969105592191e-02  2.910968969105592191e-02
1.979591836736529276e+00  2.228418726558354518e-02  2.228418726558354518e-02
2.079591836736529586e+00  1.924766666433586765e-02  1.924766666433586765e-02
2.179591836736529231e+00  1.698086355179376228e-02  1.698086355179376228e-02
2.279591836736529764e+00  1.453274566017325603e-02  1.453274566017325603e-02
2.379591836736529409e+00  1.184892305625278273e-02  1.184892305625278273e-02
2.479591836736529054e+00  9.166059108709510850e-03  9.166059108709510850e-03
2.579591836736529586e+00  6.738425986182362479e-03  6.738425986182362479e-03
2.679591836736529231e+00  4.732367344463578665e-03  4.732367344463578665e-03
2.779591836736528876e+00  3.204951072636641213e-03  3.204951072636641213e-03
2.879591836736529409e+00  2.124673741870454925e-03  2.124673741870454925e-03
2.979591836736529054e+00  1.408280992230476853e-03  1.408280992230476853e-03
3.079591836736529586e+00  9.563715266079905264e-04  9.563715266079905264e-04
3.179591836736529231e+00  6.784181545614504120e-04  6.784181545614504120e-04
3.279591836736529764e+00  5.050176744039496434e-04  5.050176744039496434e-04
3.379591836736529409e+00  3.899133032936370909e-04  3.899133032936370909e-04
3.479591836736529054e+00  3.060983017019627112e-04  3.060983017019627112e-04
3.579591836736529586e+00  2.398743023317993263e-04  2.398743023317993263e-04
3.679591836736529231e+00  1.853324793133614827e-04  1.853324793133614827e-04
3.779591836736529764e+00  1.403198763038799603e-04  1.403198763038799603e-04
3.879591836736529409e+00  1.040011291196701789e-04  1.040011291196701789e-04
3.979591836736529054e+00  7.567019514143432822e-05  7.567019514143432822e-05
4.079591836736529586e+00  5.435862609012438290e-05  5.435862609012438290e-05
4.179591836736529231e+00  3.885469961097068206e-05  3.885469961097068206e-05
4.279591836736529764e+00  2.787072529666013946e-05  2.787072529666013946e-05
4.379591836736529409e+00  2.021154150079898726e-05  2.021154150079898726e-05
4.479591836736529054e+00  1.488262357001440822e-05  1.488262357001440822e-05
4.579591836736529586e+00  1.112878135681340383e-05  1.112878135681340383e-05
4.679591836736529231e+00  8.420081696507998435e-06  8.420081696507998435e-06
4.779591836736529764e+00  6.408829834342457077e-06  6.408829834342457077e-06
4.879591836736529409e+00  4.878254731754880586e-06  4.878254731754880586e-06
4.979591836736529054e+00  3.696285810268171545e-06  3.696285810268171545e-06
5.079591836736529586e+00  2.780545581838278820e-06  2.780545581838278820e-06
5.179591836736529231e+00  2.075374336965884945e-06  2.075374336965884945e-06
5.279591836736529764e+00  1.538771674259502458e-06  1.538771674259502458e-06
5.379591836736529409e+00  1.136148073074456119e-06  1.136148073074456119e-06
5.479591836736529054e+00  8.379982764000423908e-07  8.379982764000423908e-07
5.579591836736529586e+00  6.193673566682455847e-07  6.193673566682455847e-07
5.679591836736529231e+00  4.598192626343129248e-07  4.598192626343129248e-07
5.779591836736529764e+00  3.432957683528326970e-07  3.432957683528326970e-07
5.879591836736529409e+00  2.576960064412016766e-07  2.576960064412016766e-07
5.979591836736529054e+00  1.942348549947813459e-07  1.942348549947813459e-07
6.079591836736529586e+00  1.467142072533114324e-07  1.467142072533114324e-07
6.179591836736529231e+00  1.108302721457126835e-07  1.108302721457126835e-07
6.279591836736529764e+00  8.359411511254936480e-08  8.359411511254936480e-08
6.379591836736529409e+00  6.289407444195950201e-08  6.289407444195950201e-08
6.479591836736529054e+00  4.719295689000093384e-08  4.719295689000093384e-08
6.579591836736528698e+00  3.533371855114642541e-08  3.533371855114642541e-08
6.679591836736530119e+00  2.642191692921284776e-08  2.642191692921284776e-08
6.779591836736529764e+00  1.975651496177300976e-08  1.975651496177300976e-08
6.879591836736529409e+00  1.478780346787216111e-08  1.478780346787216111e-08
6.979591836736529054e+00  1.108884651488794898e-08  1.108884651488794898e-08
7.079591836736528698e+00  8.333077829864739824e-09  8.333077829864739824e-09
7.179591836736530119e+00  6.274871909805023907e-09  6.274871909805023907e-09
7.279591836736529764e+00  4.732242509616756470e-09  4.732242509616756470e-09
7.379591836736529409e+00  3.571790330607047327e-09  3.571790330607047327e-09
7.479591836736529054e+00  2.696185736689731155e-09  2.696185736689731155e-09
7.579591836736528698e+00  2.034277053247361800e-09  2.034277053247361800e-09
7.679591836736530119e+00  1.533647676889893104e-09  1.533647676889893104e-09
7.779591836736529764e+00  1.155248995341021014e-09  1.155248995341021014e-09
7.879591836736529409e+00  8.696521699700177422e-10  8.696521699700177422e-10
7.979591836736529054e+00  6.544744110487253419e-10  6.544744110487253419e-10
8.079591836736529586e+00  4.926071244100889408e-10  4.926071244100889408e-10
8.179591836736531008e+00  3.709672622436931945e-10  3.709672622436931945e-10
8.279591836736528876e+00  2.795829383739572997e-10  2.795829383739572997e-10
8.379591836736530297e+00  2.108959499570387640e-10  2.108959499570387640e-10
8.479591836736528165e+00  1.592134828362641339e-10  1.592134828362641339e-10
8.579591836736529586e+00  1.202714345173528529e-10  1.202714345173528529e-10
8.679591836736531008e+00  9.088765411974727823e-11  9.088765411974727823e-11
8.779591836736528876e+00  6.869039920039781749e-11  6.869039920039781749e-11
8.879591836736530297e+00  5.190979210305774855e-11  5.190979210305774855e-11
8.979591836736528165e+00  3.922088156113498970e-11  3.922088156113498970e-11
9.079591836736531363e+00  2.962759223862537140e-11  2.962759223862537140e-11
9.179591836736531008e+00  2.237792911315660616e-11  2.237792911315660616e-11
9.279591836736530652e+00  1.690229812540085838e-11  1.690229812540085838e-11
9.379591836736530297e+00  1.276848560079262940e-11  1.276848560079262940e-11
9.479591836736529942e+00  9.648459815171786269e-12  9.648459815171786269e-12
9.579591836736531363e+00  7.293545846302476595e-12  7.293545846302476595e-12
9.679591836736531008e+00  5.515603213567207869e-12  5.515603213567207869e-12
9.779591836736530652e+00  4.172607380368346870e-12  4.172607380368346870e-12
9.879591836736530297e+00  3.157550870081167368e-12  3.157550870081167368e-12
9.979591836736529942e+00  2.389904990118066823e-12  2.389904990118066823e-12
1.007959183673653136e+01  1.809083345116557214e-12  1.809083345116557214e-12
1.017959183673653101e+01  1.369474126172116724e-12  1.369474126172116724e-12
1.027959183673653065e+01  1.036693851323503419e-12  1.036693851323503419e-12
1.037959183673653030e+01  7.847807131749539562e-13  7.847807131749539562e-13
1.047959183673652994e+01  5.941005738319026249e-13  5.941005738319026249e-13
