-1.563829784115099208e+00  1.564003238319480891e-134  1.564003238319480891e-134
-1.463829784115099120e+00  3.194322699802815278e-125  3.194322699802815278e-125
-1.363829784115099031e+00  5.057890325147039203e-115  5.057890325147039203e-115
-1.263829784115099386e+00  2.989425885383146570e-105  2.989425885383146570e-105
-1.163829784115099297e+00  6.500086518318415299e-96  6.500086518318415299e-96
-1.063829784115099208e+00  5.199433359235144866e-87  5.199433359235144866e-87
-9.638297841150991196e-01  1.530024599416310322e-78  1.530024599416310322e-78
-8.638297841150990308e-01  1.656327942673682864e-70  1.656327942673682864e-70
-7.638297841150991641e-01  6.596290320866041437e-63  6.596290320866041437e-63
-6.638297841150992973e-01  9.664039876292464666e-56  9.664039876292464666e-56
-5.638297841150992085e-01  5.208626099599325100e-49  5.208626099599325100e-49
-4.638297841150991196e-01  1.032745164928411712e-42  1.032745164928411712e-42
-3.638297841150990308e-01  7.533012291798582870e-37  7.533012291798582870e-37
-2.638297841150991641e-01  2.021388077709568290e-31  2.021388077709568290e-31
-1.638297841150990752e-01  1.995428826030605154e-26  1.995428826030605154e-26
-6.382978411509920846e-02  7.246500086798223287e-22  7.246500086798223287e-22
3.617021588490088035e-02  9.681126163074600203e-18  9.681126163074600203e-18
1.361702158849009692e-01  4.758049720528409611e-14  4.758049720528409611e-14
2.361702158849008359e-01  8.602755704806060653e-11  8.602755704806060653e-11
3.361702158849009248e-01  5.722050978176443868e-08  5.722050978176443868e-08
4.361702158849007915e-01  1.400139710364348974e-05  1.400139710364348974e-05
5.361702158849008804e-01  1.260365601469426401e-03  1.260365601469426401e-03
6.361702158849009692e-01  4.173757652584916822e-02  4.173757652584916822e-02
7.361702158849010580e-01  5.084677739605562019e-01  5.084677739605562019e-01
8.361702158849011468e-01  2.278794465178157314e+00  2.278794465178157314e+00
9.361702158849007915e-01  3.757096906295003258e+00  3.757096906295003258e+00
1.036170215884900880e+00  2.278794465419108572e+00  2.278794465419108572e+00
1.136170215884900969e+00  5.084677908540374824e-01  5.084677908540374824e-01
1.236170215884901058e+00  4.173829485514192472e-02  4.173829485514192472e-02
1.336170215884901147e+00  1.278891558116425353e-03  1.278891558116425353e-03
1.436170215884900792e+00  3.037961172354231411e-04  3.037961172354231411e-04
1.536170215884900880e+00  2.749552971891622028e-03  2.749552971891622028e-03
1.636170215884900969e+00  1.582225569460157452e-02  1.582225569460157452e-02
1.736170215884901058e+00  5.522509843496595239e-02  5.522509843496595239e-02
1.836170215884901147e+00  1.169115343214542219e-01  1.169115343214542219e-01
1.936170215884900792e+00  1.501173821496795124e-01  1.501173821496795124e-01
2.036170215884900880e+00  1.169115485461055121e-01  1.169115485461055121e-01
2.136170215884900969e+00  5.522534059079564628e-02  5.522534059079564628e-02
2.236170215884901058e+00  1.582520567586101490e-02  1.582520567586101490e-02
2.336170215884901147e+00  2.775247296966264730e-03  2.775247296966264730e-03
2.436170215884900792e+00  4.508629368135668326e-04  4.508629368135668326e-04
2.536170215884901324e+00  7.403836229468596262e-04  7.403836229468596262e-04
2.636170215884900969e+00  2.318798589969874556e-03  2.318798589969874556e-03
2.736170215884900614e+00  5.333863698830314248e-03  5.333863698830314248e-03
2.836170215884901147e+00  8.794027144893402231e-03  8.794027144893402231e-03
2.936170215884900792e+00  1.038891833596047691e-02  1.038891833596047691e-02
3.036170215884901324e+00  8.794062870921543276e-03  8.794062870921543276e-03
3.136170215884900969e+00  5.334149982382357588e-03  5.334149982382357588e-03
3.236170215884901502e+00  2.320057312454547414e-03  2.320057312454547414e-03
3.336170215884901147e+00  7.318979667379555461e-04  7.318979667379555461e-04
3.436170215884900792e+00  2.007783753294470547e-04  2.007783753294470547e-04
3.536170215884901324e+00  1.480674455537655306e-04  1.480674455537655306e-04
3.636170215884900969e+00  2.963706612126315869e-04  2.963706612126315869e-04
3.736170215884901502e+00  5.484240367889322990e-04  5.484240367889322990e-04
3.836170215884901147e+00  7.976145962234261911e-04  7.976145962234261911e-04
3.936170215884900792e+00  9.038036952615090703e-04  9.038036952615090703e-04
4.036170215884901324e+00  7.976269559840183567e-04  7.976269559840183567e-04
4.136170215884900969e+00  5.483300679072639896e-04  5.483300679072639896e-04
4.236170215884901502e+00  2.940849407483864296e-04  2.940849407483864296e-04
4.336170215884901147e+00  1.247536002599901404e-04  1.247536002599901404e-04
4.436170215884900792e+00  4.703341590009072214e-05  4.703341590009072214e-05
4.536170215884901324e+00  2.805260741640713861e-05  2.805260741640713861e-05
4.636170215884900969e+00  3.824939003877495186e-05  3.824939003877495186e-05
4.736170215884901502e+00  6.010621202954020297e-05  6.010621202954020297e-05
4.836170215884901147e+00  8.076216535093816581e-05  8.076216535093816581e-05
4.936170215884900792e+00  8.922119849564508318e-05  8.922119849564508318e-05
5.036170215884901324e+00  8.073697304555575867e-05  8.073697304555575867e-05
5.136170215884900969e+00  5.984904773739654416e-05  5.984904773739654416e-05
5.236170215884901502e+00  3.643313586950436977e-05  3.643313586950436977e-05
5.336170215884901147e+00  1.848740617635437209e-05  1.848740617635437209e-05
5.436170215884900792e+00  8.511453798660897522e-06  8.511453798660897522e-06
5.536170215884901324e+00  4.953113439188642074e-06  4.953113439188642074e-06
5.636170215884900969e+00  5.171979941327575347e-06  5.171979941327575347e-06
5.736170215884901502e+00  6.985872218225549751e-06  6.985872218225549751e-06
5.836170215884901147e+00  8.806921221014009203e-06  8.806921221014009203e-06
5.936170215884900792e+00  9.547540998947727723e-06  9.547540998947727723e-06
6.036170215884901324e+00  8.783460234667878080e-06  8.783460234667878080e-06
6.136170215884900969e+00  6.848808723031638330e-06  6.848808723031638330e-06
6.236170215884901502e+00  4.540210009111682514e-06  4.540210009111682514e-06
6.336170215884901147e+00  2.597876447994402223e-06  2.597876447994402223e-06
6.436170215884900792e+00  1.369120821027262371e-06  1.369120821027262371e-06
6.536170215884900436e+00  8.192016297334985666e-07  8.192016297334985666e-07
6.636170215884901857e+00  7.281349429101225846e-07  7.281349429101225846e-07
6.736170215884901502e+00  8.569331592852380362e-07  8.569331592852380362e-07
6.836170215884901147e+00  1.015858647640531510e-06  1.015858647640531510e-06
6.936170215884900792e+00  1.081541872159903088e-06  1.081541872159903088e-06
7.036170215884900436e+00  1.005822306795233485e-06  1.005822306795233485e-06
7.136170215884901857e+00  8.132322539994176722e-07  8.132322539994176722e-07
7.236170215884901502e+00  5.732775872263635108e-07  5.732775872263635108e-07
7.336170215884901147e+00  3.574958147582643451e-07  3.574958147582643451e-07
7.436170215884900792e+00  2.075614332522425709e-07  2.075614332522425709e-07
7.536170215884900436e+00  1.292140143959430161e-07  1.292140143959430161e-07
7.636170215884901857e+00  1.049914628803895401e-07  1.049914628803895401e-07
7.736170215884901502e+00  1.101342774753707299e-07  1.101342774753707299e-07
7.836170215884901147e+00  1.227114729262484323e-07  1.227114729262484323e-07
7.936170215884900792e+00  1.279910678142461044e-07  1.279910678142461044e-07
8.036170215884901324e+00  1.197409858637913471e-07  1.197409858637913471e-07
8.136170215884902746e+00  9.944665857446552088e-08  9.944665857446552088e-08
8.236170215884900614e+00  7.342815428889959553e-08  7.342815428889959553e-08
8.336170215884902035e+00  4.884006901661660738e-08  4.884006901661660738e-08
8.436170215884899903e+00  3.048730787283629941e-08  3.048730787283629941e-08
8.536170215884901324e+00  1.974180073362772750e-08  1.974180073362772750e-08
8.636170215884902746e+00  1.530898908595167052e-08  1.530898908595167052e-08
8.736170215884900614e+00  1.469261545957021362e-08  1.469261545957021362e-08
8.836170215884902035e+00  1.541483907088120035e-08  1.541483907088120035e-08
8.936170215884899903e+00  1.569861393387208804e-08  1.569861393387208804e-08
9.036170215884901324e+00  1.470546136340741881e-08  1.470546136340741881e-08
9.136170215884902746e+00  1.245771703753931957e-08  1.245771703753931957e-08
9.236170215884900614e+00  9.534251221108367312e-09  9.534251221108367312e-09
9.336170215884902035e+00  6.666158315503284504e-09  6.666158315503284504e-09
9.436170215884899903e+00  4.401079015234844974e-09  4.401079015234844974e-09
9.536170215884901324e+00  2.953634718555172102e-09  2.953634718555172102e-09
9.636170215884902746e+00  2.241009540811953372e-09  2.241009540811953372e-09
9.736170215884900614e+00  2.015658516526897809e-09  2.015658516526897809e-09
9.836170215884902035e+00  2.001538294925185289e-09  2.001538294925185289e-09
9.936170215884899903e+00  1.985072949706524757e-09  1.985072949706524757e-09
1.003617021588490132e+01  1.853751279634164121e-09  1.853751279634164121e-09
1.013617021588490275e+01  1.592744741650256387e-09  1.592744741650256387e-09
1.023617021588490061e+01  1.253653320868215400e-09  1.253653320868215400e-09
1.033617021588490203e+01  9.118089891464889117e-10  9.118089891464889117e-10
1.043617021588489990e+01  6.293539512598264934e-10  6.293539512598264934e-10
