-1.552631577394785189e+00  4.766724010356894351e-24  4.766724010356894351e-24
-1.452631577394785545e+00  3.135953591274523694e-22  3.135953591274523694e-22
-1.352631577394785456e+00  1.819317840898512034e-20  1.819317840898512034e-20
-1.252631577394785367e+00  8.992228380472227965e-19  8.992228380472227965e-19
-1.152631577394785722e+00  3.750782047836606289e-17  3.750782047836606289e-17
-1.052631577394785189e+00  1.316754803973372544e-15  1.316754803973372544e-15
-9.526315773947853227e-01  3.887458903706487877e-14  3.887458903706487877e-14
-8.526315773947854559e-01  9.649208625276683284e-13  9.649208625276683284e-13
-7.526315773947853671e-01  2.013463155789816514e-11  2.013463155789816514e-11
-6.526315773947852783e-01  3.531892275996932232e-10  3.531892275996932232e-10
-5.526315773947854115e-01  5.208076357225211456e-09  5.208076357225211456e-09
-4.526315773947853227e-01  6.455813981770101959e-08  6.455813981770101959e-08
-3.526315773947852339e-01  6.727092483326479620e-07  6.727092483326479620e-07
-2.526315773947853671e-01  5.892587328187577042e-06  5.892587328187577042e-06
-1.526315773947852783e-01  4.338970166273588963e-05  4.338970166273588963e-05
-5.263157739478541153e-02  2.685772379879352808e-04  2.685772379879352808e-04
4.736842260521467729e-02  1.397505787429558898e-03  1.397505787429558898e-03
1.473684226052147661e-01  6.112796381568338759e-03  6.112796381568338759e-03
2.473684226052146329e-01  2.247647758564866316e-02  2.247647758564866316e-02
3.473684226052147217e-01  6.947344138823764725e-02  6.947344138823764725e-02
4.473684226052145885e-01  1.805145022590977089e-01  1.805145022590977089e-01
5.473684226052146773e-01  3.942840013392471255e-01  3.942840013392471255e-01
6.473684226052147661e-01  7.239562874809988280e-01  7.239562874809988280e-01
7.473684226052148549e-01  1.117447954313661951e+00  1.117447954313661951e+00
8.473684226052149437e-01  1.450001229174977313e+00  1.450001229174977313e+00
9.473684226052145885e-01  1.581883230082737013e+00  1.581883230082737013e+00
1.047368422605214677e+00  1.451303659284649106e+00  1.451303659284649106e+00
1.147368422605214766e+00  1.120651923804721672e+00  1.120651923804721672e+00
1.247368422605214855e+00  7.302624032978896063e-01  7.302624032978896063e-01
1.347368422605214944e+00  4.054216545670070171e-01  4.054216545670070171e-01
1.447368422605214588e+00  1.984834376527611910e-01  1.984834376527611910e-01
1.547368422605214677e+00  9.603737741286713647e-02  9.603737741286713647e-02
1.647368422605214766e+00  5.848099102319696124e-02  5.848099102319696124e-02
1.747368422605214855e+00  5.086269117019723285e-02  5.086269117019723285e-02
1.847368422605214944e+00  5.240935000354147305e-02  5.240935000354147305e-02
1.947368422605214588e+00  5.361722973262424141e-02  5.361722973262424141e-02
2.047368422605214455e+00  5.125915240222828767e-02  5.125915240222828767e-02
2.147368422605214988e+00  4.519415508821754413e-02  4.519415508821754413e-02
2.247368422605214633e+00  3.673286903571684747e-02  3.673286903571684747e-02
2.347368422605215166e+00  2.764804312327447458e-02  2.764804312327447458e-02
2.447368422605214811e+00  1.947177870398738783e-02  1.947177870398738783e-02
2.547368422605215343e+00  1.309942293564157235e-02  1.309942293564157235e-02
2.647368422605214988e+00  8.733287429762584195e-03  8.733287429762584195e-03
2.747368422605214633e+00  6.075386366080143957e-03  6.075386366080143957e-03
2.847368422605215166e+00  4.606592641192838906e-03  4.606592641192838906e-03
2.947368422605214811e+00  3.816564265025878568e-03  3.816564265025878568e-03
3.047368422605215343e+00  3.326963075864268916e-03  3.326963075864268916e-03
3.147368422605214988e+00  2.918333894251728608e-03  2.918333894251728608e-03
3.247368422605215521e+00  2.500544434023011919e-03  2.500544434023011919e-03
3.347368422605215166e+00  2.064492538483812464e-03  2.064492538483812464e-03
3.447368422605214811e+00  1.637954309242326684e-03  1.637954309242326684e-03
3.547368422605215343e+00  1.254744897601906559e-03  1.254744897601906559e-03
3.647368422605214988e+00  9.381372535629791190e-04  9.381372535629791190e-04
3.747368422605215521e+00  6.957113722865090281e-04  6.957113722865090281e-04
3.847368422605215166e+00  5.215395045004936900e-04  5.215395045004936900e-04
3.947368422605214811e+00  4.016995145992093724e-04  4.016995145992093724e-04
4.047368422605215343e+00  3.200134903584920523e-04  3.200134903584920523e-04
4.147368422605214988e+00  2.622090186305308843e-04  2.622090186305308843e-04
4.247368422605215521e+00  2.179528885312070419e-04  2.179528885312070419e-04
4.347368422605215166e+00  1.810803025683676258e-04  1.810803025683676258e-04
4.447368422605214811e+00  1.487310914477193069e-04  1.487310914477193069e-04
4.547368422605215343e+00  1.201018320571780072e-04  1.201018320571780072e-04
4.647368422605214988e+00  9.531074037083662640e-05  9.531074037083662640e-05
4.747368422605215521e+00  7.461507169240707313e-05  7.461507169240707313e-05
4.847368422605215166e+00  5.801638171269509771e-05  5.801638171269509771e-05
4.947368422605214811e+00  4.517016120180544037e-05  4.517016120180544037e-05
5.047368422605215343e+00  3.547478657604658512e-05  3.547478657604658512e-05
5.147368422605214988e+00  2.822524446034289366e-05  2.822524446034289366e-05
5.247368422605215521e+00  2.275303979814597029e-05  2.275303979814597029e-05
5.347368422605215166e+00  1.851426686295172896e-05  1.851426686295172896e-05
5.447368422605214811e+00  1.512029052357332561e-05  1.512029052357332561e-05
5.547368422605215343e+00  1.232476498827573610e-05  1.232476498827573610e-05
5.647368422605214988e+00  9.987418340731726683e-06  9.987418340731726683e-06
5.747368422605215521e+00  8.032913957962365282e-06  8.032913957962365282e-06
5.847368422605215166e+00  6.416712552182254931e-06  6.416712552182254931e-06
5.947368422605214811e+00  5.102921991780579539e-06  5.102921991780579539e-06
6.047368422605215343e+00  4.053839790495846067e-06  4.053839790495846067e-06
6.147368422605214988e+00  3.228006562531900832e-06  3.228006562531900832e-06
6.247368422605215521e+00  2.582831602158017955e-06  2.582831602158017955e-06
6.347368422605215166e+00  2.078485213566817638e-06  2.078485213566817638e-06
6.447368422605214811e+00  1.680985951360766416e-06  1.680985951360766416e-06
6.547368422605214455e+00  1.363643177245134283e-06  1.363643177245134283e-06
6.647368422605215876e+00  1.106913023509745339e-06  1.106913023509745339e-06
6.747368422605215521e+00  8.971945963113162113e-07  8.971945963113162113e-07
6.847368422605215166e+00  7.251972125363740914e-07  7.251972125363740914e-07
6.947368422605214811e+00  5.843839022177322697e-07  5.843839022177322697e-07
7.047368422605214455e+00  4.697794524959290946e-07  4.697794524959290946e-07
7.147368422605215876e+00  3.772248173700445964e-07  3.772248173700445964e-07
7.247368422605215521e+00  3.030174133401019482e-07  3.030174133401019482e-07
7.347368422605215166e+00  2.438106035805804441e-07  2.438106035805804441e-07
7.447368422605214811e+00  1.966409618671055746e-07  1.966409618671055746e-07
7.547368422605214455e+00  1.589834079532974746e-07  1.589834079532974746e-07
7.647368422605215876e+00  1.287777756889288953e-07  1.287777756889288953e-07
7.747368422605215521e+00  1.044088775521992237e-07  1.044088775521992237e-07
7.847368422605215166e+00  8.464749799974578106e-08  8.464749799974578106e-08
7.947368422605214811e+00  6.857098267026760019e-08  6.857098267026760019e-08
8.047368422605217120e+00  5.548248599467321776e-08  5.548248599467321776e-08
8.147368422605214988e+00  4.484229752238480373e-08  4.484229752238480373e-08
8.247368422605216409e+00  3.621731684840913174e-08  3.621731684840913174e-08
8.347368422605214278e+00  2.924856541276536206e-08  2.924856541276536206e-08
8.447368422605215699e+00  2.363288344019723542e-08  2.363288344019723542e-08
8.547368422605217120e+00  1.911368650082540974e-08  1.911368650082540974e-08
8.647368422605214988e+00  1.547616845006871952e-08  1.547616845006871952e-08
8.747368422605216409e+00  1.254375010413850978e-08  1.254375010413850978e-08
8.847368422605214278e+00  1.017413133481507690e-08  1.017413133481507690e-08
8.947368422605215699e+00  8.254537541662562840e-09  8.254537541662562840e-09
9.047368422605215343e+00  6.696479848058369674e-09  6.696479848058369674e-09
9.147368422605214988e+00  5.430606415812733056e-09  5.430606415812733056e-09
9.247368422605214633e+00  4.402156437704022782e-09  4.402156437704022782e-09
9.347368422605214278e+00  3.567308275880486227e-09  3.567308275880486227e-09
9.447368422605213922e+00  2.890475165523322845e-09  2.890475165523322845e-09
9.547368422605215343e+00  2.342426131365095413e-09  2.342426131365095413e-09
9.647368422605214988e+00  1.899023023266372183e-09  1.899023023266372183e-09
9.747368422605214633e+00  1.540356303989364608e-09  1.540356303989364608e-09
9.847368422605214278e+00  1.250103917570034676e-09  1.250103917570034676e-09
9.947368422605213922e+00  1.014998645731276023e-09  1.014998645731276023e-09
1.004736842260521534e+01  8.243466489786026726e-10  8.243466489786026726e-10
1.014736842260521499e+01  6.695809154052033358e-10  6.695809154052033358e-10
1.024736842260521463e+01  5.438552122688493881e-10  5.438552122688493881e-10
1.034736842260521428e+01  4.416902455800106263e-10  4.416902455800106263e-10
1.044736842260521392e+01  3.586801431689939630e-10  3.586801431689939630e-10
