-1.563829752470361711e+00  8.188480259547643209e-09  8.188480259547643209e-09
-1.463829752470361623e+00  3.448637381322304320e-08  3.448637381322304320e-08
-1.363829752470361534e+00  1.378727126680263187e-07  1.378727126680263187e-07
-1.263829752470361889e+00  5.216937874491348075e-07  5.216937874491348075e-07
-1.163829752470361800e+00  1.865113305555142245e-06  1.865113305555142245e-06
-1.063829752470361711e+00  6.293591992116142554e-06  6.293591992116142554e-06
-9.638297524703616226e-01  2.003206210717058301e-05  2.003206210717058301e-05
-8.638297524703615338e-01  6.012030679013257128e-05  6.012030679013257128e-05
-7.638297524703616670e-01  1.700914164060600322e-04  1.700914164060600322e-04
-6.638297524703618002e-01  4.535700094921815456e-04  4.535700094921815456e-04
-5.638297524703617114e-01  1.139896282761371877e-03  1.139896282761371877e-03
-4.638297524703616226e-01  2.699718086827860696e-03  2.699718086827860696e-03
-3.638297524703615338e-01  6.025401492804180817e-03  6.025401492804180817e-03
-2.638297524703616670e-01  1.267233758560211421e-02  1.267233758560211421e-02
-1.638297524703615782e-01  2.511444829257616224e-02  2.511444829257616224e-02
-6.382975247036171140e-02  4.690108676769511736e-02  4.690108676769511736e-02
3.617024752963837742e-02  8.253408049544144753e-02  8.253408049544144753e-02
1.361702475296384662e-01  1.368598576591969207e-01  1.368598576591969207e-01
2.361702475296383330e-01  2.138528369563831577e-01  2.138528369563831577e-01
3.361702475296384218e-01  3.148887293417412248e-01  3.148887293417412248e-01
4.361702475296382886e-01  4.369318592458262818e-01  4.369318592458262818e-01
5.361702475296383774e-01  5.713501968064770287e-01  5.713501968064770287e-01
6.361702475296384662e-01  7.041255820106310237e-01  7.041255820106310237e-01
7.361702475296385551e-01  8.178969500885326926e-01  8.178969500885326926e-01
8.361702475296386439e-01  8.955972135888855545e-01  8.955972135888855545e-01
9.361702475296382886e-01  9.246882420430063698e-01  9.246882420430063698e-01
1.036170247529638377e+00  9.005579120727387199e-01  9.005579120727387199e-01
1.136170247529638466e+00  8.278120920008199546e-01  8.278120920008199546e-01
1.236170247529638555e+00  7.189589534518601166e-01  7.189589534518601166e-01
1.336170247529638644e+00  5.909938785047399445e-01  5.909938785047399445e-01
1.436170247529638289e+00  4.611566042316032621e-01  4.611566042316032621e-01
1.536170247529638377e+00  3.432990299049412108e-01  3.432990299049412108e-01
1.636170247529638466e+00  2.458589738777729183e-01  2.458589738777729183e-01
1.736170247529638555e+00  1.716762535328004713e-01  1.716762535328004713e-01
1.836170247529638644e+00  1.192081685807643149e-01  1.192081685807643149e-01
1.936170247529638289e+00  8.437073046623927430e-02  8.437073046623927430e-02
2.036170247529638377e+00  6.228607135960404634e-02  6.228607135960404634e-02
2.136170247529638466e+00  4.850768637430646207e-02  4.850768637430646207e-02
2.236170247529638555e+00  3.962321219140956668e-02  3.962321219140956668e-02
2.336170247529638644e+00  3.335981786610842104e-02  3.335981786610842104e-02
2.436170247529638289e+00  2.840101933039400686e-02  2.840101933039400686e-02
2.536170247529638822e+00  2.410141697871311800e-02  2.410141697871311800e-02
2.636170247529638466e+00  2.021760990500888477e-02  2.021760990500888477e-02
2.736170247529638111e+00  1.670641483796430141e-02  1.670641483796430141e-02
2.836170247529638644e+00  1.359689427918849176e-02  1.359689427918849176e-02
2.936170247529638289e+00  1.092180466941345199e-02  1.092180466941345199e-02
3.036170247529638822e+00  8.689135426466237933e-03  8.689135426466237933e-03
3.136170247529638466e+00  6.877050771536014767e-03  6.877050771536014767e-03
3.236170247529638999e+00  5.440293711261976958e-03  5.440293711261976958e-03
3.336170247529638644e+00  4.320468781295521386e-03  4.320468781295521386e-03
3.436170247529638289e+00  3.455903370019231587e-03  3.455903370019231587e-03
3.536170247529638822e+00  2.789054615124839532e-03  2.789054615124839532e-03
3.636170247529638466e+00  2.270900615188799383e-03  2.270900615188799383e-03
3.736170247529638999e+00  1.862622909091348400e-03  1.862622909091348400e-03
3.836170247529638644e+00  1.535301417724049561e-03  1.535301417724049561e-03
3.936170247529638289e+00  1.268434548006054305e-03  1.268434548006054305e-03
4.036170247529638822e+00  1.047988350480650709e-03  1.047988350480650709e-03
4.136170247529638466e+00  8.644763140136514342e-04  8.644763140136514342e-04
4.236170247529638999e+00  7.113561951514344112e-04  7.113561951514344112e-04
4.336170247529638644e+00  5.838515127083132280e-04  5.838515127083132280e-04
4.436170247529638289e+00  4.781835120567622523e-04  4.781835120567622523e-04
4.536170247529638822e+00  3.911340594194030046e-04  3.911340594194030046e-04
4.636170247529638466e+00  3.198389236934861429e-04  3.198389236934861429e-04
4.736170247529638999e+00  2.617183312742344748e-04  2.617183312742344748e-04
4.836170247529638644e+00  2.144730463351914528e-04  2.144730463351914528e-04
4.936170247529638289e+00  1.760989144906618194e-04  1.760989144906618194e-04
5.036170247529638822e+00  1.448944848822815283e-04  1.448944848822815283e-04
5.136170247529638466e+00  1.194522386821839424e-04  1.194522386821839424e-04
5.236170247529638999e+00  9.863377739521564044e-05  9.863377739521564044e-05
5.336170247529638644e+00  8.153407696785532966e-05  8.153407696785532966e-05
5.436170247529638289e+00  6.744111034002091352e-05  6.744111034002091352e-05
5.536170247529638822e+00  5.579626791469964077e-05  5.579626791469964077e-05
5.636170247529638466e+00  4.615924646081891284e-05  4.615924646081891284e-05
5.736170247529638999e+00  3.817922900993325156e-05  3.817922900993325156e-05
5.836170247529638644e+00  3.157267926982137567e-05  3.157267926982137567e-05
5.936170247529638289e+00  2.610708583632594099e-05  2.610708583632594099e-05
6.036170247529638822e+00  2.158949662467418080e-05  2.158949662467418080e-05
6.136170247529638466e+00  1.785857212278372304e-05  1.785857212278372304e-05
6.236170247529638999e+00  1.477901866553095892e-05  1.477901866553095892e-05
6.336170247529638644e+00  1.223751362566024092e-05  1.223751362566024092e-05
6.436170247529638289e+00  1.013950889954864977e-05  1.013950889954864977e-05
6.536170247529637933e+00  8.406539451659387159e-06  8.406539451659387159e-06
6.636170247529639354e+00  6.973843723461854392e-06  6.973843723461854392e-06
6.736170247529638999e+00  5.788218891254410514e-06  5.788218891254410514e-06
6.836170247529638644e+00  4.806096077967776316e-06  4.806096077967776316e-06
6.936170247529638289e+00  3.991844006909174053e-06  3.991844006909174053e-06
7.036170247529637933e+00  3.316309676282739456e-06  3.316309676282739456e-06
7.136170247529639354e+00  2.755594007591039153e-06  2.755594007591039153e-06
7.236170247529638999e+00  2.290047691989589423e-06  2.290047691989589423e-06
7.336170247529638644e+00  1.903462445253469634e-06  1.903462445253469634e-06
7.436170247529638289e+00  1.582427434632438922e-06  1.582427434632438922e-06
7.536170247529637933e+00  1.315819666954115215e-06  1.315819666954115215e-06
7.636170247529639354e+00  1.094399526435417955e-06  1.094399526435417955e-06
7.736170247529638999e+00  9.104870179090912671e-07  9.104870179090912671e-07
7.836170247529638644e+00  7.576993370267562809e-07  7.576993370267562809e-07
7.936170247529638289e+00  6.307352291584028372e-07  6.307352291584028372e-07
8.036170247529639710e+00  5.251956775356305548e-07  5.251956775356305548e-07
8.136170247529639354e+00  4.374335759171266887e-07  4.374335759171266887e-07
8.236170247529638999e+00  3.644272229952969287e-07  3.644272229952969287e-07
8.336170247529638644e+00  3.036738877397415441e-07  3.036738877397415441e-07
8.436170247529638289e+00  2.531005471739553505e-07  2.531005471739553505e-07
8.536170247529639710e+00  2.109893914352165925e-07  2.109893914352165925e-07
8.636170247529639354e+00  1.759159859057480240e-07  1.759159859057480240e-07
8.736170247529638999e+00  1.466981872115175185e-07  1.466981872115175185e-07
8.836170247529638644e+00  1.223540931296632260e-07  1.223540931296632260e-07
8.936170247529638289e+00  1.020674943943643677e-07  1.020674943943643677e-07
9.036170247529639710e+00  8.515949425760390210e-08  8.515949425760390210e-08
9.136170247529639354e+00  7.106516248998340057e-08  7.106516248998340057e-08
9.236170247529638999e+00  5.931428339294722512e-08  5.931428339294722512e-08
9.336170247529638644e+00  4.951543255617019339e-08  4.951543255617019339e-08
9.436170247529638289e+00  4.134276825197297939e-08  4.134276825197297939e-08
9.536170247529639710e+00  3.452504818800291511e-08  3.452504818800291511e-08
9.636170247529639354e+00  2.883648180343770207e-08  2.883648180343770207e-08
9.736170247529638999e+00  2.408910551067413092e-08  2.408910551067413092e-08
9.836170247529638644e+00  2.012642737956168223e-08  2.012642737956168223e-08
9.936170247529638289e+00  1.681813295660144125e-08  1.681813295660144125e-08
1.003617024752963971e+01  1.405567893787733526e-08  1.405567893787733526e-08
1.013617024752963935e+01  1.174862923094213253e-08  1.174862923094213253e-08
1.023617024752963900e+01  9.821610689496851194e-09  9.821610689496851194e-09
1.033617024752963864e+01  8.211784911893909528e-09  8.211784911893909528e-09
1.043617024752963829e+01  6.866748840257664997e-09  6.866748840257664997e-09
