-1.563829857681643176e+00  1.060938362268630686e-06  1.060938362268630686e-06
-1.463829857681642643e+00  3.030373560535644624e-06  3.030373560535644624e-06
-1.363829857681642999e+00  8.323300133646988281e-06  8.323300133646988281e-06
-1.263829857681642910e+00  2.195256036823804412e-05  2.195256036823804412e-05
-1.163829857681642821e+00  5.554803831194173768e-05  5.554803831194173768e-05
-1.063829857681643176e+00  1.347671392831165267e-04  1.347671392831165267e-04
-9.638298576816428653e-01  3.133689960868751585e-04  3.133689960868751585e-04
-8.638298576816429986e-01  6.981790252330673154e-04  6.981790252330673154e-04
-7.638298576816429097e-01  1.490170586338434482e-03  1.490170586338434482e-03
-6.638298576816428209e-01  3.046550535421281829e-03  3.046550535421281829e-03
-5.638298576816429541e-01  5.965485430853331716e-03  5.965485430853331716e-03
-4.638298576816428653e-01  1.118720704849202746e-02  1.118720704849202746e-02
-3.638298576816427765e-01  2.009174816841662742e-02  2.009174816841662742e-02
-2.638298576816429097e-01  3.455584621961008129e-02  3.455584621961008129e-02
-1.638298576816428209e-01  5.691478803494875310e-02  5.691478803494875310e-02
-6.382985768164295415e-02  8.976851537595814667e-02  8.976851537595814667e-02
3.617014231835713467e-02  1.355866281373038773e-01  1.355866281373038773e-01
1.361701423183572235e-01  1.961123790495446773e-01  1.961123790495446773e-01
2.361701423183570903e-01  2.716395105886089678e-01  2.716395105886089678e-01
3.361701423183571791e-01  3.603202141596515418e-01  3.603202141596515418e-01
4.361701423183570459e-01  4.577248364896228106e-01  4.577248364896228106e-01
5.361701423183571347e-01  5.568763998201829990e-01  5.568763998201829990e-01
6.361701423183572235e-01  6.489005633372001425e-01  6.489005633372001425e-01
7.361701423183573123e-01  7.242703385516515713e-01  7.242703385516515713e-01
8.361701423183574011e-01  7.744291044142094238e-01  7.744291044142094238e-01
9.361701423183570459e-01  7.934167912109848508e-01  7.934167912109848508e-01
1.036170142318357135e+00  7.790724408672237145e-01  7.790724408672237145e-01
1.136170142318357223e+00  7.334762117322854991e-01  7.334762117322854991e-01
1.236170142318357312e+00  6.625034531222816492e-01  6.625034531222816492e-01
1.336170142318357401e+00  5.746196812362934780e-01  5.746196812362934780e-01
1.436170142318357046e+00  4.792545224027365269e-01  4.792545224027365269e-01
1.536170142318357135e+00  3.851819725970866970e-01  3.851819725970866970e-01
1.636170142318357223e+00  2.992819508981938714e-01  2.992819508981938714e-01
1.736170142318357312e+00  2.258987559157880076e-01  2.258987559157880076e-01
1.836170142318357401e+00  1.668157397671092279e-01  1.668157397671092279e-01
1.936170142318357046e+00  1.217039472932913008e-01  1.217039472932913008e-01
2.036170142318357357e+00  8.882010379570083602e-02  8.882010379570083602e-02
2.136170142318357001e+00  6.573215922445123371e-02  6.573215922445123371e-02
2.236170142318357534e+00  4.991354914123006387e-02  4.991354914123006387e-02
2.336170142318357179e+00  3.913246543730213717e-02  3.913246543730213717e-02
2.436170142318356824e+00  3.163684200468111496e-02  3.163684200468111496e-02
2.536170142318357357e+00  2.618169861125530309e-02  2.618169861125530309e-02
2.636170142318357001e+00  2.196102868567093372e-02  2.196102868567093372e-02
2.736170142318356646e+00  1.849990993995801608e-02  1.849990993995801608e-02
2.836170142318357179e+00  1.554545752426177152e-02  1.554545752426177152e-02
2.936170142318356824e+00  1.297707120718003503e-02  1.297707120718003503e-02
3.036170142318357357e+00  1.074242949590727310e-02  1.074242949590727310e-02
3.136170142318357001e+00  8.817319165636966494e-03  8.817319165636966494e-03
3.236170142318357534e+00  7.183793112880493097e-03  7.183793112880493097e-03
3.336170142318357179e+00  5.820624511448242201e-03  5.820624511448242201e-03
3.436170142318356824e+00  4.701002326300604724e-03  4.701002326300604724e-03
3.536170142318357357e+00  3.793834418974082259e-03  3.793834418974082259e-03
3.636170142318357001e+00  3.066340641622204884e-03  3.066340641622204884e-03
3.736170142318357534e+00  2.486630835648980225e-03  2.486630835648980225e-03
3.836170142318357179e+00  2.025657465435814607e-03  2.025657465435814607e-03
3.936170142318356824e+00  1.658366598532835584e-03  1.658366598532835584e-03
4.036170142318357357e+00  1.364113563444247553e-03  1.364113563444247553e-03
4.136170142318357001e+00  1.126521218854014241e-03  1.126521218854014241e-03
4.236170142318357534e+00  9.329863973533792732e-04  9.329863973533792732e-04
4.336170142318357179e+00  7.740190131915262442e-04  7.740190131915262442e-04
4.436170142318356824e+00  6.425541872808903819e-04  6.425541872808903819e-04
4.536170142318357357e+00  5.333281256893528197e-04  5.333281256893528197e-04
4.636170142318357001e+00  4.423641677320871665e-04  4.423641677320871665e-04
4.736170142318357534e+00  3.665816777698745047e-04  3.665816777698745047e-04
4.836170142318357179e+00  3.035185357902590191e-04  3.035185357902590191e-04
4.936170142318356824e+00  2.511465749936436244e-04  2.511465749936436244e-04
5.036170142318357357e+00  2.077558573441466369e-04  2.077558573441466369e-04
5.136170142318357001e+00  1.718853392749744189e-04  1.718853392749744189e-04
5.236170142318357534e+00  1.422817761731205288e-04  1.422817761731205288e-04
5.336170142318357179e+00  1.178737983176256568e-04  1.178737983176256568e-04
5.436170142318356824e+00  9.775279660745020600e-05  9.775279660745020600e-05
5.536170142318357357e+00  8.115600060408403697e-05  8.115600060408403697e-05
5.636170142318357001e+00  6.744975396138281254e-05  6.744975396138281254e-05
5.736170142318357534e+00  5.611259247174126469e-05  5.611259247174126469e-05
5.836170142318357179e+00  4.671853136968833771e-05  4.671853136968833771e-05
5.936170142318356824e+00  3.892122428381896337e-05  3.892122428381896337e-05
6.036170142318357357e+00  3.243959247930068628e-05  3.243959247930068628e-05
6.136170142318357001e+00  2.704531331416202541e-05  2.704531331416202541e-05
6.236170142318357534e+00  2.255231717538037814e-05  2.255231717538037814e-05
6.336170142318357179e+00  1.880823822231860777e-05  1.880823822231860777e-05
6.436170142318356824e+00  1.568762364948886684e-05  1.568762364948886684e-05
6.536170142318356469e+00  1.308663147742766009e-05  1.308663147742766009e-05
6.636170142318357890e+00  1.091892690477093545e-05  1.091892690477093545e-05
6.736170142318357534e+00  9.112505440812373032e-06  9.112505440812373032e-06
6.836170142318357179e+00  7.607210889992685972e-06  7.607210889992685972e-06
6.936170142318356824e+00  6.352764290743406335e-06  6.352764290743406335e-06
7.036170142318356469e+00  5.307166718839908085e-06  5.307166718839908085e-06
7.136170142318357890e+00  4.435379009406875990e-06  4.435379009406875990e-06
7.236170142318357534e+00  3.708212692832846212e-06  3.708212692832846212e-06
7.336170142318357179e+00  3.101388760181425095e-06  3.101388760181425095e-06
7.436170142318356824e+00  2.594735543375767305e-06  2.594735543375767305e-06
7.536170142318356469e+00  2.171505826112712603e-06  2.171505826112712603e-06
7.636170142318357890e+00  1.817798131921637791e-06  1.817798131921637791e-06
7.736170142318357534e+00  1.522069535459105970e-06  1.522069535459105970e-06
7.836170142318357179e+00  1.274728488219857620e-06  1.274728488219857620e-06
7.936170142318356824e+00  1.067796817283840066e-06  1.067796817283840066e-06
8.036170142318358245e+00  8.946306844102892113e-07  8.946306844102892113e-07
8.136170142318357890e+00  7.496910723507032013e-07  7.496910723507032013e-07
8.236170142318357534e+00  6.283553254227889039e-07  6.283553254227889039e-07
8.336170142318357179e+00  5.267623569898041720e-07  5.267623569898041720e-07
8.436170142318356824e+00  4.416852619324483267e-07  4.416852619324483267e-07
8.536170142318358245e+00  3.704261556213639852e-07  3.704261556213639852e-07
8.636170142318357890e+00  3.107290414125100671e-07  3.107290414125100671e-07
8.736170142318357534e+00  2.607073515061638432e-07  2.607073515061638432e-07
8.836170142318357179e+00  2.187835001028776786e-07  2.187835001028776786e-07
8.936170142318356824e+00  1.836383399327003030e-07  1.836383399327003030e-07
9.036170142318358245e+00  1.541688411711727470e-07  1.541688411711727470e-07
9.136170142318357890e+00  1.294526381187061337e-07  1.294526381187061337e-07
9.236170142318357534e+00  1.087183367829711001e-07  1.087183367829711001e-07
9.336170142318357179e+00  9.132066612566246659e-08  9.132066612566246659e-08
9.436170142318356824e+00  7.671970377858000217e-08  7.671970377858000217e-08
9.536170142318358245e+00  6.446352588512784198e-08  6.446352588512784198e-08
9.636170142318357890e+00  5.417372900128822019e-08  5.417372900128822019e-08
9.736170142318357534e+00  4.553335530150707403e-08  4.553335530150707403e-08
9.836170142318357179e+00  3.827682411147544131e-08  3.827682411147544131e-08
9.936170142318356824e+00  3.218153504730722413e-08  3.218153504730722413e-08
1.003617014231835824e+01  2.706086197863833425e-08  2.706086197863833425e-08
1.013617014231835789e+01  2.275830345462962995e-08  2.275830345462962995e-08
1.023617014231835753e+01  1.914259480017135341e-08  1.914259480017135341e-08
1.033617014231835718e+01  1.610362045869442470e-08  1.610362045869442470e-08
1.043617014231835682e+01  1.354899301554977345e-08  1.354899301554977345e-08
