-1.530927834900744244e+00  4.197928663750531946e-10  4.197928663750531946e-10
-1.430927834900743711e+00  2.262352359334413170e-09  2.262352359334413170e-09
-1.330927834900744067e+00  1.143565958317327491e-08  1.143565958317327491e-08
-1.230927834900743978e+00  5.409305136713155473e-08  5.409305136713155473e-08
-1.130927834900743889e+00  2.391448131844070648e-07  2.391448131844070648e-07
-1.030927834900744244e+00  9.874652516038717239e-07  9.874652516038717239e-07
-9.309278349007439335e-01  3.806767631097811682e-06  3.806767631097811682e-06
-8.309278349007440667e-01  1.369834577966278797e-05  1.369834577966278797e-05
-7.309278349007439779e-01  4.600450383751071597e-05  4.600450383751071597e-05
-6.309278349007438891e-01  1.441846286342725401e-04  1.441846286342725401e-04
-5.309278349007440223e-01  4.216994998160662907e-04  4.216994998160662907e-04
-4.309278349007439335e-01  1.150905667202186539e-03  1.150905667202186539e-03
-3.309278349007438447e-01  2.931033153870654922e-03  2.931033153870654922e-03
-2.309278349007439779e-01  6.965318631323340684e-03  6.965318631323340684e-03
-1.309278349007438891e-01  1.544533801877400782e-02  1.544533801877400782e-02
-3.092783490074402231e-02  3.195864573645060269e-02  3.195864573645060269e-02
6.907216509925606651e-02  6.170400025090895524e-02  6.170400025090895524e-02
1.690721650992561553e-01  1.111662086041217690e-01  1.111662086041217690e-01
2.690721650992560221e-01  1.868824158541490532e-01  1.868824158541490532e-01
3.690721650992561109e-01  2.931590733393866777e-01  2.931590733393866777e-01
4.690721650992559777e-01  4.291237984994482058e-01  4.291237984994482058e-01
5.690721650992560665e-01  5.861575734615437350e-01  5.861575734615437350e-01
6.690721650992561553e-01  7.471566592009960539e-01  7.471566592009960539e-01
7.690721650992562441e-01  8.887821994682063576e-01  8.887821994682063576e-01
8.690721650992563330e-01  9.867326392310250549e-01  9.867326392310250549e-01
9.690721650992559777e-01  1.022541283750502350e+00  1.022541283750502350e+00
1.069072165099256067e+00  9.893179705645681610e-01  9.893179705645681610e-01
1.169072165099256155e+00  8.939892889520871799e-01  8.939892889520871799e-01
1.269072165099256244e+00  7.550365171262528596e-01  7.550365171262528596e-01
1.369072165099256333e+00  5.967368914490442933e-01  5.967368914490442933e-01
1.469072165099255978e+00  4.423577067557356579e-01  4.423577067557356579e-01
1.569072165099256067e+00  3.088865780459121857e-01  3.088865780459121857e-01
1.669072165099256155e+00  2.047956219802545830e-01  2.047956219802545830e-01
1.769072165099256244e+00  1.308020829660677953e-01  1.308020829660677953e-01
1.869072165099256333e+00  8.246296049503651360e-02  8.246296049503651360e-02
1.969072165099255978e+00  5.314856955035269365e-02  5.314856955035269365e-02
2.069072165099256289e+00  3.634399990227756699e-02  3.634399990227756699e-02
2.169072165099255933e+00  2.689019226696137341e-02  2.689019226696137341e-02
2.269072165099256466e+00  2.130391192147265689e-02  2.130391192147265689e-02
2.369072165099256111e+00  1.754625294066868707e-02  1.754625294066868707e-02
2.469072165099255756e+00  1.459156882676017862e-02  1.459156882676017862e-02
2.569072165099256289e+00  1.201779585925222098e-02  1.201779585925222098e-02
2.669072165099255933e+00  9.707186647357764209e-03  9.707186647357764209e-03
2.769072165099255578e+00  7.663153160682252031e-03  7.663153160682252031e-03
2.869072165099256111e+00  5.914790576480945944e-03  5.914790576480945944e-03
2.969072165099255756e+00  4.476515808252442760e-03  4.476515808252442760e-03
3.069072165099256289e+00  3.337830637441367449e-03  3.337830637441367449e-03
3.169072165099255933e+00  2.467193750131224401e-03  2.467193750131224401e-03
3.269072165099256466e+00  1.820771823567290428e-03  1.820771823567290428e-03
3.369072165099256111e+00  1.351212289102954106e-03  1.351212289102954106e-03
3.469072165099255756e+00  1.014251175404268452e-03  1.014251175404268452e-03
3.569072165099256289e+00  7.725667401894645465e-04  7.725667401894645465e-04
3.669072165099255933e+00  5.971823225569799620e-04  5.971823225569799620e-04
3.769072165099256466e+00  4.671221131583969230e-04  4.671221131583969230e-04
3.869072165099256111e+00  3.680883777332354546e-04  3.680883777332354546e-04
3.969072165099255756e+00  2.907972165432765564e-04  2.907972165432765564e-04
4.069072165099256289e+00  2.293994600087991768e-04  2.293994600087991768e-04
4.169072165099255933e+00  1.802067389208807839e-04  1.802067389208807839e-04
4.269072165099256466e+00  1.407847146363199007e-04  1.407847146363199007e-04
4.369072165099256111e+00  1.093784637156741853e-04  1.093784637156741853e-04
4.469072165099255756e+00  8.459134591067041817e-05  8.459134591067041817e-05
4.569072165099256289e+00  6.523195087149045925e-05  6.523195087149045925e-05
4.669072165099255933e+00  5.025715224444876790e-05  5.025715224444876790e-05
4.769072165099256466e+00  3.876000225149130591e-05  3.876000225149130591e-05
4.869072165099256111e+00  2.997122475344373576e-05  2.997122475344373576e-05
4.969072165099255756e+00  2.325868049768821475e-05  2.325868049768821475e-05
5.069072165099256289e+00  1.811950981471782329e-05  1.811950981471782329e-05
5.169072165099255933e+00  1.416537925838444186e-05  1.416537925838444186e-05
5.269072165099256466e+00  1.110363668321979410e-05  1.110363668321979410e-05
5.369072165099256111e+00  8.717501687597806049e-06  8.717501687597806049e-06
5.469072165099255756e+00  6.847721003352877898e-06  6.847721003352877898e-06
5.569072165099256289e+00  5.377107118251670780e-06  5.377107118251670780e-06
5.669072165099255933e+00  4.218456986075203782e-06  4.218456986075203782e-06
5.769072165099256466e+00  3.305690780396437227e-06  3.305690780396437227e-06
5.869072165099256111e+00  2.587684790813754617e-06  2.587684790813754617e-06
5.969072165099255756e+00  2.024145780954452681e-06  2.024145780954452681e-06
6.069072165099256289e+00  1.582906666756178030e-06  1.582906666756178030e-06
6.169072165099255933e+00  1.238138802845559947e-06  1.238138802845559947e-06
6.269072165099256466e+00  9.691163336510693578e-07  9.691163336510693578e-07
6.369072165099256111e+00  7.592967546875644438e-07  7.592967546875644438e-07
6.469072165099255756e+00  5.955819018956459190e-07  5.955819018956459190e-07
6.569072165099255400e+00  4.676914468957876132e-07  4.676914468957876132e-07
6.669072165099256821e+00  3.676208423238904066e-07  3.676208423238904066e-07
6.769072165099256466e+00  2.891749764478913151e-07  2.891749764478913151e-07
6.869072165099256111e+00  2.275751917453285657e-07  2.275751917453285657e-07
6.969072165099255756e+00  1.791370208089726246e-07  1.791370208089726246e-07
7.069072165099255400e+00  1.410132774781792345e-07  1.410132774781792345e-07
7.169072165099256821e+00  1.109944765459914960e-07  1.109944765459914960e-07
7.269072165099256466e+00  8.735701876226059794e-08  8.735701876226059794e-08
7.369072165099256111e+00  6.874935495213784056e-08  6.874935495213784056e-08
7.469072165099255756e+00  5.410715777981357371e-08  5.410715777981357371e-08
7.569072165099255400e+00  4.258995127593845309e-08  4.258995127593845309e-08
7.669072165099256821e+00  3.353327437640885660e-08  3.353327437640885660e-08
7.769072165099256466e+00  2.641199450614120569e-08  2.641199450614120569e-08
7.869072165099256111e+00  2.081167719501528160e-08  2.081167719501528160e-08
7.969072165099255756e+00  1.640590095911100285e-08  1.640590095911100285e-08
8.069072165099257177e+00  1.293809836518136542e-08  1.293809836518136542e-08
8.169072165099256821e+00  1.020695748751320212e-08  1.020695748751320212e-08
8.269072165099256466e+00  8.054697758317640633e-09  8.054697758317640633e-09
8.369072165099256111e+00  6.357700487019981328e-09  6.357700487019981328e-09
8.469072165099255756e+00  5.019074087547622834e-09  5.019074087547622834e-09
8.569072165099257177e+00  3.962799475614088799e-09  3.962799475614088799e-09
8.669072165099256821e+00  3.129151305634431003e-09  3.129151305634431003e-09
8.769072165099256466e+00  2.471135156414939417e-09  2.471135156414939417e-09
8.869072165099256111e+00  1.951722741486104585e-09  1.951722741486104585e-09
8.969072165099255756e+00  1.541706776953117407e-09  1.541706776953117407e-09
9.069072165099257177e+00  1.218033153956654215e-09  1.218033153956654215e-09
9.169072165099256821e+00  9.624993930904513111e-10  9.624993930904513111e-10
9.269072165099256466e+00  7.607343838300747331e-10  7.607343838300747331e-10
9.369072165099256111e+00  6.013951318775765649e-10  6.013951318775765649e-10
9.469072165099255756e+00  4.755321411483336204e-10  4.755321411483336204e-10
9.569072165099257177e+00  3.760869192793948073e-10  3.760869192793948073e-10
9.669072165099256821e+00  2.974937797538230972e-10  2.974937797538230972e-10
9.769072165099256466e+00  2.353644312124568756e-10  2.353644312124568756e-10
9.869072165099256111e+00  1.862384741170772368e-10  1.862384741170772368e-10
9.969072165099255756e+00  1.473863858391101289e-10  1.473863858391101289e-10
1.006907216509925718e+01  1.166542354610425830e-10  1.166542354610425830e-10
1.016907216509925682e+01  9.234147327843769739e-11  9.234147327843769739e-11
1.026907216509925647e+01  7.310484086294664908e-11  7.310484086294664908e-11
1.036907216509925611e+01  5.788283958772309757e-11  5.788283958772309757e-11
1.046907216509925576e+01  4.583633726352553128e-11  4.583633726352553128e-11
