-1.575268778714276952e+00  1.025250174357336431e-16  1.025250174357336431e-16
-1.475268778714276863e+00  1.791374302496178533e-15  1.791374302496178533e-15
-1.375268778714277218e+00  2.865350971108862539e-14  2.865350971108862539e-14
-1.275268778714276685e+00  4.120515347643932775e-13  4.120515347643932775e-13
-1.175268778714277040e+00  5.288695437259295757e-12  5.288695437259295757e-12
-1.075268778714276952e+00  6.040694477326081340e-11  6.040694477326081340e-11
-9.752687787142768627e-01  6.132388398844976136e-10  6.132388398844976136e-10
-8.752687787142767739e-01  5.530228402224381876e-09  5.530228402224381876e-09
-7.752687787142769071e-01  4.429155117790362988e-08  4.429155117790362988e-08
-6.752687787142770404e-01  3.150016258276823937e-07  3.150016258276823937e-07
-5.752687787142769515e-01  1.989271008971913160e-06  1.989271008971913160e-06
-4.752687787142768627e-01  1.115453936069329662e-05  1.115453936069329662e-05
-3.752687787142767739e-01  5.553657823273573213e-05  5.553657823273573213e-05
-2.752687787142769071e-01  2.455120091344996651e-04  2.455120091344996651e-04
-1.752687787142768183e-01  9.636748923091792126e-04  9.636748923091792126e-04
-7.526877871427695155e-02  3.358548000924066208e-03  3.358548000924066208e-03
2.473122128572313727e-02  1.039287000189081239e-02  1.039287000189081239e-02
1.247312212857232261e-01  2.855503142065446767e-02  2.855503142065446767e-02
2.247312212857230929e-01  6.966168436822962884e-02  6.966168436822962884e-02
3.247312212857231817e-01  1.508938169378012673e-01  1.508938169378012673e-01
4.247312212857230485e-01  2.902142334888631048e-01  2.902142334888631048e-01
5.247312212857231373e-01  4.956127854375046993e-01  4.956127854375046993e-01
6.247312212857232261e-01  7.515459651532497842e-01  7.515459651532497842e-01
7.247312212857233149e-01  1.012005042550475853e+00  1.012005042550475853e+00
8.247312212857234037e-01  1.210247551138023958e+00  1.210247551138023958e+00
9.247312212857230485e-01  1.285690340365425621e+00  1.285690340365425621e+00
1.024731221285723137e+00  1.213956204183638699e+00  1.213956204183638699e+00
1.124731221285723226e+00  1.020025310518327233e+00  1.020025310518327233e+00
1.224731221285723315e+00  7.649660984902683092e-01  7.649660984902683092e-01
1.324731221285723404e+00  5.157694971343442791e-01  5.157694971343442791e-01
1.424731221285723048e+00  3.183494596809310351e-01  3.183494596809310351e-01
1.524731221285723137e+00  1.877521354901703909e-01  1.877521354901703909e-01
1.624731221285723226e+00  1.151175532385158434e-01  1.151175532385158434e-01
1.724731221285723315e+00  8.138398545077142610e-02  8.138398545077142610e-02
1.824731221285723404e+00  6.828481686608182943e-02  6.828481686608182943e-02
1.924731221285723048e+00  6.320777360270873890e-02  6.320777360270873890e-02
2.024731221285723137e+00  5.937855989965038633e-02  5.937855989965038633e-02
2.124731221285723226e+00  5.414021798679735653e-02  5.414021798679735653e-02
2.224731221285723315e+00  4.715442974997090253e-02  4.715442974997090253e-02
2.324731221285723404e+00  3.913045483196845448e-02  3.913045483196845448e-02
2.424731221285723048e+00  3.105610749846304808e-02  3.105610749846304808e-02
2.524731221285723581e+00  2.377397112560946518e-02  2.377397112560946518e-02
2.624731221285723226e+00  1.779197042908334594e-02  1.779197042908334594e-02
2.724731221285722871e+00  1.325921308098789754e-02  1.325921308098789754e-02
2.824731221285723404e+00  1.004624947883226739e-02  1.004624947883226739e-02
2.924731221285723048e+00  7.868858538711217404e-03  7.868858538711217404e-03
3.024731221285723581e+00  6.404928615696661894e-03  6.404928615696661894e-03
3.124731221285723226e+00  5.375037550911990550e-03  5.375037550911990550e-03
3.224731221285723759e+00  4.579688952734608381e-03  4.579688952734608381e-03
3.324731221285723404e+00  3.901714872963980753e-03  3.901714872963980753e-03
3.424731221285723048e+00  3.288540999447040706e-03  3.288540999447040706e-03
3.524731221285723581e+00  2.727916253547780796e-03  2.727916253547780796e-03
3.624731221285723226e+00  2.226133516782694260e-03  2.226133516782694260e-03
3.724731221285723759e+00  1.792860783547591029e-03  1.792860783547591029e-03
3.824731221285723404e+00  1.433087309439289719e-03  1.433087309439289719e-03
3.924731221285723048e+00  1.144711284692122169e-03  1.144711284692122169e-03
4.024731221285723137e+00  9.196325476598691488e-04  9.196325476598691488e-04
4.124731221285722782e+00  7.463705283536285328e-04  7.463705283536285328e-04
4.224731221285724203e+00  6.127742382955922006e-04  6.127742382955922006e-04
4.324731221285723848e+00  5.080263437995954185e-04  5.080263437995954185e-04
4.424731221285723493e+00  4.236856602145225173e-04  4.236856602145225173e-04
4.524731221285723137e+00  3.538773559873138459e-04  3.538773559873138459e-04
4.624731221285722782e+00  2.949169921235363133e-04  2.949169921235363133e-04
4.724731221285724203e+00  2.446805660037896764e-04  2.446805660037896764e-04
4.824731221285723848e+00  2.019665998253231023e-04  2.019665998253231023e-04
4.924731221285723493e+00  1.659951315946933659e-04  1.659951315946933659e-04
5.024731221285723137e+00  1.360937826772756916e-04  1.360937826772756916e-04
5.124731221285722782e+00  1.115545695932889400e-04  1.115545695932889400e-04
5.224731221285724203e+00  9.161154423725635003e-05  9.161154423725635003e-05
5.324731221285723848e+00  7.548278131720893586e-05  7.548278131720893586e-05
5.424731221285723493e+00  6.243046664809928225e-05  6.243046664809928225e-05
5.524731221285723137e+00  5.180992981572007662e-05  5.180992981572007662e-05
5.624731221285722782e+00  4.309514536772483578e-05  4.309514536772483578e-05
5.724731221285724203e+00  3.588053891006784532e-05  3.588053891006784532e-05
5.824731221285723848e+00  2.986574158350114276e-05  2.986574158350114276e-05
5.924731221285723493e+00  2.483196358280798625e-05  2.483196358280798625e-05
6.024731221285723137e+00  2.061750045702128914e-05  2.061750045702128914e-05
6.124731221285722782e+00  1.709723941245489375e-05  1.709723941245489375e-05
6.224731221285724203e+00  1.416822711110228592e-05  1.416822711110228592e-05
6.324731221285723848e+00  1.174118739315180761e-05  1.174118739315180761e-05
6.424731221285723493e+00  9.736624426679352153e-06  9.736624426679352153e-06
6.524731221285723137e+00  8.083742645355685019e-06  8.083742645355685019e-06
6.624731221285724558e+00  6.720602502219005077e-06  6.720602502219005077e-06
6.724731221285724203e+00  5.594413368387832207e-06  5.594413368387832207e-06
6.824731221285723848e+00  4.661397260196862922e-06  4.661397260196862922e-06
6.924731221285723493e+00  3.886086867032842699e-06  3.886086867032842699e-06
7.024731221285723137e+00  3.240186979173031260e-06  3.240186979173031260e-06
7.124731221285724558e+00  2.701235752760213085e-06  2.701235752760213085e-06
7.224731221285724203e+00  2.251294202076428928e-06  2.251294202076428928e-06
7.324731221285723848e+00  1.875822140757382085e-06  1.875822140757382085e-06
7.424731221285723493e+00  1.562812304378373267e-06  1.562812304378373267e-06
7.524731221285723137e+00  1.302181615744974490e-06  1.302181615744974490e-06
7.624731221285724558e+00  1.085372996834601573e-06  1.085372996834601573e-06
7.724731221285724203e+00  9.051034523984761153e-07  9.051034523984761153e-07
7.824731221285723848e+00  7.551975348107188853e-07  7.551975348107188853e-07
7.924731221285723493e+00  6.304603978955377129e-07  6.304603978955377129e-07
8.024731221285724914e+00  5.265630420336026921e-07  5.265630420336026921e-07
8.124731221285724558e+00  4.399283077030209306e-07  4.399283077030209306e-07
8.224731221285724203e+00  3.676169565081962381e-07  3.676169565081962381e-07
8.324731221285723848e+00  3.072184804606616338e-07  3.072184804606616338e-07
8.424731221285723493e+00  2.567522740819861286e-07  2.567522740819861286e-07
8.524731221285724914e+00  2.145832223677497512e-07  2.145832223677497512e-07
8.624731221285724558e+00  1.793532225640072270e-07  1.793532225640072270e-07
8.724731221285724203e+00  1.499278213213423866e-07  1.499278213213423866e-07
8.824731221285723848e+00  1.253556054518190712e-07  1.253556054518190712e-07
8.924731221285723493e+00  1.048373602204990576e-07  1.048373602204990576e-07
9.024731221285724914e+00  8.770213096304919237e-08  8.770213096304919237e-08
9.124731221285724558e+00  7.338789277259418349e-08  7.338789277259418349e-08
9.224731221285724203e+00  6.142525485205898006e-08  6.142525485205898006e-08
9.324731221285723848e+00  5.142328553284031438e-08  5.142328553284031438e-08
9.424731221285723493e+00  4.305702683445828129e-08  4.305702683445828129e-08
9.524731221285724914e+00  3.605654804847994204e-08  3.605654804847994204e-08
9.624731221285724558e+00  3.019749878130887719e-08  3.019749878130887719e-08
9.724731221285724203e+00  2.529312189087846536e-08  2.529312189087846536e-08
9.824731221285723848e+00  2.118763525555391023e-08  2.118763525555391023e-08
9.924731221285723493e+00  1.775083358683434306e-08  1.775083358683434306e-08
1.002473122128572491e+01  1.487372350426342710e-08  1.487372350426342710e-08
1.012473122128572456e+01  1.246499535739011807e-08  1.246499535739011807e-08
1.022473122128572420e+01  1.044815033790381640e-08  1.044815033790381640e-08
1.032473122128572385e+01  8.759131957637921830e-09  8.759131957637921830e-09
1.042473122128572349e+01  7.344346809237583321e-09  7.344346809237583321e-09
