-1.541666665948044024e+00  1.919610471731092543e-08  1.919610471731092543e-08
-1.441666665948043935e+00  7.600707019788597068e-08  7.600707019788597068e-08
-1.341666665948044290e+00  2.857064440438934062e-07  2.857064440438934062e-07
-1.241666665948043757e+00  1.017686419105559134e-06  1.017686419105559134e-06
-1.141666665948044113e+00  3.431326396965866704e-06  3.431326396965866704e-06
-1.041666665948044024e+00  1.094407806759215747e-05  1.094407806759215747e-05
-9.416666659480439350e-01  3.300588757879820557e-05  3.300588757879820557e-05
-8.416666659480438462e-01  9.410024755862537017e-05  9.410024755862537017e-05
-7.416666659480439794e-01  2.535765859871074021e-04  2.535765859871074021e-04
-6.416666659480441126e-01  6.458073299913143087e-04  6.458073299913143087e-04
-5.416666659480440238e-01  1.554332478785247626e-03  1.554332478785247626e-03
-4.416666659480439350e-01  3.535195627107062116e-03  3.535195627107062116e-03
-3.416666659480438462e-01  7.598001238448013998e-03  7.598001238448013998e-03
-2.416666659480439794e-01  1.543098754690491910e-02  1.543098754690491910e-02
-1.416666659480438906e-01  2.961362689990491154e-02  2.961362689990491154e-02
-4.166666594804402379e-02  5.370198059079239750e-02  5.370198059079239750e-02
5.833333405195606503e-02  9.202142880363926858e-02  9.202142880363926858e-02
1.583333340519561538e-01  1.490007533861923972e-01  1.490007533861923972e-01
2.583333340519560206e-01  2.279772314666874411e-01  2.279772314666874411e-01
3.583333340519561094e-01  3.296119423266712922e-01  3.296119423266712922e-01
4.583333340519559762e-01  4.503298975032046791e-01  4.503298975032046791e-01
5.583333340519560650e-01  5.814162967762188661e-01  5.814162967762188661e-01
6.583333340519561538e-01  7.093992955219762253e-01  7.093992955219762253e-01
7.583333340519562427e-01  8.180309589305334583e-01  8.180309589305334583e-01
8.583333340519563315e-01  8.915952827271655945e-01  8.915952827271655945e-01
9.583333340519559762e-01  9.186559665607886283e-01  9.186559665607886283e-01
1.058333334051956065e+00  8.950207844887768660e-01  8.950207844887768660e-01
1.158333334051956154e+00  8.248641716221508657e-01  8.248641716221508657e-01
1.258333334051956243e+00  7.195912419214448574e-01  7.195912419214448574e-01
1.358333334051956331e+00  5.948633289580540495e-01  5.948633289580540495e-01
1.458333334051955976e+00  4.668460482894818409e-01  4.668460482894818409e-01
1.558333334051956065e+00  3.489044062225211129e-01  3.489044062225211129e-01
1.658333334051956154e+00  2.496320731732507292e-01  2.496320731732507292e-01
1.758333334051956243e+00  1.724841854973357402e-01  1.724841854973357402e-01
1.858333334051956331e+00  1.166990259444536104e-01  1.166990259444536104e-01
1.958333334051955976e+00  7.887463073446777939e-02  7.887463073446777939e-02
2.058333334051956065e+00  5.456563905068510800e-02  5.456563905068510800e-02
2.158333334051956154e+00  3.948332519752550257e-02  3.948332519752550257e-02
2.258333334051956243e+00  3.015862337028644979e-02  3.015862337028644979e-02
2.358333334051956331e+00  2.413914005379389632e-02  2.413914005379389632e-02
2.458333334051955976e+00  1.988825573161395396e-02  1.988825573161395396e-02
2.558333334051956509e+00  1.655466207759559785e-02  1.655466207759559785e-02
2.658333334051956154e+00  1.373025414777158393e-02  1.373025414777158393e-02
2.758333334051955799e+00  1.125550931058873910e-02  1.125550931058873910e-02
2.858333334051956331e+00  9.087711432597083208e-03  9.087711432597083208e-03
2.958333334051955976e+00  7.223958559931142193e-03  7.223958559931142193e-03
3.058333334051956509e+00  5.663137973275150956e-03  5.663137973275150956e-03
3.158333334051956154e+00  4.391840775518528021e-03  4.391840775518528021e-03
3.258333334051956687e+00  3.383032882965165185e-03  3.383032882965165185e-03
3.358333334051956331e+00  2.600267391818722722e-03  2.600267391818722722e-03
3.458333334051955976e+00  2.003276787746628360e-03  2.003276787746628360e-03
3.558333334051956509e+00  1.552838890783736015e-03  1.552838890783736015e-03
3.658333334051956154e+00  1.214091326982858583e-03  1.214091326982858583e-03
3.758333334051956687e+00  9.582124672642622831e-04  9.582124672642622831e-04
3.858333334051956331e+00  7.627669712450146520e-04  7.627669712450146520e-04
3.958333334051955976e+00  6.111534996979224935e-04  6.111534996979224935e-04
4.058333334051956953e+00  4.915817050001804623e-04  4.915817050001804623e-04
4.158333334051956598e+00  3.959159625075923928e-04  3.959159625075923928e-04
4.258333334051956243e+00  3.186071842358153996e-04  3.186071842358153996e-04
4.358333334051955887e+00  2.558260199114987870e-04  2.558260199114987870e-04
4.458333334051955532e+00  2.048285869779182817e-04  2.048285869779182817e-04
4.558333334051956953e+00  1.635342418200889469e-04  1.635342418200889469e-04
4.658333334051956598e+00  1.302701384059751146e-04  1.302701384059751146e-04
4.758333334051956243e+00  1.036319395087699328e-04  1.036319395087699328e-04
4.858333334051955887e+00  8.241610414688729986e-05  8.241610414688729986e-05
4.958333334051955532e+00  6.559016102119149812e-05  6.559016102119149812e-05
5.058333334051956953e+00  5.227889656601111286e-05  5.227889656601111286e-05
5.158333334051956598e+00  4.175404865038408924e-05  4.175404865038408924e-05
5.258333334051956243e+00  3.342202978421881230e-05  3.342202978421881230e-05
5.358333334051955887e+00  2.680848106733024639e-05  2.680848106733024639e-05
5.458333334051955532e+00  2.154062015858353087e-05  2.154062015858353087e-05
5.558333334051956953e+00  1.732906443036207668e-05  1.732906443036207668e-05
5.658333334051956598e+00  1.395069342079009408e-05  1.395069342079009408e-05
5.758333334051956243e+00  1.123362534380227280e-05  1.123362534380227280e-05
5.858333334051955887e+00  9.044822226235925931e-06  9.044822226235925931e-06
5.958333334051955532e+00  7.280370371652444901e-06  7.280370371652444901e-06
6.058333334051956953e+00  5.858169551437706246e-06  5.858169551437706246e-06
6.158333334051956598e+00  4.712604795021462249e-06  4.712604795021462249e-06
6.258333334051956243e+00  3.790736233992983092e-06  3.790736233992983092e-06
6.358333334051955887e+00  3.049582679961009646e-06  3.049582679961009646e-06
6.458333334051955532e+00  2.454154450458000335e-06  2.454154450458000335e-06
6.558333334051955177e+00  1.975981002321507156e-06  1.975981002321507156e-06
6.658333334051956598e+00  1.591960769093060604e-06  1.591960769093060604e-06
6.758333334051956243e+00  1.283425338422544584e-06  1.283425338422544584e-06
6.858333334051955887e+00  1.035355748111551760e-06  1.035355748111551760e-06
6.958333334051955532e+00  8.357173660437828113e-07  8.357173660437828113e-07
7.058333334051955177e+00  6.748955571912831921e-07  6.748955571912831921e-07
7.158333334051956598e+00  5.452214264174210053e-07  5.452214264174210053e-07
7.258333334051956243e+00  4.405790418325168743e-07  4.405790418325168743e-07
7.358333334051955887e+00  3.560853904279143883e-07  3.560853904279143883e-07
7.458333334051955532e+00  2.878335987347961379e-07  2.878335987347961379e-07
7.558333334051955177e+00  2.326895484468963591e-07  2.326895484468963591e-07
7.658333334051956598e+00  1.881322358541147107e-07  1.881322358541147107e-07
7.758333334051956243e+00  1.521290279342052807e-07  1.521290279342052807e-07
7.858333334051955887e+00  1.230381633352181084e-07  1.230381633352181084e-07
7.958333334051955532e+00  9.953220683224117150e-08  9.953220683224117150e-08
8.058333334051956953e+00  8.053750120999133206e-08  8.053750120999133206e-08
8.158333334051956598e+00  6.518584479429730007e-08  6.518584479429730007e-08
8.258333334051956243e+00  5.277559424229438851e-08  5.277559424229438851e-08
8.358333334051955887e+00  4.274013980516531854e-08  4.274013980516531854e-08
8.458333334051955532e+00  3.462224615685008992e-08  3.462224615685008992e-08
8.558333334051956953e+00  2.805313440546855022e-08  2.805313440546855022e-08
8.658333334051956598e+00  2.273544215452746646e-08  2.273544215452746646e-08
8.758333334051956243e+00  1.842937636372477840e-08  1.842937636372477840e-08
8.858333334051955887e+00  1.494149822281778836e-08  1.494149822281778836e-08
8.958333334051955532e+00  1.211567149965914726e-08  1.211567149965914726e-08
9.058333334051956953e+00  9.825779327055885603e-09  9.825779327055885603e-09
9.158333334051956598e+00  7.969876720307429590e-09  7.969876720307429590e-09
9.258333334051956243e+00  6.465500879140691535e-09  6.465500879140691535e-09
9.358333334051955887e+00  5.245909847444296961e-09  5.245909847444296961e-09
9.458333334051955532e+00  4.257062642396142837e-09  4.257062642396142837e-09
9.558333334051956953e+00  3.455190493864349437e-09  3.455190493864349437e-09
9.658333334051956598e+00  2.804839441729609010e-09  2.804839441729609010e-09
9.758333334051956243e+00  2.277289562843545651e-09  2.277289562843545651e-09
9.858333334051955887e+00  1.849276117623967874e-09  1.849276117623967874e-09
9.958333334051955532e+00  1.501953645044286188e-09  1.501953645044286188e-09
1.005833333405195695e+01  1.220056267373733560e-09  1.220056267373733560e-09
1.015833333405195660e+01  9.912169280820713099e-10  9.912169280820713099e-10
1.025833333405195624e+01  8.054156206739266123e-10  8.054156206739266123e-10
1.035833333405195589e+01  6.545323978058753558e-10  6.545323978058753558e-10
1.045833333405195553e+01  5.319854842987366339e-10  5.319854842987366339e-10
