-1.530927834958592193e+00  2.144359427723032163e-12  2.144359427723032163e-12
-1.430927834958592104e+00  1.756902937584623157e-11  1.756902937584623157e-11
-1.330927834958592015e+00  1.330547617334028854e-10  1.330547617334028854e-10
-1.230927834958592371e+00  9.277458021319358457e-10  9.277458021319358457e-10
-1.130927834958592282e+00  5.944514048024634203e-09  5.944514048024634203e-09
-1.030927834958592193e+00  3.496915106963627810e-08  3.496915106963627810e-08
-9.309278349585921042e-01  1.887682815099727562e-07  1.887682815099727562e-07
-8.309278349585920154e-01  9.348474728685075335e-07  9.348474728685075335e-07
-7.309278349585921486e-01  4.246808622068074218e-06  4.246808622068074218e-06
-6.309278349585922818e-01  1.769550748688351600e-05  1.769550748688351600e-05
-5.309278349585921930e-01  6.762756103589758437e-05  6.762756103589758437e-05
-4.309278349585921042e-01  2.370469269933747278e-04  2.370469269933747278e-04
-3.309278349585920154e-01  7.620590886490269649e-04  7.620590886490269649e-04
-2.309278349585921486e-01  2.246896145559630284e-03  2.246896145559630284e-03
-1.309278349585920598e-01  6.075964850376437340e-03  6.075964850376437340e-03
-3.092783495859219300e-02  1.506899530112479346e-02  1.506899530112479346e-02
6.907216504140789581e-02  3.427597275553654482e-02  3.427597275553654482e-02
1.690721650414079846e-01  7.150428553364020223e-02  7.150428553364020223e-02
2.690721650414078514e-01  1.368082398973218261e-01  1.368082398973218261e-01
3.690721650414079402e-01  2.400670049474940837e-01  2.400670049474940837e-01
4.690721650414078070e-01  3.863637795616193804e-01  3.863637795616193804e-01
5.690721650414078958e-01  5.703090183898672505e-01  5.703090183898672505e-01
6.690721650414079846e-01  7.721193627407344495e-01  7.721193627407344495e-01
7.690721650414080734e-01  9.588199189528330280e-01  9.588199189528330280e-01
8.690721650414081623e-01  1.092194154008519380e+00  1.092194154008519380e+00
9.690721650414078070e-01  1.141380506237248182e+00  1.141380506237248182e+00
1.069072165041407896e+00  1.094551638738257893e+00  1.094551638738257893e+00
1.169072165041407985e+00  9.636591111570408374e-01  9.636591111570408374e-01
1.269072165041408073e+00  7.796494767202125642e-01  7.796494767202125642e-01
1.369072165041408162e+00  5.807527504437600685e-01  5.807527504437600685e-01
1.469072165041407807e+00  3.998670549205650127e-01  3.998670549205650127e-01
1.569072165041407896e+00  2.566087732447471792e-01  2.566087732447471792e-01
1.669072165041407985e+00  1.561314267154949309e-01  1.561314267154949309e-01
1.769072165041408073e+00  9.308671411362824666e-02  9.308671411362824666e-02
1.869072165041408162e+00  5.735248395946700162e-02  5.735248395946700162e-02
1.969072165041407807e+00  3.870426554803979569e-02  3.870426554803979569e-02
2.069072165041407896e+00  2.927470105383146032e-02  2.927470105383146032e-02
2.169072165041407985e+00  2.407818804287635561e-02  2.407818804287635561e-02
2.269072165041408073e+00  2.047108121467406533e-02  2.047108121467406533e-02
2.369072165041408162e+00  1.732130610200970089e-02  1.732130610200970089e-02
2.469072165041407807e+00  1.430511324172803293e-02  1.430511324172803293e-02
2.569072165041408340e+00  1.144705300611231595e-02  1.144705300611231595e-02
2.669072165041407985e+00  8.868271978667722003e-03  8.868271978667722003e-03
2.769072165041407629e+00  6.671121144951010738e-03  6.671121144951010738e-03
2.869072165041408162e+00  4.900648374567068838e-03  4.900648374567068838e-03
2.969072165041407807e+00  3.544889351224584425e-03  3.544889351224584425e-03
3.069072165041408340e+00  2.551646248571815337e-03  2.551646248571815337e-03
3.169072165041407985e+00  1.848992059342538736e-03  1.848992059342538736e-03
3.269072165041408518e+00  1.362647031665611356e-03  1.362647031665611356e-03
3.369072165041408162e+00  1.027387963496118875e-03  1.027387963496118875e-03
3.469072165041407807e+00  7.923551906919504154e-04  7.923551906919504154e-04
3.569072165041408340e+00  6.216439529707246418e-04  6.216439529707246418e-04
3.669072165041407985e+00  4.920747771986226302e-04  4.920747771986226302e-04
3.769072165041408518e+00  3.898467285290009143e-04  3.898467285290009143e-04
3.869072165041408162e+00  3.072515966977732533e-04  3.072515966977732533e-04
3.969072165041407807e+00  2.400599115360212111e-04  2.400599115360212111e-04
4.069072165041408340e+00  1.857486886065434610e-04  1.857486886065434610e-04
4.169072165041407985e+00  1.424769089270100961e-04  1.424769089270100961e-04
4.269072165041408518e+00  1.086049434184171102e-04  1.086049434184171102e-04
4.369072165041408162e+00  8.254628094403262408e-05  8.254628094403262408e-05
4.469072165041407807e+00  6.278292374815644112e-05  6.278292374815644112e-05
4.569072165041408340e+00  4.793309305593394711e-05  4.793309305593394711e-05
4.669072165041407985e+00  3.681102764148364248e-05  3.681102764148364248e-05
4.769072165041408518e+00  2.845560666064683242e-05  2.845560666064683242e-05
4.869072165041408162e+00  2.212669800945843131e-05  2.212669800945843131e-05
4.969072165041407807e+00  1.727846552136217393e-05  1.727846552136217393e-05
5.069072165041408340e+00  1.352130596993907365e-05  1.352130596993907365e-05
5.169072165041407985e+00  1.058222478220998411e-05  1.058222478220998411e-05
5.269072165041408518e+00  8.269978242112065923e-06  8.269978242112065923e-06
5.369072165041408162e+00  6.447879334745258892e-06  6.447879334745258892e-06
5.469072165041407807e+00  5.014593573497273247e-06  5.014593573497273247e-06
5.569072165041408340e+00  3.891741264248070664e-06  3.891741264248070664e-06
5.669072165041407985e+00  3.016524356326451250e-06  3.016524356326451250e-06
5.769072165041408518e+00  2.337618258564895826e-06  2.337618258564895826e-06
5.869072165041408162e+00  1.812917237670488616e-06  1.812917237670488616e-06
5.969072165041407807e+00  1.408169030835669171e-06  1.408169030835669171e-06
6.069072165041408340e+00  1.095940075049511788e-06  1.095940075049511788e-06
6.169072165041407985e+00  8.546540119268602816e-07  8.546540119268602816e-07
6.269072165041408518e+00  6.676331167682425024e-07  6.676331167682425024e-07
6.369072165041408162e+00  5.221646815953806746e-07  5.221646815953806746e-07
6.469072165041407807e+00  4.086423446237912377e-07  4.086423446237912377e-07
6.569072165041407452e+00  3.198247438899815023e-07  3.198247438899815023e-07
6.669072165041408873e+00  2.502325034936999943e-07  2.502325034936999943e-07
6.769072165041408518e+00  1.956829615268758644e-07  1.956829615268758644e-07
6.869072165041408162e+00  1.529466454794939519e-07  1.529466454794939519e-07
6.969072165041407807e+00  1.195017968689293658e-07  1.195017968689293658e-07
7.069072165041407452e+00  9.336200243310313277e-08  9.336200243310313277e-08
7.169072165041408873e+00  7.295492095893545735e-08  7.295492095893545735e-08
7.269072165041408518e+00  5.703495427026748705e-08  5.703495427026748705e-08
7.369072165041408162e+00  4.461781143853518061e-08  4.461781143853518061e-08
7.469072165041407807e+00  3.492926327875759905e-08  3.492926327875759905e-08
7.569072165041407452e+00  2.736358231020651565e-08  2.736358231020651565e-08
7.669072165041408873e+00  2.144922163903363421e-08  2.144922163903363421e-08
7.769072165041408518e+00  1.682043036808959803e-08  1.682043036808959803e-08
7.869072165041408162e+00  1.319402570065469242e-08  1.319402570065469242e-08
7.969072165041407807e+00  1.035070958637526618e-08  1.035070958637526618e-08
8.069072165041408340e+00  8.120328752379149114e-09  8.120328752379149114e-09
8.169072165041409761e+00  6.370453677509596074e-09  6.370453677509596074e-09
8.269072165041407629e+00  4.997653734100136884e-09  4.997653734100136884e-09
8.369072165041409050e+00  3.920888439083685063e-09  3.920888439083685063e-09
8.469072165041406919e+00  3.076510921023890492e-09  3.076510921023890492e-09
8.569072165041408340e+00  2.414472847877302260e-09  2.414472847877302260e-09
8.669072165041409761e+00  1.895414055036207498e-09  1.895414055036207498e-09
8.769072165041407629e+00  1.488403563883328309e-09  1.488403563883328309e-09
8.869072165041409050e+00  1.169165854638721680e-09  1.169165854638721680e-09
8.969072165041406919e+00  9.186761332434109602e-10  9.186761332434109602e-10
9.069072165041408340e+00  7.220429279318987943e-10  7.220429279318987943e-10
9.169072165041409761e+00  5.676190876681292871e-10  5.676190876681292871e-10
9.269072165041407629e+00  4.462967326264259458e-10  4.462967326264259458e-10
9.369072165041409050e+00  3.509509880930437460e-10  3.509509880930437460e-10
9.469072165041406919e+00  2.760036533010214023e-10  2.760036533010214023e-10
9.569072165041408340e+00  2.170827342774340798e-10  2.170827342774340798e-10
9.669072165041409761e+00  1.707577709358733653e-10  1.707577709358733653e-10
9.769072165041407629e+00  1.343344402179137987e-10  1.343344402179137987e-10
9.869072165041409050e+00  1.056951001505168565e-10  1.056951001505168565e-10
9.969072165041406919e+00  8.317473263384717774e-11  8.317473263384717774e-11
1.006907216504140834e+01  6.546410868860874987e-11  6.546410868860874987e-11
1.016907216504140976e+01  5.153392761297437409e-11  5.153392761297437409e-11
1.026907216504140763e+01  4.057519523960810482e-11  4.057519523960810482e-11
1.036907216504140905e+01  3.195225838821424187e-11  3.195225838821424187e-11
1.046907216504140692e+01  2.516576922166070909e-11  2.516576922166070909e-11
