-1.623591619544175302e+00  3.284324382114096163e-07  3.284324382114096163e-07
-1.523591619544175213e+00  1.018597171334063320e-06  1.018597171334063320e-06
-1.423591619544175124e+00  3.038365026101585480e-06  3.038365026101585480e-06
-1.323591619544175479e+00  8.692499127427029230e-06  8.692499127427029230e-06
-1.223591619544175391e+00  2.380805797366865445e-05  2.380805797366865445e-05
-1.123591619544175302e+00  6.235338284647915961e-05  6.235338284647915961e-05
-1.023591619544175213e+00  1.560315969665397563e-04  1.560315969665397563e-04
-9.235916195441751242e-01  3.728688914331108623e-04  3.728688914331108623e-04
-8.235916195441752574e-01  8.506287000542090207e-04  8.506287000542090207e-04
-7.235916195441753906e-01  1.852091218778501762e-03  1.852091218778501762e-03
-6.235916195441753018e-01  3.848166614193596242e-03  3.848166614193596242e-03
-5.235916195441752130e-01  7.628991601763496569e-03  7.628991601763496569e-03
-4.235916195441751242e-01  1.443011821437978522e-02  1.443011821437978522e-02
-3.235916195441752574e-01  2.603997130118668873e-02  2.603997130118668873e-02
-2.235916195441751686e-01  4.482963490339919588e-02  4.482963490339919588e-02
-1.235916195441753018e-01  7.362687113932235572e-02  7.362687113932235572e-02
-2.359161954417521301e-02  1.153589992210893866e-01  1.153589992210893866e-01
7.640838045582487581e-02  1.724300907783358483e-01  1.724300907783358483e-01
1.764083804558247426e-01  2.458831240091088888e-01  2.458831240091088888e-01
2.764083804558248314e-01  3.345124206145040358e-01  3.345124206145040358e-01
3.764083804558246982e-01  4.341954382899634313e-01  4.341954382899634313e-01
4.764083804558247870e-01  5.377495298933230305e-01  5.377495298933230305e-01
5.764083804558248758e-01  6.355415900302545662e-01  6.355415900302545662e-01
6.764083804558249646e-01  7.168798507208592463e-01  7.168798507208592463e-01
7.764083804558250534e-01  7.719497903509267012e-01  7.719497903509267012e-01
8.764083804558246982e-01  7.938213918412080350e-01  7.938213918412080350e-01
9.764083804558247870e-01  7.799612508454221160e-01  7.799612508454221160e-01
1.076408380455824876e+00  7.327907679706644473e-01  7.327907679706644473e-01
1.176408380455824965e+00  6.591155529078883690e-01  6.591155529078883690e-01
1.276408380455825053e+00  5.686045817664125979e-01  5.686045817664125979e-01
1.376408380455824698e+00  4.717807443967772518e-01  4.717807443967772518e-01
1.476408380455824787e+00  3.780907221926282924e-01  3.780907221926282924e-01
1.576408380455824876e+00  2.945266422686927399e-01  2.945266422686927399e-01
1.676408380455824965e+00  2.250355093659902606e-01  2.250355093659902606e-01
1.776408380455825053e+00  1.706838129031599260e-01  1.706838129031599260e-01
1.876408380455824698e+00  1.303454307911323662e-01  1.303454307911323662e-01
1.976408380455824787e+00  1.016034640548614393e-01  1.016034640548614393e-01
2.076408380455824876e+00  8.159414591402729122e-02  8.159414591402729122e-02
2.176408380455824965e+00  6.762623720860018450e-02  6.762623720860018450e-02
2.276408380455825053e+00  5.752573245938409630e-02  5.752573245938409630e-02
2.376408380455824698e+00  4.974245833882894735e-02  4.974245833882894735e-02
2.476408380455825231e+00  4.329706880799320812e-02  4.329706880799320812e-02
2.576408380455824876e+00  3.765009059064719499e-02  3.765009059064719499e-02
2.676408380455824521e+00  3.255524435037340791e-02  3.255524435037340791e-02
2.776408380455825053e+00  2.793330824193503842e-02  2.793330824193503842e-02
2.876408380455824698e+00  2.378068181836997391e-02  2.378068181836997391e-02
2.976408380455825231e+00  2.011253462893530103e-02  2.011253462893530103e-02
3.076408380455824876e+00  1.693356498089777090e-02  1.693356498089777090e-02
3.176408380455825409e+00  1.422764297505243677e-02  1.422764297505243677e-02
3.276408380455825053e+00  1.195856158626396742e-02  1.195856158626396742e-02
3.376408380455824698e+00  1.007605520585526035e-02  1.007605520585526035e-02
3.476408380455825231e+00  8.523226379972241237e-03  8.523226379972241237e-03
3.576408380455824876e+00  7.243159701960500893e-03  7.243159701960500893e-03
3.676408380455825409e+00  6.183705649381241766e-03  6.183705649381241766e-03
3.776408380455825053e+00  5.300219733946198199e-03  5.300219733946198199e-03
3.876408380455824698e+00  4.556515107791043150e-03  4.556515107791043150e-03
3.976408380455825231e+00  3.924507432433434369e-03  3.924507432433434369e-03
4.076408380455824876e+00  3.383073902679509595e-03  3.383073902679509595e-03
4.176408380455825409e+00  2.916581318248792458e-03  2.916581318248792458e-03
4.276408380455825053e+00  2.513417742565925411e-03  2.513417742565925411e-03
4.376408380455824698e+00  2.164731351350033303e-03  2.164731351350033303e-03
4.476408380455825231e+00  1.863466093267768112e-03  1.863466093267768112e-03
4.576408380455824876e+00  1.603700252981766832e-03  1.603700252981766832e-03
4.676408380455825409e+00  1.380243450761243400e-03  1.380243450761243400e-03
4.776408380455825053e+00  1.188425506169734714e-03  1.188425506169734714e-03
4.876408380455824698e+00  1.024009069647623593e-03  1.024009069647623593e-03
4.976408380455825231e+00  8.831686351497206175e-04  8.831686351497206175e-04
5.076408380455824876e+00  7.624944248044381078e-04  7.624944248044381078e-04
5.176408380455825409e+00  6.589956784007368470e-04  6.589956784007368470e-04
5.276408380455825053e+00  5.700911901144286491e-04  5.700911901144286491e-04
5.376408380455824698e+00  4.935843505433130550e-04  4.935843505433130550e-04
5.476408380455825231e+00  4.276255095090910046e-04  4.276255095090910046e-04
5.576408380455824876e+00  3.706668823698060374e-04  3.706668823698060374e-04
5.676408380455825409e+00  3.214154417239818533e-04  3.214154417239818533e-04
5.776408380455825053e+00  2.787882013211514013e-04  2.787882013211514013e-04
5.876408380455824698e+00  2.418727616405980476e-04  2.418727616405980476e-04
5.976408380455825231e+00  2.098944620275346325e-04  2.098944620275346325e-04
6.076408380455824876e+00  1.821902614015111568e-04  1.821902614015111568e-04
6.176408380455825409e+00  1.581886570470223102e-04  1.581886570470223102e-04
6.276408380455825053e+00  1.373945352173245812e-04  1.373945352173245812e-04
6.376408380455824698e+00  1.193777470153847229e-04  1.193777470153847229e-04
6.476408380455824343e+00  1.037643128752249733e-04  1.037643128752249733e-04
6.576408380455825764e+00  9.022937868858588021e-05  9.022937868858588021e-05
6.676408380455825409e+00  7.849129707231065748e-05  7.849129707231065748e-05
6.776408380455825053e+00  6.830643594196635646e-05  6.830643594196635646e-05
6.876408380455824698e+00  5.946449597919553794e-05  5.946449597919553794e-05
6.976408380455824343e+00  5.178424091077368162e-05  5.178424091077368162e-05
7.076408380455825764e+00  4.510961485415697293e-05  4.510961485415697293e-05
7.176408380455825409e+00  3.930625113961883885e-05  3.930625113961883885e-05
7.276408380455825053e+00  3.425838067395983250e-05  3.425838067395983250e-05
7.376408380455824698e+00  2.986613744410297899e-05  2.986613744410297899e-05
7.476408380455824343e+00  2.604324362229192737e-05  2.604324362229192737e-05
7.576408380455825764e+00  2.271504302184915676e-05  2.271504302184915676e-05
7.676408380455825409e+00  1.981684244361230451e-05  1.981684244361230451e-05
7.776408380455825053e+00  1.729251655033584701e-05  1.729251655033584701e-05
7.876408380455824698e+00  1.509333266658484205e-05  1.509333266658484205e-05
7.976408380455826119e+00  1.317695597821026278e-05  1.317695597821026278e-05
8.076408380455825764e+00  1.150660150329380113e-05  1.150660150329380113e-05
8.176408380455825409e+00  1.005030562996039489e-05  1.005030562996039489e-05
8.276408380455825053e+00  8.780296034537623075e-06  8.780296034537623075e-06
8.376408380455824698e+00  7.672443868016579725e-06  7.672443868016579725e-06
8.476408380455826119e+00  6.705786028619429219e-06  6.705786028619429219e-06
8.576408380455825764e+00  5.862108164713704592e-06  5.862108164713704592e-06
8.676408380455825409e+00  5.125580958263317407e-06  5.125580958263317407e-06
8.776408380455825053e+00  4.482443463590383093e-06  4.482443463590383093e-06
8.876408380455824698e+00  3.920728053529049594e-06  3.920728053529049594e-06
8.976408380455826119e+00  3.430022048349773490e-06  3.430022048349773490e-06
9.076408380455825764e+00  3.001261510226604919e-06  3.001261510226604919e-06
9.176408380455825409e+00  2.626553061422004795e-06  2.626553061422004795e-06
9.276408380455825053e+00  2.299019967339425202e-06  2.299019967339425202e-06
9.376408380455824698e+00  2.012669124746867100e-06  2.012669124746867100e-06
9.476408380455826119e+00  1.762276001562209358e-06  1.762276001562209358e-06
9.576408380455825764e+00  1.543284971167934783e-06  1.543284971167934783e-06
9.676408380455825409e+00  1.351722854967272464e-06  1.351722854967272464e-06
9.776408380455825053e+00  1.184123819692734806e-06  1.184123819692734806e-06
9.876408380455824698e+00  1.037464064401325797e-06  1.037464064401325797e-06
9.976408380455826119e+00  9.091049750893026328e-07  9.091049750893026328e-07
1.007640838045582576e+01  7.967436254894537470e-07  7.967436254894537470e-07
1.017640838045582541e+01  6.983696664389809978e-07  6.983696664389809978e-07
1.027640838045582505e+01  6.122277798104353142e-07  6.122277798104353142e-07
1.037640838045582470e+01  5.367849828467337722e-07  5.367849828467337722e-07
