-1.520408164805215456e+00  1.922191989284324421e-08  1.922191989284324421e-08
-1.420408164805215367e+00  7.658157493480952267e-08  7.658157493480952267e-08
-1.320408164805215279e+00  2.889976434400541899e-07  2.889976434400541899e-07
-1.220408164805215634e+00  1.032019823436511910e-06  1.032019823436511910e-06
-1.120408164805215545e+00  3.485454091046243694e-06  3.485454091046243694e-06
-1.020408164805215456e+00  1.112913027083682344e-05  1.112913027083682344e-05
-9.204081648052153675e-01  3.358955254964141057e-05  3.358955254964141057e-05
-8.204081648052152786e-01  9.581489593362918044e-05  9.581489593362918044e-05
-7.204081648052154119e-01  2.582931277222617374e-04  2.582931277222617374e-04
-6.204081648052155451e-01  6.579932010339540780e-04  6.579932010339540780e-04
-5.204081648052154563e-01  1.583960152360683240e-03  1.583960152360683240e-03
-4.204081648052153675e-01  3.603063560375801850e-03  3.603063560375801850e-03
-3.204081648052152786e-01  7.744585890256316593e-03  7.744585890256316593e-03
-2.204081648052154119e-01  1.572964937592243734e-02  1.572964937592243734e-02
-1.204081648052153231e-01  3.018783259679523948e-02  3.018783259679523948e-02
-2.040816480521545628e-02  5.474387048509925247e-02  5.474387048509925247e-02
7.959183519478463253e-02  9.380571645045929219e-02  9.380571645045929219e-02
1.795918351947847214e-01  1.518846153163534995e-01  1.518846153163534995e-01
2.795918351947845881e-01  2.323754885932670933e-01  2.323754885932670933e-01
3.795918351947846769e-01  3.359397622455684296e-01  3.359397622455684296e-01
4.795918351947845437e-01  4.589137927679499129e-01  4.589137927679499129e-01
5.795918351947846325e-01  5.923871601987500402e-01  5.923871601987500402e-01
6.795918351947847214e-01  7.225941706370965223e-01  7.225941706370965223e-01
7.795918351947848102e-01  8.329367162566145844e-01  8.329367162566145844e-01
8.795918351947848990e-01  9.073619526418740255e-01  9.073619526418740255e-01
9.795918351947845437e-01  9.341894184957978409e-01  9.341894184957978409e-01
1.079591835194784633e+00  9.091393513675283256e-01  9.091393513675283256e-01
1.179591835194784721e+00  8.364818089100374277e-01  8.364818089100374277e-01
1.279591835194784810e+00  7.278805833425666671e-01  7.278805833425666671e-01
1.379591835194784899e+00  5.993596448852270830e-01  5.993596448852270830e-01
1.479591835194784544e+00  4.674738690302333022e-01  4.674738690302333022e-01
1.579591835194784633e+00  3.459330077585666685e-01  3.459330077585666685e-01
1.679591835194784721e+00  2.435841778383417144e-01  2.435841778383417144e-01
1.779591835194784810e+00  1.640284908471585368e-01  1.640284908471585368e-01
1.879591835194784899e+00  1.065521261529062819e-01  1.065521261529062819e-01
1.979591835194784544e+00  6.772664409378678640e-02  6.772664409378678640e-02
2.079591835194784633e+00  4.303250601169703732e-02  4.303250601169703732e-02
2.179591835194784721e+00  2.808136540753027391e-02  2.808136540753027391e-02
2.279591835194784810e+00  1.929448180184493988e-02  1.929448180184493988e-02
2.379591835194784899e+00  1.410929295548434687e-02  1.410929295548434687e-02
2.479591835194784544e+00  1.088457858552871124e-02  1.088457858552871124e-02
2.579591835194785077e+00  8.674483325575599660e-03  8.674483325575599660e-03
2.679591835194784721e+00  6.990147988487827556e-03  6.990147988487827556e-03
2.779591835194784366e+00  5.607981308642200069e-03  5.607981308642200069e-03
2.879591835194784899e+00  4.439442663009976822e-03  4.439442663009976822e-03
2.979591835194784544e+00  3.453901875557881945e-03  3.453901875557881945e-03
3.079591835194785077e+00  2.638765820779613493e-03  2.638765820779613493e-03
3.179591835194784721e+00  1.982235851107102924e-03  1.982235851107102924e-03
3.279591835194785254e+00  1.468138544287686661e-03  1.468138544287686661e-03
3.379591835194784899e+00  1.076275100633862806e-03  1.076275100633862806e-03
3.479591835194784544e+00  7.846607358146082036e-04  7.846607358146082036e-04
3.579591835194785077e+00  5.718668254863890727e-04  5.718668254863890727e-04
3.679591835194784721e+00  4.187355684702213574e-04  4.187355684702213574e-04
3.779591835194785254e+00  3.093012810144263542e-04  3.093012810144263542e-04
3.879591835194784899e+00  2.310246666713599651e-04  2.310246666713599651e-04
3.979591835194784544e+00  1.745487494215307561e-04  1.745487494215307561e-04
4.079591835194785077e+00  1.331920094109779865e-04  1.331920094109779865e-04
4.179591835194784721e+00  1.023533984594734655e-04  1.023533984594734655e-04
4.279591835194785254e+00  7.894667500256850119e-05  7.894667500256850119e-05
4.379591835194784899e+00  6.092707601126021459e-05  6.092707601126021459e-05
4.479591835194784544e+00  4.693135169235159387e-05  4.693135169235159387e-05
4.579591835194785077e+00  3.602524136883368072e-05  3.602524136883368072e-05
4.679591835194784721e+00  2.753886748247220761e-05  2.753886748247220761e-05
4.779591835194785254e+00  2.096662915400417907e-05  2.096662915400417907e-05
4.879591835194784899e+00  1.591010611836488051e-05  1.591010611836488051e-05
4.979591835194784544e+00  1.204706334603086085e-05  1.204706334603086085e-05
5.079591835194785077e+00  9.114735595168291688e-06  9.114735595168291688e-06
5.179591835194784721e+00  6.899996502700615066e-06  6.899996502700615066e-06
5.279591835194785254e+00  5.232326244304322615e-06  5.232326244304322615e-06
5.379591835194784899e+00  3.977676353031746933e-06  3.977676353031746933e-06
5.479591835194784544e+00  3.032596700518287897e-06  3.032596700518287897e-06
5.579591835194785077e+00  2.318607044697449316e-06  2.318607044697449316e-06
5.679591835194784721e+00  1.777010631850164654e-06  1.777010631850164654e-06
5.779591835194785254e+00  1.364349188550479437e-06  1.364349188550479437e-06
5.879591835194784899e+00  1.048613605508805404e-06  1.048613605508805404e-06
5.979591835194784544e+00  8.062260277729470793e-07  8.062260277729470793e-07
6.079591835194785077e+00  6.197318168115590762e-07  6.197318168115590762e-07
6.179591835194784721e+00  4.760944578256290515e-07  4.760944578256290515e-07
6.279591835194785254e+00  3.654702640163799837e-07  3.654702640163799837e-07
6.379591835194784899e+00  2.803445247302029440e-07  2.803445247302029440e-07
6.479591835194784544e+00  2.149276130990431949e-07  2.149276130990431949e-07
6.579591835194784188e+00  1.647311282742432574e-07  1.647311282742432574e-07
6.679591835194785610e+00  1.262653696531719752e-07  1.262653696531719752e-07
6.779591835194785254e+00  9.681754847620214990e-08  9.681754847620214990e-08
6.879591835194784899e+00  7.428409406266625245e-08  7.428409406266625245e-08
6.979591835194784544e+00  5.704028957735946402e-08  5.704028957735946402e-08
7.079591835194784188e+00  4.383694523335128020e-08  4.383694523335128020e-08
7.179591835194785610e+00  3.371775244479379395e-08  3.371775244479379395e-08
7.279591835194785254e+00  2.595318569806963060e-08  2.595318569806963060e-08
7.379591835194784899e+00  1.998799611543564398e-08  1.998799611543564398e-08
7.479591835194784544e+00  1.539994773742680305e-08  1.539994773742680305e-08
7.579591835194784188e+00  1.186778741811279954e-08  1.186778741811279954e-08
7.679591835194785610e+00  9.146681087415633194e-09  9.146681087415633194e-09
7.779591835194785254e+00  7.049571214002696275e-09  7.049571214002696275e-09
7.879591835194784899e+00  5.433136753496190854e-09  5.433136753496190854e-09
7.979591835194784544e+00  4.187264975234155193e-09  4.187264975234155193e-09
8.079591835194786853e+00  3.227162255904449689e-09  3.227162255904449689e-09
8.179591835194784721e+00  2.487426394529790970e-09  2.487426394529790970e-09
8.279591835194786142e+00  1.917568744366540248e-09  1.917568744366540248e-09
8.379591835194784011e+00  1.478607996686037266e-09  1.478607996686037266e-09
8.479591835194785432e+00  1.140460355136645934e-09  1.140460355136645934e-09
8.579591835194786853e+00  8.799271881571284222e-10  8.799271881571284222e-10
8.679591835194784721e+00  6.791361969077001777e-10  6.791361969077001777e-10
8.779591835194786142e+00  5.243308504985524567e-10  5.243308504985524567e-10
8.879591835194784011e+00  4.049298465364978611e-10  4.049298465364978611e-10
8.979591835194785432e+00  3.127972650714284543e-10  3.127972650714284543e-10
9.079591835194786853e+00  2.416775676737376626e-10  2.416775676737376626e-10
9.179591835194784721e+00  1.867594980110930002e-10  1.867594980110930002e-10
9.279591835194786142e+00  1.443404716038534371e-10  1.443404716038534371e-10
9.379591835194784011e+00  1.115689491547390646e-10  1.115689491547390646e-10
9.479591835194785432e+00  8.624701958315521439e-11  8.624701958315521439e-11
9.579591835194786853e+00  6.667924529167812032e-11  6.667924529167812032e-11
9.679591835194784721e+00  5.155691382504619172e-11  5.155691382504619172e-11
9.779591835194786142e+00  3.986931778899771019e-11  3.986931778899771019e-11
9.879591835194784011e+00  3.083564625763379061e-11  3.083564625763379061e-11
9.979591835194785432e+00  2.385260204492342934e-11  2.385260204492342934e-11
1.007959183519478685e+01  1.845403845140119701e-11  1.845403845140119701e-11
1.017959183519478472e+01  1.427980680158189375e-11  1.427980680158189375e-11
1.027959183519478614e+01  1.105168360250347270e-11  1.105168360250347270e-11
1.037959183519478401e+01  8.554754985241847946e-12  8.554754985241847946e-12
1.047959183519478543e+01  6.623017895316291916e-12  6.623017895316291916e-12
