-1.552631576869766494e+00  3.665295695156580471e-19  3.665295695156580471e-19
-1.452631576869766405e+00  1.007108598576791484e-17  1.007108598576791484e-17
-1.352631576869766761e+00  2.486139010722255590e-16  2.486139010722255590e-16
-1.252631576869766228e+00  5.408273398653647148e-15  5.408273398653647148e-15
-1.152631576869766583e+00  1.029759181336220910e-13  1.029759181336220910e-13
-1.052631576869766494e+00  1.712001540244331478e-12  1.712001540244331478e-12
-9.526315768697664055e-01  2.482965696963343284e-11  2.482965696963343284e-11
-8.526315768697663167e-01  3.140369929550788692e-10  3.140369929550788692e-10
-7.526315768697664499e-01  3.463143468099916136e-09  3.463143468099916136e-09
-6.526315768697665831e-01  3.329752214916727777e-08  3.329752214916727777e-08
-5.526315768697664943e-01  2.791209248556901441e-07  2.791209248556901441e-07
-4.526315768697664055e-01  2.039885719719171755e-06  2.039885719719171755e-06
-3.526315768697663167e-01  1.299718231985605191e-05  1.299718231985605191e-05
-2.526315768697664499e-01  7.219730017355101401e-05  7.219730017355101401e-05
-1.526315768697663611e-01  3.496393237957005429e-04  3.496393237957005429e-04
-5.263157686976649430e-02  1.476205326303349757e-03  1.476205326303349757e-03
4.736842313023359452e-02  5.433758489543191912e-03  5.433758489543191912e-03
1.473684231302336833e-01  1.743737380263925274e-02  1.743737380263925274e-02
2.473684231302335501e-01  4.878534621362254353e-02  4.878534621362254353e-02
3.473684231302336389e-01  1.189942779405388090e-01  1.189942779405388090e-01
4.473684231302335057e-01  2.530420491792776949e-01  2.530420491792776949e-01
5.473684231302335945e-01  4.691289963323180823e-01  4.691289963323180823e-01
6.473684231302336833e-01  7.582822745645407814e-01  7.582822745645407814e-01
7.473684231302337722e-01  1.068615061150498535e+00  1.068615061150498535e+00
8.473684231302338610e-01  1.313080223742710828e+00  1.313080223742710828e+00
9.473684231302335057e-01  1.407034518341522489e+00  1.407034518341522489e+00
1.047368423130233595e+00  1.315274298742787451e+00  1.315274298742787451e+00
1.147368423130233683e+00  1.073542788725650343e+00  1.073542788725650343e+00
1.247368423130233772e+00  7.669484771372720999e-01  7.669484771372720999e-01
1.347368423130233861e+00  4.828332225978191339e-01  4.828332225978191339e-01
1.447368423130233506e+00  2.730925911684140561e-01  2.730925911684140561e-01
1.547368423130233595e+00  1.463253032448467716e-01  1.463253032448467716e-01
1.647368423130233683e+00  8.355686949125888663e-02  8.355686949125888663e-02
1.747368423130233772e+00  5.874861812758337687e-02  5.874861812758337687e-02
1.847368423130233861e+00  5.128181046380215352e-02  5.128181046380215352e-02
1.947368423130233506e+00  4.902474982751108684e-02  4.902474982751108684e-02
2.047368423130233595e+00  4.645715856831798135e-02  4.645715856831798135e-02
2.147368423130233683e+00  4.191992961124095529e-02  4.191992961124095529e-02
2.247368423130233772e+00  3.562862754214931454e-02  3.562862754214931454e-02
2.347368423130233861e+00  2.852066627288624839e-02  2.852066627288624839e-02
2.447368423130233506e+00  2.161478170179222807e-02  2.161478170179222807e-02
2.547368423130234039e+00  1.567019496572409978e-02  1.567019496572409978e-02
2.647368423130233683e+00  1.105873033829592351e-02  1.105873033829592351e-02
2.747368423130233328e+00  7.794756333324648172e-03  7.794756333324648172e-03
2.847368423130233861e+00  5.655538114533854507e-03  5.655538114533854507e-03
2.947368423130233506e+00  4.321657110793001091e-03  4.321657110793001091e-03
3.047368423130234039e+00  3.487097782786079212e-03  3.487097782786079212e-03
3.147368423130233683e+00  2.919051435018178795e-03  2.919051435018178795e-03
3.247368423130234216e+00  2.472441910832053578e-03  2.472441910832053578e-03
3.347368423130233861e+00  2.076092139454372397e-03  2.076092139454372397e-03
3.447368423130233506e+00  1.707865042160760811e-03  1.707865042160760811e-03
3.547368423130234039e+00  1.370668318440061879e-03  1.370668318440061879e-03
3.647368423130233683e+00  1.074943523830345282e-03  1.074943523830345282e-03
3.747368423130234216e+00  8.286992348136425039e-04  8.286992348136425039e-04
3.847368423130233861e+00  6.337269644140687162e-04  6.337269644140687162e-04
3.947368423130233506e+00  4.858188649046853635e-04  4.858188649046853635e-04
4.047368423130233595e+00  3.769117247962753625e-04  3.769117247962753625e-04
4.147368423130233239e+00  2.976113117251777689e-04  2.976113117251777689e-04
4.247368423130234660e+00  2.391911143729327901e-04  2.391911143729327901e-04
4.347368423130234305e+00  1.947240216680115295e-04  1.947240216680115295e-04
4.447368423130233950e+00  1.593989763094508672e-04  1.593989763094508672e-04
4.547368423130233595e+00  1.302754393664557430e-04  1.302754393664557430e-04
4.647368423130233239e+00  1.057696979736469069e-04  1.057696979736469069e-04
4.747368423130234660e+00  8.510923915454535736e-05  8.510923915454535736e-05
4.847368423130234305e+00  6.789556550283420261e-05  6.789556550283420261e-05
4.947368423130233950e+00  5.382584081723837865e-05  5.382584081723837865e-05
5.047368423130233595e+00  4.256148712653476233e-05  4.256148712653476233e-05
5.147368423130233239e+00  3.370116830913737378e-05  3.370116830913737378e-05
5.247368423130234660e+00  2.680989773035603651e-05  2.680989773035603651e-05
5.347368423130234305e+00  2.146515794665450620e-05  2.146515794665450620e-05
5.447368423130233950e+00  1.729568485513031524e-05  1.729568485513031524e-05
5.547368423130233595e+00  1.400259479030892513e-05  1.400259479030892513e-05
5.647368423130233239e+00  1.136260306615975143e-05  1.136260306615975143e-05
5.747368423130234660e+00  9.218457734481390120e-06  9.218457734481390120e-06
5.847368423130234305e+00  7.463179648994822240e-06  7.463179648994822240e-06
5.947368423130233950e+00  6.023682628084608964e-06  6.023682628084608964e-06
6.047368423130233595e+00  4.847259342411279658e-06  4.847259342411279658e-06
6.147368423130233239e+00  3.892307020940352725e-06  3.892307020940352725e-06
6.247368423130234660e+00  3.123108047068345263e-06  3.123108047068345263e-06
6.347368423130234305e+00  2.507641499258180101e-06  2.507641499258180101e-06
6.447368423130233950e+00  2.017183251075615321e-06  2.017183251075615321e-06
6.547368423130233595e+00  1.626635742732781198e-06  1.626635742732781198e-06
6.647368423130235016e+00  1.314888113001066495e-06  1.314888113001066495e-06
6.747368423130234660e+00  1.064872752931473883e-06  1.064872752931473883e-06
6.847368423130234305e+00  8.632602707243610191e-07  8.632602707243610191e-07
6.947368423130233950e+00  6.998920438536882987e-07  6.998920438536882987e-07
7.047368423130233595e+00  5.671024507077564142e-07  5.671024507077564142e-07
7.147368423130235016e+00  4.590662610432608676e-07  4.590662610432608676e-07
7.247368423130234660e+00  3.712574109706124391e-07  3.712574109706124391e-07
7.347368423130234305e+00  3.000520256466152413e-07  3.000520256466152413e-07
7.447368423130233950e+00  2.424676434326264715e-07  2.424676434326264715e-07
7.547368423130233595e+00  1.960078422783121829e-07  1.960078422783121829e-07
7.647368423130235016e+00  1.585751435561748743e-07  1.585751435561748743e-07
7.747368423130234660e+00  1.284198253851125110e-07  1.284198253851125110e-07
7.847368423130234305e+00  1.041021956799532308e-07  1.041021956799532308e-07
7.947368423130233950e+00  8.445627967575125676e-08  8.445627967575125676e-08
8.047368423130235371e+00  6.855101388386948076e-08  6.855101388386948076e-08
8.147368423130235016e+00  5.564994417326732662e-08  5.564994417326732662e-08
8.247368423130234660e+00  4.517238295117740681e-08  4.517238295117740681e-08
8.347368423130234305e+00  3.665889291292384161e-08  3.665889291292384161e-08
8.447368423130233950e+00  2.974284767462164863e-08  2.974284767462164863e-08
8.547368423130235371e+00  2.412848805476249267e-08  2.412848805476249267e-08
8.647368423130235016e+00  1.957484155137762286e-08  1.957484155137762286e-08
8.747368423130234660e+00  1.588429218877121078e-08  1.588429218877121078e-08
8.847368423130234305e+00  1.289445267346257016e-08  1.289445267346257016e-08
8.947368423130233950e+00  1.047216354782764943e-08  1.047216354782764943e-08
9.047368423130235371e+00  8.508762994387593622e-09  8.508762994387593622e-09
9.147368423130235016e+00  6.916104043061433433e-09  6.916104043061433433e-09
9.247368423130234660e+00  5.623062918641794248e-09  5.623062918641794248e-09
9.347368423130234305e+00  4.572453291103712301e-09  4.572453291103712301e-09
9.447368423130233950e+00  3.718342717862439072e-09  3.718342717862439072e-09
9.547368423130235371e+00  3.023784939565052054e-09  3.023784939565052054e-09
9.647368423130235016e+00  2.458964443178007528e-09  2.458964443178007528e-09
9.747368423130234660e+00  1.999722235728425098e-09  1.999722235728425098e-09
9.847368423130234305e+00  1.626409448893760497e-09  1.626409448893760497e-09
9.947368423130233950e+00  1.323004715892051110e-09  1.323004715892051110e-09
1.004736842313023537e+01  1.076432225566878103e-09  1.076432225566878103e-09
1.014736842313023502e+01  8.760264559021796832e-10  8.760264559021796832e-10
1.024736842313023466e+01  7.131023675779490531e-10  7.131023675779490531e-10
1.034736842313023431e+01  5.806025559985342287e-10  5.806025559985342287e-10
1.044736842313023395e+01  4.728032093700082756e-10  4.728032093700082756e-10
