-1.662776323169912640e+00  1.301485544938574991e-10  1.301485544938574991e-10
-1.562776323169912551e+00  7.402545969704360355e-10  7.402545969704360355e-10
-1.462776323169912907e+00  3.999299804405593278e-09  3.999299804405593278e-09
-1.362776323169912374e+00  2.033220602890053835e-08  2.033220602890053835e-08
-1.262776323169912729e+00  9.675932998996842242e-08  9.675932998996842242e-08
-1.162776323169912640e+00  4.297644013695347809e-07  4.297644013695347809e-07
-1.062776323169912551e+00  1.778602140848052919e-06  1.778602140848052919e-06
-9.627763231699124624e-01  6.852173901102284624e-06  6.852173901102284624e-06
-8.627763231699125956e-01  2.456073114778733552e-05  2.456073114778733552e-05
-7.627763231699127289e-01  8.187978317741528779e-05  8.187978317741528779e-05
-6.627763231699126401e-01  2.538338268744377022e-04  2.538338268744377022e-04
-5.627763231699125512e-01  7.316569676103864715e-04  7.316569676103864715e-04
-4.627763231699124624e-01  1.960732422576223766e-03  1.960732422576223766e-03
-3.627763231699125956e-01  4.884969959482809466e-03  4.884969959482809466e-03
-2.627763231699125068e-01  1.131426129701458734e-02  1.131426129701458734e-02
-1.627763231699126401e-01  2.436154688354692441e-02  2.436154688354692441e-02
-6.277632316991255124e-02  4.876361163563865814e-02  4.876361163563865814e-02
3.722367683008753758e-02  9.074051008506403559e-02  9.074051008506403559e-02
1.372236768300874044e-01  1.569738495258340971e-01  1.569738495258340971e-01
2.372236768300874932e-01  2.524562637939132270e-01  2.524562637939132270e-01
3.372236768300873599e-01  3.774833448943452074e-01  3.774833448943452074e-01
4.372236768300874488e-01  5.248009840850481611e-01  5.248009840850481611e-01
5.372236768300875376e-01  6.784672789831839301e-01  6.784672789831839301e-01
6.372236768300876264e-01  8.158036650719125982e-01  8.158036650719125982e-01
7.372236768300877152e-01  9.126531264848530833e-01  9.126531264848530833e-01
8.372236768300873599e-01  9.504450942823292614e-01  9.504450942823292614e-01
9.372236768300874488e-01  9.222721758199674547e-01  9.222721758199674547e-01
1.037223676830087538e+00  8.352575604141189158e-01  8.352575604141189158e-01
1.137223676830087626e+00  7.080917508156918672e-01  7.080917508156918672e-01
1.237223676830087715e+00  5.648801912584163754e-01  5.648801912584163754e-01
1.337223676830087360e+00  4.280398871687987050e-01  4.280398871687987050e-01
1.437223676830087449e+00  3.130502906157918708e-01  3.130502906157918708e-01
1.537223676830087538e+00  2.265599609444686469e-01  2.265599609444686469e-01
1.637223676830087626e+00  1.676215444040373703e-01  1.676215444040373703e-01
1.737223676830087715e+00  1.306610349531460158e-01  1.306610349531460158e-01
1.837223676830087360e+00  1.085967898855093455e-01  1.085967898855093455e-01
1.937223676830087449e+00  9.507007614293297437e-02  9.507007614293297437e-02
2.037223676830087538e+00  8.549744975728082452e-02  8.549744975728082452e-02
2.137223676830087626e+00  7.718623471453002483e-02  7.718623471453002483e-02
2.237223676830087715e+00  6.894024649605931532e-02  6.894024649605931532e-02
2.337223676830087360e+00  6.051960774123980175e-02  6.051960774123980175e-02
2.437223676830087893e+00  5.216494029511652142e-02  5.216494029511652142e-02
2.537223676830087538e+00  4.426244710132194726e-02  4.426244710132194726e-02
2.637223676830087182e+00  3.714902033359392813e-02  3.714902033359392813e-02
2.737223676830087715e+00  3.102617950752991488e-02  3.102617950752991488e-02
2.837223676830087360e+00  2.594677418433567750e-02  2.594677418433567750e-02
2.937223676830087893e+00  2.184311885098641839e-02  2.184311885098641839e-02
3.037223676830087538e+00  1.857231211763825038e-02  1.857231211763825038e-02
3.137223676830088070e+00  1.596178006546294242e-02  1.596178006546294242e-02
3.237223676830087715e+00  1.384500902290615454e-02  1.384500902290615454e-02
3.337223676830087360e+00  1.208346683907039233e-02  1.208346683907039233e-02
3.437223676830087893e+00  1.057525200867393683e-02  1.057525200867393683e-02
3.537223676830087538e+00  9.253708253732268948e-03  9.253708253732268948e-03
3.637223676830088070e+00  8.080184240404379367e-03  8.080184240404379367e-03
3.737223676830087715e+00  7.034750050257995019e-03  7.034750050257995019e-03
3.837223676830087360e+00  6.107598732588837356e-03  6.107598732588837356e-03
3.937223676830087893e+00  5.292601842659036375e-03  5.292601842659036375e-03
4.037223676830087982e+00  4.583417283072063406e-03  4.583417283072063406e-03
4.137223676830087626e+00  3.971833954819183055e-03  3.971833954819183055e-03
4.237223676830087271e+00  3.447692674940446012e-03  3.447692674940446012e-03
4.337223676830086916e+00  2.999667419403948768e-03  2.999667419403948768e-03
4.437223676830088337e+00  2.616314213043445525e-03  2.616314213043445525e-03
4.537223676830087982e+00  2.286994045823177377e-03  2.286994045823177377e-03
4.637223676830087626e+00  2.002475902228018079e-03  2.002475902228018079e-03
4.737223676830087271e+00  1.755183189063943324e-03  1.755183189063943324e-03
4.837223676830086916e+00  1.539145701215587341e-03  1.539145701215587341e-03
4.937223676830088337e+00  1.349762921437221890e-03  1.349762921437221890e-03
5.037223676830087982e+00  1.183486415008581190e-03  1.183486415008581190e-03
5.137223676830087626e+00  1.037506134084449812e-03  1.037506134084449812e-03
5.237223676830087271e+00  9.094928138322644091e-04  9.094928138322644091e-04
5.337223676830086916e+00  7.974174261914194215e-04  7.974174261914194215e-04
5.437223676830088337e+00  6.994451488496035776e-04  6.994451488496035776e-04
5.537223676830087982e+00  6.138875764265981031e-04  6.138875764265981031e-04
5.637223676830087626e+00  5.391920462369926116e-04  5.391920462369926116e-04
5.737223676830087271e+00  4.739484898966427528e-04  4.739484898966427528e-04
5.837223676830086916e+00  4.168992687136303748e-04  4.168992687136303748e-04
5.937223676830088337e+00  3.669435100000816084e-04  3.669435100000816084e-04
6.037223676830087982e+00  3.231328178519868267e-04  3.231328178519868267e-04
6.137223676830087626e+00  2.846590120854742634e-04  2.846590120854742634e-04
6.237223676830087271e+00  2.508365737189185052e-04  2.508365737189185052e-04
6.337223676830086916e+00  2.210830197469721889e-04  2.210830197469721889e-04
6.437223676830086561e+00  1.948999806838725205e-04  1.948999806838725205e-04
6.537223676830087982e+00  1.718568186273619050e-04  1.718568186273619050e-04
6.637223676830087626e+00  1.515776102490691481e-04  1.515776102490691481e-04
6.737223676830087271e+00  1.337314889755009291e-04  1.337314889755009291e-04
6.837223676830086916e+00  1.180258089467607424e-04  1.180258089467607424e-04
6.937223676830086561e+00  1.042013629846260541e-04  1.042013629846260541e-04
7.037223676830087982e+00  9.202889260698404771e-05  9.202889260698404771e-05
7.137223676830087626e+00  8.130627840673287248e-05  8.130627840673287248e-05
7.237223676830087271e+00  7.185600639721966584e-05  7.185600639721966584e-05
7.337223676830086916e+00  6.352270452654366439e-05  6.352270452654366439e-05
7.437223676830086561e+00  5.617069539548252952e-05  5.617069539548252952e-05
7.537223676830087982e+00  4.968160325564159455e-05  4.968160325564159455e-05
7.637223676830087626e+00  4.395209062594688024e-05  4.395209062594688024e-05
7.737223676830087271e+00  3.889179718940229060e-05  3.889179718940229060e-05
7.837223676830086916e+00  3.442152857787827286e-05  3.442152857787827286e-05
7.937223676830088337e+00  3.047171059581601162e-05  3.047171059581601162e-05
8.037223676830087982e+00  2.698109607507121616e-05  2.698109607507121616e-05
8.137223676830087626e+00  2.389569243435122820e-05  2.389569243435122820e-05
8.237223676830087271e+00  2.116786935539912714e-05  2.116786935539912714e-05
8.337223676830086916e+00  1.875560612973374160e-05  1.875560612973374160e-05
8.437223676830088337e+00  1.662184415576685282e-05  1.662184415576685282e-05
8.537223676830087982e+00  1.473391860551850118e-05  1.473391860551850118e-05
8.637223676830087626e+00  1.306305187640247940e-05  1.306305187640247940e-05
8.737223676830087271e+00  1.158389848351318832e-05  1.158389848351318832e-05
8.837223676830086916e+00  1.027413585304436330e-05  1.027413585304436330e-05
8.937223676830088337e+00  9.114098092467756978e-06  9.114098092467756978e-06
9.037223676830087982e+00  8.086450717087780829e-06  8.086450717087780829e-06
9.137223676830087626e+00  7.175904147828311920e-06  7.175904147828311920e-06
9.237223676830087271e+00  6.368963165290820745e-06  6.368963165290820745e-06
9.337223676830086916e+00  5.653708860639140702e-06  5.653708860639140702e-06
9.437223676830088337e+00  5.019609225253343407e-06  5.019609225253343407e-06
9.537223676830087982e+00  4.457354458155127790e-06  4.457354458155127790e-06
9.637223676830087626e+00  3.958713310903652123e-06  3.958713310903652123e-06
9.737223676830087271e+00  3.516407236450506655e-06  3.516407236450506655e-06
9.837223676830086916e+00  3.123999646796641959e-06  3.123999646796641959e-06
9.937223676830088337e+00  2.775798115833740253e-06  2.775798115833740253e-06
1.003722367683008798e+01  2.466767822728024176e-06  2.466767822728024176e-06
1.013722367683008763e+01  2.192454887226716112e-06  2.192454887226716112e-06
1.023722367683008727e+01  1.948918500057646385e-06  1.948918500057646385e-06
1.033722367683008692e+01  1.732670916644811564e-06  1.732670916644811564e-06
