-1.541601157530280375e+00  0.000000000000000000e+00  0.000000000000000000e+00
-1.441601157530280730e+00  0.000000000000000000e+00  0.000000000000000000e+00
-1.341601157530280641e+00  5.242827007408971828e-319  5.242827007408971828e-319
-1.241601157530280553e+00  7.294328406670715236e-292  7.294328406670715236e-292
-1.141601157530280908e+00  6.309818548579039119e-266  6.309818548579039119e-266
-1.041601157530280375e+00  3.393711090420203172e-241  3.393711090420203172e-241
-9.416011575302805081e-01  1.134904463626614149e-217  1.134904463626614149e-217
-8.416011575302806413e-01  2.359772739065048568e-195  2.359772739065048568e-195
-7.416011575302805525e-01  3.050756142998348308e-174  3.050756142998348308e-174
-6.416011575302804637e-01  2.452286731597103282e-154  2.452286731597103282e-154
-5.416011575302805969e-01  1.225635809794279749e-135  1.225635809794279749e-135
-4.416011575302805081e-01  3.808711468262538095e-118  3.808711468262538095e-118
-3.416011575302804193e-01  7.359039685585255696e-102  7.359039685585255696e-102
-2.416011575302805525e-01  8.840781467447363174e-87  8.840781467447363174e-87
-1.416011575302804637e-01  6.603688896238253588e-73  6.603688896238253588e-73
-4.160115753028059693e-02  3.066966229992098155e-60  3.066966229992098155e-60
5.839884246971949189e-02  8.856412210849151958e-49  8.856412210849151958e-49
1.583988424697195807e-01  1.590131676863055861e-38  1.590131676863055861e-38
2.583988424697194475e-01  1.775148932119842357e-29  1.775148932119842357e-29
3.583988424697195363e-01  1.232148183175942727e-21  1.232148183175942727e-21
4.583988424697194031e-01  5.317622772663277355e-15  5.317622772663277355e-15
5.583988424697194919e-01  1.426916465558088151e-09  1.426916465558088151e-09
6.583988424697195807e-01  2.380707347897334083e-05  2.380707347897334083e-05
7.583988424697196695e-01  2.469675619771602784e-02  2.469675619771602784e-02
8.583988424697197583e-01  1.592943073152729427e+00  1.592943073152729427e+00
9.583988424697194031e-01  6.388325497350690441e+00  6.388325497350690441e+00
1.058398842469719492e+00  1.592943073152710109e+00  1.592943073152710109e+00
1.158398842469719581e+00  2.469675619771543457e-02  2.469675619771543457e-02
1.258398842469719670e+00  2.380707347926184703e-05  2.380707347926184703e-05
1.358398842469719758e+00  1.429327471067487918e-09  1.429327471067487918e-09
1.458398842469719403e+00  5.008710796415658500e-09  5.008710796415658500e-09
1.558398842469719492e+00  2.594573673001318203e-06  2.594573673001318203e-06
1.658398842469719581e+00  3.351349633524723995e-04  3.351349633524723995e-04
1.758398842469719670e+00  1.079410627193379962e-02  1.079410627193379962e-02
1.858398842469719758e+00  8.668957227817271349e-02  8.668957227817271349e-02
1.958398842469719403e+00  1.736042090113341374e-01  1.736042090113341374e-01
2.058398842469719270e+00  8.668957227817217226e-02  8.668957227817217226e-02
2.158398842469719803e+00  1.079410627193477280e-02  1.079410627193477280e-02
2.258398842469719447e+00  3.351349645012633143e-04  3.351349645012633143e-04
2.358398842469719980e+00  2.595045793358313703e-06  2.595045793358313703e-06
2.458398842469719625e+00  8.187529076665201209e-08  8.187529076665201209e-08
2.558398842469720158e+00  4.957904315650186813e-06  4.957904315650186813e-06
2.658398842469719803e+00  1.266874955254925481e-04  1.266874955254925481e-04
2.758398842469719447e+00  1.282463611708406981e-03  1.282463611708406981e-03
2.858398842469719980e+00  5.143181277587243264e-03  5.143181277587243264e-03
2.958398842469719625e+00  8.171355251529059671e-03  8.171355251529059671e-03
3.058398842469720158e+00  5.143181277587496533e-03  5.143181277587496533e-03
3.158398842469719803e+00  1.282463611816401540e-03  1.282463611816401540e-03
3.258398842469720336e+00  1.266875152654363585e-04  1.266875152654363585e-04
3.358398842469719980e+00  4.959703716271776088e-06  4.959703716271776088e-06
3.458398842469719625e+00  1.589911406633784454e-07  1.589911406633784454e-07
3.558398842469720158e+00  1.869618385306435080e-06  1.869618385306435080e-06
3.658398842469719803e+00  2.124321166858787955e-05  2.124321166858787955e-05
3.758398842469720336e+00  1.205601080421689727e-04  1.205601080421689727e-04
3.858398842469719980e+00  3.416596674370941077e-04  3.416596674370941077e-04
3.958398842469719625e+00  4.834932428801669204e-04  4.834932428801669204e-04
4.058398842469720158e+00  3.416596674425834233e-04  3.416596674425834233e-04
4.158398842469719803e+00  1.205601086584547494e-04  1.205601086584547494e-04
4.258398842469720336e+00  2.124325034180293782e-05  2.124325034180293782e-05
4.358398842469719980e+00  1.870619964104204673e-06  1.870619964104204673e-06
4.458398842469719625e+00  1.134155776252857324e-07  1.134155776252857324e-07
4.558398842469720158e+00  3.830045012092794451e-07  3.830045012092794451e-07
4.658398842469719803e+00  2.664530318400826724e-06  2.664530318400826724e-06
4.758398842469720336e+00  1.068573091114224905e-05  1.068573091114224905e-05
4.858398842469719980e+00  2.458760895491010466e-05  2.458760895491010466e-05
4.958398842469719625e+00  3.246038402692818842e-05  3.246038402692818842e-05
5.058398842469720158e+00  2.458760897160183078e-05  2.458760897160183078e-05
5.158398842469719803e+00  1.068573167247603309e-05  1.068573167247603309e-05
5.258398842469720336e+00  2.664538577701627601e-06  2.664538577701627601e-06
5.358398842469719980e+00  3.817703067783068726e-07  3.817703067783068726e-07
5.458398842469719625e+00  3.853368019577302116e-08  3.853368019577302116e-08
5.558398842469720158e+00  5.964089740907190969e-08  5.964089740907190969e-08
5.658398842469719803e+00  2.940728091945000043e-07  2.940728091945000043e-07
5.758398842469720336e+00  9.355176661365492343e-07  9.355176661365492343e-07
5.858398842469719980e+00  1.873462903000395079e-06  1.873462903000395079e-06
5.958398842469719625e+00  2.361436255800758977e-06  2.361436255800758977e-06
6.058398842469720158e+00  1.873462916529663134e-06  1.873462916529663134e-06
6.158398842469719803e+00  9.355176037181059455e-07  9.355176037181059455e-07
6.258398842469720336e+00  2.940438719086063838e-07  2.940438719086063838e-07
6.358398842469719980e+00  5.831075432068690494e-08  5.831075432068690494e-08
6.458398842469719625e+00  8.515828221320035790e-09  8.515828221320035790e-09
6.558398842469719270e+00  8.160598860716468706e-09  8.160598860716468706e-09
6.658398842469720691e+00  3.047882931593372669e-08  3.047882931593372669e-08
6.758398842469720336e+00  8.212047057379512129e-08  8.212047057379512129e-08
6.858398842469719980e+00  1.489208483646627634e-07  1.489208483646627634e-07
6.958398842469719625e+00  1.816038258666787018e-07  1.816038258666787018e-07
7.058398842469719270e+00  1.489208427300952544e-07  1.489208427300952544e-07
7.158398842469720691e+00  8.211981865270452929e-08  8.211981865270452929e-08
7.258398842469720336e+00  3.045376911910398782e-08  3.045376911910398782e-08
7.358398842469719980e+00  7.621063688065642938e-09  7.621063688065642938e-09
7.458398842469719625e+00  1.462758004036639948e-09  1.462758004036639948e-09
7.558398842469719270e+00  1.048028534806040764e-09  1.048028534806040764e-09
7.658398842469720691e+00  3.060069796234992833e-09  3.060069796234992833e-09
7.758398842469720336e+00  7.264549738158964566e-09  7.264549738158964566e-09
7.858398842469719980e+00  1.222844518390492314e-08  1.222844518390492314e-08
7.958398842469719625e+00  1.454684906655933383e-08  1.454684906655933383e-08
8.058398842469721046e+00  1.222843063329523924e-08  1.222843063329523924e-08
8.158398842469720691e+00  7.264056509304248669e-09  7.264056509304248669e-09
8.258398842469720336e+00  3.049810143770597399e-09  3.049810143770597399e-09
8.358398842469719980e+00  9.091197756988720683e-10  9.091197756988720683e-10
8.458398842469719625e+00  2.149641097129205652e-10  2.149641097129205652e-10
8.558398842469721046e+00  1.298512484431243435e-10  1.298512484431243435e-10
8.658398842469720691e+00  3.026910992396423514e-10  3.026910992396423514e-10
8.758398842469720336e+00  6.486510022575540839e-10  6.486510022575540839e-10
8.858398842469719980e+00  1.030226126809376396e-09  1.030226126809376396e-09
8.958398842469719625e+00  1.202122445822937192e-09  1.202122445822937192e-09
9.058398842469721046e+00  1.030216093744957177e-09  1.030216093744957177e-09
9.158398842469720691e+00  6.484476364674702918e-10  6.484476364674702918e-10
9.258398842469720336e+00  2.998645312102985189e-10  2.998645312102985189e-10
9.358398842469719980e+00  1.024552585835143524e-10  1.024552585835143524e-10
9.458398842469719625e+00  2.853757361928953604e-11  2.853757361928953604e-11
9.558398842469721046e+00  1.568095381715673637e-11  1.568095381715673637e-11
9.658398842469720691e+00  2.979597296674768675e-11  2.979597296674768675e-11
9.758398842469720336e+00  5.847927899713286783e-11  5.847927899713286783e-11
9.858398842469719980e+00  8.861784794179542180e-11  8.861784794179542180e-11
9.958398842469719625e+00  1.018167085070505000e-10  1.018167085070505000e-10
1.005839884246972105e+01  8.861369355065367893e-11  8.861369355065367893e-11
1.015839884246972069e+01  5.842025355663930342e-11  5.842025355663930342e-11
1.025839884246972034e+01  2.918898799182005178e-11  2.918898799182005178e-11
1.035839884246971998e+01  1.112703164647379714e-11  1.112703164647379714e-11
1.045839884246971963e+01  3.535703908191709556e-12  3.535703908191709556e-12
