-1.520408171753236282e+00  8.848491584679494152e-08  8.848491584679494152e-08
-1.420408171753236193e+00  3.118144086379543916e-07  3.118144086379543916e-07
-1.320408171753236104e+00  1.045654975854075646e-06  1.045654975854075646e-06
-1.220408171753236459e+00  3.334353848505980298e-06  3.334353848505980298e-06
-1.120408171753236370e+00  1.010560717644041822e-05  1.010560717644041822e-05
-1.020408171753236282e+00  2.910145681426677409e-05  2.910145681426677409e-05
-9.204081717532361928e-01  7.961403313794182676e-05  7.961403313794182676e-05
-8.204081717532361040e-01  2.068886717861295071e-04  2.068886717861295071e-04
-7.204081717532362372e-01  5.106500399998909574e-04  5.106500399998909574e-04
-6.204081717532363704e-01  1.197093822185179950e-03  1.197093822185179950e-03
-5.204081717532362816e-01  2.665243842258638567e-03  2.665243842258638567e-03
-4.204081717532361928e-01  5.635599607467080795e-03  5.635599607467080795e-03
-3.204081717532361040e-01  1.131700123582208596e-02  1.131700123582208596e-02
-2.204081717532362372e-01  2.158273330947946267e-02  2.158273330947946267e-02
-1.204081717532361484e-01  3.908973497938966063e-02  3.908973497938966063e-02
-2.040817175323628163e-02  6.723551718549179712e-02  6.723551718549179712e-02
7.959182824676380719e-02  1.098282466292945792e-01  1.098282466292945792e-01
1.795918282467638960e-01  1.703762648098720578e-01  1.703762648098720578e-01
2.795918282467637628e-01  2.510067127764147310e-01  2.510067127764147310e-01
3.795918282467638516e-01  3.511926574478609897e-01  3.511926574478609897e-01
4.795918282467637184e-01  4.666524712225353921e-01  4.666524712225353921e-01
5.795918282467638072e-01  5.888926518098135388e-01  5.888926518098135388e-01
6.795918282467638960e-01  7.058016027393825276e-01  7.058016027393825276e-01
7.795918282467639848e-01  8.034286337998609584e-01  8.034286337998609584e-01
8.795918282467640736e-01  8.686634405949965609e-01  8.686634405949965609e-01
9.795918282467637184e-01  8.921296492266592715e-01  8.921296492266592715e-01
1.079591828246763807e+00  8.704162281816316682e-01  8.704162281816316682e-01
1.179591828246763896e+00  8.069146074924837819e-01  8.069146074924837819e-01
1.279591828246763985e+00  7.109771186535774889e-01  7.109771186535774889e-01
1.379591828246764074e+00  5.956823326738088786e-01  5.956823326738088786e-01
1.479591828246763718e+00  4.749403920355564912e-01  4.749403920355564912e-01
1.579591828246763807e+00  3.608150120086474066e-01  3.608150120086474066e-01
1.679591828246763896e+00  2.617484754993650298e-01  2.617484754993650298e-01
1.779591828246763985e+00  1.819737152183221740e-01  1.819737152183221740e-01
1.879591828246764074e+00  1.219781497481984139e-01  1.219781497481984139e-01
1.979591828246763718e+00  7.961047620621941601e-02  7.961047620621941601e-02
2.079591828246763807e+00  5.135802348129969719e-02  5.135802348129969719e-02
2.179591828246763896e+00  3.343002826498620711e-02  3.343002826498620711e-02
2.279591828246763985e+00  2.246705596561124688e-02  2.246705596561124688e-02
2.379591828246764074e+00  1.586708302092693090e-02  1.586708302092693090e-02
2.479591828246763718e+00  1.182266599371880819e-02  1.182266599371880819e-02
2.579591828246764251e+00  9.194767817316479644e-03  9.194767817316479644e-03
2.679591828246763896e+00  7.329775655919712821e-03  7.329775655919712821e-03
2.779591828246763541e+00  5.886851080093208344e-03  5.886851080093208344e-03
2.879591828246764074e+00  4.705291931134493628e-03  4.705291931134493628e-03
2.979591828246763718e+00  3.716281110036217215e-03  3.716281110036217215e-03
3.079591828246764251e+00  2.891006184523409791e-03  2.891006184523409791e-03
3.179591828246763896e+00  2.213851306106200470e-03  2.213851306106200470e-03
3.279591828246764429e+00  1.670745330781573963e-03  1.670745330781573963e-03
3.379591828246764074e+00  1.245602593571847657e-03  1.245602593571847657e-03
3.479591828246763718e+00  9.204672594805126057e-04  9.204672594805126057e-04
3.579591828246764251e+00  6.769233901212243438e-04  6.769233901212243438e-04
3.679591828246763896e+00  4.975712419724162084e-04  4.975712419724162084e-04
3.779591828246764429e+00  3.670850904186433433e-04  3.670850904186433433e-04
3.879591828246764074e+00  2.727474380818774649e-04  2.727474380818774649e-04
3.979591828246763718e+00  2.045340179350883954e-04  2.045340179350883954e-04
4.079591828246764251e+00  1.548889445604749188e-04  1.548889445604749188e-04
4.179591828246763896e+00  1.183319153160699975e-04  1.183319153160699975e-04
4.279591828246764429e+00  9.101191927999922307e-05  9.101191927999922307e-05
4.379591828246764074e+00  7.028466826850545367e-05  7.028466826850545367e-05
4.479591828246763718e+00  5.435577146789340343e-05  5.435577146789340343e-05
4.579591828246764251e+00  4.200433596310337235e-05  4.200433596310337235e-05
4.679591828246763896e+00  3.238377892903835363e-05  3.238377892903835363e-05
4.779591828246764429e+00  2.488720819239994566e-05  2.488720819239994566e-05
4.879591828246764074e+00  1.906160357647623327e-05  1.906160357647623327e-05
4.979591828246763718e+00  1.455584770859298182e-05  1.455584770859298182e-05
5.079591828246764251e+00  1.109041575129255989e-05  1.109041575129255989e-05
5.179591828246763896e+00  8.439833686572599858e-06  8.439833686572599858e-06
5.279591828246764429e+00  6.422031544327172998e-06  6.422031544327172998e-06
5.379591828246764074e+00  4.891085207527039016e-06  4.891085207527039016e-06
5.479591828246763718e+00  3.731491640759208267e-06  3.731491640759208267e-06
5.579591828246764251e+00  2.853152147667743821e-06  2.853152147667743821e-06
5.679591828246763896e+00  2.186802345978553345e-06  2.186802345978553345e-06
5.779591828246764429e+00  1.679882624408668060e-06  1.679882624408668060e-06
5.879591828246764074e+00  1.292917367654630833e-06  1.292917367654630833e-06
5.979591828246763718e+00  9.964569171034100211e-07  9.964569171034100211e-07
6.079591828246764251e+00  7.685908543474259189e-07  7.685908543474259189e-07
6.179591828246763896e+00  5.929961690397085365e-07  5.929961690397085365e-07
6.279591828246764429e+00  4.574526423171270825e-07  4.574526423171270825e-07
6.379591828246764074e+00  3.527430249252583774e-07  3.527430249252583774e-07
6.479591828246763718e+00  2.718545981155579445e-07  2.718545981155579445e-07
6.579591828246763363e+00  2.094068661671038582e-07  2.094068661671038582e-07
6.679591828246764784e+00  1.612429373986783373e-07  1.612429373986783373e-07
6.779591828246764429e+00  1.241361195167357074e-07  1.241361195167357074e-07
6.879591828246764074e+00  9.557614594213958491e-08  9.557614594213958491e-08
6.979591828246763718e+00  7.361012857090772037e-08  7.361012857090772037e-08
7.079591828246763363e+00  5.672147803339110650e-08  5.672147803339110650e-08
7.179591828246764784e+00  4.373582711660702539e-08  4.373582711660702539e-08
7.279591828246764429e+00  3.374686537553763999e-08  3.374686537553763999e-08
7.379591828246764074e+00  2.605743768951913052e-08  2.605743768951913052e-08
7.479591828246763718e+00  2.013272956958059396e-08  2.013272956958059396e-08
7.579591828246763363e+00  1.556321893612352702e-08  1.556321893612352702e-08
7.679591828246764784e+00  1.203557719590116647e-08  1.203557719590116647e-08
7.779591828246764429e+00  9.310020142612014148e-09  9.310020142612014148e-09
7.879591828246764074e+00  7.202839603295951808e-09  7.202839603295951808e-09
7.979591828246763718e+00  5.573039593042697911e-09  5.573039593042697911e-09
8.079591828246766028e+00  4.312176135218659550e-09  4.312176135218659550e-09
8.179591828246763896e+00  3.336662288334583920e-09  3.336662288334583920e-09
8.279591828246765317e+00  2.581947226555326723e-09  2.581947226555326723e-09
8.379591828246763185e+00  1.998107135342655843e-09  1.998107135342655843e-09
8.479591828246764607e+00  1.546494103096119627e-09  1.546494103096119627e-09
8.579591828246766028e+00  1.197176922573097627e-09  1.197176922573097627e-09
8.679591828246763896e+00  9.269762561041768302e-10  9.269762561041768302e-10
8.779591828246765317e+00  7.179485518000396632e-10  7.179485518000396632e-10
8.879591828246763185e+00  5.562114770814605696e-10  5.562114770814605696e-10
8.979591828246764607e+00  4.310314879148850694e-10  4.310314879148850694e-10
9.079591828246766028e+00  3.341141644391897336e-10  3.341141644391897336e-10
9.179591828246763896e+00  2.590523155090101638e-10  2.590523155090101638e-10
9.279591828246765317e+00  2.008972718189538688e-10  2.008972718189538688e-10
9.379591828246763185e+00  1.558264724291436012e-10  1.558264724291436012e-10
9.479591828246764607e+00  1.208862488842586996e-10  1.208862488842586996e-10
9.579591828246766028e+00  9.379318857475151917e-11  9.379318857475151917e-11
9.679591828246763896e+00  7.278098098910544700e-11  7.278098098910544700e-11
9.779591828246765317e+00  5.648245398946393861e-11  5.648245398946393861e-11
9.879591828246763185e+00  4.383874899685217933e-11  4.383874899685217933e-11
9.979591828246764607e+00  3.402937356800931779e-11  3.402937356800931779e-11
1.007959182824676603e+01  2.641828978273259098e-11  2.641828978273259098e-11
1.017959182824676390e+01  2.051231375291980055e-11  2.051231375291980055e-11
1.027959182824676532e+01  1.592897168223867237e-11  1.592897168223867237e-11
1.037959182824676319e+01  1.237162955953386443e-11  1.237162955953386443e-11
1.047959182824676461e+01  9.610228011532345702e-12  9.610228011532345702e-12
