-1.536720562966781056e+00  0.000000000000000000e+00  0.000000000000000000e+00
-1.436720562966780967e+00  0.000000000000000000e+00  0.000000000000000000e+00
-1.336720562966781323e+00  0.000000000000000000e+00  0.000000000000000000e+00
-1.236720562966780790e+00  0.000000000000000000e+00  0.000000000000000000e+00
-1.136720562966781145e+00  0.000000000000000000e+00  0.000000000000000000e+00
-1.036720562966781056e+00  0.000000000000000000e+00  0.000000000000000000e+00
-9.367205629667809674e-01  0.000000000000000000e+00  0.000000000000000000e+00
-8.367205629667808786e-01  0.000000000000000000e+00  0.000000000000000000e+00
-7.367205629667810118e-01  0.000000000000000000e+00  0.000000000000000000e+00
-6.367205629667811451e-01  0.000000000000000000e+00  0.000000000000000000e+00
-5.367205629667810562e-01  0.000000000000000000e+00  0.000000000000000000e+00
-4.367205629667809674e-01  0.000000000000000000e+00  0.000000000000000000e+00
-3.367205629667808786e-01  0.000000000000000000e+00  0.000000000000000000e+00
-2.367205629667810118e-01  0.000000000000000000e+00  0.000000000000000000e+00
-1.367205629667809230e-01  0.000000000000000000e+00  0.000000000000000000e+00
-3.672056296678105625e-02  0.000000000000000000e+00  0.000000000000000000e+00
6.327943703321903257e-02  0.000000000000000000e+00  0.000000000000000000e+00
1.632794370332191214e-01  0.000000000000000000e+00  0.000000000000000000e+00
2.632794370332189882e-01  0.000000000000000000e+00  0.000000000000000000e+00
3.632794370332190770e-01  0.000000000000000000e+00  0.000000000000000000e+00
4.632794370332189438e-01  0.000000000000000000e+00  0.000000000000000000e+00
5.632794370332190326e-01  0.000000000000000000e+00  0.000000000000000000e+00
6.632794370332191214e-01  1.401775564798939558e-194  1.401775564798939558e-194
7.632794370332192102e-01  5.251688533238227942e-86  5.251688533238227942e-86
8.632794370332192990e-01  7.319328623448532458e-21  7.319328623448532458e-21
9.632794370332189438e-01  3.794856357952573234e+01  3.794856357952573234e+01
1.063279437033219033e+00  7.319328623445308030e-21  7.319328623445308030e-21
1.163279437033219121e+00  5.251688533233600986e-86  5.251688533233600986e-86
1.263279437033219210e+00  1.401775564797106906e-194  1.401775564797106906e-194
1.363279437033219299e+00  0.000000000000000000e+00  0.000000000000000000e+00
1.463279437033218944e+00  4.697690868114666682e-272  4.697690868114666682e-272
1.563279437033219033e+00  2.444234460754433259e-174  2.444234460754433259e-174
1.663279437033219121e+00  2.452885047974881361e-98  2.452885047974881361e-98
1.763279437033219210e+00  4.747745532727892076e-44  4.747745532727892076e-44
1.863279437033219299e+00  1.772448301289297758e-11  1.772448301289297758e-11
1.963279437033218944e+00  1.276249615150337968e+00  1.276249615150337968e+00
2.063279437033219033e+00  1.772448301288907109e-11  1.772448301288907109e-11
2.163279437033219121e+00  4.747745532725800147e-44  4.747745532725800147e-44
2.263279437033219210e+00  2.452885047973277869e-98  2.452885047973277869e-98
2.363279437033219299e+00  2.444234460752210393e-174  2.444234460752210393e-174
2.463279437033218944e+00  8.226259541674746961e-183  8.226259541674746961e-183
2.563279437033219477e+00  1.146501673628813730e-117  1.146501673628813730e-117
2.663279437033219121e+00  5.334138015253470987e-67  5.334138015253470987e-67
2.763279437033218766e+00  8.284591018747248119e-31  8.284591018747248119e-31
2.863279437033219299e+00  4.295316485699128884e-09  4.295316485699128884e-09
2.963279437033218944e+00  7.434239256454241995e-02  7.434239256454241995e-02
3.063279437033219477e+00  4.295316485697861643e-09  4.295316485697861643e-09
3.163279437033219121e+00  8.284591018747248119e-31  8.284591018747248119e-31
3.263279437033219654e+00  5.334138015248771143e-67  5.334138015248771143e-67
3.363279437033219299e+00  1.146501673627510200e-117  1.146501673627510200e-117
3.463279437033218944e+00  1.044417942850768494e-138  1.044417942850768494e-138
3.563279437033219477e+00  7.533617017096926571e-90  7.533617017096926571e-90
3.663279437033219121e+00  7.546936658000475970e-52  7.546936658000475970e-52
3.763279437033219654e+00  1.049967421379731969e-24  1.049967421379731969e-24
3.863279437033219299e+00  2.028704979857086113e-08  2.028704979857086113e-08
3.963279437033218944e+00  5.443771894461875253e-03  5.443771894461875253e-03
4.063279437033219921e+00  2.028704979856639436e-08  2.028704979856639436e-08
4.163279437033219565e+00  1.049967421379269302e-24  1.049967421379269302e-24
4.263279437033219210e+00  7.546936657995541242e-52  7.546936657995541242e-52
4.363279437033218855e+00  7.533617017090288678e-90  7.533617017090288678e-90
4.463279437033218500e+00  1.207284864514837709e-112  1.207284864514837709e-112
4.563279437033219921e+00  1.473374425834604285e-73  1.473374425834604285e-73
4.663279437033219565e+00  3.706183007486475018e-43  3.706183007486475018e-43
4.763279437033219210e+00  1.921546752887414512e-21  1.921546752887414512e-21
4.863279437033218855e+00  2.053456053193784590e-08  2.053456053193784590e-08
4.963279437033218500e+00  4.523037951680847885e-04  4.523037951680847885e-04
5.063279437033219921e+00  2.053456053193419968e-08  2.053456053193419968e-08
5.163279437033219565e+00  1.921546752886731409e-21  1.921546752886731409e-21
5.263279437033219210e+00  3.706183007484526666e-43  3.706183007484526666e-43
5.363279437033218855e+00  1.473374425833557117e-73  1.473374425833557117e-73
5.463279437033218500e+00  1.354574232816261608e-95  1.354574232816261608e-95
5.563279437033219921e+00  5.056953413733180903e-63  5.056953413733180903e-63
5.663279437033219565e+00  1.090771370497270630e-37  1.090771370497270630e-37
5.763279437033219210e+00  1.359368315682014500e-19  1.359368315682014500e-19
5.863279437033218855e+00  9.788117873309767727e-09  9.788117873309767727e-09
5.963279437033218500e+00  4.072113489246067115e-05  4.072113489246067115e-05
6.063279437033219921e+00  9.788117873308325124e-09  9.788117873308325124e-09
6.163279437033219565e+00  1.359368315681618481e-19  1.359368315681618481e-19
6.263279437033219210e+00  1.090771370496790159e-37  1.090771370496790159e-37
6.363279437033218855e+00  5.056953413730307218e-63  5.056953413730307218e-63
6.463279437033218500e+00  1.085799538304361496e-83  1.085799538304361496e-83
6.563279437033218144e+00  9.009083914550433697e-56  9.009083914550433697e-56
6.663279437033219565e+00  4.670944717930570482e-34  4.670944717930570482e-34
6.763279437033219210e+00  1.513289219216392715e-18  1.513289219216392715e-18
6.863279437033218855e+00  3.063601437546535415e-09  3.063601437546535415e-09
6.963279437033218500e+00  3.875571082837209617e-06  3.875571082837209617e-06
7.063279437033218144e+00  3.063601437546535415e-09  3.063601437546535415e-09
7.163279437033219565e+00  1.513289219215629276e-18  1.513289219215629276e-18
7.263279437033219210e+00  4.670944717926985984e-34  4.670944717926985984e-34
7.363279437033218855e+00  9.009083914550433697e-56  9.009083914550433697e-56
7.463279437033218500e+00  5.321497946827507075e-75  5.321497946827507075e-75
7.563279437033218144e+00  1.429218091805868114e-50  1.429218091805868114e-50
7.663279437033219565e+00  1.430480982182462125e-31  1.430480982182462125e-31
7.763279437033219210e+00  5.335617002916455477e-18  5.335617002916455477e-18
7.863279437033218855e+00  7.416622656857402338e-10  7.416622656857402338e-10
7.963279437033218500e+00  3.841905651977756147e-07  3.841905651977756147e-07
8.063279437033219921e+00  7.416622656855755214e-10  7.416622656855755214e-10
8.163279437033219565e+00  5.335617002914104302e-18  5.335617002914104302e-18
8.263279437033219210e+00  1.430480982181506834e-31  1.430480982181506834e-31
8.363279437033218855e+00  1.429218091805868114e-50  1.429218091805868114e-50
8.463279437033218500e+00  1.886320358452289181e-68  1.886320358452289181e-68
8.563279437033219921e+00  9.780012832119929514e-47  9.780012832119929514e-47
8.663279437033219565e+00  7.578256076442390381e-30  7.578256076442390381e-30
8.763279437033219210e+00  8.776167122867093850e-18  8.776167122867093850e-18
8.863279437033218855e+00  1.518959693965416547e-10  1.518959693965416547e-10
8.963279437033218500e+00  3.929102617656492371e-08  3.929102617656492371e-08
9.063279437033219921e+00  1.518959693965117211e-10  1.518959693965117211e-10
9.163279437033219565e+00  8.776167122863662613e-18  8.776167122863662613e-18
9.263279437033219210e+00  7.578256076437866989e-30  7.578256076437866989e-30
9.363279437033218855e+00  9.780012832112286873e-47  9.780012832112286873e-47
9.463279437033218500e+00  2.127763934103620269e-63  2.127763934103620269e-63
9.563279437033219921e+00  7.433122304827891178e-44  7.433122304827891178e-44
9.663279437033219565e+00  1.178903196814520040e-28  1.178903196814520040e-28
9.763279437033219210e+00  8.488680601513713199e-18  8.488680601513713199e-18
9.863279437033218855e+00  2.774964435571245213e-11  2.774964435571245213e-11
9.963279437033218500e+00  4.118412382804126873e-09  4.118412382804126873e-09
1.006327943703321992e+01  2.774964435570752136e-11  2.774964435570752136e-11
1.016327943703321957e+01  8.488680601510697963e-18  8.488680601510697963e-18
1.026327943703321921e+01  1.178903196813891586e-28  1.178903196813891586e-28
1.036327943703321885e+01  7.433122304822609083e-44  7.433122304822609083e-44
1.046327943703321850e+01  1.959857145168019860e-59  1.959857145168019860e-59
