-1.636361719205543075e+00  3.767462308653895720e-47  3.767462308653895720e-47
-1.536361719205543430e+00  1.152661563888721241e-43  1.152661563888721241e-43
-1.436361719205543341e+00  3.739937129005382038e-40  3.739937129005382038e-40
-1.336361719205543253e+00  8.955204499815889291e-37  8.955204499815889291e-37
-1.236361719205543608e+00  1.523224615096119307e-33  1.523224615096119307e-33
-1.136361719205543075e+00  1.833876481137324745e-30  1.833876481137324745e-30
-1.036361719205543430e+00  1.562162314890250446e-27  1.562162314890250446e-27
-9.363617192055433414e-01  9.414799789656121933e-25  9.414799789656121933e-25
-8.363617192055432525e-01  4.014410508916741440e-22  4.014410508916741440e-22
-7.363617192055431637e-01  1.211037812261131800e-19  1.211037812261131800e-19
-6.363617192055432970e-01  2.584751235636741251e-17  2.584751235636741251e-17
-5.363617192055432081e-01  3.903057072291508102e-15  3.903057072291508102e-15
-4.363617192055431193e-01  4.169808858261736396e-13  4.169808858261736396e-13
-3.363617192055432525e-01  3.151755266902833907e-11  3.151755266902833907e-11
-2.363617192055431637e-01  1.685442419470179805e-09  1.685442419470179805e-09
-1.363617192055432970e-01  6.376765492486367592e-08  6.376765492486367592e-08
-3.636171920554320813e-02  1.706915667651630380e-06  1.706915667651630380e-06
6.363828079445688068e-02  3.232576240804603768e-05  3.232576240804603768e-05
1.636382807944567475e-01  4.331223368312022847e-04  4.331223368312022847e-04
2.636382807944568363e-01  4.105797069631289889e-03  4.105797069631289889e-03
3.636382807944567030e-01  2.753654666978769261e-02  2.753654666978769261e-02
4.636382807944567919e-01  1.306611785904968903e-01  1.306611785904968903e-01
5.636382807944568807e-01  4.386405662159461039e-01  4.386405662159461039e-01
6.636382807944569695e-01  1.041828530054133006e+00  1.041828530054133006e+00
7.636382807944570583e-01  1.750690837257022903e+00  1.750690837257022903e+00
8.636382807944567030e-01  2.081380720546802010e+00  2.081380720546802010e+00
9.636382807944567919e-01  1.750828230049042089e+00  1.750828230049042089e+00
1.063638280794456881e+00  1.042445223409060873e+00  1.042445223409060873e+00
1.163638280794456970e+00  4.409000844722966717e-01  4.409000844722966717e-01
1.263638280794457058e+00  1.376181885065226318e-01  1.376181885065226318e-01
1.363638280794456703e+00  4.555343028958941387e-02  4.555343028958941387e-02
1.463638280794456792e+00  4.335220140608860712e-02  4.335220140608860712e-02
1.563638280794456881e+00  7.234247699301367407e-02  7.234247699301367407e-02
1.663638280794456970e+00  1.108583120919326287e-01  1.108583120919326287e-01
1.763638280794457058e+00  1.436781341320334804e-01  1.436781341320334804e-01
1.863638280794456703e+00  1.567018042228640329e-01  1.567018042228640329e-01
1.963638280794456792e+00  1.438485143029712143e-01  1.438485143029712143e-01
2.063638280794457103e+00  1.113303576225700142e-01  1.113303576225700142e-01
2.163638280794456747e+00  7.311811058331535440e-02  7.311811058331535440e-02
2.263638280794457280e+00  4.180690520010960781e-02  4.180690520010960781e-02
2.363638280794456925e+00  2.284609779551097231e-02  2.284609779551097231e-02
2.463638280794457458e+00  1.507245546187682174e-02  1.507245546187682174e-02
2.563638280794457103e+00  1.441237432440826104e-02  1.441237432440826104e-02
2.663638280794456747e+00  1.683546915903912436e-02  1.683546915903912436e-02
2.763638280794457280e+00  1.943327972829073103e-02  1.943327972829073103e-02
2.863638280794456925e+00  2.048944891237514804e-02  2.048944891237514804e-02
2.963638280794457458e+00  1.937872307740388586e-02  1.937872307740388586e-02
3.063638280794457103e+00  1.642221530328881463e-02  1.642221530328881463e-02
3.163638280794457636e+00  1.255248279542206698e-02  1.255248279542206698e-02
3.263638280794457280e+00  8.819936726642536515e-03  8.819936726642536515e-03
3.363638280794456925e+00  5.964000887949546907e-03  5.964000887949546907e-03
3.463638280794457458e+00  4.236088482071027027e-03  4.236088482071027027e-03
3.563638280794457103e+00  3.478584788631011032e-03  3.478584788631011032e-03
3.663638280794457636e+00  3.327818744830478726e-03  3.327818744830478726e-03
3.763638280794457280e+00  3.404607590522443477e-03  3.404607590522443477e-03
3.863638280794456925e+00  3.429100586763632070e-03  3.429100586763632070e-03
3.963638280794457458e+00  3.260796864453420572e-03  3.260796864453420572e-03
4.063638280794457103e+00  2.887126972852593464e-03  2.887126972852593464e-03
4.163638280794457636e+00  2.382226022273102942e-03  2.382226022273102942e-03
4.263638280794457280e+00  1.854004154163402772e-03  1.854004154163402772e-03
4.363638280794456925e+00  1.396817694676082567e-03  1.396817694676082567e-03
4.463638280794457458e+00  1.063127380462934894e-03  1.063127380462934894e-03
4.563638280794457103e+00  8.583872031188464558e-04  8.583872031188464558e-04
4.663638280794457636e+00  7.536454489297896627e-04  7.536454489297896627e-04
4.763638280794457280e+00  7.053988987267823235e-04  7.053988987267823235e-04
4.863638280794456925e+00  6.733221251376559496e-04  6.733221251376559496e-04
4.963638280794457458e+00  6.308665705585169911e-04  6.308665705585169911e-04
5.063638280794457103e+00  5.680469516502980633e-04  5.680469516502980633e-04
5.163638280794457636e+00  4.883582219930564672e-04  4.883582219930564672e-04
5.263638280794457280e+00  4.027134351833286277e-04  4.027134351833286277e-04
5.363638280794456925e+00  3.231482793647939833e-04  3.231482793647939833e-04
5.463638280794457458e+00  2.582595180184802655e-04  2.582595180184802655e-04
5.563638280794457103e+00  2.112478502459905216e-04  2.112478502459905216e-04
5.663638280794457636e+00  1.803617929980648406e-04  1.803617929980648406e-04
5.763638280794457280e+00  1.608233516429862561e-04  1.608233516429862561e-04
5.863638280794456925e+00  1.471227819433460567e-04  1.471227819433460567e-04
5.963638280794457458e+00  1.348176751208751863e-04  1.348176751208751863e-04
6.063638280794457103e+00  1.214261835582860290e-04  1.214261835582860290e-04
6.163638280794457636e+00  1.064329690467034900e-04  1.064329690467034900e-04
6.263638280794457280e+00  9.069714767739875459e-05  9.069714767739875459e-05
6.363638280794456925e+00  7.563905804982812666e-05  7.563905804982812666e-05
6.463638280794456570e+00  6.252751495676231040e-05  6.252751495676231040e-05
6.563638280794457991e+00  5.205558906381575366e-05  5.205558906381575366e-05
6.663638280794457636e+00  4.424424161815835433e-05  4.424424161815835433e-05
6.763638280794457280e+00  3.859816747280507917e-05  3.859816747280507917e-05
6.863638280794456925e+00  3.438255558065695739e-05  3.438255558065695739e-05
6.963638280794456570e+00  3.089310158863686642e-05  3.089310158863686642e-05
7.063638280794457991e+00  2.763498460635176597e-05  2.763498460635176597e-05
7.163638280794457636e+00  2.438282457950952594e-05  2.438282457950952594e-05
7.263638280794457280e+00  2.114043245770520953e-05  2.114043245770520953e-05
7.363638280794456925e+00  1.804468754719078998e-05  1.804468754719078998e-05
7.463638280794456570e+00  1.526118164484608809e-05  1.526118164484608809e-05
7.563638280794457991e+00  1.290664890706172739e-05  1.290664890706172739e-05
7.663638280794457636e+00  1.101370729796228258e-05  1.101370729796228258e-05
7.763638280794457280e+00  9.535276351847734582e-06  9.535276351847734582e-06
7.863638280794456925e+00  8.374424214096199844e-06  8.374424214096199844e-06
7.963638280794458346e+00  7.421920737875920354e-06  7.421920737875920354e-06
8.063638280794457103e+00  6.586985496459701407e-06  6.586985496459701407e-06
8.163638280794458524e+00  5.813501575283317069e-06  5.813501575283317069e-06
8.263638280794456392e+00  5.081036987158799782e-06  5.081036987158799782e-06
8.363638280794457813e+00  4.395042242659288075e-06  4.395042242659288075e-06
8.463638280794459234e+00  3.772638839438847832e-06  3.772638839438847832e-06
8.563638280794457103e+00  3.229786548172809428e-06  3.229786548172809428e-06
8.663638280794458524e+00  2.773366048898444111e-06  2.773366048898444111e-06
8.763638280794456392e+00  2.399059395173292160e-06  2.399059395173292160e-06
8.863638280794457813e+00  2.093813819220816000e-06  2.093813819220816000e-06
8.963638280794459234e+00  1.840618059343216877e-06  1.840618059343216877e-06
9.063638280794457103e+00  1.623310760830471600e-06  1.623310760830471600e-06
9.163638280794456747e+00  1.429852718413629132e-06  1.429852718413629132e-06
9.263638280794456392e+00  1.253477814710840567e-06  1.253477814710840567e-06
9.363638280794456037e+00  1.091996048425699220e-06  1.091996048425699220e-06
9.463638280794457458e+00  9.460240457216966408e-07  9.460240457216966408e-07
9.563638280794457103e+00  8.170175044419711426e-07  8.170175044419711426e-07
9.663638280794456747e+00  7.057715062661298737e-07  7.057715062661298737e-07
9.763638280794456392e+00  6.117008694244373909e-07  6.117008694244373909e-07
9.863638280794456037e+00  5.328707866022006402e-07  5.328707866022006402e-07
9.963638280794457458e+00  4.665220326498810363e-07  4.665220326498810363e-07
1.006363828079445710e+01  4.097601041393147294e-07  4.097601041393147294e-07
1.016363828079445675e+01  3.601303168858985950e-07  3.601303168858985950e-07
1.026363828079445639e+01  3.159247708200205681e-07  3.159247708200205681e-07
1.036363828079445604e+01  2.762009078408402426e-07  2.762009078408402426e-07
