-1.541666666548090703e+00  3.049937765146832566e-47  3.049937765146832566e-47
-1.441666666548090170e+00  1.208333332706535223e-43  1.208333332706535223e-43
-1.341666666548090525e+00  4.038159742173570189e-40  4.038159742173570189e-40
-1.241666666548090436e+00  9.697386936314667759e-37  9.697386936314667759e-37
-1.141666666548090348e+00  1.650004112570372594e-33  1.650004112570372594e-33
-1.041666666548090703e+00  1.986597956278482140e-30  1.986597956278482140e-30
-9.416666665480903919e-01  1.692267480515757593e-27  1.692267480515757593e-27
-8.416666665480905252e-01  1.019892704451999740e-24  1.019892704451999740e-24
-7.416666665480904364e-01  4.348758544554615058e-22  4.348758544554615058e-22
-6.416666665480903475e-01  1.311901556975083695e-19  1.311901556975083695e-19
-5.416666665480904808e-01  2.800027550861197217e-17  2.800027550861197217e-17
-4.416666665480903919e-01  4.228131225951344275e-15  4.228131225951344275e-15
-3.416666665480903031e-01  4.517099996336376989e-13  4.517099996336376989e-13
-2.416666665480904364e-01  3.414255714003215277e-11  3.414255714003215277e-11
-1.416666665480903475e-01  1.825817973390139214e-09  1.825817973390139214e-09
-4.166666654809048076e-02  6.907867581430226241e-08  6.907867581430226241e-08
5.833333345190960806e-02  1.849079665408715248e-06  1.849079665408715248e-06
1.583333334519096969e-01  3.501808029645598312e-05  3.501808029645598312e-05
2.583333334519095636e-01  4.691958247047834643e-04  4.691958247047834643e-04
3.583333334519096525e-01  4.447756841878695855e-03  4.447756841878695855e-03
4.583333334519095192e-01  2.982998451376567620e-02  2.982998451376567620e-02
5.583333334519096081e-01  1.415435603195772107e-01  1.415435603195772107e-01
6.583333334519096969e-01  4.751736042148329564e-01  4.751736042148329564e-01
7.583333334519097857e-01  1.128598951471672107e+00  1.128598951471672107e+00
8.583333334519098745e-01  1.896497658462016567e+00  1.896497658462016567e+00
9.583333334519095192e-01  2.254713841529484952e+00  2.254713841529484952e+00
1.058333333451909608e+00  1.896551402435767253e+00  1.896551402435767253e+00
1.158333333451909697e+00  1.128840183551194754e+00  1.128840183551194754e+00
1.258333333451909786e+00  4.760574603323478038e-01  4.760574603323478038e-01
1.358333333451909875e+00  1.442649339309247103e-01  1.442649339309247103e-01
1.458333333451909519e+00  3.687764229334613425e-02  3.687764229334613425e-02
1.558333333451909608e+00  1.979972129465719377e-02  1.979972129465719377e-02
1.658333333451909697e+00  2.859770037879236226e-02  2.859770037879236226e-02
1.758333333451909786e+00  4.338558888395616792e-02  4.338558888395616792e-02
1.858333333451909875e+00  5.619904255741089288e-02  5.619904255741089288e-02
1.958333333451909519e+00  6.128116717566191307e-02  6.128116717566191307e-02
2.058333333451909830e+00  5.622150230182795805e-02  5.622150230182795805e-02
2.158333333451909475e+00  4.342181298353422342e-02  4.342181298353422342e-02
2.258333333451910008e+00  2.829924009046014613e-02  2.829924009046014613e-02
2.358333333451909652e+00  1.571363027816856037e-02  1.571363027816856037e-02
2.458333333451909297e+00  7.729766040334412787e-03  7.729766040334412787e-03
2.558333333451909830e+00  3.867618393015694826e-03  3.867618393015694826e-03
2.658333333451909475e+00  2.600261412109461118e-03  2.600261412109461118e-03
2.758333333451909120e+00  2.531689357871666490e-03  2.531689357871666490e-03
2.858333333451909652e+00  2.778789517491544233e-03  2.778789517491544233e-03
2.958333333451909297e+00  2.896990213074649399e-03  2.896990213074649399e-03
3.058333333451909830e+00  2.729270509160758914e-03  2.729270509160758914e-03
3.158333333451909475e+00  2.300833396570952684e-03  2.300833396570952684e-03
3.258333333451910008e+00  1.736787335121241574e-03  1.736787335121241574e-03
3.358333333451909652e+00  1.182174996666926969e-03  1.182174996666926969e-03
3.458333333451909297e+00  7.399835926188707983e-04  7.399835926188707983e-04
3.558333333451909830e+00  4.471284578214795445e-04  4.471284578214795445e-04
3.658333333451909475e+00  2.865568557388961245e-04  2.865568557388961245e-04
3.758333333451910008e+00  2.155682195392357966e-04  2.155682195392357966e-04
3.858333333451909652e+00  1.905903814670114921e-04  1.905903814670114921e-04
3.958333333451909297e+00  1.800290088252013733e-04  1.800290088252013733e-04
4.058333333451909830e+00  1.668041119933994692e-04  1.668041119933994692e-04
4.158333333451909475e+00  1.454988578654849564e-04  1.454988578654849564e-04
4.258333333451910008e+00  1.178914566747431736e-04  1.178914566747431736e-04
4.358333333451909652e+00  8.874941022463074059e-05  8.874941022463074059e-05
4.458333333451909297e+00  6.270553875356986331e-05  6.270553875356986331e-05
4.558333333451909830e+00  4.255293817364515696e-05  4.255293817364515696e-05
4.658333333451909475e+00  2.889296206978895414e-05  2.889296206978895414e-05
4.758333333451910008e+00  2.070145772842112180e-05  2.070145772842112180e-05
4.858333333451909652e+00  1.622763584048905804e-05  1.622763584048905804e-05
4.958333333451909297e+00  1.376088018675319329e-05  1.376088018675319329e-05
5.058333333451909830e+00  1.205790778150434836e-05  1.205790778150434836e-05
5.158333333451909475e+00  1.044405287555925258e-05  1.044405287555925258e-05
5.258333333451910008e+00  8.708004521948460998e-06  8.708004521948460998e-06
5.358333333451909652e+00  6.916697751737161958e-06  6.916697751737161958e-06
5.458333333451909297e+00  5.239275184173779551e-06  5.239275184173779551e-06
5.558333333451909830e+00  3.825181980849508494e-06  3.825181980849508494e-06
5.658333333451909475e+00  2.746931356446395406e-06  2.746931356446395406e-06
5.758333333451910008e+00  1.995732375986311875e-06  1.995732375986311875e-06
5.858333333451909652e+00  1.507759682842893346e-06  1.507759682842893346e-06
5.958333333451909297e+00  1.198870835897793143e-06  1.198870835897793143e-06
6.058333333451909830e+00  9.924912397895747947e-07  9.924912397895747947e-07
6.158333333451909475e+00  8.343788320219805936e-07  8.343788320219805936e-07
6.258333333451910008e+00  6.951135524108455516e-07  6.951135524108455516e-07
6.358333333451909652e+00  5.647658283011717769e-07  5.647658283011717769e-07
6.458333333451909297e+00  4.446822126836838734e-07  4.446822126836838734e-07
6.558333333451908942e+00  3.400212537397087798e-07  3.400212537397087798e-07
6.658333333451910363e+00  2.548531473857458613e-07  2.548531473857458613e-07
6.758333333451910008e+00  1.900923877813207731e-07  1.900923877813207731e-07
6.858333333451909652e+00  1.435837353417091469e-07  1.435837353417091469e-07
6.958333333451909297e+00  1.113190295946267293e-07  1.113190295946267293e-07
7.058333333451908942e+00  8.886971629600563243e-08  8.886971629600563243e-08
7.158333333451910363e+00  7.245909166134889894e-08  7.245909166134889894e-08
7.258333333451910008e+00  5.946884695805467256e-08  5.946884695805467256e-08
7.358333333451909652e+00  4.844716162258783641e-08  4.844716162258783641e-08
7.458333333451909297e+00  3.881637754195381438e-08  3.881637754195381438e-08
7.558333333451908942e+00  3.048833202165190390e-08  3.048833202165190390e-08
7.658333333451910363e+00  2.353553207461569430e-08  2.353553207461569430e-08
7.758333333451910008e+00  1.798658857268563135e-08  1.798658857268563135e-08
7.858333333451909652e+00  1.374817151069536111e-08  1.374817151069536111e-08
7.958333333451909297e+00  1.061739851034448385e-08  1.061739851034448385e-08
8.058333333451910718e+00  8.337565405271236957e-09  8.337565405271236957e-09
8.158333333451910363e+00  6.658043648360474901e-09  6.658043648360474901e-09
8.258333333451910008e+00  5.375516297416050020e-09  5.375516297416050020e-09
8.358333333451909652e+00  4.349912248606057792e-09  4.349912248606057792e-09
8.458333333451909297e+00  3.499528125531397817e-09  3.499528125531397817e-09
8.558333333451910718e+00  2.784653816332954440e-09  2.784653816332954440e-09
8.658333333451910363e+00  2.188792739279754869e-09  2.188792739279754869e-09
8.758333333451910008e+00  1.703573027603461306e-09  1.703573027603461306e-09
8.858333333451909652e+00  1.319825835096795576e-09  1.319825835096795576e-09
8.958333333451909297e+00  1.024459585995781227e-09  1.024459585995781227e-09
9.058333333451910718e+00  8.012314420008813875e-10  8.012314420008813875e-10
9.158333333451910363e+00  6.332126018694194264e-10  6.332126018694194264e-10
9.258333333451910008e+00  5.052323173532633872e-10  5.052323173532633872e-10
9.358333333451909652e+00  4.053787547300225545e-10  4.053787547300225545e-10
9.458333333451909297e+00  3.253606095153941489e-10  3.253606095153941489e-10
9.558333333451910718e+00  2.599992050006974751e-10  2.599992050006974751e-10
9.658333333451910363e+00  2.062964530984384370e-10  2.062964530984384370e-10
9.758333333451910008e+00  1.624815522024285006e-10  1.624815522024285006e-10
9.858333333451909652e+00  1.272868099130518802e-10  1.272868099130518802e-10
9.958333333451909297e+00  9.953581115514836567e-11  9.953581115514836567e-11
1.005833333345191072e+01  7.800385011309076482e-11  7.800385011309076482e-11
1.015833333345191036e+01  6.145074063157876966e-11  6.145074063157876966e-11
1.025833333345191001e+01  4.872132772370109123e-11  4.872132772370109123e-11
1.035833333345190965e+01  3.883739718625254427e-11  3.883739718625254427e-11
1.045833333345190930e+01  3.104349152317840804e-11  3.104349152317840804e-11
