-1.552631569687463298e+00  1.917643639341060903e-08  1.917643639341060903e-08
-1.452631569687463653e+00  7.570530196531587910e-08  7.570530196531587910e-08
-1.352631569687463564e+00  2.840361351985583432e-07  2.840361351985583432e-07
-1.252631569687463475e+00  1.010501488982285051e-06  1.010501488982285051e-06
-1.152631569687463831e+00  3.404357838217980665e-06  3.404357838217980665e-06
-1.052631569687463298e+00  1.085219433710002881e-05  1.085219433710002881e-05
-9.526315696874634309e-01  3.271669457626695461e-05  3.271669457626695461e-05
-8.526315696874635641e-01  9.325184641093231487e-05  9.325184641093231487e-05
-7.526315696874634753e-01  2.512450243474439126e-04  2.512450243474439126e-04
-6.526315696874633865e-01  6.397872592829697202e-04  6.397872592829697202e-04
-5.526315696874635197e-01  1.539702358894710172e-03  1.539702358894710172e-03
-4.526315696874634309e-01  3.501693019821677019e-03  3.501693019821677019e-03
-3.526315696874633421e-01  7.525656211001004355e-03  7.525656211001004355e-03
-2.526315696874634753e-01  1.528360747821007858e-02  1.528360747821007858e-02
-1.526315696874633865e-01  2.933029726972620488e-02  2.933029726972620488e-02
-5.263156968746351971e-02  5.318789532898992450e-02  5.318789532898992450e-02
4.736843031253656910e-02  9.114100988434993555e-02  9.114100988434993555e-02
1.473684303125366579e-01  1.475776596792673645e-01  1.475776596792673645e-01
2.473684303125365247e-01  2.258065264943992512e-01  2.258065264943992512e-01
3.473684303125366135e-01  3.264882511295931211e-01  3.264882511295931211e-01
4.473684303125364803e-01  4.460911773576189399e-01  4.460911773576189399e-01
5.473684303125365691e-01  5.759964647999794574e-01  5.759964647999794574e-01
6.473684303125366579e-01  7.028765790093111088e-01  7.028765790093111088e-01
7.473684303125367467e-01  8.106556499126400528e-01  8.106556499126400528e-01
8.473684303125368356e-01  8.837832487002363901e-01  8.837832487002363901e-01
9.473684303125364803e-01  9.109431618160552802e-01  9.109431618160552802e-01
1.047368430312536569e+00  8.879863558700338277e-01  8.879863558700338277e-01
1.147368430312536658e+00  8.190405786930965437e-01  8.190405786930965437e-01
1.247368430312536747e+00  7.153843378019760779e-01  7.153843378019760779e-01
1.347368430312536836e+00  5.925015637310420136e-01  5.925015637310420136e-01
1.447368430312536480e+00  4.663677179498343928e-01  4.663677179498343928e-01
1.547368430312536569e+00  3.501798277593021202e-01  3.501798277593021202e-01
1.647368430312536658e+00  2.524086298141954288e-01  2.524086298141954288e-01
1.747368430312536747e+00  1.764391216878328783e-01  1.764391216878328783e-01
1.847368430312536836e+00  1.214873893061760302e-01  1.214873893061760302e-01
1.947368430312536480e+00  8.416533681390403476e-02  8.416533681390403476e-02
2.047368430312536347e+00  6.006426030654875292e-02  6.006426030654875292e-02
2.147368430312536880e+00  4.494386506380829843e-02  4.494386506380829843e-02
2.247368430312536525e+00  3.538775809816101930e-02  3.538775809816101930e-02
2.347368430312537058e+00  2.899589154006316019e-02  2.899589154006316019e-02
2.447368430312536702e+00  2.428088696003912611e-02  2.428088696003912611e-02
2.547368430312537235e+00  2.043560614475160159e-02  2.043560614475160159e-02
2.647368430312536880e+00  1.708944161284378302e-02  1.708944161284378302e-02
2.747368430312536525e+00  1.411247415846065070e-02  1.411247415846065070e-02
2.847368430312537058e+00  1.148307282092019162e-02  1.148307282092019162e-02
2.947368430312536702e+00  9.211048214512759444e-03  9.211048214512759444e-03
3.047368430312537235e+00  7.300542231809478873e-03  7.300542231809478873e-03
3.147368430312536880e+00  5.737445095776881956e-03  5.737445095776881956e-03
3.247368430312537413e+00  4.489865987332052923e-03  4.489865987332052923e-03
3.347368430312537058e+00  3.514135910121532220e-03  3.514135910121532220e-03
3.447368430312536702e+00  2.761935807473492668e-03  2.761935807473492668e-03
3.547368430312537235e+00  2.186299810049388299e-03  2.186299810049388299e-03
3.647368430312536880e+00  1.745629992296448846e-03  1.745629992296448846e-03
3.747368430312537413e+00  1.405685872768357852e-03  1.405685872768357852e-03
3.847368430312537058e+00  1.139941794783260907e-03  1.139941794783260907e-03
3.947368430312536702e+00  9.288606009944864843e-04  9.288606009944864843e-04
4.047368430312537235e+00  7.586115921619048701e-04  7.586115921619048701e-04
4.147368430312536880e+00  6.196464019570923493e-04  6.196464019570923493e-04
4.247368430312537413e+00  5.054011584970455068e-04  5.054011584970455068e-04
4.347368430312537058e+00  4.112591007770166423e-04  4.112591007770166423e-04
4.447368430312536702e+00  3.338063680901197133e-04  3.338063680901197133e-04
4.547368430312537235e+00  2.703505648891237978e-04  2.703505648891237978e-04
4.647368430312536880e+00  2.186422025425270056e-04  2.186422025425270056e-04
4.747368430312537413e+00  1.767337866147071447e-04  1.767337866147071447e-04
4.847368430312537058e+00  1.429201299856290791e-04  1.429201299856290791e-04
4.947368430312536702e+00  1.157182080455335652e-04  1.157182080455335652e-04
5.047368430312537235e+00  9.385998449568516689e-05  9.385998449568516689e-05
5.147368430312536880e+00  7.628412284582693887e-05  7.628412284582693887e-05
5.247368430312537413e+00  6.212129292838626982e-05  6.212129292838626982e-05
5.347368430312537058e+00  5.067303373571921578e-05  5.067303373571921578e-05
5.447368430312536702e+00  4.138659393795429930e-05  4.138659393795429930e-05
5.547368430312537235e+00  3.382875548085149752e-05  3.382875548085149752e-05
5.647368430312536880e+00  2.766118075878175406e-05  2.766118075878175406e-05
5.747368430312537413e+00  2.261893470426315289e-05  2.261893470426315289e-05
5.847368430312537058e+00  1.849292172816644668e-05  1.849292172816644668e-05
5.947368430312536702e+00  1.511625414501211385e-05  1.511625414501211385e-05
6.047368430312537235e+00  1.235410412211958277e-05  1.235410412211958277e-05
6.147368430312536880e+00  1.009636937808938072e-05  1.009636937808938072e-05
6.247368430312537413e+00  8.252445650775407172e-06  8.252445650775407172e-06
6.347368430312537058e+00  6.747477326714085516e-06  6.747477326714085516e-06
6.447368430312536702e+00  5.519590421034307733e-06  5.519590421034307733e-06
6.547368430312536347e+00  4.517754507696730771e-06  4.517754507696730771e-06
6.647368430312537768e+00  3.700045106649506641e-06  3.700045106649506641e-06
6.747368430312537413e+00  3.032173290061034914e-06  3.032173290061034914e-06
6.847368430312537058e+00  2.486213307258980434e-06  2.486213307258980434e-06
6.947368430312536702e+00  2.039496422115433289e-06  2.039496422115433289e-06
7.047368430312536347e+00  1.673657021427117859e-06  1.673657021427117859e-06
7.147368430312537768e+00  1.373822590441556662e-06  1.373822590441556662e-06
7.247368430312537413e+00  1.127938298327765587e-06  1.127938298327765587e-06
7.347368430312537058e+00  9.262138639121841976e-07  9.262138639121841976e-07
7.447368430312536702e+00  7.606775481185485661e-07  7.606775481185485661e-07
7.547368430312536347e+00  6.248206592422117323e-07  6.248206592422117323e-07
7.647368430312537768e+00  5.133160646122283826e-07  5.133160646122283826e-07
7.747368430312537413e+00  4.217955776733401871e-07  4.217955776733401871e-07
7.847368430312537058e+00  3.466732406376575933e-07  3.466732406376575933e-07
7.947368430312536702e+00  2.850039650715509983e-07  2.850039650715509983e-07
8.047368430312538123e+00  2.343693527726715862e-07  2.343693527726715862e-07
8.147368430312537768e+00  1.927845666284072347e-07  1.927845666284072347e-07
8.247368430312537413e+00  1.586217557496898965e-07  1.586217557496898965e-07
8.347368430312537058e+00  1.305467577078705720e-07  1.305467577078705720e-07
8.447368430312536702e+00  1.074666583995273977e-07  1.074666583995273977e-07
8.547368430312538123e+00  8.848636768567234716e-08  8.848636768567234716e-08
8.647368430312537768e+00  7.287274910352567328e-08  7.287274910352567328e-08
8.747368430312537413e+00  6.002509519486778806e-08  6.002509519486778806e-08
8.847368430312537058e+00  4.945091909115458341e-08  4.945091909115458341e-08
8.947368430312536702e+00  4.074617274737529406e-08  4.074617274737529406e-08
9.047368430312538123e+00  3.357912250097752909e-08  3.357912250097752909e-08
9.147368430312537768e+00  2.767722262580442705e-08  2.767722262580442705e-08
9.247368430312537413e+00  2.281642985503836323e-08  2.281642985503836323e-08
9.347368430312537058e+00  1.881249580578849663e-08  1.881249580578849663e-08
9.447368430312536702e+00  1.551385821592842838e-08  1.551385821592842838e-08
9.547368430312538123e+00  1.279582458858446541e-08  1.279582458858446541e-08
9.647368430312537768e+00  1.055580278601008491e-08  1.055580278601008491e-08
9.747368430312537413e+00  8.709382791082083129e-09  8.709382791082083129e-09
9.847368430312537058e+00  7.187113426141289490e-09  7.187113426141289490e-09
9.947368430312536702e+00  5.931848839371811484e-09  5.931848839371811484e-09
1.004736843031253812e+01  4.896563695302447748e-09  4.896563695302447748e-09
1.014736843031253777e+01  4.042554786697018908e-09  4.042554786697018908e-09
1.024736843031253741e+01  3.337961536661689046e-09  3.337961536661689046e-09
1.034736843031253706e+01  2.756549621079315936e-09  2.756549621079315936e-09
1.044736843031253670e+01  2.276711483049931205e-09  2.276711483049931205e-09
