-1.510101011644673363e+00  1.922779140699744327e-08  1.922779140699744327e-08
-1.410101011644673275e+00  7.685359079097304060e-08  7.685359079097304060e-08
-1.310101011644673186e+00  2.906167692452740832e-07  2.906167692452740832e-07
-1.210101011644673541e+00  1.039164299593422097e-06  1.039164299593422097e-06
-1.110101011644673452e+00  3.512605031329952559e-06  3.512605031329952559e-06
-1.010101011644673363e+00  1.122228427270715712e-05  1.122228427270715712e-05
-9.101010116446732745e-01  3.388400551059374743e-05  3.388400551059374743e-05
-8.101010116446731857e-01  9.668113870899164460e-05  9.668113870899164460e-05
-7.101010116446733189e-01  2.606781916887021566e-04  2.606781916887021566e-04
-6.101010116446734521e-01  6.641593908134168882e-04  6.641593908134168882e-04
-5.101010116446733633e-01  1.598958948646620609e-03  1.598958948646620609e-03
-4.101010116446732745e-01  3.637432209597866312e-03  3.637432209597866312e-03
-3.101010116446731857e-01  7.818833403462694537e-03  7.818833403462694537e-03
-2.101010116446733189e-01  1.588094815680046734e-02  1.588094815680046734e-02
-1.101010116446732301e-01  3.047874241755973296e-02  3.047874241755973296e-02
-1.010101164467336332e-02  5.527173696921060253e-02  5.527173696921060253e-02
8.989898835532672550e-02  9.470969006538469681e-02  9.470969006538469681e-02
1.898989883553268143e-01  1.533455478891206925e-01  1.533455478891206925e-01
2.898989883553266811e-01  2.346032774515292019e-01  2.346032774515292019e-01
3.898989883553267699e-01  3.391442008170482691e-01  3.391442008170482691e-01
4.898989883553266367e-01  4.632593279004310061e-01  4.632593279004310061e-01
5.898989883553267255e-01  5.979385422600882460e-01  5.979385422600882460e-01
6.898989883553268143e-01  7.292665638747503065e-01  7.292665638747503065e-01
7.898989883553269031e-01  8.404671258631879471e-01  8.404671258631879471e-01
8.898989883553269920e-01  9.153160750796778267e-01  9.153160750796778267e-01
9.898989883553266367e-01  9.420088509869282145e-01  9.420088509869282145e-01
1.089898988355326725e+00  9.162213520462804128e-01  9.162213520462804128e-01
1.189898988355326814e+00  8.422726127335016244e-01  8.422726127335016244e-01
1.289898988355326903e+00  7.319585758880418069e-01  7.319585758880418069e-01
1.389898988355326992e+00  6.014885554892739350e-01  6.014885554892739350e-01
1.489898988355326637e+00  4.676166632700402559e-01  4.676166632700402559e-01
1.589898988355326725e+00  3.442295543337501318e-01  3.442295543337501318e-01
1.689898988355326814e+00  2.403049854311841149e-01  2.403049854311841149e-01
1.789898988355326903e+00  1.595200085664945922e-01  1.595200085664945922e-01
1.889898988355326992e+00  1.011865711534838397e-01  1.011865711534838397e-01
1.989898988355326637e+00  6.186364875216272818e-02  6.186364875216272818e-02
2.089898988355326725e+00  3.699415447263335044e-02  3.699415447263335044e-02
2.189898988355326814e+00  2.213847358734808909e-02  2.213847358734808909e-02
2.289898988355326903e+00  1.366073897163640020e-02  1.366073897163640020e-02
2.389898988355326992e+00  8.940404054828989325e-03  8.940404054828989325e-03
2.489898988355326637e+00  6.280705346802683935e-03  6.280705346802683935e-03
2.589898988355327170e+00  4.685221514147978362e-03  4.685221514147978362e-03
2.689898988355326814e+00  3.621659228947974023e-03  3.621659228947974023e-03
2.789898988355326459e+00  2.831811794715668323e-03  2.831811794715668323e-03
2.889898988355326992e+00  2.202288135004759270e-03  2.202288135004759270e-03
2.989898988355326637e+00  1.687377683709595771e-03  1.687377683709595771e-03
3.089898988355327170e+00  1.268245491260683484e-03  1.268245491260683484e-03
3.189898988355326814e+00  9.340325603351396205e-04  9.340325603351396205e-04
3.289898988355327347e+00  6.746397082978014765e-04  6.746397082978014765e-04
3.389898988355326992e+00  4.789954571413502366e-04  4.789954571413502366e-04
3.489898988355326637e+00  3.354679476116142773e-04  3.354679476116142773e-04
3.589898988355327170e+00  2.328096559131526762e-04  2.328096559131526762e-04
3.689898988355326814e+00  1.609622520864193742e-04  1.609622520864193742e-04
3.789898988355327347e+00  1.115179662166683434e-04  1.115179662166683434e-04
3.889898988355326992e+00  7.784754813704526297e-05  7.784754813704526297e-05
3.989898988355326637e+00  5.498576342880031606e-05  5.498576342880031606e-05
4.089898988355327170e+00  3.937931807986567285e-05  3.937931807986567285e-05
4.189898988355326814e+00  2.858510571669262403e-05  2.858510571669262403e-05
4.289898988355327347e+00  2.097901415729109623e-05  2.097901415729109623e-05
4.389898988355326992e+00  1.550844426519727354e-05  1.550844426519727354e-05
4.489898988355326637e+00  1.150053719350163660e-05  1.150053719350163660e-05
4.589898988355327170e+00  8.524361342566938446e-06  8.524361342566938446e-06
4.689898988355326814e+00  6.298193989454278390e-06  6.298193989454278390e-06
4.789898988355327347e+00  4.630760391129549227e-06  4.630760391129549227e-06
4.889898988355326992e+00  3.385953831220389273e-06  3.385953831220389273e-06
4.989898988355326637e+00  2.462591288075655386e-06  2.462591288075655386e-06
5.089898988355327170e+00  1.783108789512646930e-06  1.783108789512646930e-06
5.189898988355326814e+00  1.287189512200102008e-06  1.287189512200102008e-06
5.289898988355327347e+00  9.279174075147961098e-07  9.279174075147961098e-07
5.389898988355326992e+00  6.691437483073455463e-07  6.691437483073455463e-07
5.489898988355326637e+00  4.834302920161532182e-07  4.834302920161532182e-07
5.589898988355327170e+00  3.503074642947506611e-07  3.503074642947506611e-07
5.689898988355326814e+00  2.547665357577612613e-07  2.547665357577612613e-07
5.789898988355327347e+00  1.859738007298165681e-07  1.859738007298165681e-07
5.889898988355326992e+00  1.362081832938924541e-07  1.362081832938924541e-07
5.989898988355326637e+00  1.000151949514586645e-07  1.000151949514586645e-07
6.089898988355327170e+00  7.355752689128445354e-08  7.355752689128445354e-08
6.189898988355326814e+00  5.413341791228953315e-08  5.413341791228953315e-08
6.289898988355327347e+00  3.983023322786140993e-08  3.983023322786140993e-08
6.389898988355326992e+00  2.928164819063182961e-08  2.928164819063182961e-08
6.489898988355326637e+00  2.150077546484102688e-08  2.150077546484102688e-08
6.589898988355326281e+00  1.576685859770028843e-08  1.576685859770028843e-08
6.689898988355327702e+00  1.154855375756962796e-08  1.154855375756962796e-08
6.789898988355327347e+00  8.451600518788749393e-09  8.451600518788749393e-09
6.889898988355326992e+00  6.182519424880318640e-09  6.182519424880318640e-09
6.989898988355326637e+00  4.522828548407182808e-09  4.522828548407182808e-09
7.089898988355326281e+00  3.310262461808605078e-09  3.310262461808605078e-09
7.189898988355327702e+00  2.424789107671376379e-09  2.424789107671376379e-09
7.289898988355327347e+00  1.778041844072157755e-09  1.778041844072157755e-09
7.389898988355326992e+00  1.305277167714807133e-09  1.305277167714807133e-09
7.489898988355326637e+00  9.592564706879696786e-10  9.592564706879696786e-10
7.589898988355326281e+00  7.056181083307792473e-10  7.056181083307792473e-10
7.689898988355327702e+00  5.194084326788657772e-10  5.194084326788657772e-10
7.789898988355327347e+00  3.825089810015404743e-10  3.825089810015404743e-10
7.889898988355326992e+00  2.817484271445044071e-10  2.817484271445044071e-10
7.989898988355326637e+00  2.075299899873450805e-10  2.075299899873450805e-10
8.089898988355328058e+00  1.528407925367650514e-10  1.528407925367650514e-10
8.189898988355327702e+00  1.125400960589868541e-10  1.125400960589868541e-10
8.289898988355327347e+00  8.284863022731159851e-11  8.284863022731159851e-11
8.389898988355326992e+00  6.098161742834762391e-11  6.098161742834762391e-11
8.489898988355326637e+00  4.488395824607188722e-11  4.488395824607188722e-11
8.589898988355328058e+00  3.303800519545114171e-11  3.303800519545114171e-11
8.689898988355327702e+00  2.432310089729894485e-11  2.432310089729894485e-11
8.789898988355327347e+00  1.791229506349492935e-11  1.791229506349492935e-11
8.889898988355326992e+00  1.319601351518498388e-11  1.319601351518498388e-11
8.989898988355326637e+00  9.725457615818255501e-12  9.725457615818255501e-12
9.089898988355328058e+00  7.170573633646087058e-12  7.170573633646087058e-12
9.189898988355327702e+00  5.288850777606654591e-12  5.288850777606654591e-12
9.289898988355327347e+00  3.902196461225418933e-12  3.902196461225418933e-12
9.389898988355326992e+00  2.879841279971867122e-12  2.879841279971867122e-12
9.489898988355326637e+00  2.125738139503530320e-12  2.125738139503530320e-12
9.589898988355328058e+00  1.569300101276540063e-12  1.569300101276540063e-12
9.689898988355327702e+00  1.158608162894169734e-12  1.158608162894169734e-12
9.789898988355327347e+00  8.554382010416606180e-13  8.554382010416606180e-13
9.889898988355326992e+00  6.316223993482782699e-13  6.316223993482782699e-13
9.989898988355326637e+00  4.663865549363975308e-13  4.663865549363975308e-13
1.008989898835532806e+01  3.443996430666024247e-13  3.443996430666024247e-13
1.018989898835532770e+01  2.543429162514306548e-13  2.543429162514306548e-13
1.028989898835532735e+01  1.878582133030219277e-13  1.878582133030219277e-13
1.038989898835532699e+01  1.387735309335817741e-13  1.387735309335817741e-13
1.048989898835532664e+01  1.025318109799599307e-13  1.025318109799599307e-13
