-1.541666666475322689e+00  1.743211572134501575e-28  1.743211572134501575e-28
-1.441666666475322600e+00  2.560319904386414263e-26  2.560319904386414263e-26
-1.341666666475322955e+00  3.234699656206028007e-24  3.234699656206028007e-24
-1.241666666475322423e+00  3.365466448704425018e-22  3.365466448704425018e-22
-1.141666666475322778e+00  2.856219560421999636e-20  2.856219560421999636e-20
-1.041666666475322689e+00  1.973013406323918608e-18  1.973013406323918608e-18
-9.416666664753226001e-01  1.108735776425250028e-16  1.108735776425250028e-16
-8.416666664753225113e-01  5.067843529391898765e-15  5.067843529391898765e-15
-7.416666664753226446e-01  1.884070595911874152e-13  1.884070595911874152e-13
-6.416666664753227778e-01  5.696973193931828409e-12  5.696973193931828409e-12
-5.416666664753226890e-01  1.401077664777159171e-10  1.401077664777159171e-10
-4.416666664753226001e-01  2.802531673583884530e-09  2.802531673583884530e-09
-3.416666664753225113e-01  4.559412003053875023e-08  4.559412003053875023e-08
-2.416666664753226446e-01  6.033051178058037665e-07  6.033051178058037665e-07
-1.416666664753225557e-01  6.492844282308028851e-06  6.492844282308028851e-06
-4.166666647532268897e-02  5.683328351324824074e-05  5.683328351324824074e-05
5.833333352467739985e-02  4.046134212369564050e-04  4.046134212369564050e-04
1.583333335246774887e-01  2.342866829674722026e-03  2.342866829674722026e-03
2.583333335246773554e-01  1.103379039536906032e-02  1.103379039536906032e-02
3.583333335246774443e-01  4.226410903331478258e-02  4.226410903331478258e-02
4.583333335246773110e-01  1.316705638818583546e-01  1.316705638818583546e-01
5.583333335246773999e-01  3.336383453578906089e-01  3.336383453578906089e-01
6.583333335246774887e-01  6.875974407606814109e-01  6.875974407606814109e-01
7.583333335246775775e-01  1.152565390809876078e+00  1.152565390809876078e+00
8.583333335246776663e-01  1.571360151443937481e+00  1.571360151443937481e+00
9.583333335246773110e-01  1.742541008393595048e+00  1.742541008393595048e+00
1.058333333524677400e+00  1.571990283621350626e+00  1.571990283621350626e+00
1.158333333524677489e+00  1.154273780637982583e+00  1.154273780637982583e+00
1.258333333524677577e+00  6.913577330830176226e-01  6.913577330830176226e-01
1.358333333524677666e+00  3.410110030915765034e-01  3.410110030915765034e-01
1.458333333524677311e+00  1.446870150543358435e-01  1.446870150543358435e-01
1.558333333524677400e+00  6.298558549335840639e-02  6.298558549335840639e-02
1.658333333524677489e+00  4.078414148413819079e-02  4.078414148413819079e-02
1.758333333524677577e+00  4.086718728552193869e-02  4.086718728552193869e-02
1.858333333524677666e+00  4.540226644894911762e-02  4.540226644894911762e-02
1.958333333524677311e+00  4.747464626393265580e-02  4.747464626393265580e-02
2.058333333524677400e+00  4.510658757791187468e-02  4.510658757791187468e-02
2.158333333524677489e+00  3.875528711807955939e-02  3.875528711807955939e-02
2.258333333524677577e+00  3.015618288868914323e-02  3.015618288868914323e-02
2.358333333524677666e+00  2.136425183517679655e-02  2.136425183517679655e-02
2.458333333524677311e+00  1.395851636038892597e-02  1.395851636038892597e-02
2.558333333524677844e+00  8.659584230643569899e-03  8.659584230643569899e-03
2.658333333524677489e+00  5.404182051300918804e-03  5.404182051300918804e-03
2.758333333524677133e+00  3.681209422712983063e-03  3.681209422712983063e-03
2.858333333524677666e+00  2.880435808566516459e-03  2.880435808566516459e-03
2.958333333524677311e+00  2.508934902954972068e-03  2.508934902954972068e-03
3.058333333524677844e+00  2.260800448106714804e-03  2.260800448106714804e-03
3.158333333524677489e+00  1.994914031794034395e-03  1.994914031794034395e-03
3.258333333524678022e+00  1.679539305451456738e-03  1.679539305451456738e-03
3.358333333524677666e+00  1.338506257740006795e-03  1.338506257740006795e-03
3.458333333524677311e+00  1.011854068143377625e-03  1.011854068143377625e-03
3.558333333524677844e+00  7.325892983842203967e-04  7.325892983842203967e-04
3.658333333524677489e+00  5.171102489807397670e-04  5.171102489807397670e-04
3.758333333524678022e+00  3.653542627965327165e-04  3.653542627965327165e-04
3.858333333524677666e+00  2.662094430274648642e-04  2.662094430274648642e-04
3.958333333524677311e+00  2.041902223276197560e-04  2.041902223276197560e-04
4.058333333524677400e+00  1.647129081400966694e-04  1.647129081400966694e-04
4.158333333524677045e+00  1.369309334597413935e-04  1.369309334597413935e-04
4.258333333524678466e+00  1.143509829500691461e-04  1.143509829500691461e-04
4.358333333524678110e+00  9.405530296073323518e-05  9.405530296073323518e-05
4.458333333524677755e+00  7.539401169034113575e-05  7.539401169034113575e-05
4.558333333524677400e+00  5.875311987571602760e-05  5.875311987571602760e-05
4.658333333524677045e+00  4.469005199012169471e-05  4.469005199012169471e-05
4.758333333524678466e+00  3.348732956616040630e-05  3.348732956616040630e-05
4.858333333524678110e+00  2.503892333831096088e-05  2.503892333831096088e-05
4.958333333524677755e+00  1.893571719638035585e-05  1.893571719638035585e-05
5.058333333524677400e+00  1.462587915002091153e-05  1.462587915002091153e-05
5.158333333524677045e+00  1.156382465803605779e-05  1.156382465803605779e-05
5.258333333524678466e+00  9.305509169647621705e-06  9.305509169647621705e-06
5.358333333524678110e+00  7.543556249128497523e-06  7.543556249128497523e-06
5.458333333524677755e+00  6.096915598504823229e-06  6.096915598504823229e-06
5.558333333524677400e+00  4.876797474744118857e-06  4.876797474744118857e-06
5.658333333524677045e+00  3.847938892195298781e-06  3.847938892195298781e-06
5.758333333524678466e+00  2.997148975809557624e-06  2.997148975809557624e-06
5.858333333524678110e+00  2.313737450494623704e-06  2.313737450494623704e-06
5.958333333524677755e+00  1.781123217539431053e-06  1.781123217539431053e-06
6.058333333524677400e+00  1.376234947610922812e-06  1.376234947610922812e-06
6.158333333524677045e+00  1.072799390134898926e-06  1.072799390134898926e-06
6.258333333524678466e+00  8.454103002254836389e-07  8.454103002254836389e-07
6.358333333524678110e+00  6.725574996104547545e-07  6.725574996104547545e-07
6.458333333524677755e+00  5.379908628604186805e-07  5.379908628604186805e-07
6.558333333524677400e+00  4.306067857256617552e-07  4.306067857256617552e-07
6.658333333524678821e+00  3.434219603509807577e-07  3.434219603509807577e-07
6.758333333524678466e+00  2.722341783748194492e-07  2.722341783748194492e-07
6.858333333524678110e+00  2.144102012398598917e-07  2.144102012398598917e-07
6.958333333524677755e+00  1.680224454320287513e-07  1.680224454320287513e-07
7.058333333524677400e+00  1.313698755354657090e-07  1.313698755354657090e-07
7.158333333524678821e+00  1.028038348601596339e-07  1.028038348601596339e-07
7.258333333524678466e+00  8.073735726344346091e-08  8.073735726344346091e-08
7.358333333524678110e+00  6.372631033812956763e-08  6.372631033812956763e-08
7.458333333524677755e+00  5.054643552901525221e-08  5.054643552901525221e-08
7.558333333524677400e+00  4.023032508611608410e-08  4.023032508611608410e-08
7.658333333524678821e+00  3.205953755073539454e-08  3.205953755073539454e-08
7.758333333524678466e+00  2.552472151732833616e-08  2.552472151732833616e-08
7.858333333524678110e+00  2.027202794870766193e-08  2.027202794870766193e-08
7.958333333524677755e+00  1.605137579593011583e-08  1.605137579593011583e-08
8.058333333524679176e+00  1.267584508345103662e-08  1.267584508345103662e-08
8.158333333524678821e+00  9.995097453800909765e-09  9.995097453800909765e-09
8.258333333524678466e+00  7.881186259760915069e-09  7.881186259760915069e-09
8.358333333524678110e+00  6.222930690154062501e-09  6.222930690154062501e-09
8.458333333524677755e+00  4.924790918853747983e-09  4.924790918853747983e-09
8.558333333524679176e+00  3.907109389772899358e-09  3.907109389772899358e-09
8.658333333524678821e+00  3.105907862812086168e-09  3.105907862812086168e-09
8.758333333524678466e+00  2.471610820028344420e-09  2.471610820028344420e-09
8.858333333524678110e+00  1.966844183930000657e-09  1.966844183930000657e-09
8.958333333524677755e+00  1.563803764761393588e-09  1.563803764761393588e-09
9.058333333524679176e+00  1.241705083208298225e-09  1.241705083208298225e-09
9.158333333524678821e+00  9.846646555488487548e-10  9.846646555488487548e-10
9.258333333524678466e+00  7.801543204390287481e-10  7.801543204390287481e-10
9.358333333524678110e+00  6.179995743543191558e-10  6.179995743543191558e-10
9.458333333524677755e+00  4.897951682391991332e-10  4.897951682391991332e-10
9.558333333524679176e+00  3.885841559056867396e-10  3.885841559056867396e-10
9.658333333524678821e+00  3.086682043380996347e-10  3.086682043380996347e-10
9.758333333524678466e+00  2.454608298082187686e-10  2.454608298082187686e-10
9.858333333524678110e+00  1.953400417614110542e-10  1.953400417614110542e-10
9.958333333524677755e+00  1.554903897117753809e-10  1.554903897117753809e-10
1.005833333352467918e+01  1.237428716835442538e-10  1.237428716835442538e-10
1.015833333352467882e+01  9.842664699419043867e-11  9.842664699419043867e-11
1.025833333352467847e+01  7.824372539063978376e-11  7.824372539063978376e-11
1.035833333352467811e+01  6.217164557087518735e-11  6.217164557087518735e-11
1.045833333352467776e+01  4.939318613991157205e-11  4.939318613991157205e-11
