-1.520408163263224921e+00  1.317825424212968798e-10  1.317825424212968798e-10
-1.420408163263225276e+00  7.820438828623847215e-10  7.820438828623847215e-10
-1.320408163263225187e+00  4.330834800425356439e-09  4.330834800425356439e-09
-1.220408163263225099e+00  2.234099716481341470e-08  2.234099716481341470e-08
-1.120408163263225454e+00  1.072547539637422758e-07  1.072547539637422758e-07
-1.020408163263224921e+00  4.789556902477145518e-07  4.789556902477145518e-07
-9.204081632632250543e-01  1.988928490988414113e-06  1.988928490988414113e-06
-8.204081632632251875e-01  7.679284221237628891e-06  7.679284221237628891e-06
-7.204081632632250987e-01  2.756520997606389819e-05  2.756520997606389819e-05
-6.204081632632250098e-01  9.198521483738547892e-05  9.198521483738547892e-05
-5.204081632632251431e-01  2.853495331481634839e-04  2.853495331481634839e-04
-4.204081632632250543e-01  8.228682468773653759e-04  8.228682468773653759e-04
-3.204081632632249654e-01  2.205830933008866117e-03  2.205830933008866117e-03
-2.204081632632250987e-01  5.496670402466811121e-03  5.496670402466811121e-03
-1.204081632632250098e-01  1.273241521505721029e-02  1.273241521505721029e-02
-2.040816326322514307e-02  2.741602489079505295e-02  2.741602489079505295e-02
7.959183673677494575e-02  5.487574791069860930e-02  5.487574791069860930e-02
1.795918367367750346e-01  1.021031204339523379e-01  1.021031204339523379e-01
2.795918367367749013e-01  1.765961377343946148e-01  1.765961377343946148e-01
3.795918367367749902e-01  2.839284697578790539e-01  2.839284697578790539e-01
4.795918367367748569e-01  4.243512283730847545e-01  4.243512283730847545e-01
5.795918367367749457e-01  5.895708243796344838e-01  5.895708243796344838e-01
6.795918367367750346e-01  7.614632029692264270e-01  7.614632029692264270e-01
7.795918367367751234e-01  9.142774691994862701e-01  9.142774691994862701e-01
8.795918367367752122e-01  1.020577769455440542e+00  1.020577769455440542e+00
9.795918367367748569e-01  1.059234047128820633e+00  1.059234047128820633e+00
1.079591836736774946e+00  1.022310461589918784e+00  1.022310461589918784e+00
1.179591836736775035e+00  9.177797412920403186e-01  9.177797412920403186e-01
1.279591836736775123e+00  7.667913250585884910e-01  7.667913250585884910e-01
1.379591836736775212e+00  5.967691385257569703e-01  5.967691385257569703e-01
1.479591836736774857e+00  4.334138385800636595e-01  4.334138385800636595e-01
1.579591836736774946e+00  2.947626517367753496e-01  2.947626517367753496e-01
1.679591836736775035e+00  1.889964065974571450e-01  1.889964065974571450e-01
1.779591836736775123e+00  1.157431538713211833e-01  1.157431538713211833e-01
1.879591836736775212e+00  6.932182919672633115e-02  6.932182919672633115e-02
1.979591836736774857e+00  4.216102893002703078e-02  4.216102893002703078e-02
2.079591836736774724e+00  2.724471738668532081e-02  2.724471738668532081e-02
2.179591836736775257e+00  1.927494184810817079e-02  1.927494184810817079e-02
2.279591836736774901e+00  1.482944705957900747e-02  1.482944705957900747e-02
2.379591836736775434e+00  1.198893072756835113e-02  1.198893072756835113e-02
2.479591836736775079e+00  9.826685809993582557e-03  9.826685809993582557e-03
2.579591836736775612e+00  7.974918468212200892e-03  7.974918468212200892e-03
2.679591836736775257e+00  6.332476882562535284e-03  6.332476882562535284e-03
2.779591836736774901e+00  4.898339773602137896e-03  4.898339773602137896e-03
2.879591836736775434e+00  3.690745435711345959e-03  3.690745435711345959e-03
2.979591836736775079e+00  2.715712251111859505e-03  2.715712251111859505e-03
3.079591836736775612e+00  1.960441315198702475e-03  1.960441315198702475e-03
3.179591836736775257e+00  1.397357460070747020e-03  1.397357460070747020e-03
3.279591836736775790e+00  9.912531759988993645e-04  9.912531759988993645e-04
3.379591836736775434e+00  7.058939006635454524e-04  7.058939006635454524e-04
3.479591836736775079e+00  5.086355359502300628e-04  5.086355359502300628e-04
3.579591836736775612e+00  3.728262769449737198e-04  3.728262769449737198e-04
3.679591836736775257e+00  2.783895357682015939e-04  2.783895357682015939e-04
3.779591836736775790e+00  2.112150227135454572e-04  2.112150227135454572e-04
3.879591836736775434e+00  1.619656835641667758e-04  1.619656835641667758e-04
3.979591836736775079e+00  1.247604265814523093e-04  1.247604265814523093e-04
4.079591836736775612e+00  9.601021853943443032e-05  9.601021853943443032e-05
4.179591836736775257e+00  7.352702538570734636e-05  7.352702538570734636e-05
4.279591836736775790e+00  5.591648496159913590e-05  5.591648496159913590e-05
4.379591836736775434e+00  4.220705088602789219e-05  4.220705088602789219e-05
4.479591836736775079e+00  3.164878937055488905e-05  3.164878937055488905e-05
4.579591836736775612e+00  2.361888298989238156e-05  2.361888298989238156e-05
4.679591836736775257e+00  1.758530339730464339e-05  1.758530339730464339e-05
4.779591836736775790e+00  1.309647909525796046e-05  1.309647909525796046e-05
4.879591836736775434e+00  9.778637640403551928e-06  9.778637640403551928e-06
4.979591836736775079e+00  7.332327321191317197e-06  7.332327321191317197e-06
5.079591836736775612e+00  5.525592559036879696e-06  5.525592559036879696e-06
5.179591836736775257e+00  4.184283059791623827e-06  4.184283059791623827e-06
5.279591836736775790e+00  3.181042763414108822e-06  3.181042763414108822e-06
5.379591836736775434e+00  2.424517064850175755e-06  2.424517064850175755e-06
5.479591836736775079e+00  1.849850727639763298e-06  1.849850727639763298e-06
5.579591836736775612e+00  1.410998556584604536e-06  1.410998556584604536e-06
5.679591836736775257e+00  1.074922747909431011e-06  1.074922747909431011e-06
5.779591836736775790e+00  8.174659373913864020e-07  8.174659373913864020e-07
5.879591836736775434e+00  6.205572418033506542e-07  6.205572418033506542e-07
5.979591836736775079e+00  4.703890367160147537e-07  4.703890367160147537e-07
6.079591836736775612e+00  3.562484555442577753e-07  3.562484555442577753e-07
6.179591836736775257e+00  2.697611944340820367e-07  2.697611944340820367e-07
6.279591836736775790e+00  2.043803056454755041e-07  2.043803056454755041e-07
6.379591836736775434e+00  1.550154133507547335e-07  1.550154133507547335e-07
6.479591836736775079e+00  1.177434043649741693e-07  1.177434043649741693e-07
6.579591836736774724e+00  8.957094582546959359e-08  8.957094582546959359e-08
6.679591836736776145e+00  6.823564050588537938e-08  6.823564050588537938e-08
6.779591836736775790e+00  5.204036343320248864e-08  5.204036343320248864e-08
6.879591836736775434e+00  3.971794354228308291e-08  3.971794354228308291e-08
6.979591836736775079e+00  3.032351389357648890e-08  3.032351389357648890e-08
7.079591836736774724e+00  2.315121912322313078e-08  2.315121912322313078e-08
7.179591836736776145e+00  1.767140665177653379e-08  1.767140665177653379e-08
7.279591836736775790e+00  1.348426174786198303e-08  1.348426174786198303e-08
7.379591836736775434e+00  1.028608698570662990e-08  1.028608698570662990e-08
7.479591836736775079e+00  7.844947186712066231e-09  7.844947186712066231e-09
7.579591836736774724e+00  5.983046600948085968e-09  5.983046600948085968e-09
7.679591836736776145e+00  4.563848851816165361e-09  4.563848851816165361e-09
7.779591836736775790e+00  3.482512087522054130e-09  3.482512087522054130e-09
7.879591836736775434e+00  2.658656553408205121e-09  2.658656553408205121e-09
7.979591836736775079e+00  2.030806846615213505e-09  2.030806846615213505e-09
8.079591836736776500e+00  1.552072922164875776e-09  1.552072922164875776e-09
8.179591836736776145e+00  1.186776648563128420e-09  1.186776648563128420e-09
8.279591836736775790e+00  9.078185393274936668e-10  9.078185393274936668e-10
8.379591836736775434e+00  6.946323185763047106e-10  6.946323185763047106e-10
8.479591836736775079e+00  5.316078575811564549e-10  5.316078575811564549e-10
8.579591836736776500e+00  4.068852211690931177e-10  4.068852211690931177e-10
8.679591836736776145e+00  3.114394944841526298e-10  3.114394944841526298e-10
8.779591836736775790e+00  2.383903497937905411e-10  2.383903497937905411e-10
8.879591836736775434e+00  1.824829459452115699e-10  1.824829459452115699e-10
8.979591836736775079e+00  1.396979132903275965e-10  1.396979132903275965e-10
9.079591836736776500e+00  1.069577756379090608e-10  1.069577756379090608e-10
9.179591836736776145e+00  8.190511542238177147e-11  8.190511542238177147e-11
9.279591836736775790e+00  6.273412762078956024e-11  6.273412762078956024e-11
9.379591836736775434e+00  4.806207768666043369e-11  4.806207768666043369e-11
9.479591836736775079e+00  3.683080233477688777e-11  3.683080233477688777e-11
9.579591836736776500e+00  2.823102219729092317e-11  2.823102219729092317e-11
9.679591836736776145e+00  2.164411486593382618e-11  2.164411486593382618e-11
9.779591836736775790e+00  1.659733389401862322e-11  1.659733389401862322e-11
9.879591836736775434e+00  1.272941782695831784e-11  1.272941782695831784e-11
9.979591836736775079e+00  9.764233273840913731e-12  9.764233273840913731e-12
1.007959183673677650e+01  7.490620118520277355e-12  7.490620118520277355e-12
1.017959183673677614e+01  5.747009404295523296e-12  5.747009404295523296e-12
1.027959183673677579e+01  4.409699567353764802e-12  4.409699567353764802e-12
1.037959183673677543e+01  3.383926162099074188e-12  3.383926162099074188e-12
1.047959183673677508e+01  2.597058080021583623e-12  2.597058080021583623e-12
