-1.510101010101005947e+00  1.296309683542646988e-20  1.296309683542646988e-20
-1.410101010101005858e+00  4.805312075256210503e-19  4.805312075256210503e-19
-1.310101010101005770e+00  1.548187649721491496e-17  1.548187649721491496e-17
-1.210101010101006125e+00  4.312691494866637642e-16  4.312691494866637642e-16
-1.110101010101006036e+00  1.037029248915229508e-14  1.037029248915229508e-14
-1.010101010101005947e+00  2.151393746406873608e-13  2.151393746406873608e-13
-9.101010101010058584e-01  3.849944261342408886e-12  3.849944261342408886e-12
-8.101010101010057696e-01  5.942440402985200097e-11  5.942440402985200097e-11
-7.101010101010059028e-01  7.911146358846676384e-10  7.911146358846676384e-10
-6.101010101010060360e-01  9.083921373130654349e-09  9.083921373130654349e-09
-5.101010101010059472e-01  8.996313205791431475e-08  8.996313205791431475e-08
-4.101010101010058584e-01  7.684436933340442975e-07  7.684436933340442975e-07
-3.101010101010057696e-01  5.661289330337994473e-06  5.661289330337994473e-06
-2.101010101010059028e-01  3.597279930026748722e-05  3.597279930026748722e-05
-1.101010101010058140e-01  1.971462791497197099e-04  1.971462791497197099e-04
-1.010101010100594721e-02  9.318764700436401802e-04  9.318764700436401802e-04
8.989898989899414161e-02  3.799124287914745941e-03  3.799124287914745941e-03
1.898989898989942304e-01  1.335869604875844843e-02  1.335869604875844843e-02
2.898989898989940972e-01  4.051353148866360804e-02  4.051353148866360804e-02
3.898989898989941860e-01  1.059721433179095923e-01  1.059721433179095923e-01
4.898989898989940528e-01  2.390777452390393520e-01  2.390777452390393520e-01
5.898989898989941416e-01  4.652033866702187104e-01  4.652033866702187104e-01
6.898989898989942304e-01  7.807353384491066972e-01  7.807353384491066972e-01
7.898989898989943192e-01  1.130118982665364591e+00  1.130118982665364591e+00
8.898989898989944081e-01  1.410940480666347918e+00  1.410940480666347918e+00
9.898989898989940528e-01  1.519389324451732914e+00  1.519389324451732914e+00
1.089898989898994142e+00  1.411351181776828279e+00  1.411351181776828279e+00
1.189898989898994230e+00  1.131064560251471285e+00  1.131064560251471285e+00
1.289898989898994319e+00  7.824516631648450460e-01  7.824516631648450460e-01
1.389898989898994408e+00  4.680049363544508401e-01  4.680049363544508401e-01
1.489898989898994053e+00  2.432946272410692889e-01  2.432946272410692889e-01
1.589898989898994142e+00  1.118574891217109929e-01  1.118574891217109929e-01
1.689898989898994230e+00  4.813932796298955180e-02  4.813932796298955180e-02
1.789898989898994319e+00  2.253490393435368319e-02  2.253490393435368319e-02
1.889898989898994408e+00  1.405447513023930228e-02  1.405447513023930228e-02
1.989898989898994053e+00  1.157778995699496744e-02  1.157778995699496744e-02
2.089898989898994142e+00  1.046349013097299004e-02  1.046349013097299004e-02
2.189898989898994230e+00  9.235165718089705794e-03  9.235165718089705794e-03
2.289898989898994319e+00  7.668238101657732543e-03  7.668238101657732543e-03
2.389898989898994408e+00  5.939011162317988160e-03  5.939011162317988160e-03
2.489898989898994053e+00  4.288710916045666670e-03  4.288710916045666670e-03
2.589898989898994586e+00  2.895860966756349120e-03  2.895860966756349120e-03
2.689898989898994230e+00  1.840131833589972281e-03  1.840131833589972281e-03
2.789898989898993875e+00  1.114268215995068041e-03  1.114268215995068041e-03
2.889898989898994408e+00  6.578629006102438767e-04  6.578629006102438767e-04
2.989898989898994053e+00  3.926653928299298217e-04  3.926653928299298217e-04
3.089898989898994586e+00  2.474068041342133008e-04  2.474068041342133008e-04
3.189898989898994230e+00  1.691985645793743964e-04  1.691985645793743964e-04
3.289898989898994763e+00  1.246182308841845519e-04  1.246182308841845519e-04
3.389898989898994408e+00  9.549471043231282238e-05  9.549471043231282238e-05
3.489898989898994053e+00  7.345019280318834166e-05  7.345019280318834166e-05
3.589898989898994586e+00  5.537125854697690064e-05  5.537125854697690064e-05
3.689898989898994230e+00  4.043747021739172923e-05  4.043747021739172923e-05
3.789898989898994763e+00  2.851318250333724084e-05  2.851318250333724084e-05
3.889898989898994408e+00  1.945611934902847443e-05  1.945611934902847443e-05
3.989898989898994053e+00  1.293441696317170121e-05  1.293441696317170121e-05
4.089898989898994586e+00  8.469611201681239435e-06  8.469611201681239435e-06
4.189898989898994230e+00  5.541972314159299571e-06  5.541972314159299571e-06
4.289898989898994763e+00  3.680108224089140801e-06  3.680108224089140801e-06
4.389898989898994408e+00  2.509705915783774247e-06  2.509705915783774247e-06
4.489898989898994053e+00  1.764223502361607156e-06  1.764223502361607156e-06
4.589898989898994586e+00  1.271137927377030918e-06  1.271137927377030918e-06
4.689898989898994230e+00  9.279237075560482917e-07  9.279237075560482917e-07
4.789898989898994763e+00  6.778556083585341301e-07  6.778556083585341301e-07
4.889898989898994408e+00  4.907895537364842777e-07  4.907895537364842777e-07
4.989898989898994053e+00  3.502497492861450332e-07  3.502497492861450332e-07
5.089898989898994586e+00  2.459766544490352157e-07  2.459766544490352157e-07
5.189898989898994230e+00  1.702996954949074164e-07  1.702996954949074164e-07
5.289898989898994763e+00  1.167511659760129577e-07  1.167511659760129577e-07
5.389898989898994408e+00  7.975002143212389622e-08  7.975002143212389622e-08
5.489898989898994053e+00  5.464571430544880249e-08  5.464571430544880249e-08
5.589898989898994586e+00  3.777694963442435058e-08  3.777694963442435058e-08
5.689898989898994230e+00  2.643211937257698711e-08  2.643211937257698711e-08
5.789898989898994763e+00  1.871626920795162114e-08  1.871626920795162114e-08
5.889898989898994408e+00  1.337079273706060264e-08  1.337079273706060264e-08
5.989898989898994053e+00  9.591737524046342071e-09  9.591737524046342071e-09
6.089898989898994586e+00  6.876072352216513729e-09  6.876072352216513729e-09
6.189898989898994230e+00  4.907348600192144114e-09  4.907348600192144114e-09
6.289898989898994763e+00  3.479372906952879713e-09  3.479372906952879713e-09
6.389898989898994408e+00  2.449989204658955304e-09  2.449989204658955304e-09
6.489898989898994053e+00  1.715473638133360814e-09  1.715473638133360814e-09
6.589898989898993698e+00  1.197305878473207318e-09  1.197305878473207318e-09
6.689898989898995119e+00  8.354266432924051783e-10  8.354266432924051783e-10
6.789898989898994763e+00  5.844005873116670522e-10  5.844005873116670522e-10
6.889898989898994408e+00  4.106599667071125549e-10  4.106599667071125549e-10
6.989898989898994053e+00  2.901079348320580346e-10  2.901079348320580346e-10
7.089898989898993698e+00  2.059265996207916451e-10  2.059265996207916451e-10
7.189898989898995119e+00  1.466466670583696129e-10  1.466466670583696129e-10
7.289898989898994763e+00  1.045584574869730202e-10  1.045584574869730202e-10
7.389898989898994408e+00  7.449473881992075947e-11  7.449473881992075947e-11
7.489898989898994053e+00  5.295963790612268578e-11  5.295963790612268578e-11
7.589898989898993698e+00  3.754187885479979075e-11  3.754187885479979075e-11
7.689898989898995119e+00  2.653870199733761251e-11  2.653870199733761251e-11
7.789898989898994763e+00  1.872255792599784170e-11  1.872255792599784170e-11
7.889898989898994408e+00  1.319726470098864051e-11  1.319726470098864051e-11
7.989898989898994053e+00  9.306706848701822658e-12  9.306706848701822658e-12
8.089898989898994586e+00  6.573202701849698074e-12  6.573202701849698074e-12
8.189898989898996007e+00  4.652803551976187147e-12  4.652803551976187147e-12
8.289898989898993875e+00  3.301114903295750354e-12  3.301114903295750354e-12
8.389898989898995296e+00  2.346632755175966402e-12  2.346632755175966402e-12
8.489898989898993165e+00  1.670112241075642404e-12  1.670112241075642404e-12
8.589898989898994586e+00  1.189004119143021294e-12  1.189004119143021294e-12
8.689898989898996007e+00  8.460938830283351228e-13  8.460938830283351228e-13
8.789898989898993875e+00  6.014818207388551294e-13  6.014818207388551294e-13
8.889898989898995296e+00  4.270840138949396112e-13  4.270840138949396112e-13
8.989898989898993165e+00  3.029384919433512683e-13  3.029384919433512683e-13
9.089898989898994586e+00  2.147444211608692184e-13  2.147444211608692184e-13
9.189898989898996007e+00  1.522125725526818128e-13  1.522125725526818128e-13
9.289898989898993875e+00  1.079378005676231072e-13  1.079378005676231072e-13
9.389898989898995296e+00  7.660703369901438026e-14  7.660703369901438026e-14
9.489898989898993165e+00  5.442803903305524821e-14  5.442803903305524821e-14
9.589898989898994586e+00  3.870990139133161012e-14  3.870990139133161012e-14
9.689898989898996007e+00  2.755293815183627525e-14  2.755293815183627525e-14
9.789898989898993875e+00  1.962048765504468490e-14  1.962048765504468490e-14
9.889898989898995296e+00  1.397291534968943800e-14  1.397291534968943800e-14
9.989898989898993165e+00  9.948710251597496829e-15  9.948710251597496829e-15
1.008989898989899459e+01  7.080607551124093008e-15  7.080607551124093008e-15
1.018989898989899601e+01  5.037146115402222944e-15  5.037146115402222944e-15
1.028989898989899388e+01  3.582239030552469056e-15  3.582239030552469056e-15
1.038989898989899530e+01  2.547226668665311232e-15  2.547226668665311232e-15
1.048989898989899316e+01  1.811451899650170494e-15  1.811451899650170494e-15
