-1.627083109924123860e+00  0.000000000000000000e+00  0.000000000000000000e+00
-1.527083109924123772e+00  0.000000000000000000e+00  0.000000000000000000e+00
-1.427083109924123683e+00  0.000000000000000000e+00  0.000000000000000000e+00
-1.327083109924124038e+00  0.000000000000000000e+00  0.000000000000000000e+00
-1.227083109924123949e+00  0.000000000000000000e+00  0.000000000000000000e+00
-1.127083109924123860e+00  0.000000000000000000e+00  0.000000000000000000e+00
-1.027083109924123772e+00  0.000000000000000000e+00  0.000000000000000000e+00
-9.270831099241236828e-01  0.000000000000000000e+00  0.000000000000000000e+00
-8.270831099241238160e-01  0.000000000000000000e+00  0.000000000000000000e+00
-7.270831099241239492e-01  0.000000000000000000e+00  0.000000000000000000e+00
-6.270831099241238604e-01  3.832014541466854269e-305  3.832014541466854269e-305
-5.270831099241237716e-01  8.737044967391354584e-266  8.737044967391354584e-266
-4.270831099241236828e-01  3.845576733046717494e-229  3.845576733046717494e-229
-3.270831099241238160e-01  3.267517183782767468e-195  3.267517183782767468e-195
-2.270831099241237272e-01  5.359617136034316920e-164  5.359617136034316920e-164
-1.270831099241238604e-01  1.697106676106881628e-135  1.697106676106881628e-135
-2.708310992412377161e-02  1.037394652299154662e-109  1.037394652299154662e-109
7.291689007587631721e-02  1.224160483115042541e-86  1.224160483115042541e-86
1.729168900758761840e-01  2.788638347673668392e-66  2.788638347673668392e-66
2.729168900758762728e-01  1.226324832326010419e-48  1.226324832326010419e-48
3.729168900758761396e-01  1.041066179341921882e-33  1.041066179341921882e-33
4.729168900758762284e-01  1.706124193590473197e-21  1.706124193590473197e-21
5.729168900758763172e-01  5.397621575659256362e-12  5.397621575659256362e-12
6.729168900758764060e-01  3.296504803210270959e-05  3.296504803210270959e-05
7.729168900758764948e-01  3.886551982166430164e-01  3.886551982166430164e-01
8.729168900758761396e-01  8.845751538964435667e+00  8.845751538964435667e+00
9.729168900758762284e-01  3.886551982166323582e-01  3.886551982166323582e-01
1.072916890075876317e+00  3.296504803210089355e-05  3.296504803210089355e-05
1.172916890075876406e+00  5.397621575658814498e-12  5.397621575658814498e-12
1.272916890075876495e+00  1.706372061919849938e-21  1.706372061919849938e-21
1.372916890075876140e+00  7.221999394948239146e-18  7.221999394948239146e-18
1.472916890075876228e+00  9.245355165265338026e-12  9.245355165265338026e-12
1.572916890075876317e+00  5.200193394479178565e-07  5.200193394479178565e-07
1.672916890075876406e+00  1.285124298688038614e-03  1.285124298688038614e-03
1.772916890075876495e+00  1.395405784858311238e-01  1.395405784858311238e-01
1.872916890075876140e+00  6.657108680133017042e-01  6.657108680133017042e-01
1.972916890075876228e+00  1.395405784858291809e-01  1.395405784858291809e-01
2.072916890075876317e+00  1.285124298688003269e-03  1.285124298688003269e-03
2.172916890075876406e+00  5.200193394478965748e-07  5.200193394478965748e-07
2.272916890075876495e+00  9.245359656379167101e-12  9.245359656379167101e-12
2.372916890075876140e+00  4.252579364223361514e-13  4.252579364223361514e-13
2.472916890075876672e+00  5.013670859659412748e-09  5.013670859659412748e-09
2.572916890075876317e+00  7.360145790244551469e-06  7.360145790244551469e-06
2.672916890075875962e+00  1.345354833989717558e-03  1.345354833989717558e-03
2.772916890075876495e+00  3.062013488517546442e-02  3.062013488517546442e-02
2.872916890075876140e+00  8.677551199759092615e-02  8.677551199759092615e-02
2.972916890075876672e+00  3.062013488517489543e-02  3.062013488517489543e-02
3.072916890075876317e+00  1.345354833989717558e-03  1.345354833989717558e-03
3.172916890075876850e+00  7.360145790244485401e-06  7.360145790244485401e-06
3.272916890075876495e+00  5.013679536045646556e-09  5.013679536045646556e-09
3.372916890075876140e+00  4.725880282259191865e-11  4.725880282259191865e-11
3.472916890075876672e+00  5.298954301841300397e-08  5.298954301841300397e-08
3.572916890075876317e+00  1.256718829084014256e-05  1.256718829084014256e-05
3.672916890075876850e+00  6.247423429636511476e-04  6.247423429636511476e-04
3.772916890075876495e+00  6.509964704676999940e-03  6.509964704676999940e-03
3.872916890075876140e+00  1.421907018633647955e-02  1.421907018633647955e-02
3.972916890075876672e+00  6.509964704676909734e-03  6.509964704676909734e-03
4.072916890075876317e+00  6.247423429636339088e-04  6.247423429636339088e-04
4.172916890075876850e+00  1.256718829097204761e-05  1.256718829097204761e-05
4.272916890075876495e+00  5.298999030093944085e-08  5.298999030093944085e-08
4.372916890075876140e+00  4.797069118641105279e-10  4.797069118641105279e-10
4.472916890075876672e+00  1.200237940451241554e-07  1.200237940451241554e-07
4.572916890075876317e+00  9.534670252147706916e-06  9.534670252147706916e-06
4.672916890075876850e+00  2.170080946902466714e-04  2.170080946902466714e-04
4.772916890075876495e+00  1.415070533122549188e-03  1.415070533122549188e-03
4.872916890075876140e+00  2.643699802987650553e-03  2.643699802987650553e-03
4.972916890075876672e+00  1.415070533122533575e-03  1.415070533122533575e-03
5.072916890075876317e+00  2.170080946902436356e-04  2.170080946902436356e-04
5.172916890075876850e+00  9.534670256541009315e-06  9.534670256541009315e-06
5.272916890075876495e+00  1.200276170632037273e-07  1.200276170632037273e-07
5.372916890075876140e+00  1.611934542290876081e-09  1.611934542290876081e-09
5.472916890075876672e+00  1.280245455389016315e-07  1.280245455389016315e-07
5.572916890075876317e+00  4.905203439845106309e-06  4.905203439845106309e-06
5.672916890075876850e+00  6.631812476107382473e-05  6.631812476107382473e-05
5.772916890075876495e+00  3.163860783635186256e-04  3.163860783635186256e-04
5.872916890075876140e+00  5.326137917296922550e-04  5.326137917296922550e-04
5.972916890075876672e+00  3.163860783635156983e-04  3.163860783635156983e-04
6.072916890075876317e+00  6.631812476111690821e-05  6.631812476111690821e-05
6.172916890075876850e+00  4.905203475567336808e-06  4.905203475567336808e-06
6.272916890075876495e+00  1.280359834417635092e-07  1.280359834417635092e-07
6.372916890075876140e+00  2.792313290408926064e-09  2.792313290408926064e-09
6.472916890075875784e+00  8.967140725911726844e-08  8.967140725911726844e-08
6.572916890075877205e+00  2.040824617536255976e-06  2.040824617536255976e-06
6.672916890075876850e+00  1.902010933363911102e-05  1.902010933363911102e-05
6.772916890075876495e+00  7.258675881567634941e-05  7.258675881567634941e-05
6.872916890075876140e+00  1.134328567245963294e-04  1.134328567245963294e-04
6.972916890075875784e+00  7.258675881567681020e-05  7.258675881567681020e-05
7.072916890075877205e+00  1.902010933398619463e-05  1.902010933398619463e-05
7.172916890075876850e+00  2.040824735629958788e-06  2.040824735629958788e-06
7.272916890075876495e+00  8.968723152802955804e-08  8.968723152802955804e-08
7.372916890075876140e+00  3.057372618907854255e-09  3.057372618907854255e-09
7.472916890075875784e+00  4.858768659265093774e-08  4.858768659265093774e-08
7.572916890075877205e+00  7.480729809369410590e-07  7.480729809369410590e-07
7.672916890075876850e+00  5.274427878401724401e-06  5.274427878401724401e-06
7.772916890075876495e+00  1.702606175237517512e-05  1.702606175237517512e-05
7.872916890075876140e+00  2.516288809517450891e-05  2.516288809517450891e-05
7.972916890075877561e+00  1.702606175237842773e-05  1.702606175237842773e-05
8.072916890075877205e+00  5.274427879643548393e-06  5.274427879643548393e-06
8.172916890075876850e+00  7.480731801967997365e-07  7.480731801967997365e-07
8.272916890075876495e+00  4.859726175107836382e-08  4.859726175107836382e-08
8.372916890075876140e+00  2.422259144868420467e-09  2.422259144868420467e-09
8.472916890075877561e+00  2.228198865638471710e-08  2.228198865638471710e-08
8.572916890075877205e+00  2.530158596333132323e-07  2.530158596333132323e-07
8.672916890075876850e+00  1.435922530888758930e-06  1.435922530888758930e-06
8.772916890075876495e+00  4.069312994331831578e-06  4.069312994331831578e-06
8.872916890075876140e+00  5.758611634444183096e-06  5.758611634444183096e-06
8.972916890075877561e+00  4.069312994345049528e-06  4.069312994345049528e-06
9.072916890075877205e+00  1.435922533323301663e-06  1.435922533323301663e-06
9.172916890075876850e+00  2.530160394403136695e-07  2.530160394403136695e-07
9.272916890075876495e+00  2.227990189177281380e-08  2.227990189177281380e-08
9.372916890075876140e+00  1.524700387204570622e-09  1.524700387204570622e-09
9.472916890075877561e+00  9.122530631857302178e-09  9.122530631857302178e-09
9.572916890075877205e+00  8.111719157695998838e-08  8.111719157695998838e-08
9.672916890075876850e+00  3.869873571011194758e-07  3.869873571011194758e-07
9.772916890075876495e+00  9.882068322159759600e-07  9.882068322159759600e-07
9.872916890075876140e+00  1.350718591995310550e-06  1.350718591995310550e-06
9.972916890075877561e+00  9.882068322452417953e-07  9.882068322452417953e-07
1.007291689007587721e+01  3.869873599188298967e-07  3.869873599188298967e-07
1.017291689007587685e+01  8.111724746163347938e-08  8.111724746163347938e-08
1.027291689007587649e+01  9.112760444731831448e-09  9.112760444731831448e-09
1.037291689007587614e+01  8.126285956627010850e-10  8.126285956627010850e-10
