-1.649420853629609773e+00  1.875639522424430521e-28  1.875639522424430521e-28
-1.549420853629610129e+00  2.439671150461890732e-26  2.439671150461890732e-26
-1.449420853629610040e+00  2.988040676534003192e-24  2.988040676534003192e-24
-1.349420853629609951e+00  3.084920927987626078e-22  3.084920927987626078e-22
-1.249420853629610306e+00  2.612748903219984555e-20  2.612748903219984555e-20
-1.149420853629609773e+00  1.803749840266090724e-18  1.803749840266090724e-18
-1.049420853629610129e+00  1.013424334313877742e-16  1.013424334313877742e-16
-9.494208536296100398e-01  4.631880843591456200e-15  4.631880843591456200e-15
-8.494208536296099510e-01  1.721948664418740280e-13  1.721948664418740280e-13
-7.494208536296098622e-01  5.206699851053714537e-12  5.206699851053714537e-12
-6.494208536296099954e-01  1.280496706240660674e-10  1.280496706240660674e-10
-5.494208536296099066e-01  2.561331317115078131e-09  2.561331317115078131e-09
-4.494208536296098178e-01  4.167000401330634152e-08  4.167000401330634152e-08
-3.494208536296099510e-01  5.513805454470229843e-07  5.513805454470229843e-07
-2.494208536296098622e-01  5.934023784372164409e-06  5.934023784372164409e-06
-1.494208536296099954e-01  5.194180088465800640e-05  5.194180088465800640e-05
-4.942085362960990658e-02  3.697895037523998537e-04  3.697895037523998537e-04
5.057914637039018224e-02  2.141223656703013841e-03  2.141223656703013841e-03
1.505791463703900490e-01  1.008415317038803029e-02  1.008415317038803029e-02
2.505791463703901378e-01  3.862664143187434507e-02  3.862664143187434507e-02
3.505791463703900046e-01  1.203385990643041775e-01  1.203385990643041775e-01
4.505791463703900934e-01  3.049259078366525211e-01  3.049259078366525211e-01
5.505791463703901822e-01  6.284305361724250583e-01  6.284305361724250583e-01
6.505791463703902711e-01  1.053415624163784647e+00  1.053415624163784647e+00
7.505791463703903599e-01  1.436279634250431814e+00  1.436279634250431814e+00
8.505791463703900046e-01  1.593049522863222434e+00  1.593049522863222434e+00
9.505791463703900934e-01  1.437990253381404404e+00  1.437990253381404404e+00
1.050579146370390182e+00  1.058053436809123005e+00  1.058053436809123005e+00
1.150579146370390271e+00  6.386388994492839810e-01  6.386388994492839810e-01
1.250579146370390360e+00  3.249417015456782520e-01  3.249417015456782520e-01
1.350579146370390005e+00  1.556785694608683879e-01  1.556785694608683879e-01
1.450579146370390093e+00  9.489171246005916049e-02  9.489171246005916049e-02
1.550579146370390182e+00  9.088068621278407033e-02  9.088068621278407033e-02
1.650579146370390271e+00  1.068041418984846114e-01  1.068041418984846114e-01
1.750579146370390360e+00  1.227065175339604186e-01  1.227065175339604186e-01
1.850579146370390005e+00  1.291546163998109065e-01  1.291546163998109065e-01
1.950579146370390093e+00  1.231688310241846329e-01  1.231688310241846329e-01
2.050579146370390404e+00  1.065213995854038670e-01  1.065213995854038670e-01
2.150579146370390049e+00  8.406962411978474714e-02  8.406962411978474714e-02
2.250579146370390582e+00  6.145023358921931217e-02  6.145023358921931217e-02
2.350579146370390227e+00  4.294002903852359165e-02  4.294002903852359165e-02
2.450579146370390760e+00  3.039564805235021525e-02  3.039564805235021525e-02
2.550579146370390404e+00  2.344905641916191982e-02  2.344905641916191982e-02
2.650579146370390049e+00  2.044686849448912325e-02  2.044686849448912325e-02
2.750579146370390582e+00  1.945849971061790890e-02  1.945849971061790890e-02
2.850579146370390227e+00  1.894215586767919110e-02  1.894215586767919110e-02
2.950579146370390760e+00  1.799934089271558804e-02  1.799934089271558804e-02
3.050579146370390404e+00  1.633821090601200038e-02  1.633821090601200038e-02
3.150579146370390937e+00  1.409387016876533470e-02  1.409387016876533470e-02
3.250579146370390582e+00  1.161203677345850824e-02  1.161203677345850824e-02
3.350579146370390227e+00  9.260219094168600090e-03  9.260219094168600090e-03
3.450579146370390760e+00  7.302067328684914115e-03  7.302067328684914115e-03
3.550579146370390404e+00  5.846871606383995980e-03  5.846871606383995980e-03
3.650579146370390937e+00  4.863683934359234670e-03  4.863683934359234670e-03
3.750579146370390582e+00  4.233840298425117082e-03  4.233840298425117082e-03
3.850579146370390227e+00  3.812146175376428855e-03  3.812146175376428855e-03
3.950579146370390760e+00  3.474558414881567456e-03  3.474558414881567456e-03
4.050579146370390404e+00  3.142661206596006514e-03  3.142661206596006514e-03
4.150579146370390937e+00  2.786205016208843227e-03  2.786205016208843227e-03
4.250579146370390582e+00  2.411162205258505619e-03  2.411162205258505619e-03
4.350579146370390227e+00  2.042131365977404179e-03  2.042131365977404179e-03
4.450579146370390760e+00  1.706168420032251045e-03  1.706168420032251045e-03
4.550579146370390404e+00  1.422084574218235569e-03  1.422084574218235569e-03
4.650579146370390937e+00  1.196258790894067208e-03  1.196258790894067208e-03
4.750579146370390582e+00  1.023811675887606638e-03  1.023811675887606638e-03
4.850579146370390227e+00  8.928685527420730361e-04  8.928685527420730361e-04
4.950579146370390760e+00  7.895436742263306626e-04  7.895436742263306626e-04
5.050579146370390404e+00  7.018984700073595913e-04  7.018984700073595913e-04
5.150579146370390937e+00  6.220469543084536715e-04  6.220469543084536715e-04
5.250579146370390582e+00  5.464251004120486985e-04  5.464251004120486985e-04
5.350579146370390227e+00  4.747806950844583114e-04  4.747806950844583114e-04
5.450579146370390760e+00  4.086216905158569670e-04  4.086216905158569670e-04
5.550579146370390404e+00  3.497594337299072924e-04  3.497594337299072924e-04
5.650579146370390937e+00  2.993310721857869272e-04  2.993310721857869272e-04
5.750579146370390582e+00  2.574109357906160210e-04  2.574109357906160210e-04
5.850579146370390227e+00  2.231113042337106106e-04  2.231113042337106106e-04
5.950579146370390760e+00  1.949659570228095933e-04  1.949659570228095933e-04
6.050579146370390404e+00  1.713802024586599468e-04  1.713802024586599468e-04
6.150579146370390937e+00  1.509876618302305083e-04  1.509876618302305083e-04
6.250579146370390582e+00  1.328376001312752297e-04  1.328376001312752297e-04
6.350579146370390227e+00  1.164133927700166906e-04  1.164133927700166906e-04
6.450579146370389871e+00  1.015326377763878842e-04  1.015326377763878842e-04
6.550579146370391292e+00  8.819711645894926454e-05  8.819711645894926454e-05
6.650579146370390937e+00  7.645224995881618379e-05  7.645224995881618379e-05
6.750579146370390582e+00  6.629252588821365393e-05  6.629252588821365393e-05
6.850579146370390227e+00  5.762346464154766330e-05  5.762346464154766330e-05
6.950579146370389871e+00  5.027061285645347043e-05  5.027061285645347043e-05
7.050579146370391292e+00  4.401566874523843708e-05  4.401566874523843708e-05
7.150579146370390937e+00  3.863885730066468117e-05  3.863885730066468117e-05
7.250579146370390582e+00  3.395213800119832159e-05  3.395213800119832159e-05
7.350579146370390227e+00  2.981592697316928013e-05  2.981592697316928013e-05
7.450579146370389871e+00  2.613947251680323714e-05  2.613947251680323714e-05
7.550579146370391292e+00  2.286987098371193931e-05  2.286987098371193931e-05
7.650579146370390937e+00  1.997642001833422338e-05  1.997642001833422338e-05
7.750579146370390582e+00  1.743615042406411507e-05  1.743615042406411507e-05
7.850579146370390227e+00  1.522408634399372441e-05  1.522408634399372441e-05
7.950579146370391648e+00  1.330922167813692082e-05  1.330922167813692082e-05
8.050579146370392181e+00  1.165521555904669441e-05  1.165521555904669441e-05
8.150579146370390049e+00  1.022378954732592784e-05  1.022378954732592784e-05
8.250579146370391470e+00  8.978726176229816328e-06  8.978726176229816328e-06
8.350579146370389338e+00  7.888928720261196979e-06  7.888928720261196979e-06
8.450579146370390760e+00  6.929822561649445694e-06  6.929822561649445694e-06
8.550579146370392181e+00  6.083129844981205177e-06  6.083129844981205177e-06
8.650579146370390049e+00  5.335533911994426711e-06  5.335533911994426711e-06
8.750579146370391470e+00  4.676916202699706992e-06  4.676916202699706992e-06
8.850579146370389338e+00  4.098755129420926891e-06  4.098755129420926891e-06
8.950579146370390760e+00  3.593039342423136937e-06  3.593039342423136937e-06
9.050579146370390404e+00  3.151785542362767598e-06  3.151785542362767598e-06
9.150579146370390049e+00  2.767049539389334208e-06  2.767049539389334208e-06
9.250579146370389694e+00  2.431217622141467510e-06  2.431217622141467510e-06
9.350579146370389338e+00  2.137359906487971551e-06  2.137359906487971551e-06
9.450579146370390760e+00  1.879487446494548607e-06  1.879487446494548607e-06
9.550579146370390404e+00  1.652640817142972180e-06  1.652640817142972180e-06
9.650579146370390049e+00  1.452815675906936060e-06  1.452815675906936060e-06
9.750579146370389694e+00  1.276780341320086493e-06  1.276780341320086493e-06
9.850579146370389338e+00  1.121856646185529304e-06  1.121856646185529304e-06
9.950579146370390760e+00  9.857246913466730472e-07  9.857246913466730472e-07
1.005057914637039040e+01  8.662868417813891502e-07  8.662868417813891502e-07
1.015057914637039005e+01  7.615987886260062522e-07  7.615987886260062522e-07
1.025057914637038969e+01  6.698546551574353448e-07  6.698546551574353448e-07
1.035057914637038934e+01  5.894029003208226838e-07  5.894029003208226838e-07
