-1.636360326312060742e+00  9.856821444496689814e-15  9.856821444496689814e-15
-1.536360326312061098e+00  1.176962743339517259e-13  1.176962743339517259e-13
-1.436360326312061009e+00  1.313899542250774948e-12  1.313899542250774948e-12
-1.336360326312060920e+00  1.344474195237398234e-11  1.344474195237398234e-11
-1.236360326312061275e+00  1.249643362580430468e-10  1.249643362580430468e-10
-1.136360326312060742e+00  1.050673351893714915e-09  1.050673351893714915e-09
-1.036360326312061098e+00  7.975672758557557810e-09  7.975672758557557810e-09
-9.363603263120610087e-01  5.461225712471853285e-08  5.461225712471853285e-08
-8.363603263120609199e-01  3.371646608610854350e-07  3.371646608610854350e-07
-7.363603263120608311e-01  1.876395463356094663e-06  1.876395463356094663e-06
-6.363603263120609643e-01  9.412070542347471689e-06  9.412070542347471689e-06
-5.363603263120608755e-01  4.254967704373380249e-05  4.254967704373380249e-05
-4.363603263120607867e-01  1.733572336051815996e-04  1.733572336051815996e-04
-3.363603263120609199e-01  6.365219895197718122e-04  6.365219895197718122e-04
-2.363603263120608311e-01  2.106229361615696415e-03  2.106229361615696415e-03
-1.363603263120609643e-01  6.280818227431209794e-03  6.280818227431209794e-03
-3.636032631206087551e-02  1.687890756034686121e-02  1.687890756034686121e-02
6.363967368793921331e-02  4.087810506732760668e-02  4.087810506732760668e-02
1.636396736879390801e-01  8.921913000787687342e-02  8.921913000787687342e-02
2.636396736879391689e-01  1.754894270884475305e-01  1.754894270884475305e-01
3.636396736879390357e-01  3.110846152894813921e-01  3.110846152894813921e-01
4.636396736879391245e-01  4.970000201648924198e-01  4.970000201648924198e-01
5.636396736879392133e-01  7.156699017150677244e-01  7.156699017150677244e-01
6.636396736879393021e-01  9.289653224431893008e-01  9.289653224431893008e-01
7.636396736879393909e-01  1.087214847592691269e+00  1.087214847592691269e+00
8.636396736879390357e-01  1.147768859514131545e+00  1.147768859514131545e+00
9.636396736879391245e-01  1.093985281333336834e+00  1.093985281333336834e+00
1.063639673687939213e+00  9.432276761359531525e-01  9.432276761359531525e-01
1.163639673687939302e+00  7.386945545379596245e-01  7.386945545379596245e-01
1.263639673687939391e+00  5.302786277101491086e-01  5.302786277101491086e-01
1.363639673687939036e+00  3.558909706780932769e-01  3.558909706780932769e-01
1.463639673687939124e+00  2.324063692954476679e-01  2.324063692954476679e-01
1.563639673687939213e+00  1.577392515803825168e-01  1.577392515803825168e-01
1.663639673687939302e+00  1.191932999808983512e-01  1.191932999808983512e-01
1.763639673687939391e+00  1.019432301280802783e-01  1.019432301280802783e-01
1.863639673687939036e+00  9.416301410770662461e-02  9.416301410770662461e-02
1.963639673687939124e+00  8.856245882791856372e-02  8.856245882791856372e-02
2.063639673687939435e+00  8.176273202187765710e-02  8.176273202187765710e-02
2.163639673687939080e+00  7.297043219479164289e-02  7.297043219479164289e-02
2.263639673687939613e+00  6.275776507149112560e-02  6.275776507149112560e-02
2.363639673687939258e+00  5.219231262241886410e-02  5.219231262241886410e-02
2.463639673687939791e+00  4.230077701781969485e-02  4.230077701781969485e-02
2.563639673687939435e+00  3.379358476594428173e-02  3.379358476594428173e-02
2.663639673687939080e+00  2.698284589986543400e-02  2.698284589986543400e-02
2.763639673687939613e+00  2.183157363532630194e-02  2.183157363532630194e-02
2.863639673687939258e+00  1.807251349953098093e-02  1.807251349953098093e-02
2.963639673687939791e+00  1.534124513162344293e-02  1.534124513162344293e-02
3.063639673687939435e+00  1.328429871020811621e-02  1.328429871020811621e-02
3.163639673687939968e+00  1.162403913739205007e-02  1.162403913739205007e-02
3.263639673687939613e+00  1.018062968276269194e-02  1.018062968276269194e-02
3.363639673687939258e+00  8.862729721442894754e-03  8.862729721442894754e-03
3.463639673687939791e+00  7.642055726735307378e-03  7.642055726735307378e-03
3.563639673687939435e+00  6.524768700252061432e-03  6.524768700252061432e-03
3.663639673687939968e+00  5.527929527345030493e-03  5.527929527345030493e-03
3.763639673687939613e+00  4.664458441579533154e-03  4.664458441579533154e-03
3.863639673687939258e+00  3.936477499210117546e-03  3.936477499210117546e-03
3.963639673687939791e+00  3.334950139888037506e-03  3.334950139888037506e-03
4.063639673687939435e+00  2.842922079501881538e-03  2.842922079501881538e-03
4.163639673687939968e+00  2.439956398118493536e-03  2.439956398118493536e-03
4.263639673687939613e+00  2.106088011819154913e-03  2.106088011819154913e-03
4.363639673687939258e+00  1.824444778249686636e-03  1.824444778249686636e-03
4.463639673687939791e+00  1.582368675583467653e-03  1.582368675583467653e-03
4.563639673687939435e+00  1.371316109498258145e-03  1.371316109498258145e-03
4.663639673687939968e+00  1.186012471586692617e-03  1.186012471586692617e-03
4.763639673687939613e+00  1.023335279827742791e-03  1.023335279827742791e-03
4.863639673687939258e+00  8.812816828206800242e-04  8.812816828206800242e-04
4.963639673687939791e+00  7.582163962501678022e-04  7.582163962501678022e-04
5.063639673687939435e+00  6.524515230032063538e-04  6.524515230032063538e-04
5.163639673687939968e+00  5.621101097362357201e-04  5.621101097362357201e-04
5.263639673687939613e+00  4.851773265248637270e-04  4.851773265248637270e-04
5.363639673687939258e+00  4.196378955152993873e-04  4.196378955152993873e-04
5.463639673687939791e+00  3.636199314044513708e-04  3.636199314044513708e-04
5.563639673687939435e+00  3.154976076587984201e-04  3.154976076587984201e-04
5.663639673687939968e+00  2.739358134020514961e-04  2.739358134020514961e-04
5.763639673687939613e+00  2.378822975727392871e-04  2.378822975727392871e-04
5.863639673687939258e+00  2.065246324667802591e-04  2.065246324667802591e-04
5.963639673687939791e+00  1.792319893375537401e-04  1.792319893375537401e-04
6.063639673687939435e+00  1.554982397582022318e-04  1.554982397582022318e-04
6.163639673687939968e+00  1.348966040405705908e-04  1.348966040405705908e-04
6.263639673687939613e+00  1.170496519911359227e-04  1.170496519911359227e-04
6.363639673687939258e+00  1.016135704447583289e-04  1.016135704447583289e-04
6.463639673687938902e+00  8.827286293460365435e-05  8.827286293460365435e-05
6.563639673687940324e+00  7.674088150365476605e-05  7.674088150365476605e-05
6.663639673687939968e+00  6.676222210906346364e-05  6.676222210906346364e-05
6.763639673687939613e+00  5.811434201965695313e-05  5.811434201965695313e-05
6.863639673687939258e+00  5.060718282610203434e-05  5.060718282610203434e-05
6.963639673687938902e+00  4.408071949016704148e-05  4.408071949016704148e-05
7.063639673687940324e+00  3.840104063182611053e-05  3.840104063182611053e-05
7.163639673687939968e+00  3.345580998145847567e-05  3.345580998145847567e-05
7.263639673687939613e+00  2.914987916274409198e-05  2.914987916274409198e-05
7.363639673687939258e+00  2.540156762683882871e-05  2.540156762683882871e-05
7.463639673687938902e+00  2.213983043593530792e-05  2.213983043593530792e-05
7.563639673687940324e+00  1.930228973546619886e-05  1.930228973546619886e-05
7.663639673687939968e+00  1.683395377352489363e-05  1.683395377352489363e-05
7.763639673687939613e+00  1.468639090443422355e-05  1.468639090443422355e-05
7.863639673687939258e+00  1.281714290855560774e-05  1.281714290855560774e-05
7.963639673687940679e+00  1.118922028871204159e-05  1.118922028871204159e-05
8.063639673687941212e+00  9.770592122591267224e-06  9.770592122591267224e-06
8.163639673687939080e+00  8.533643369827784977e-06  8.533643369827784977e-06
8.263639673687940501e+00  7.454612602776810034e-06  7.454612602776810034e-06
8.363639673687938370e+00  6.513041386372947904e-06  6.513041386372947904e-06
8.463639673687939791e+00  5.691267356501123113e-06  5.691267356501123113e-06
8.563639673687941212e+00  4.973983377065915564e-06  4.973983377065915564e-06
8.663639673687939080e+00  4.347871785222238521e-06  4.347871785222238521e-06
8.763639673687940501e+00  3.801310688531431169e-06  3.801310688531431169e-06
8.863639673687938370e+00  3.324141264806379858e-06  3.324141264806379858e-06
8.963639673687939791e+00  2.907481658419779224e-06  2.907481658419779224e-06
9.063639673687939435e+00  2.543573563572056842e-06  2.543573563572056842e-06
9.163639673687939080e+00  2.225650463196802718e-06  2.225650463196802718e-06
9.263639673687938725e+00  1.947820237779970642e-06  1.947820237779970642e-06
9.363639673687938370e+00  1.704958310285605057e-06  1.704958310285605057e-06
9.463639673687939791e+00  1.492609997528042522e-06  1.492609997528042522e-06
9.563639673687939435e+00  1.306902116072525061e-06  1.306902116072525061e-06
9.663639673687939080e+00  1.144464301365909131e-06  1.144464301365909131e-06
9.763639673687938725e+00  1.002360271042729332e-06  1.002360271042729332e-06
9.863639673687938370e+00  8.780287497571609480e-07  8.780287497571609480e-07
9.963639673687939791e+00  7.692332542296972415e-07  7.692332542296972415e-07
1.006363967368793944e+01  6.740195813965811553e-07  6.740195813965811553e-07
1.016363967368793908e+01  5.906797073036949697e-07  5.906797073036949697e-07
1.026363967368793872e+01  5.177208659852676861e-07  5.177208659852676861e-07
1.036363967368793837e+01  4.538387687268252843e-07  4.538387687268252843e-07
