-1.611110065233631872e+00  3.736091442360528414e-11  3.736091442360528414e-11
-1.511110065233631783e+00  2.373457735687579856e-10  2.373457735687579856e-10
-1.411110065233631694e+00  1.421687268052151906e-09  1.421687268052151906e-09
-1.311110065233632049e+00  7.962596363265198796e-09  7.962596363265198796e-09
-1.211110065233631961e+00  4.151283008738562436e-08  4.151283008738562436e-08
-1.111110065233631872e+00  2.009736883521120098e-07  2.009736883521120098e-07
-1.011110065233631783e+00  9.023094700153735100e-07  9.023094700153735100e-07
-9.111100652336316941e-01  3.754183721505872338e-06  3.754183721505872338e-06
-8.111100652336318273e-01  1.446906182043240109e-05  1.446906182043240109e-05
-7.111100652336319605e-01  5.164478177632119207e-05  5.164478177632119207e-05
-6.111100652336318717e-01  1.706916969037563516e-04  1.706916969037563516e-04
-5.111100652336317829e-01  5.223495228282528822e-04  5.223495228282528822e-04
-4.111100652336316941e-01  1.479960894555939956e-03  1.479960894555939956e-03
-3.111100652336318273e-01  3.882090721609708986e-03  3.882090721609708986e-03
-2.111100652336317385e-01  9.427560377041824605e-03  9.427560377041824605e-03
-1.111100652336318717e-01  2.119565454437750268e-02  2.119565454437750268e-02
-1.111006523363178289e-02  4.411708979259388458e-02  4.411708979259388458e-02
8.888993476636830593e-02  8.501210068619829974e-02  8.501210068619829974e-02
1.888899347663681727e-01  1.516606250204236006e-01  1.516606250204236006e-01
2.888899347663682615e-01  2.504905449154816166e-01  2.504905449154816166e-01
3.888899347663681283e-01  3.830452356285153903e-01  3.830452356285153903e-01
4.888899347663682171e-01  5.423400158538724813e-01  5.423400158538724813e-01
5.888899347663683059e-01  7.110384870276507119e-01  7.110384870276507119e-01
6.888899347663683947e-01  8.633279327716135709e-01  8.633279327716135709e-01
7.888899347663684836e-01  9.710091439465103891e-01  9.710091439465103891e-01
8.888899347663681283e-01  1.012079296737238510e+00  1.012079296737238510e+00
9.888899347663682171e-01  9.782845926171146456e-01  9.782845926171146456e-01
1.088889934766368306e+00  8.781022840730183798e-01  8.781022840730183798e-01
1.188889934766368395e+00  7.336721159369069545e-01  7.336721159369069545e-01
1.288889934766368484e+00  5.731746518205111940e-01  5.731746518205111940e-01
1.388889934766368128e+00  4.222119335905120119e-01  4.222119335905120119e-01
1.488889934766368217e+00  2.977236874859466309e-01  2.977236874859466309e-01
1.588889934766368306e+00  2.061624557562913573e-01  2.061624557562913573e-01
1.688889934766368395e+00  1.454045113370095177e-01  1.454045113370095177e-01
1.788889934766368484e+00  1.085001002322284053e-01  1.085001002322284053e-01
1.888889934766368128e+00  8.730843951467666397e-02  8.730843951467666397e-02
1.988889934766368217e+00  7.488378587563694622e-02  7.488378587563694622e-02
2.088889934766368306e+00  6.643347902878425637e-02  6.643347902878425637e-02
2.188889934766368395e+00  5.925575972501330446e-02  5.925575972501330446e-02
2.288889934766368484e+00  5.219961397194916586e-02  5.219961397194916586e-02
2.388889934766368128e+00  4.504858895613508829e-02  4.504858895613508829e-02
2.488889934766368661e+00  3.802654109715264408e-02  3.802654109715264408e-02
2.588889934766368306e+00  3.147430437852963975e-02  3.147430437852963975e-02
2.688889934766367951e+00  2.567438581588538105e-02  2.567438581588538105e-02
2.788889934766368484e+00  2.078101785682549135e-02  2.078101785682549135e-02
2.888889934766368128e+00  1.681588777734750392e-02  1.681588777734750392e-02
2.988889934766368661e+00  1.369859288762041022e-02  1.369859288762041022e-02
3.088889934766368306e+00  1.128944888285348704e-02  1.128944888285348704e-02
3.188889934766368839e+00  9.429883856861661501e-03  9.429883856861661501e-03
3.288889934766368484e+00  7.972368909133565815e-03  7.972368909133565815e-03
3.388889934766368128e+00  6.797373303552439912e-03  6.797373303552439912e-03
3.488889934766368661e+00  5.818722160578492474e-03  5.818722160578492474e-03
3.588889934766368306e+00  4.980784292360228294e-03  4.980784292360228294e-03
3.688889934766368839e+00  4.251360120113687260e-03  4.251360120113687260e-03
3.788889934766368484e+00  3.613504282056730858e-03  3.613504282056730858e-03
3.888889934766368128e+00  3.058398278016472623e-03  3.058398278016472623e-03
3.988889934766368661e+00  2.580258551263801305e-03  2.580258551263801305e-03
4.088889934766368306e+00  2.173398953028397515e-03  2.173398953028397515e-03
4.188889934766368839e+00  1.831051786113794709e-03  1.831051786113794709e-03
4.288889934766368484e+00  1.545351486536120783e-03  1.545351486536120783e-03
4.388889934766368128e+00  1.307904336575116660e-03  1.307904336575116660e-03
4.488889934766368661e+00  1.110503828512228106e-03  1.110503828512228106e-03
4.588889934766368306e+00  9.457222487282362184e-04  9.457222487282362184e-04
4.688889934766368839e+00  8.072621758201599688e-04  8.072621758201599688e-04
4.788889934766368484e+00  6.900617907274379055e-04  6.900617907274379055e-04
4.888889934766368128e+00  5.902103817927118953e-04  5.902103817927118953e-04
4.988889934766368661e+00  5.047526114075043995e-04  5.047526114075043995e-04
5.088889934766368306e+00  4.314547310915185481e-04  4.314547310915185481e-04
5.188889934766368839e+00  3.685861112004567858e-04  3.685861112004567858e-04
5.288889934766368484e+00  3.147457947357655420e-04  3.147457947357655420e-04
5.388889934766368128e+00  2.687432048640080802e-04  2.687432048640080802e-04
5.488889934766368661e+00  2.295279312974336881e-04  2.295279312974336881e-04
5.588889934766368306e+00  1.961561838179205850e-04  1.961561838179205850e-04
5.688889934766368839e+00  1.677797928413200020e-04  1.677797928413200020e-04
5.788889934766368484e+00  1.436455903027081336e-04  1.436455903027081336e-04
5.888889934766368128e+00  1.230966679123627618e-04  1.230966679123627618e-04
5.988889934766368661e+00  1.055708745978262164e-04  1.055708745978262164e-04
6.088889934766368306e+00  9.059506151082274397e-05  9.059506151082274397e-05
6.188889934766368839e+00  7.777563662548731894e-05  7.777563662548731894e-05
6.288889934766368484e+00  6.678697429306986756e-05  6.678697429306986756e-05
6.388889934766368128e+00  5.735938532526019506e-05  5.735938532526019506e-05
6.488889934766367773e+00  4.926801283900658103e-05  4.926801283900658103e-05
6.588889934766369194e+00  4.232347353701699973e-05  4.232347353701699973e-05
6.688889934766368839e+00  3.636452807847488915e-05  3.636452807847488915e-05
6.788889934766368484e+00  3.125265875663329996e-05  3.125265875663329996e-05
6.888889934766368128e+00  2.686819811200633033e-05  2.686819811200633033e-05
6.988889934766367773e+00  2.310757307992416029e-05  2.310757307992416029e-05
7.088889934766369194e+00  1.988126176527373461e-05  1.988126176527373461e-05
7.188889934766368839e+00  1.711215305941644747e-05  1.711215305941644747e-05
7.288889934766368484e+00  1.473410952255283777e-05  1.473410952255283777e-05
7.388889934766368128e+00  1.269063169804583855e-05  1.269063169804583855e-05
7.488889934766367773e+00  1.093359250881806119e-05  1.093359250881806119e-05
7.588889934766369194e+00  9.422050748755558922e-06  9.422050748755558922e-06
7.688889934766368839e+00  8.121167703991238301e-06  8.121167703991238301e-06
7.788889934766368484e+00  7.001248839467569611e-06  7.001248839467569611e-06
7.888889934766368128e+00  6.036921704300637956e-06  6.036921704300637956e-06
7.988889934766369549e+00  5.206448468997159253e-06  5.206448468997159253e-06
8.088889934766369194e+00  4.491161061544703569e-06  4.491161061544703569e-06
8.188889934766368839e+00  3.875000601360558334e-06  3.875000601360558334e-06
8.288889934766368484e+00  3.344140834807911871e-06  3.344140834807911871e-06
8.388889934766368128e+00  2.886676592727282007e-06  2.886676592727282007e-06
8.488889934766369549e+00  2.492361563942799833e-06  2.492361563942799833e-06
8.588889934766369194e+00  2.152383632100832338e-06  2.152383632100832338e-06
8.688889934766368839e+00  1.859169716328319466e-06  1.859169716328319466e-06
8.788889934766368484e+00  1.606214961352144344e-06  1.606214961352144344e-06
8.888889934766368128e+00  1.387933076667296793e-06  1.387933076667296793e-06
8.988889934766369549e+00  1.199525718552627191e-06  1.199525718552627191e-06
9.088889934766369194e+00  1.036869267747599519e-06  1.036869267747599519e-06
9.188889934766368839e+00  8.964174354687173700e-07  8.964174354687173700e-07
9.288889934766368484e+00  7.751180515307468668e-07  7.751180515307468668e-07
9.388889934766368128e+00  6.703423033235876513e-07  6.703423033235876513e-07
9.488889934766369549e+00  5.798246840956589355e-07  5.798246840956589355e-07
9.588889934766369194e+00  5.016119955509701436e-07  5.016119955509701436e-07
9.688889934766368839e+00  4.340199171868111392e-07  4.340199171868111392e-07
9.788889934766368484e+00  3.755958693049148128e-07  3.755958693049148128e-07
9.888889934766368128e+00  3.250871224227919399e-07  3.250871224227919399e-07
9.988889934766369549e+00  2.814133146689907321e-07  2.814133146689907321e-07
1.008888993476636919e+01  2.436427138670411074e-07  2.436427138670411074e-07
1.018888993476636884e+01  2.109716966564921451e-07  2.109716966564921451e-07
1.028888993476636848e+01  1.827070157220285108e-07  1.827070157220285108e-07
1.038888993476636813e+01  1.582504953107130196e-07  1.582504953107130196e-07
