-1.575268692647778579e+00  4.213505029717758126e-08  4.213505029717758126e-08
-1.475268692647778490e+00  1.553453442028455141e-07  1.553453442028455141e-07
-1.375268692647778401e+00  5.464847441874021326e-07  5.464847441874021326e-07
-1.275268692647778757e+00  1.829456475253643589e-06  1.829456475253643589e-06
-1.175268692647778668e+00  5.818587734329722237e-06  5.818587734329722237e-06
-1.075268692647778579e+00  1.756402849555563627e-05  1.756402849555563627e-05
-9.752686926477784901e-01  5.028826512378259823e-05  5.028826512378259823e-05
-8.752686926477784013e-01  1.365120902184196864e-04  1.365120902184196864e-04
-7.752686926477785345e-01  3.512577254339356884e-04  3.512577254339356884e-04
-6.752686926477786677e-01  8.565611536281464867e-04  8.565611536281464867e-04
-5.752686926477785789e-01  1.979341970654849812e-03  1.979341970654849812e-03
-4.752686926477784901e-01  4.333926951409448718e-03  4.333926951409448718e-03
-3.752686926477784013e-01  8.991240212040086180e-03  8.991240212040086180e-03
-2.752686926477785345e-01  1.767344004094172430e-02  1.767344004094172430e-02
-1.752686926477784457e-01  3.291375444202710582e-02  3.291375444202710582e-02
-7.526869264777857893e-02  5.807428394603714877e-02  5.807428394603714877e-02
2.473130735222150989e-02  9.708204093157847547e-02  9.708204093157847547e-02
1.247313073522215987e-01  1.537602360655287714e-01  1.537602360655287714e-01
2.247313073522214655e-01  2.307299754706054196e-01  2.307299754706054196e-01
3.247313073522215543e-01  3.280405108059223918e-01  3.280405108059223918e-01
4.247313073522214211e-01  4.419042712814349461e-01  4.419042712814349461e-01
5.247313073522215099e-01  5.640624810430920899e-01  5.640624810430920899e-01
6.247313073522215987e-01  6.822698762127140659e-01  6.822698762127140659e-01
7.247313073522216875e-01  7.821011085257830731e-01  7.821011085257830731e-01
8.247313073522217763e-01  8.498062316007550798e-01  8.498062316007550798e-01
9.247313073522214211e-01  8.754651533067118185e-01  8.754651533067118185e-01
1.024731307352221510e+00  8.554483470811369283e-01  8.554483470811369283e-01
1.124731307352221599e+00  7.933407439282365026e-01  7.933407439282365026e-01
1.224731307352221688e+00  6.990000280750957584e-01  6.990000280750957584e-01
1.324731307352221776e+00  5.860826505921568064e-01  5.860826505921568064e-01
1.424731307352221421e+00  4.688842161804133157e-01  4.688842161804133157e-01
1.524731307352221510e+00  3.594887958813070550e-01  3.594887958813070550e-01
1.624731307352221599e+00  2.659769744785876466e-01  2.659769744785876466e-01
1.724731307352221688e+00  1.919628017043271406e-01  1.919628017043271406e-01
1.824731307352221776e+00  1.372529852040705045e-01  1.372529852040705045e-01
1.924731307352221421e+00  9.913495340095257458e-02  9.913495340095257458e-02
2.024731307352221510e+00  7.376339012511425042e-02  7.376339012511425042e-02
2.124731307352221599e+00  5.726567248744728056e-02  5.726567248744728056e-02
2.224731307352221688e+00  4.640668659235880344e-02  4.640668659235880344e-02
2.324731307352221776e+00  3.883867111939807992e-02  3.883867111939807992e-02
2.424731307352221421e+00  3.306181922170805393e-02  3.306181922170805393e-02
2.524731307352221954e+00  2.823934463936117814e-02  2.823934463936117814e-02
2.624731307352221599e+00  2.397853066171473993e-02  2.397853066171473993e-02
2.724731307352221243e+00  2.014170225837376774e-02  2.014170225837376774e-02
2.824731307352221776e+00  1.671076645850227277e-02  1.671076645850227277e-02
2.924731307352221421e+00  1.370416245270225652e-02  1.370416245270225652e-02
3.024731307352221954e+00  1.113429466778798407e-02  1.113429466778798407e-02
3.124731307352221599e+00  8.991676950014331621e-03  8.991676950014331621e-03
3.224731307352222132e+00  7.244289290661649373e-03  7.244289290661649373e-03
3.324731307352221776e+00  5.843998171619759624e-03  5.843998171619759624e-03
3.424731307352221421e+00  4.734916887777595833e-03  4.734916887777595833e-03
3.524731307352221954e+00  3.860876278652797082e-03  3.860876278652797082e-03
3.624731307352221599e+00  3.170760396837340230e-03  3.170760396837340230e-03
3.724731307352222132e+00  2.621471988460822525e-03  2.621471988460822525e-03
3.824731307352221776e+00  2.178865344807329706e-03  2.178865344807329706e-03
3.924731307352221421e+00  1.817235237218239353e-03  1.817235237218239353e-03
4.024731307352221954e+00  1.517981842787096683e-03  1.517981842787096683e-03
4.124731307352221599e+00  1.267972264021481566e-03  1.267972264021481566e-03
4.224731307352222132e+00  1.057963221617260006e-03  1.057963221617260006e-03
4.324731307352221776e+00  8.812903072212816859e-04  8.812903072212816859e-04
4.424731307352221421e+00  7.328987190320761236e-04  7.328987190320761236e-04
4.524731307352221954e+00  6.087015278721805492e-04  6.087015278721805492e-04
4.624731307352221599e+00  5.052033824805876421e-04  5.052033824805876421e-04
4.724731307352222132e+00  4.193116051530481258e-04  4.193116051530481258e-04
4.824731307352221776e+00  3.482617005617631061e-04  3.482617005617631061e-04
4.924731307352221421e+00  2.896000845233766795e-04  2.896000845233766795e-04
5.024731307352221954e+00  2.411855720905294520e-04  2.411855720905294520e-04
5.124731307352221599e+00  2.011880327307512273e-04  2.011880327307512273e-04
5.224731307352222132e+00  1.680753628605661447e-04  1.680753628605661447e-04
5.324731307352221776e+00  1.405880978539947670e-04  1.405880978539947670e-04
5.424731307352221421e+00  1.177052046363042520e-04  1.177052046363042520e-04
5.524731307352221954e+00  9.860593333135184277e-05  9.860593333135184277e-05
5.624731307352221599e+00  8.263217564142413883e-05  8.263217564142413883e-05
5.724731307352222132e+00  6.925450708806912402e-05  6.925450708806912402e-05
5.824731307352221776e+00  5.804363585947520747e-05  5.804363585947520747e-05
5.924731307352221421e+00  4.864772950230572784e-05  4.864772950230572784e-05
6.024731307352221954e+00  4.077521076302751573e-05  4.077521076302751573e-05
6.124731307352221599e+00  3.418212411989502499e-05  3.418212411989502499e-05
6.224731307352222132e+00  2.866300820618235620e-05  2.866300820618235620e-05
6.324731307352221776e+00  2.404426566432256738e-05  2.404426566432256738e-05
6.424731307352221421e+00  2.017920085055130005e-05  2.017920085055130005e-05
6.524731307352221066e+00  1.694411668738188330e-05  1.694411668738188330e-05
6.624731307352222487e+00  1.423507070075784154e-05  1.423507070075784154e-05
6.724731307352222132e+00  1.196505791945351789e-05  1.196505791945351789e-05
6.824731307352221776e+00  1.006150559288686477e-05  1.006150559288686477e-05
6.924731307352221421e+00  8.464035224242987137e-06  8.464035224242987137e-06
7.024731307352221066e+00  7.122481469057284420e-06  7.122481469057284420e-06
7.124731307352222487e+00  5.995167124897002351e-06  5.995167124897002351e-06
7.224731307352222132e+00  5.047429677507119605e-06  5.047429677507119605e-06
7.324731307352221776e+00  4.250385966079052013e-06  4.250385966079052013e-06
7.424731307352221421e+00  3.579912793339187091e-06  3.579912793339187091e-06
7.524731307352221066e+00  3.015815424897804141e-06  3.015815424897804141e-06
7.624731307352222487e+00  2.541153659631999286e-06  2.541153659631999286e-06
7.724731307352222132e+00  2.141696087173024757e-06  2.141696087173024757e-06
7.824731307352221776e+00  1.805476305832809816e-06  1.805476305832809816e-06
7.924731307352221421e+00  1.522429180328610665e-06  1.522429180328610665e-06
8.024731307352222842e+00  1.284089766232838403e-06  1.284089766232838403e-06
8.124731307352222487e+00  1.083341691172744963e-06  1.083341691172744963e-06
8.224731307352222132e+00  9.142052243762951988e-07  9.142052243762951988e-07
8.324731307352221776e+00  7.716578854042461233e-07  7.716578854042461233e-07
8.424731307352221421e+00  6.514822991123869612e-07  6.514822991123869612e-07
8.524731307352222842e+00  5.501372418855901241e-07  5.501372418855901241e-07
8.624731307352222487e+00  4.646486150918240097e-07  4.646486150918240097e-07
8.724731307352222132e+00  3.925175836666483252e-07  3.925175836666483252e-07
8.824731307352221776e+00  3.316434555260080525e-07  3.316434555260080525e-07
8.924731307352221421e+00  2.802591366894619347e-07  2.802591366894619347e-07
9.024731307352222842e+00  2.368772275537678934e-07  2.368772275537678934e-07
9.124731307352222487e+00  2.002450503793843632e-07  2.002450503793843632e-07
9.224731307352222132e+00  1.693071216138550314e-07  1.693071216138550314e-07
9.324731307352221776e+00  1.431738006226134451e-07  1.431738006226134451e-07
9.424731307352221421e+00  1.210950509978729545e-07  1.210950509978729545e-07
9.524731307352222842e+00  1.024384348663326259e-07  1.024384348663326259e-07
9.624731307352222487e+00  8.667062012344071236e-08  8.667062012344071236e-08
9.724731307352222132e+00  7.334181392141140584e-08  7.334181392141140584e-08
9.824731307352221776e+00  6.207264423208076252e-08  6.207264423208076252e-08
9.924731307352221421e+00  5.254309781344875649e-08  5.254309781344875649e-08
1.002473130735222284e+01  4.448319117842448604e-08  4.448319117842448604e-08
1.012473130735222249e+01  3.766510504378316332e-08  3.766510504378316332e-08
1.022473130735222213e+01  3.189655568654866350e-08  3.189655568654866350e-08
1.032473130735222178e+01  2.701521147591334458e-08  2.701521147591334458e-08
1.042473130735222142e+01  2.288399170563469541e-08  2.288399170563469541e-08
