-1.516126209521522217e+00  0.000000000000000000e+00  0.000000000000000000e+00
-1.416126209521522128e+00  0.000000000000000000e+00  0.000000000000000000e+00
-1.316126209521522483e+00  0.000000000000000000e+00  0.000000000000000000e+00
-1.216126209521521950e+00  0.000000000000000000e+00  0.000000000000000000e+00
-1.116126209521522306e+00  0.000000000000000000e+00  0.000000000000000000e+00
-1.016126209521522217e+00  0.000000000000000000e+00  0.000000000000000000e+00
-9.161262095215221279e-01  0.000000000000000000e+00  0.000000000000000000e+00
-8.161262095215220391e-01  0.000000000000000000e+00  0.000000000000000000e+00
-7.161262095215221724e-01  0.000000000000000000e+00  0.000000000000000000e+00
-6.161262095215223056e-01  0.000000000000000000e+00  0.000000000000000000e+00
-5.161262095215222168e-01  0.000000000000000000e+00  0.000000000000000000e+00
-4.161262095215221279e-01  0.000000000000000000e+00  0.000000000000000000e+00
-3.161262095215220391e-01  0.000000000000000000e+00  0.000000000000000000e+00
-2.161262095215221724e-01  0.000000000000000000e+00  0.000000000000000000e+00
-1.161262095215220835e-01  1.488336723016646404e-291  1.488336723016646404e-291
-1.612620952152221676e-02  6.924537204220708717e-241  6.924537204220708717e-241
8.387379047847787206e-02  4.814886621105540850e-195  4.814886621105540850e-195
1.838737904784779609e-01  5.003652419411818215e-154  5.003652419411818215e-154
2.838737904784778276e-01  7.771305087393428019e-118  7.771305087393428019e-118
3.838737904784779165e-01  1.803875419994855179e-86  1.803875419994855179e-86
4.838737904784777832e-01  6.257846115309491932e-60  6.257846115309491932e-60
5.838737904784778721e-01  3.244508935109363817e-38  3.244508935109363817e-38
6.838737904784779609e-01  2.514078455175347789e-21  2.514078455175347789e-21
7.838737904784780497e-01  2.911484180537341457e-09  2.911484180537341457e-09
8.838737904784781385e-01  5.039132753444920676e-02  5.039132753444920676e-02
9.838737904784777832e-01  1.303475646584853109e+01  1.303475646584853109e+01
1.083873790478477872e+00  5.039132753444674345e-02  5.039132753444674345e-02
1.183873790478477961e+00  2.911484180537062284e-09  2.911484180537062284e-09
1.283873790478478050e+00  2.514078455174972759e-21  2.514078455174972759e-21
1.383873790478478139e+00  3.244509607286014601e-38  3.244509607286014601e-38
1.483873790478477783e+00  1.251967365918841694e-31  1.251967365918841694e-31
1.583873790478477872e+00  9.014778415668027915e-21  9.014778415668027915e-21
1.683873790478477961e+00  2.509400510894590342e-12  2.509400510894590342e-12
1.783873790478478050e+00  2.700460233295756245e-06  2.700460233295756245e-06
1.883873790478478139e+00  1.123462210560647288e-02  1.123462210560647288e-02
1.983873790478477783e+00  1.806891311841438974e-01  1.806891311841438974e-01
2.083873790478477872e+00  1.123462210560619359e-02  1.123462210560619359e-02
2.183873790478477961e+00  2.700460233295621990e-06  2.700460233295621990e-06
2.283873790478478050e+00  2.509400510894402933e-12  2.509400510894402933e-12
2.383873790478478139e+00  9.014778415715476509e-21  9.014778415715476509e-21
2.483873790478477783e+00  3.397001610541679837e-23  3.397001610541679837e-23
2.583873790478478316e+00  5.879455615980611387e-16  5.879455615980611387e-16
2.683873790478477961e+00  2.506573247480829883e-10  2.506573247480829883e-10
2.783873790478477606e+00  2.632240718269198587e-06  2.632240718269198587e-06
2.883873790478478139e+00  6.808833662632833399e-04  6.808833662632833399e-04
2.983873790478477783e+00  4.338321820439452504e-03  4.338321820439452504e-03
3.083873790478478316e+00  6.808833662632610053e-04  6.808833662632610053e-04
3.183873790478477961e+00  2.632240718269198587e-06  2.632240718269198587e-06
3.283873790478478494e+00  2.506573247480580695e-10  2.506573247480580695e-10
3.383873790478478139e+00  5.879455616232409872e-16  5.879455616232409872e-16
3.483873790478477783e+00  1.090284404452233753e-19  1.090284404452233753e-19
3.583873790478478316e+00  2.924728044076446829e-14  2.924728044076446829e-14
3.683873790478477961e+00  4.879698085487135826e-10  4.879698085487135826e-10
3.783873790478478494e+00  5.062054941031645275e-07  5.062054941031645275e-07
3.883873790478478139e+00  3.265030147959443644e-05  3.265030147959443644e-05
3.983873790478477783e+00  1.309404943300705466e-04  1.309404943300705466e-04
4.083873790478477872e+00  3.265030147959363684e-05  3.265030147959363684e-05
4.183873790478477517e+00  5.062054941031397518e-07  5.062054941031397518e-07
4.283873790478478938e+00  4.879698085486771867e-10  4.879698085486771867e-10
4.383873790478478583e+00  2.924728045981248673e-14  2.924728045981248673e-14
4.483873790478478227e+00  3.981192024292155853e-18  3.981192024292155853e-18
4.583873790478477872e+00  8.529082697092488861e-14  8.529082697092488861e-14
4.683873790478477517e+00  2.035861809952486008e-10  2.035861809952486008e-10
4.783873790478478938e+00  5.266176580228465312e-08  5.266176580228465312e-08
4.883873790478478583e+00  1.476194865252992070e-06  1.476194865252992070e-06
4.983873790478478227e+00  4.484284051987117216e-06  4.484284051987117216e-06
5.083873790478477872e+00  1.476194865252963483e-06  1.476194865252963483e-06
5.183873790478477517e+00  5.266176580228259510e-08  5.266176580228259510e-08
5.283873790478478938e+00  2.035861809952366842e-10  2.035861809952366842e-10
5.383873790478478583e+00  8.529082752639909884e-14  8.529082752639909884e-14
5.483873790478478227e+00  1.859730847325506858e-17  1.859730847325506858e-17
5.583873790478477872e+00  6.126031950193357219e-14  6.126031950193357219e-14
5.683873790478477517e+00  3.999916260764600407e-11  3.999916260764600407e-11
5.783873790478478938e+00  4.098958306050001435e-09  4.098958306050001435e-09
5.883873790478478583e+00  6.592453294095230398e-08  6.592453294095230398e-08
5.983873790478478227e+00  1.664069964434065818e-07  1.664069964434065818e-07
6.083873790478477872e+00  6.592453294095121872e-08  6.592453294095121872e-08
6.183873790478477517e+00  4.098958306049865777e-09  4.098958306049865777e-09
6.283873790478478938e+00  3.999916260764409122e-11  3.999916260764409122e-11
6.383873790478478583e+00  6.126032203183559994e-14  6.126032203183559994e-14
6.483873790478478227e+00  3.049476748301961664e-17  3.049476748301961664e-17
6.583873790478477872e+00  1.994920942296733806e-14  1.994920942296733806e-14
6.683873790478479293e+00  5.160274436031976071e-12  5.160274436031976071e-12
6.783873790478478938e+00  2.729377457434442147e-10  2.729377457434442147e-10
6.883873790478478583e+00  2.951875802652176222e-09  2.951875802652176222e-09
6.983873790478478227e+00  6.527941310735784542e-09  6.527941310735784542e-09
7.083873790478477872e+00  2.951875802652176222e-09  2.951875802652176222e-09
7.183873790478479293e+00  2.729377457434289118e-10  2.729377457434289118e-10
7.283873790478478938e+00  5.160274436031976879e-12  5.160274436031976879e-12
7.383873790478478583e+00  1.994921257182822708e-14  1.994921257182822708e-14
7.483873790478478227e+00  2.346523555553774382e-17  2.346523555553774382e-17
7.583873790478477872e+00  3.986411160014506179e-15  3.986411160014506179e-15
7.683873790478479293e+00  5.149150003629260315e-13  5.149150003629260315e-13
7.783873790478478938e+00  1.658450428248403201e-11  1.658450428248403201e-11
7.883873790478478583e+00  1.331933878057397596e-10  1.331933878057397596e-10
7.983873790478478227e+00  2.667325738020439621e-10  2.667325738020439621e-10
8.083873790478479648e+00  1.331933878057364508e-10  1.331933878057364508e-10
8.183873790478479293e+00  1.658450428248321453e-11  1.658450428248321453e-11
8.283873790478478938e+00  5.149150003636252779e-13  5.149150003636252779e-13
8.383873790478478583e+00  3.986411122499246066e-15  3.986411122499246066e-15
8.483873790478478227e+00  9.928309052445942800e-18  9.928309052445942800e-18
8.583873790478479648e+00  5.775453968967212138e-16  5.775453968967212138e-16
8.683873790478479293e+00  4.346747729153663925e-14  4.346747729153663925e-14
8.783873790478478938e+00  9.518740856506899134e-13  9.518740856506899134e-13
8.883873790478478583e+00  6.064968422936091531e-12  6.064968422936091531e-12
8.983873790478478227e+00  1.124375975780449795e-11  1.124375975780449795e-11
9.083873790478479648e+00  6.064968422935957437e-12  6.064968422935957437e-12
9.183873790478479293e+00  9.518740856506483120e-13  9.518740856506483120e-13
9.283873790478478938e+00  4.346747729182024422e-14  4.346747729182024422e-14
9.383873790478478583e+00  5.775426937904387074e-16  5.775426937904387074e-16
9.483873790478478227e+00  2.684137839235138918e-18  2.684137839235138918e-18
9.583873790478479648e+00  6.699736592179672283e-17  6.699736592179672283e-17
9.683873790478479293e+00  3.273138883794625247e-15  3.273138883794625247e-15
9.783873790478478938e+00  5.264268040793589066e-14  5.264268040793589066e-14
9.883873790478478583e+00  2.787161476498864249e-13  2.787161476498864249e-13
9.983873790478478227e+00  4.857768818034367333e-13  4.857768818034367333e-13
1.008387379047847965e+01  2.787161476498809218e-13  2.787161476498809218e-13
1.018387379047847929e+01  5.264268040793395322e-14  5.264268040793395322e-14
1.028387379047847894e+01  3.273138883355244317e-15  3.273138883355244317e-15
1.038387379047847858e+01  6.699512634662139101e-17  6.699512634662139101e-17
1.048387379047847823e+01  5.217316203002142592e-19  5.217316203002142592e-19
