-1.500000245836725643e+00  1.812145798090349075e-06  1.812145798090349075e-06
-1.400000245836725554e+00  5.027484854713033231e-06  5.027484854713033231e-06
-1.300000245836725909e+00  1.337889788060882851e-05  1.337889788060882851e-05
-1.200000245836725377e+00  3.415087535515906847e-05  3.415087535515906847e-05
-1.100000245836725732e+00  8.361713333151174780e-05  8.361713333151174780e-05
-1.000000245836725643e+00  1.963815313041797719e-04  1.963815313041797719e-04
-9.000002458367255542e-01  4.424028775978344611e-04  4.424028775978344611e-04
-8.000002458367254654e-01  9.559764140489538514e-04  9.559764140489538514e-04
-7.000002458367255986e-01  1.981473849089699681e-03  1.981473849089699681e-03
-6.000002458367257319e-01  3.939503093690276472e-03  3.939503093690276472e-03
-5.000002458367256430e-01  7.512880482679855712e-03  7.512880482679855712e-03
-4.000002458367255542e-01  1.374306015353110762e-02  1.374306015353110762e-02
-3.000002458367254654e-01  2.411417165646149649e-02  2.411417165646149649e-02
-2.000002458367255986e-01  4.058571319938451133e-02  4.058571319938451133e-02
-1.000002458367255098e-01  6.552181955082314602e-02  6.552181955082314602e-02
-2.458367256430449288e-07  1.014636893758310565e-01  1.014636893758310565e-01
9.999975416327444577e-02  1.507118093411703441e-01  1.507118093411703441e-01
1.999997541632745346e-01  2.147315459570001139e-01  2.147315459570001139e-01
2.999997541632744014e-01  2.934650260180984849e-01  2.934650260180984849e-01
3.999997541632744902e-01  3.847058450771737581e-01  3.847058450771737581e-01
4.999997541632743570e-01  4.837412826528180720e-01  4.837412826528180720e-01
5.999997541632744458e-01  5.834578025944275881e-01  5.834578025944275881e-01
6.999997541632745346e-01  6.750216241359803249e-01  6.750216241359803249e-01
7.999997541632746234e-01  7.490966456339052115e-01  7.490966456339052115e-01
8.999997541632747122e-01  7.973884715249240918e-01  7.973884715249240918e-01
9.999997541632743570e-01  8.141679191865973664e-01  8.141679191865973664e-01
1.099999754163274446e+00  7.973884715249239807e-01  7.973884715249239807e-01
1.199999754163274535e+00  7.490966456339048785e-01  7.490966456339048785e-01
1.299999754163274623e+00  6.750216241359798808e-01  6.750216241359798808e-01
1.399999754163274712e+00  5.834578025944271440e-01  5.834578025944271440e-01
1.499999754163274357e+00  4.837412826528180720e-01  4.837412826528180720e-01
1.599999754163274446e+00  3.847058450771735916e-01  3.847058450771735916e-01
1.699999754163274535e+00  2.934650260180982628e-01  2.934650260180982628e-01
1.799999754163274623e+00  2.147315459569998086e-01  2.147315459569998086e-01
1.899999754163274712e+00  1.507118093411700943e-01  1.507118093411700943e-01
1.999999754163274357e+00  1.014636893758310565e-01  1.014636893758310565e-01
2.099999754163274446e+00  6.552181955082309051e-02  6.552181955082309051e-02
2.199999754163274535e+00  4.058571319938446970e-02  4.058571319938446970e-02
2.299999754163274623e+00  2.411417165646144445e-02  2.411417165646144445e-02
2.399999754163274712e+00  1.374306015353107119e-02  1.374306015353107119e-02
2.499999754163274357e+00  7.512880482679855712e-03  7.512880482679855712e-03
2.599999754163274890e+00  3.939503093690266064e-03  3.939503093690266064e-03
2.699999754163274535e+00  1.981473849089696211e-03  1.981473849089696211e-03
2.799999754163274179e+00  9.559764140489538514e-04  9.559764140489538514e-04
2.899999754163274712e+00  4.424028775978333227e-04  4.424028775978333227e-04
2.999999754163274357e+00  1.963815313041797719e-04  1.963815313041797719e-04
3.099999754163274890e+00  8.361713333151144965e-05  8.361713333151144965e-05
3.199999754163274535e+00  3.415087535515906847e-05  3.415087535515906847e-05
3.299999754163275067e+00  1.337889788060870992e-05  1.337889788060870992e-05
3.399999754163274712e+00  5.027484854713015443e-06  5.027484854713015443e-06
3.499999754163274357e+00  1.812145798090349075e-06  1.812145798090349075e-06
3.599999754163274890e+00  6.265380268850716453e-07  6.265380268850716453e-07
3.699999754163274535e+00  2.077847485246192690e-07  2.077847485246192690e-07
3.799999754163275067e+00  6.609853474559137374e-08  6.609853474559137374e-08
3.899999754163274712e+00  2.016888690887429685e-08  2.016888690887429685e-08
3.999999754163274357e+00  5.903151954078006656e-09  5.903151954078006656e-09
4.099999754163274446e+00  1.657287778511494079e-09  1.657287778511494079e-09
4.199999754163274091e+00  4.462968546495879393e-10  4.462968546495879393e-10
4.299999754163275512e+00  1.152820412520346273e-10  1.152820412520346273e-10
4.399999754163275156e+00  2.856350003184555574e-11  2.856350003184555574e-11
4.499999754163274801e+00  6.788489035973695599e-12  6.788489035973695599e-12
4.599999754163274446e+00  1.547557350603382421e-12  1.547557350603382421e-12
4.699999754163274091e+00  3.384015294368879796e-13  3.384015294368879796e-13
4.799999754163275512e+00  7.097899000638520077e-14  7.097899000638520077e-14
4.899999754163275156e+00  1.428036298309523563e-14  1.428036298309523563e-14
4.999999754163274801e+00  2.755881955774574012e-15  2.755881955774574012e-15
5.099999754163274446e+00  5.101453227246024759e-16  5.101453227246024759e-16
5.199999754163274091e+00  9.058142328444313617e-17  9.058142328444313617e-17
5.299999754163275512e+00  1.542752663378258418e-17  1.542752663378258418e-17
5.399999754163275156e+00  2.520376389768740968e-18  2.520376389768740968e-18
5.499999754163274801e+00  3.949539245464366762e-19  3.949539245464366762e-19
5.599999754163274446e+00  5.936622011070908232e-20  5.936622011070908232e-20
5.699999754163274091e+00  8.559419179901368255e-21  8.559419179901368255e-21
5.799999754163275512e+00  1.183753092156760066e-21  1.183753092156760066e-21
5.899999754163275156e+00  1.570326250348226613e-22  1.570326250348226613e-22
5.999999754163274801e+00  1.998161505637816428e-23  1.998161505637816428e-23
6.099999754163274446e+00  2.438839491428781623e-24  2.438839491428781623e-24
6.199999754163274091e+00  2.855273948352717434e-25  2.855273948352717434e-25
6.299999754163275512e+00  3.206448582575158921e-26  3.206448582575158921e-26
6.399999754163275156e+00  3.453923471624073765e-27  3.453923471624073765e-27
6.499999754163274801e+00  3.568724928713234741e-28  3.568724928713234741e-28
6.599999754163274446e+00  3.536921098535184040e-29  3.536921098535184040e-29
6.699999754163275867e+00  3.362401742993355820e-30  3.362401742993355820e-30
6.799999754163275512e+00  3.066096121883176793e-31  3.066096121883176793e-31
6.899999754163275156e+00  2.681846167573041505e-32  2.681846167573041505e-32
6.999999754163274801e+00  2.250058932433651412e-33  2.250058932433651412e-33
7.099999754163274446e+00  1.810780698617140564e-34  1.810780698617140564e-34
7.199999754163275867e+00  1.397815183069735377e-35  1.397815183069735377e-35
7.299999754163275512e+00  1.035012473120224822e-36  1.035012473120224822e-36
7.399999754163275156e+00  7.351117202574844895e-38  7.351117202574844895e-38
7.499999754163274801e+00  5.008100594210213162e-39  5.008100594210213162e-39
7.599999754163274446e+00  3.272688524292812441e-40  3.272688524292812441e-40
7.699999754163275867e+00  2.051390012987559225e-41  2.051390012987559225e-41
7.799999754163275512e+00  1.233399401593446402e-42  1.233399401593446402e-42
7.899999754163275156e+00  7.113300621502018476e-44  7.113300621502018476e-44
7.999999754163274801e+00  3.935052457853797430e-45  3.935052457853797430e-45
8.099999754163276222e+00  2.088054464960376655e-46  2.088054464960376655e-46
8.199999754163275867e+00  1.062784109450564543e-47  1.062784109450564543e-47
8.299999754163275512e+00  5.188719758992264591e-49  5.188719758992264591e-49
8.399999754163275156e+00  2.429893903720213605e-50  2.429893903720213605e-50
8.499999754163274801e+00  1.091506536775939820e-51  1.091506536775939820e-51
8.599999754163276222e+00  4.703025177329314531e-53  4.703025177329314531e-53
8.699999754163275867e+00  1.943749075365683740e-54  1.943749075365683740e-54
8.799999754163275512e+00  7.705752025619195401e-56  7.705752025619195401e-56
8.899999754163275156e+00  2.930230548893016390e-57  2.930230548893016390e-57
8.999999754163274801e+00  1.068809948695681802e-58  1.068809948695681802e-58
9.099999754163276222e+00  3.739479156386843334e-60  3.739479156386843334e-60
9.199999754163275867e+00  1.254970968488535382e-61  1.254970968488535382e-61
9.299999754163275512e+00  4.039877302133570746e-63  4.039877302133570746e-63
9.399999754163275156e+00  1.247425460913466869e-64  1.247425460913466869e-64
9.499999754163274801e+00  3.694647134114599971e-66  3.694647134114599971e-66
9.599999754163276222e+00  1.049646983440259464e-67  1.049646983440259464e-67
9.699999754163275867e+00  2.860391579480340218e-69  2.860391579480340218e-69
9.799999754163275512e+00  7.476866959389807789e-71  7.476866959389807789e-71
9.899999754163275156e+00  1.874673966835483884e-72  1.874673966835483884e-72
9.999999754163274801e+00  4.508621494897328039e-74  4.508621494897328039e-74
1.009999975416327622e+01  1.040096749705543300e-75  1.040096749705543300e-75
1.019999975416327587e+01  2.301524670261373732e-77  2.301524670261373732e-77
1.029999975416327551e+01  4.885055060046562812e-79  4.885055060046562812e-79
1.039999975416327516e+01  9.945697018145645879e-81  9.945697018145645879e-81
1.049999975416327480e+01  1.942284838414318692e-82  1.942284838414318692e-82
