-1.623593334597170035e+00  3.730467217254122144e-11  3.730467217254122144e-11
-1.523593334597169502e+00  2.361741087826039949e-10  2.361741087826039949e-10
-1.423593334597169857e+00  1.411862839863446707e-09  1.411862839863446707e-09
-1.323593334597169768e+00  7.898476888905832582e-09  7.898476888905832582e-09
-1.223593334597169680e+00  4.115062251396297695e-08  4.115062251396297695e-08
-1.123593334597170035e+00  1.991386909974582772e-07  1.991386909974582772e-07
-1.023593334597169502e+00  8.938448770062737331e-07  8.938448770062737331e-07
-9.235933345971698571e-01  3.718369689037677614e-06  3.718369689037677614e-06
-8.235933345971697683e-01  1.432954057414498302e-05  1.432954057414498302e-05
-7.235933345971696795e-01  5.114326638439024207e-05  5.114326638439024207e-05
-6.235933345971698127e-01  1.690263268736607249e-04  1.690263268736607249e-04
-5.235933345971697239e-01  5.172370567555264207e-04  5.172370567555264207e-04
-4.235933345971696351e-01  1.465445441885506600e-03  1.465445441885506600e-03
-3.235933345971697683e-01  3.843964431919147211e-03  3.843964431919147211e-03
-2.235933345971696795e-01  9.334903186736850239e-03  9.334903186736850239e-03
-1.235933345971698127e-01  2.098728727138393299e-02  2.098728727138393299e-02
-2.359333459716972392e-02  4.368349240142060941e-02  4.368349240142060941e-02
7.640666540283036490e-02  8.417719078573590585e-02  8.417719078573590585e-02
1.764066654028302317e-01  1.501731379979284464e-01  1.501731379979284464e-01
2.764066654028303205e-01  2.480388830368888131e-01  2.480388830368888131e-01
3.764066654028301873e-01  3.793080177839572298e-01  3.793080177839572298e-01
4.764066654028302761e-01  5.370734263504292061e-01  5.370734263504292061e-01
5.764066654028303649e-01  7.041821353788985105e-01  7.041821353788985105e-01
6.764066654028304537e-01  8.550919867155210019e-01  8.550919867155210019e-01
7.764066654028305425e-01  9.619000771742404199e-01  9.619000771742404199e-01
8.764066654028301873e-01  1.002838470998105747e+00  1.002838470998105747e+00
9.764066654028302761e-01  9.697488679348245100e-01  9.697488679348245100e-01
1.076406665402830365e+00  8.710312918589370179e-01  8.710312918589370179e-01
1.176406665402830454e+00  7.286021478932646067e-01  7.286021478932646067e-01
1.276406665402830543e+00  5.703451573418170106e-01  5.703451573418170106e-01
1.376406665402830187e+00  4.215763455719210295e-01  4.215763455719210295e-01
1.476406665402830276e+00  2.990220886935201494e-01  2.990220886935201494e-01
1.576406665402830365e+00  2.090168690376963401e-01  2.090168690376963401e-01
1.676406665402830454e+00  1.494024059811520644e-01  1.494024059811520644e-01
1.776406665402830543e+00  1.132493077172345292e-01  1.132493077172345292e-01
1.876406665402830187e+00  9.246422530028854114e-02  9.246422530028854114e-02
1.976406665402830276e+00  8.015809378736078739e-02  8.015809378736078739e-02
2.076406665402830143e+00  7.159663364189022827e-02  7.159663364189022827e-02
2.176406665402830676e+00  6.413633084629653813e-02  6.413633084629653813e-02
2.276406665402830320e+00  5.668339759571023456e-02  5.668339759571023456e-02
2.376406665402829965e+00  4.907526864691660190e-02  4.907526864691660190e-02
2.476406665402830498e+00  4.158268309501013393e-02  4.158268309501013393e-02
2.576406665402830143e+00  3.458273751681754243e-02  3.458273751681754243e-02
2.676406665402829788e+00  2.838144759754430979e-02  2.838144759754430979e-02
2.776406665402830320e+00  2.314385899254620127e-02  2.314385899254620127e-02
2.876406665402829965e+00  1.889187337745680886e-02  1.889187337745680886e-02
2.976406665402830498e+00  1.553807617528550969e-02  1.553807617528550969e-02
3.076406665402830143e+00  1.293222339355544481e-02  1.293222339355544481e-02
3.176406665402830676e+00  1.090479121838739893e-02  1.090479121838739893e-02
3.276406665402830320e+00  9.299049396887868260e-03  9.299049396887868260e-03
3.376406665402829965e+00  7.989030669502321033e-03  7.989030669502321033e-03
3.476406665402830498e+00  6.884949490860191486e-03  6.884949490860191486e-03
3.576406665402830143e+00  5.929827552091322673e-03  5.929827552091322673e-03
3.676406665402830676e+00  5.091549237235914842e-03  5.091549237235914842e-03
3.776406665402830320e+00  4.353866733455783594e-03  4.353866733455783594e-03
3.876406665402829965e+00  3.708645795720990398e-03  3.708645795720990398e-03
3.976406665402830498e+00  3.150404301430479413e-03  3.150404301430479413e-03
4.076406665402830143e+00  2.673246467930169221e-03  2.673246467930169221e-03
4.176406665402830676e+00  2.269733304832466034e-03  2.269733304832466034e-03
4.276406665402830320e+00  1.931014599107084683e-03  1.931014599107084683e-03
4.376406665402829965e+00  1.647575161258786136e-03  1.647575161258786136e-03
4.476406665402830498e+00  1.410104838772684686e-03  1.410104838772684686e-03
4.576406665402830143e+00  1.210196464174333490e-03  1.210196464174333490e-03
4.676406665402830676e+00  1.040749521596426308e-03  1.040749521596426308e-03
4.776406665402830320e+00  8.960815606421557080e-04  8.960815606421557080e-04
4.876406665402829965e+00  7.718188472531551823e-04  7.718188472531551823e-04
4.976406665402830498e+00  6.646609819301616071e-04  6.646609819301616071e-04
5.076406665402830143e+00  5.721059731734139770e-04  5.721059731734139770e-04
5.176406665402830676e+00  4.921977547317428047e-04  4.921977547317428047e-04
5.276406665402830320e+00  4.233296948863865083e-04  4.233296948863865083e-04
5.376406665402829965e+00  3.641132666231674479e-04  3.641132666231674479e-04
5.476406665402830498e+00  3.133044876054044388e-04  3.133044876054044388e-04
5.576406665402830143e+00  2.697724564435278766e-04  2.697724564435278766e-04
5.676406665402830676e+00  2.324927347665107602e-04  2.324927347665107602e-04
5.776406665402830320e+00  2.005510426834711626e-04  2.005510426834711626e-04
5.876406665402829965e+00  1.731473839727084066e-04  1.731473839727084066e-04
5.976406665402830498e+00  1.495954850518554859e-04  1.495954850518554859e-04
6.076406665402830143e+00  1.293162320620440398e-04  1.293162320620440398e-04
6.176406665402830676e+00  1.118262011936964107e-04  1.118262011936964107e-04
6.276406665402830320e+00  9.672345783245294088e-05  9.672345783245294088e-05
6.376406665402829965e+00  8.367287715723694883e-05  8.367287715723694883e-05
6.476406665402829610e+00  7.239272365552318063e-05  7.239272365552318063e-05
6.576406665402831031e+00  6.264348938633885664e-05  6.264348938633885664e-05
6.676406665402830676e+00  5.421929480973325648e-05  5.421929480973325648e-05
6.776406665402830320e+00  4.694164574597382009e-05  4.694164574597382009e-05
6.876406665402829965e+00  4.065505773428607772e-05  4.065505773428607772e-05
6.976406665402829610e+00  3.522397800328547820e-05  3.522397800328547820e-05
7.076406665402831031e+00  3.053049431719931595e-05  3.053049431719931595e-05
7.176406665402830676e+00  2.647245144825240764e-05  2.647245144825240764e-05
7.276406665402830320e+00  2.296174352236226584e-05  2.296174352236226584e-05
7.376406665402829965e+00  1.992267678925004607e-05  1.992267678925004607e-05
7.476406665402829610e+00  1.729038492105534208e-05  1.729038492105534208e-05
7.576406665402831031e+00  1.500932572015950619e-05  1.500932572015950619e-05
7.676406665402830676e+00  1.303190174826463734e-05  1.303190174826463734e-05
7.776406665402830320e+00  1.131723954737448367e-05  1.131723954737448367e-05
7.876406665402829965e+00  9.830144306527491158e-06  9.830144306527491158e-06
7.976406665402831386e+00  8.540227901973215742e-06  8.540227901973215742e-06
8.076406665402831919e+00  7.421193566323514011e-06  7.421193566323514011e-06
8.176406665402829788e+00  6.450252143532904462e-06  6.450252143532904462e-06
8.276406665402831209e+00  5.607642707127038337e-06  5.607642707127038337e-06
8.376406665402829077e+00  4.876232670208047525e-06  4.876232670208047525e-06
8.476406665402830498e+00  4.241177383640035837e-06  4.241177383640035837e-06
8.576406665402831919e+00  3.689624795699714069e-06  3.689624795699714069e-06
8.676406665402829788e+00  3.210455757262788932e-06  3.210455757262788932e-06
8.776406665402831209e+00  2.794054332784911127e-06  2.794054332784911127e-06
8.876406665402829077e+00  2.432104864964030897e-06  2.432104864964030897e-06
8.976406665402830498e+00  2.117413730685919112e-06  2.117413730685919112e-06
9.076406665402831919e+00  1.843754074632230988e-06  1.843754074632230988e-06
9.176406665402831564e+00  1.605731694563989394e-06  1.605731694563989394e-06
9.276406665402831209e+00  1.398669990502509317e-06  1.398669990502509317e-06
9.376406665402830853e+00  1.218511683125119036e-06  1.218511683125119036e-06
9.476406665402832274e+00  1.061734951704321850e-06  1.061734951704321850e-06
9.576406665402831919e+00  9.252817522214708860e-07  9.252817522214708860e-07
9.676406665402831564e+00  8.064963140116865120e-07  8.064963140116865120e-07
9.776406665402831209e+00  7.030721198075461429e-07  7.030721198075461429e-07
9.876406665402830853e+00  6.130059925148387229e-07  6.130059925148387229e-07
9.976406665402832274e+00  5.345582003387313597e-07  5.345582003387313597e-07
1.007640666540283192e+01  4.662177268078771137e-07  4.662177268078771137e-07
1.017640666540283156e+01  4.066720278063904227e-07  4.066720278063904227e-07
1.027640666540283121e+01  3.547807200759875597e-07  3.547807200759875597e-07
1.037640666540283085e+01  3.095527273398861661e-07  3.095527273398861661e-07
