-1.660783543038195198e+00  0.000000000000000000e+00  0.000000000000000000e+00
-1.560783543038194665e+00  0.000000000000000000e+00  0.000000000000000000e+00
-1.460783543038195020e+00  0.000000000000000000e+00  0.000000000000000000e+00
-1.360783543038194932e+00  0.000000000000000000e+00  0.000000000000000000e+00
-1.260783543038194843e+00  0.000000000000000000e+00  0.000000000000000000e+00
-1.160783543038195198e+00  0.000000000000000000e+00  0.000000000000000000e+00
-1.060783543038194665e+00  1.907756315359425505e-313  1.907756315359425505e-313
-9.607835430381950204e-01  2.620080052449800396e-281  2.620080052449800396e-281
-8.607835430381949315e-01  6.590650684836145681e-251  6.590650684836145681e-251
-7.607835430381948427e-01  3.036435774671656365e-222  3.036435774671656365e-222
-6.607835430381949759e-01  2.562252806840860829e-195  2.562252806840860829e-195
-5.607835430381948871e-01  3.960061475797580166e-170  3.960061475797580166e-170
-4.607835430381947983e-01  1.120995710378549695e-146  1.120995710378549695e-146
-3.607835430381949315e-01  5.812032657121398558e-125  5.812032657121398558e-125
-2.607835430381948427e-01  5.519175618846773833e-105  5.519175618846773833e-105
-1.607835430381949759e-01  9.599363851710552063e-87  9.599363851710552063e-87
-6.078354303819488713e-02  3.057966797718047130e-70  3.057966797718047130e-70
3.921645696180520169e-02  1.784206636387723071e-55  1.784206636387723071e-55
1.392164569618050685e-01  1.906687886794358045e-42  1.906687886794358045e-42
2.392164569618051573e-01  3.731952753849682580e-31  3.731952753849682580e-31
3.392164569618050241e-01  1.337872536843123072e-21  1.337872536843123072e-21
4.392164569618051129e-01  8.784466947880278025e-14  8.784466947880278025e-14
5.392164569618052017e-01  1.056423758562474194e-07  1.056423758562474194e-07
6.392164569618052905e-01  2.326928178279742340e-03  2.326928178279742340e-03
7.392164569618053793e-01  9.387498275076373577e-01  9.387498275076373577e-01
8.392164569618050241e-01  6.936475138315302935e+00  6.936475138315302935e+00
9.392164569618051129e-01  9.387498275076205934e-01  9.387498275076205934e-01
1.039216456961805202e+00  2.326928178279661676e-03  2.326928178279661676e-03
1.139216456961805291e+00  1.056423758562421122e-07  1.056423758562421122e-07
1.239216456961805379e+00  8.798313743941471349e-14  8.798313743941471349e-14
1.339216456961805024e+00  8.290650298403871190e-12  8.290650298403871190e-12
1.439216456961805113e+00  6.717983517130381790e-08  6.717983517130381790e-08
1.539216456961805202e+00  7.367163482661015029e-05  7.367163482661015029e-05
1.639216456961805291e+00  1.093384006086859164e-02  1.093384006086859164e-02
1.739216456961805379e+00  2.196120482548036268e-01  2.196120482548036268e-01
1.839216456961805024e+00  5.969674400816991078e-01  5.969674400816991078e-01
1.939216456961805113e+00  2.196120482548016839e-01  2.196120482548016839e-01
2.039216456961804980e+00  1.093384006086840256e-02  1.093384006086840256e-02
2.139216456961805513e+00  7.367163482718678321e-05  7.367163482718678321e-05
2.239216456961805157e+00  6.718319452333191057e-08  6.718319452333191057e-08
2.339216456961804802e+00  5.149694484428248057e-09  5.149694484428248057e-09
2.439216456961805335e+00  2.074190345800984849e-06  2.074190345800984849e-06
2.539216456961804980e+00  2.205749506427929119e-04  2.205749506427929119e-04
2.639216456961804624e+00  6.183074277547307394e-03  6.183074277547307394e-03
2.739216456961805157e+00  4.568708270065256760e-02  4.568708270065256760e-02
2.839216456961804802e+00  8.898628621254074667e-02  8.898628621254074667e-02
2.939216456961805335e+00  4.568708270065201249e-02  4.568708270065201249e-02
3.039216456961804980e+00  6.183074277547518163e-03  6.183074277547518163e-03
3.139216456961805513e+00  2.205749510245914543e-04  2.205749510245914543e-04
3.239216456961805157e+00  2.074444300985869026e-06  2.074444300985869026e-06
3.339216456961804802e+00  6.728222263743368279e-08  6.728222263743368279e-08
3.439216456961805335e+00  5.593741604690961252e-06  5.593741604690961252e-06
3.539216456961804980e+00  1.852391701335968466e-04  1.852391701335968466e-04
3.639216456961805513e+00  2.256675071431236881e-03  2.256675071431236881e-03
3.739216456961805157e+00  1.011371600293763627e-02  1.011371600293763627e-02
3.839216456961804802e+00  1.667469869986349870e-02  1.667469869986349870e-02
3.939216456961805335e+00  1.011371600293757382e-02  1.011371600293757382e-02
4.039216456961804980e+00  2.256675071458218770e-03  2.256675071458218770e-03
4.139216456961805513e+00  1.852391810345567773e-04  1.852391810345567773e-04
4.239216456961805157e+00  5.595714392562575740e-06  5.595714392562575740e-06
4.339216456961804802e+00  2.230997267948649735e-07  2.230997267948649735e-07
4.439216456961805335e+00  5.891065805797135678e-06  5.891065805797135678e-06
4.539216456961804980e+00  9.687232045783754277e-05  9.687232045783754277e-05
4.639216456961805513e+00  7.157950074755762291e-04  7.157950074755762291e-04
4.739216456961805157e+00  2.376523117529272082e-03  2.376523117529272082e-03
4.839216456961804802e+00  3.545355881245587388e-03  3.545355881245587388e-03
4.939216456961805335e+00  2.376523117530790399e-03  2.376523117530790399e-03
5.039216456961804980e+00  7.157950079191391672e-04  7.157950079191391672e-04
5.139216456961805513e+00  9.687238593947783514e-05  9.687238593947783514e-05
5.239216456961805157e+00  5.895830504095554696e-06  5.895830504095554696e-06
5.339216456961804802e+00  3.572950816273079423e-07  3.572950816273079423e-07
5.439216456961805335e+00  3.945493612142042212e-06  3.945493612142042212e-06
5.539216456961804980e+00  4.066658240427240548e-05  4.066658240427240548e-05
5.639216456961805513e+00  2.153087582349498628e-04  2.153087582349498628e-04
5.739216456961805157e+00  5.852698849447181143e-04  5.852698849447181143e-04
5.839216456961804802e+00  8.168099234575880050e-04  8.168099234575880050e-04
5.939216456961805335e+00  5.852698849623810687e-04  5.852698849623810687e-04
6.039216456961804980e+00  2.153087604847181598e-04  2.153087604847181598e-04
6.139216456961805513e+00  4.066673692181552098e-05  4.066673692181552098e-05
6.239216456961805157e+00  3.950304489313088558e-06  3.950304489313088558e-06
6.339216456961804802e+00  3.535913408549771853e-07  3.535913408549771853e-07
6.439216456961804447e+00  2.062624399119334712e-06  2.062624399119334712e-06
6.539216456961805868e+00  1.520383014641077191e-05  1.520383014641077191e-05
6.639216456961805513e+00  6.344126282553789510e-05  6.344126282553789510e-05
6.739216456961805157e+00  1.494941606860025784e-04  1.494941606860025784e-04
6.839216456961804802e+00  1.989337030706730654e-04  1.989337030706730654e-04
6.939216456961804447e+00  1.494941607654716161e-04  1.494941607654716161e-04
7.039216456961805868e+00  6.344126806084769362e-05  6.344126806084769362e-05
7.139216456961805513e+00  1.520400576424765950e-05  1.520400576424765950e-05
7.239216456961805157e+00  2.063833629949595039e-06  2.063833629949595039e-06
7.339216456961804802e+00  2.546756711236524848e-07  2.546756711236524848e-07
7.439216456961804447e+00  9.310870304850473103e-07  9.310870304850473103e-07
7.539216456961805868e+00  5.319144707565453888e-06  5.319144707565453888e-06
7.639216456961805513e+00  1.856506417721814857e-05  1.856506417721814857e-05
7.739216456961805157e+00  3.930223636933919909e-05  3.930223636933919909e-05
7.839216456961804802e+00  5.046507041116976593e-05  5.046507041116976593e-05
7.939216456961806223e+00  3.930223655275917616e-05  3.930223655275917616e-05
8.039216456961806756e+00  1.856507069422202441e-05  1.856507069422202441e-05
8.139216456961804624e+00  5.319225792908362581e-06  5.319225792908362581e-06
8.239216456961806045e+00  9.287305111042834469e-07  9.287305111042834469e-07
8.339216456961803914e+00  1.484782884021226716e-07  1.484782884021226716e-07
8.439216456961805335e+00  3.834967183929297621e-07  3.834967183929297621e-07
8.539216456961806756e+00  1.787634773733384502e-06  1.787634773733384502e-06
8.639216456961804624e+00  5.429627082485248504e-06  5.429627082485248504e-06
8.739216456961806045e+00  1.057545851853648980e-05  1.057545851853648980e-05
8.839216456961803914e+00  1.320714931674766571e-05  1.320714931674766571e-05
8.939216456961805335e+00  1.057545876381987562e-05  1.057545876381987562e-05
9.039216456961806756e+00  5.429631183587898257e-06  5.429631183587898257e-06
9.139216456961806401e+00  1.787589733002197593e-06  1.787589733002197593e-06
9.239216456961806045e+00  3.799136581121734731e-07  3.799136581121734731e-07
9.339216456961805690e+00  7.492735834952157604e-08  7.492735834952157604e-08
9.439216456961807111e+00  1.488330119434943102e-07  1.488330119434943102e-07
9.539216456961806756e+00  5.858275457422996928e-07  5.858275457422996928e-07
9.639216456961806401e+00  1.591783097489803302e-06  1.591783097489803302e-06
9.739216456961806045e+00  2.900402086143902799e-06  2.900402086143902799e-06
9.839216456961805690e+00  3.542558877039680934e-06  3.542558877039680934e-06
9.939216456961807111e+00  2.900402274257474929e-06  2.900402274257474929e-06
1.003921645696180676e+01  1.591782871564764474e-06  1.591782871564764474e-06
1.013921645696180640e+01  5.857120537975700921e-07  5.857120537975700921e-07
1.023921645696180605e+01  1.457951086147384869e-07  1.457951086147384869e-07
1.033921645696180569e+01  3.415958582915547604e-08  3.415958582915547604e-08
