-1.520408032750045990e+00  1.037676971069543313e-209  1.037676971069543313e-209
-1.420408032750045901e+00  1.810828881871112595e-195  1.810828881871112595e-195
-1.320408032750045813e+00  1.597231524532381217e-179  1.597231524532381217e-179
-1.220408032750046168e+00  2.961646495394981464e-164  2.961646495394981464e-164
-1.120408032750046079e+00  1.151101105375973713e-149  1.151101105375973713e-149
-1.020408032750045990e+00  9.377964716526765900e-136  9.377964716526765900e-136
-9.204080327500459013e-01  1.601469197541816974e-122  1.601469197541816974e-122
-8.204080327500458125e-01  5.732492001441120285e-110  5.732492001441120285e-110
-7.204080327500459457e-01  4.301136217917269300e-98  4.301136217917269300e-98
-6.204080327500460790e-01  6.764532824979937638e-87  6.764532824979937638e-87
-5.204080327500459902e-01  2.230012472824112438e-76  2.230012472824112438e-76
-4.204080327500459013e-01  1.540961001439732399e-66  1.540961001439732399e-66
-3.204080327500458125e-01  2.231982963756256629e-57  2.231982963756256629e-57
-2.204080327500459457e-01  6.776492704003220879e-49  6.776492704003220879e-49
-1.204080327500458569e-01  4.312548047995064051e-41  4.312548047995064051e-41
-2.040803275004599016e-02  5.752780326004092223e-34  5.752780326004092223e-34
7.959196724995409866e-02  1.608557190021176365e-27  1.608557190021176365e-27
1.795919672499541875e-01  9.427794206907286195e-22  9.427794206907286195e-22
2.795919672499540543e-01  1.158239985459022546e-16  1.158239985459022546e-16
3.795919672499541431e-01  2.982647196098078401e-12  2.982647196098078401e-12
4.795919672499540098e-01  1.609978548598827314e-08  1.609978548598827314e-08
5.795919672499540987e-01  1.821600619902290281e-05  1.821600619902290281e-05
6.795919672499541875e-01  4.320172750878285492e-03  4.320172750878285492e-03
7.795919672499542763e-01  2.147652111139771169e-01  2.147652111139771169e-01
8.795919672499543651e-01  2.237904889737656777e+00  2.237904889737656777e+00
9.795919672499540098e-01  4.888033674693199160e+00  4.888033674693199160e+00
1.079591967249954099e+00  2.237904889737643011e+00  2.237904889737643011e+00
1.179591967249954187e+00  2.147652111149152276e-01  2.147652111149152276e-01
1.279591967249954276e+00  4.320173080712240779e-03  4.320173080712240779e-03
1.379591967249954365e+00  1.826893562031390930e-05  1.826893562031390930e-05
1.479591967249954010e+00  3.904815969568667517e-06  3.904815969568667517e-06
1.579591967249954099e+00  1.308045332323308117e-04  1.308045332323308117e-04
1.679591967249954187e+00  2.014404854850288234e-03  2.014404854850288234e-03
1.779591967249954276e+00  1.420293728648821738e-02  1.420293728648821738e-02
1.879591967249954365e+00  4.584764317228084279e-02  4.584764317228084279e-02
1.979591967249954010e+00  6.775842419406193085e-02  6.775842419406193085e-02
2.079591967249954099e+00  4.584764317340384726e-02  4.584764317340384726e-02
2.179591967249954187e+00  1.420293738048461658e-02  1.420293738048461658e-02
2.279591967249954276e+00  2.014409527621043201e-03  2.014409527621043201e-03
2.379591967249954365e+00  1.309425185499596119e-04  1.309425185499596119e-04
2.479591967249954010e+00  6.309271432435435513e-06  6.309271432435435513e-06
2.579591967249954543e+00  2.527569430984713851e-05  2.527569430984713851e-05
2.679591967249954187e+00  1.561263686214225054e-04  1.561263686214225054e-04
2.779591967249953832e+00  5.740674837732628140e-04  5.740674837732628140e-04
2.879591967249954365e+00  1.253878661468898689e-03  1.253878661468898689e-03
2.979591967249954010e+00  1.626870682826525886e-03  1.626870682826525886e-03
3.079591967249954543e+00  1.253878668078479411e-03  1.253878668078479411e-03
3.179591967249954187e+00  5.740676658208859924e-04  5.740676658208859924e-04
3.279591967249954720e+00  1.561294646609737559e-04  1.561294646609737559e-04
3.379591967249954365e+00  2.526616313362966694e-05  2.526616313362966694e-05
3.479591967249954010e+00  2.792541354391467955e-06  2.792541354391467955e-06
3.579591967249954543e+00  2.295409728276620848e-06  2.295409728276620848e-06
3.679591967249954187e+00  8.471037520587450833e-06  8.471037520587450833e-06
3.779591967249954720e+00  2.248094151347136485e-05  2.248094151347136485e-05
3.879591967249954365e+00  4.039076837552885748e-05  4.039076837552885748e-05
3.979591967249954010e+00  4.910268565709147951e-05  4.910268565709147951e-05
4.079591967249954543e+00  4.039077260227066425e-05  4.039077260227066425e-05
4.179591967249954187e+00  2.248092386150787951e-05  2.248092386150787951e-05
4.279591967249954720e+00  8.467160280960841910e-06  8.467160280960841910e-06
4.379591967249954365e+00  2.163486248081158251e-06  2.163486248081158251e-06
4.479591967249954010e+00  4.058129564189118253e-07  4.058129564189118253e-07
4.579591967249954543e+00  1.814329139137139049e-07  1.814329139137139049e-07
4.679591967249954187e+00  4.155212740813117420e-07  4.155212740813117420e-07
4.779591967249954720e+00  9.002820969589739019e-07  9.002820969589739019e-07
4.879591967249954365e+00  1.438360901281963513e-06  1.438360901281963513e-06
4.979591967249954010e+00  1.681606819367708632e-06  1.681606819367708632e-06
5.079591967249954543e+00  1.438355921153867926e-06  1.438355921153867926e-06
5.179591967249954187e+00  9.001141075477702780e-07  9.001141075477702780e-07
5.279591967249954720e+00  4.122011585512030545e-07  4.122011585512030545e-07
5.379591967249954365e+00  1.386093771339203410e-07  1.386093771339203410e-07
5.479591967249954010e+00  3.623389329329918800e-08  3.623389329329918800e-08
5.579591967249954543e+00  1.383484978580181328e-08  1.383484978580181328e-08
5.679591967249954187e+00  2.012696228494355102e-08  2.012696228494355102e-08
5.779591967249954720e+00  3.714508360111423174e-08  3.714508360111423174e-08
5.879591967249954365e+00  5.478940777596644209e-08  5.478940777596644209e-08
5.979591967249954010e+00  6.240293382404244961e-08  6.240293382404244961e-08
6.079591967249954543e+00  5.478434474198480114e-08  5.478434474198480114e-08
6.179591967249954187e+00  3.707067391417245783e-08  3.707067391417245783e-08
6.279591967249954720e+00  1.934175290251662197e-08  1.934175290251662197e-08
6.379591967249954365e+00  7.814072441925359445e-09  7.814072441925359445e-09
6.479591967249954010e+00  2.557373845779213128e-09  2.557373845779213128e-09
6.579591967249953655e+00  9.851785103295871004e-10  9.851785103295871004e-10
6.679591967249955076e+00  1.002307467098773733e-09  1.002307467098773733e-09
6.779591967249954720e+00  1.581484054359568410e-09  1.581484054359568410e-09
6.879591967249954365e+00  2.191101038416936049e-09  2.191101038416936049e-09
6.979591967249954010e+00  2.448121874365235451e-09  2.448121874365235451e-09
7.079591967249953655e+00  2.189506321136081251e-09  2.189506321136081251e-09
7.179591967249955076e+00  1.566677832305403304e-09  1.566677832305403304e-09
7.279591967249954720e+00  8.973848812072591247e-10  8.973848812072591247e-10
7.379591967249954365e+00  4.134438715411895214e-10  4.134438715411895214e-10
7.479591967249954010e+00  1.590369206301806802e-10  1.590369206301806802e-10
7.579591967249953655e+00  6.500905877645199335e-11  6.500905877645199335e-11
7.679591967249955076e+00  5.185584526502634965e-11  5.185584526502634965e-11
7.779591967249954720e+00  6.961522636721977417e-11  6.961522636721977417e-11
7.879591967249954365e+00  9.100880015311395837e-11  9.100880015311395837e-11
7.979591967249954010e+00  1.000602467203663547e-10  1.000602467203663547e-10
8.079591967249955431e+00  9.072554518239562569e-11  9.072554518239562569e-11
8.179591967249955076e+00  6.769666453715128545e-11  6.769666453715128545e-11
8.279591967249954720e+00  4.159389665719013903e-11  4.159389665719013903e-11
8.379591967249954365e+00  2.115157619384669516e-11  2.115157619384669516e-11
8.479591967249954010e+00  9.187340744968844305e-12  9.187340744968844305e-12
8.579591967249955431e+00  4.025027567113121322e-12  4.025027567113121322e-12
8.679591967249955076e+00  2.765901752600849271e-12  2.765901752600849271e-12
8.779591967249954720e+00  3.172614295690146880e-12  3.172614295690146880e-12
8.879591967249954365e+00  3.902561090734792885e-12  3.902561090734792885e-12
8.979591967249954010e+00  4.222224129202262209e-12  4.222224129202262209e-12
9.079591967249955431e+00  3.866901669521581359e-12  3.866901669521581359e-12
9.179591967249955076e+00  2.980824362344149872e-12  2.980824362344149872e-12
9.279591967249954720e+00  1.934382107161209609e-12  1.934382107161209609e-12
9.379591967249954365e+00  1.062311549455803035e-12  1.062311549455803035e-12
9.479591967249954010e+00  5.071894854107746088e-13  5.071894854107746088e-13
9.579591967249955431e+00  2.374476584918055930e-13  2.374476584918055930e-13
9.679591967249955076e+00  1.501143086430493806e-13  1.501143086430493806e-13
9.779591967249954720e+00  1.495763289801644806e-13  1.495763289801644806e-13
9.879591967249954365e+00  1.722043761464205186e-13  1.722043761464205186e-13
9.979591967249954010e+00  1.828891256049548514e-13  1.828891256049548514e-13
1.007959196724995543e+01  1.686174986307023727e-13  1.686174986307023727e-13
1.017959196724995508e+01  1.333766760643259405e-13  1.333766760643259405e-13
1.027959196724995472e+01  9.042798482786444399e-14  9.042798482786444399e-14
1.037959196724995437e+01  5.281434116212962667e-14  5.281434116212962667e-14
1.047959196724995401e+01  2.719666761407240830e-14  2.719666761407240830e-14
