-1.647567312428363628e+00  0.000000000000000000e+00  0.000000000000000000e+00
-1.547567312428363095e+00  0.000000000000000000e+00  0.000000000000000000e+00
-1.447567312428363451e+00  0.000000000000000000e+00  0.000000000000000000e+00
-1.347567312428363362e+00  0.000000000000000000e+00  0.000000000000000000e+00
-1.247567312428363273e+00  0.000000000000000000e+00  0.000000000000000000e+00
-1.147567312428363628e+00  0.000000000000000000e+00  0.000000000000000000e+00
-1.047567312428363095e+00  1.926929585056714155e-313  1.926929585056714155e-313
-9.475673124283634507e-01  2.646412294750816622e-281  2.646412294750816622e-281
-8.475673124283633619e-01  6.656887825412135289e-251  6.656887825412135289e-251
-7.475673124283632731e-01  3.066952461547451701e-222  3.066952461547451701e-222
-6.475673124283634063e-01  2.588003875661489917e-195  2.588003875661489917e-195
-5.475673124283633175e-01  3.999860755292922731e-170  3.999860755292922731e-170
-4.475673124283632287e-01  1.132261904568489811e-146  1.132261904568489811e-146
-3.475673124283633619e-01  5.870444556424109758e-125  5.870444556424109758e-125
-2.475673124283632731e-01  5.574644255983049960e-105  5.574644255983049960e-105
-1.475673124283634063e-01  9.695839062321964808e-87  9.695839062321964808e-87
-4.756731242836331752e-02  3.088699874972951333e-70  3.088699874972951333e-70
5.243268757163677130e-02  1.802138211196101134e-55  1.802138211196101134e-55
1.524326875716366381e-01  1.925850418634000471e-42  1.925850418634000471e-42
2.524326875716367269e-01  3.769459502576092845e-31  3.769459502576092845e-31
3.524326875716365937e-01  1.351318379375716131e-21  1.351318379375716131e-21
4.524326875716366825e-01  8.872752308451825646e-14  8.872752308451825646e-14
5.524326875716367713e-01  1.067040993847711771e-07  1.067040993847711771e-07
6.524326875716368601e-01  2.350314195264312581e-03  2.350314195264312581e-03
7.524326875716369489e-01  9.481844201243230241e-01  9.481844201243230241e-01
8.524326875716365937e-01  7.006187872430548857e+00  7.006187872430548857e+00
9.524326875716366825e-01  9.481844201243060377e-01  9.481844201243060377e-01
1.052432687571636771e+00  2.350314195264231049e-03  2.350314195264231049e-03
1.152432687571636860e+00  1.067040993847657905e-07  1.067040993847657905e-07
1.252432687571636949e+00  8.885869791213015365e-14  8.885869791213015365e-14
1.352432687571636594e+00  7.853980219628416886e-12  7.853980219628416886e-12
1.452432687571636682e+00  6.364146087421640006e-08  6.364146087421640006e-08
1.552432687571636771e+00  6.979133624549308803e-05  6.979133624549308803e-05
1.652432687571636860e+00  1.035795269018376444e-02  1.035795269018376444e-02
1.752432687571636949e+00  2.080450412073160948e-01  2.080450412073160948e-01
1.852432687571636594e+00  5.655250550148563926e-01  5.655250550148563926e-01
1.952432687571636682e+00  2.080450412073142907e-01  2.080450412073142907e-01
2.052432687571636549e+00  1.035795269018358576e-02  1.035795269018358576e-02
2.152432687571637082e+00  6.979133624600531935e-05  6.979133624600531935e-05
2.252432687571636727e+00  6.364444567248317068e-08  6.364444567248317068e-08
2.352432687571636372e+00  4.576012698118958854e-09  4.576012698118958854e-09
2.452432687571636905e+00  1.842926760177212473e-06  1.842926760177212473e-06
2.552432687571636549e+00  1.959817622261643400e-04  1.959817622261643400e-04
2.652432687571636194e+00  5.493687244891979661e-03  5.493687244891979661e-03
2.752432687571636727e+00  4.059316324248696262e-02  4.059316324248696262e-02
2.852432687571636372e+00  7.906468588148087007e-02  7.906468588148087007e-02
2.952432687571636905e+00  4.059316324248647689e-02  4.059316324248647689e-02
3.052432687571636549e+00  5.493687244892155735e-03  5.493687244892155735e-03
3.152432687571637082e+00  1.959817625443286174e-04  1.959817625443286174e-04
3.252432687571636727e+00  1.843138388982784484e-06  1.843138388982784484e-06
3.352432687571636372e+00  5.635205219441976751e-08  5.635205219441976751e-08
3.452432687571636905e+00  4.661440523126418497e-06  4.661440523126418497e-06
3.552432687571636549e+00  1.543656108594623820e-04  1.543656108594623820e-04
3.652432687571637082e+00  1.880558122029456040e-03  1.880558122029456040e-03
3.752432687571636727e+00  8.428076781634798176e-03  8.428076781634798176e-03
3.852432687571636372e+00  1.389554946097511928e-02  1.389554946097511928e-02
3.952432687571636905e+00  8.428076781634746134e-03  8.428076781634746134e-03
4.052432687571636549e+00  1.880558122050542688e-03  1.880558122050542688e-03
4.152432687571637082e+00  1.543656193794226185e-04  1.543656193794226185e-04
4.252432687571636727e+00  4.662982064554670445e-06  4.662982064554670445e-06
4.352432687571636372e+00  1.775868963156454585e-07  1.775868963156454585e-07
4.452432687571636905e+00  4.604379420561938394e-06  4.604379420561938394e-06
4.552432687571636549e+00  7.571391332630711944e-05  7.571391332630711944e-05
4.652432687571637082e+00  5.594543506868508969e-04  5.594543506868508969e-04
4.752432687571636727e+00  1.857453857213400318e-03  1.857453857213400318e-03
4.852432687571636372e+00  2.770995538919985950e-03  2.770995538919985950e-03
4.952432687571636905e+00  1.857453857214512493e-03  1.857453857214512493e-03
5.052432687571636549e+00  5.594543510119837212e-04  5.594543510119837212e-04
5.152432687571637082e+00  7.571396128940808537e-05  7.571396128940808537e-05
5.252432687571636727e+00  4.607846721202443126e-06  4.607846721202443126e-06
5.352432687571636372e+00  2.697274516482917923e-07  2.697274516482917923e-07
5.452432687571636905e+00  2.892344356932647010e-06  2.892344356932647010e-06
5.552432687571636549e+00  2.981068365030677296e-05  2.981068365030677296e-05
5.652432687571637082e+00  1.578323228937915683e-04  1.578323228937915683e-04
5.752432687571636727e+00  4.290327352082840993e-04  4.290327352082840993e-04
5.852432687571636372e+00  5.987634160253706064e-04  5.987634160253706064e-04
5.952432687571636905e+00  4.290327352204250494e-04  4.290327352204250494e-04
6.052432687571636549e+00  1.578323244380361724e-04  1.578323244380361724e-04
6.152432687571637082e+00  2.981078886063821722e-05  2.981078886063821722e-05
6.252432687571636727e+00  2.895466122832592082e-06  2.895466122832592082e-06
6.352432687571636372e+00  2.520423081202916291e-07  2.520423081202916291e-07
6.452432687571636016e+00  1.418347410386761246e-06  1.418347410386761246e-06
6.552432687571637437e+00  1.045311304736298615e-05  1.045311304736298615e-05
6.652432687571637082e+00  4.361785786222191187e-05  4.361785786222191187e-05
6.752432687571636727e+00  1.027819239183537877e-04  1.027819239183537877e-04
6.852432687571636372e+00  1.367731598342118379e-04  1.367731598342118379e-04
6.952432687571636016e+00  1.027819239694630510e-04  1.027819239694630510e-04
7.052432687571637437e+00  4.361786119900224037e-05  4.361786119900224037e-05
7.152432687571637082e+00  1.045322048245314961e-05  1.045322048245314961e-05
7.252432687571636727e+00  1.418684458775148669e-06  1.418684458775148669e-06
7.352432687571636372e+00  1.709383242859468641e-07  1.709383242859468641e-07
7.452432687571636016e+00  6.006902689250023105e-07  6.006902689250023105e-07
7.552432687571637437e+00  3.429994902657596270e-06  3.429994902657596270e-06
7.652432687571637082e+00  1.197146315845442221e-05  1.197146315845442221e-05
7.752432687571636727e+00  2.534358440362835548e-05  2.534358440362835548e-05
7.852432687571636372e+00  3.254180651042297266e-05  3.254180651042297266e-05
7.952432687571637793e+00  2.534358451309591881e-05  2.534358451309591881e-05
8.052432687571638326e+00  1.197146691154253350e-05  1.197146691154253350e-05
8.152432687571636194e+00  3.430030256783892404e-06  3.430030256783892404e-06
8.252432687571637615e+00  5.987035292877362163e-07  5.987035292877362163e-07
8.352432687571635483e+00  9.370001778351286863e-08  9.370001778351286863e-08
8.452432687571636905e+00  2.321867259791747406e-07  2.321867259791747406e-07
8.552432687571638326e+00  1.081164344275131928e-06  1.081164344275131928e-06
8.652432687571636194e+00  3.283817922873784589e-06  3.283817922873784589e-06
8.752432687571637615e+00  6.395996872511906824e-06  6.395996872511906824e-06
8.852432687571635483e+00  7.987633399654860765e-06  7.987633399654860765e-06
8.952432687571636905e+00  6.395997005360854968e-06  6.395997005360854968e-06
9.052432687571638326e+00  3.283819808501250882e-06  3.283819808501250882e-06
9.152432687571637970e+00  1.081120056966536194e-06  1.081120056966536194e-06
9.252432687571637615e+00  2.296709996291513922e-07  2.296709996291513922e-07
9.352432687571637260e+00  4.441934389414926982e-08  4.441934389414926982e-08
9.452432687571638681e+00  8.459051529824756054e-08  8.459051529824756054e-08
9.552432687571638326e+00  3.323144186033481076e-07  3.323144186033481076e-07
9.652432687571637970e+00  9.029243090070045937e-07  9.029243090070045937e-07
9.752432687571637615e+00  1.645225789705690459e-06  1.645225789705690459e-06
9.852432687571637260e+00  2.009483176914268250e-06  2.009483176914268250e-06
9.952432687571638681e+00  1.645225875148211166e-06  1.645225875148211166e-06
1.005243268757163833e+01  9.029235488062454991e-07  9.029235488062454991e-07
1.015243268757163797e+01  3.322350345440450279e-07  3.322350345440450279e-07
1.025243268757163762e+01  8.265185066396861629e-08  8.265185066396861629e-08
1.035243268757163726e+01  1.901425301019529087e-08  1.901425301019529087e-08
