-1.598900691462759482e+00  2.146480093706962992e-12  2.146480093706962992e-12
-1.498900691462759838e+00  1.710967199038371608e-11  1.710967199038371608e-11
-1.398900691462759749e+00  1.277040931405664590e-10  1.277040931405664590e-10
-1.298900691462759660e+00  8.834876497732530353e-10  8.834876497732530353e-10
-1.198900691462760015e+00  5.636460524542150522e-09  5.636460524542150522e-09
-1.098900691462759482e+00  3.307523549174875163e-08  3.307523549174875163e-08
-9.989006914627596156e-01  1.782855852785203042e-07  1.782855852785203042e-07
-8.989006914627597489e-01  8.821561560451552055e-07  8.821561560451552055e-07
-7.989006914627596601e-01  4.005241136457049166e-06  4.005241136457049166e-06
-6.989006914627595712e-01  1.668307962261592718e-05  1.668307962261592718e-05
-5.989006914627597045e-01  6.374369884412405191e-05  6.374369884412405191e-05
-4.989006914627596156e-01  2.233995111691540090e-04  2.233995111691540090e-04
-3.989006914627595268e-01  7.181143600729966497e-04  7.181143600729966497e-04
-2.989006914627596601e-01  2.117195905315342758e-03  2.117195905315342758e-03
-1.989006914627595712e-01  5.725039542360528359e-03  5.725039542360528359e-03
-9.890069146275970446e-02  1.419851121608012821e-02  1.419851121608012821e-02
1.099308537240384354e-03  3.229631905559186139e-02  3.229631905559186139e-02
1.010993085372404732e-01  6.737675919890639964e-02  6.737675919890639964e-02
2.010993085372403399e-01  1.289190866035657412e-01  1.289190866035657412e-01
3.010993085372404288e-01  2.262457152824089990e-01  2.262457152824089990e-01
4.010993085372402955e-01  3.641748427919853093e-01  3.641748427919853093e-01
5.010993085372403844e-01  5.376794517109243499e-01  5.376794517109243499e-01
6.010993085372404732e-01  7.281995750489510533e-01  7.281995750489510533e-01
7.010993085372405620e-01  9.047774301058949531e-01  9.047774301058949531e-01
8.010993085372406508e-01  1.031542335542742883e+00  1.031542335542742883e+00
9.010993085372402955e-01  1.079563783356123574e+00  1.079563783356123574e+00
1.001099308537240384e+00  1.037830351476956237e+00  1.037830351476956237e+00
1.101099308537240473e+00  9.176877128867246824e-01  9.176877128867246824e-01
1.201099308537240562e+00  7.482966268547803779e-01  7.482966268547803779e-01
1.301099308537240651e+00  5.655684702347026915e-01  5.655684702347026915e-01
1.401099308537240296e+00  4.002625037667340013e-01  4.002625037667340013e-01
1.501099308537240384e+00  2.705011055771280870e-01  2.705011055771280870e-01
1.601099308537240473e+00  1.806906894258347995e-01  1.806906894258347995e-01
1.701099308537240562e+00  1.253152330318968999e-01  1.253152330318968999e-01
1.801099308537240651e+00  9.441260732876684270e-02  9.441260732876684270e-02
1.901099308537240296e+00  7.805565632701566559e-02  7.805565632701566559e-02
2.001099308537240162e+00  6.872808756497204852e-02  6.872808756497204852e-02
2.101099308537240695e+00  6.183945149646295769e-02  6.183945149646295769e-02
2.201099308537240340e+00  5.519273354245791963e-02  5.519273354245791963e-02
2.301099308537240873e+00  4.814025207098755754e-02  4.814025207098755754e-02
2.401099308537240518e+00  4.083875285401401822e-02  4.083875285401401822e-02
2.501099308537241050e+00  3.373492047709066716e-02  3.373492047709066716e-02
2.601099308537240695e+00  2.726749106761750668e-02  2.726749106761750668e-02
2.701099308537240340e+00  2.172888026066654987e-02  2.172888026066654987e-02
2.801099308537240873e+00  1.723090320211737719e-02  1.723090320211737719e-02
2.901099308537240518e+00  1.373090887707801092e-02  1.373090887707801092e-02
3.001099308537241050e+00  1.108530060398476430e-02  1.108530060398476430e-02
3.101099308537240695e+00  9.106676661907019826e-03  9.106676661907019826e-03
3.201099308537241228e+00  7.609843758940731256e-03  7.609843758940731256e-03
3.301099308537240873e+00  6.440384588029070267e-03  6.440384588029070267e-03
3.401099308537240518e+00  5.486089192056597605e-03  5.486089192056597605e-03
3.501099308537241050e+00  4.675523732204219136e-03  4.675523732204219136e-03
3.601099308537240695e+00  3.969321285474359043e-03  3.969321285474359043e-03
3.701099308537241228e+00  3.349157883810743516e-03  3.349157883810743516e-03
3.801099308537240873e+00  2.807794213331850624e-03  2.807794213331850624e-03
3.901099308537240518e+00  2.341845763959228294e-03  2.341845763959228294e-03
4.001099308537241050e+00  1.947588828577378681e-03  1.947588828577378681e-03
4.101099308537240695e+00  1.619289575689138172e-03  1.619289575689138172e-03
4.201099308537241228e+00  1.349212077319529059e-03  1.349212077319529059e-03
4.301099308537240873e+00  1.128472033692679878e-03  1.128472033692679878e-03
4.401099308537240518e+00  9.480964188680176879e-04  9.480964188680176879e-04
4.501099308537241050e+00  7.998984791857589481e-04  7.998984791857589481e-04
4.601099308537240695e+00  6.770018957815626334e-04  6.770018957815626334e-04
4.701099308537241228e+00  5.740090515226885671e-04  5.740090515226885671e-04
4.801099308537240873e+00  4.868986487074180095e-04  4.868986487074180095e-04
4.901099308537240518e+00  4.127684477055223837e-04  4.127684477055223837e-04
5.001099308537241050e+00  3.495288824658710392e-04  3.495288824658710392e-04
5.101099308537240695e+00  2.956226398305543119e-04  2.956226398305543119e-04
5.201099308537241228e+00  2.498099401919315040e-04  2.498099401919315040e-04
5.301099308537240873e+00  2.110294273996649234e-04  2.110294273996649234e-04
5.401099308537240518e+00  1.783248417658739326e-04  1.783248417658739326e-04
5.501099308537241050e+00  1.508183033306149034e-04  1.508183033306149034e-04
5.601099308537240695e+00  1.277098357849598697e-04  1.277098357849598697e-04
5.701099308537241228e+00  1.082865450945215353e-04  1.082865450945215353e-04
5.801099308537240873e+00  9.193066301388605759e-05  9.193066301388605759e-05
5.901099308537240518e+00  7.812130907204766525e-05  7.812130907204766525e-05
6.001099308537241050e+00  6.642910858836954867e-05  6.642910858836954867e-05
6.101099308537240695e+00  5.650534753825599488e-05  5.650534753825599488e-05
6.201099308537241228e+00  4.806832553708345645e-05  4.806832553708345645e-05
6.301099308537240873e+00  4.088944303839142224e-05  4.088944303839142224e-05
6.401099308537240518e+00  3.478084092301852488e-05  3.478084092301852488e-05
6.501099308537240162e+00  2.958552798752974700e-05  2.958552798752974700e-05
6.601099308537241583e+00  2.517016628039639838e-05  2.517016628039639838e-05
6.701099308537241228e+00  2.142016952734282178e-05  2.142016952734282178e-05
6.801099308537240873e+00  1.823652419616267936e-05  1.823652419616267936e-05
6.901099308537240518e+00  1.553371369442464636e-05  1.553371369442464636e-05
7.001099308537240162e+00  1.323823288318648416e-05  1.323823288318648416e-05
7.101099308537241583e+00  1.128734388856793165e-05  1.128734388856793165e-05
7.201099308537241228e+00  9.627885943367746246e-06  9.627885943367746246e-06
7.301099308537240873e+00  8.215077491426666699e-06  8.215077491426666699e-06
7.401099308537240518e+00  7.011326217704914185e-06  7.011326217704914185e-06
7.501099308537240162e+00  5.985095945189651199e-06  5.985095945189651199e-06
7.601099308537241583e+00  5.109880650353444710e-06  5.109880650353444710e-06
7.701099308537241228e+00  4.363319406336735930e-06  4.363319406336735930e-06
7.801099308537240873e+00  3.726464023377789678e-06  3.726464023377789678e-06
7.901099308537240518e+00  3.183191713541684112e-06  3.183191713541684112e-06
8.001099308537241939e+00  2.719742295298764813e-06  2.719742295298764813e-06
8.101099308537241583e+00  2.324353983064582213e-06  2.324353983064582213e-06
8.201099308537241228e+00  1.986972310352885280e-06  1.986972310352885280e-06
8.301099308537240873e+00  1.699010967458666891e-06  1.699010967458666891e-06
8.401099308537240518e+00  1.453149068779275201e-06  1.453149068779275201e-06
8.501099308537241939e+00  1.243154907975392344e-06  1.243154907975392344e-06
8.601099308537241583e+00  1.063730627370091467e-06  1.063730627370091467e-06
8.701099308537241228e+00  9.103750842732778538e-07  9.103750842732778538e-07
8.801099308537240873e+00  7.792636646673575733e-07  7.792636646673575733e-07
8.901099308537240518e+00  6.671442420249458740e-07  6.671442420249458740e-07
9.001099308537241939e+00  5.712483359357196579e-07  5.712483359357196579e-07
9.101099308537241583e+00  4.892161619166893169e-07  4.892161619166893169e-07
9.201099308537241228e+00  4.190339329531988229e-07  4.190339329531988229e-07
9.301099308537240873e+00  3.589816030087959017e-07  3.589816030087959017e-07
9.401099308537240518e+00  3.075892605420979421e-07  3.075892605420979421e-07
9.501099308537241939e+00  2.636005500959150873e-07  2.636005500959150873e-07
9.601099308537241583e+00  2.259417589100662223e-07  2.259417589100662223e-07
9.701099308537241228e+00  1.936954895683808016e-07  1.936954895683808016e-07
9.801099308537240873e+00  1.660781007051851095e-07  1.660781007051851095e-07
9.901099308537240518e+00  1.424203085404268525e-07  1.424203085404268525e-07
1.000109930853724194e+01  1.221504945143920021e-07  1.221504945143920021e-07
1.010109930853724158e+01  1.047803642723268492e-07  1.047803642723268492e-07
1.020109930853724123e+01  8.989266360824993047e-08  8.989266360824993047e-08
1.030109930853724087e+01  7.713069225261538589e-08  7.713069225261538589e-08
1.040109930853724052e+01  6.618937905804876567e-08  6.618937905804876567e-08
