-1.520408163260623002e+00  2.141661494490065568e-12  2.141661494490065568e-12
-1.420408163260622914e+00  1.763784810582587357e-11  1.763784810582587357e-11
-1.320408163260623269e+00  1.339333606623050058e-10  1.339333606623050058e-10
-1.220408163260622736e+00  9.352001659466143752e-10  9.352001659466143752e-10
-1.120408163260623091e+00  5.996957510042973906e-09  5.996957510042973906e-09
-1.020408163260623002e+00  3.529329927029899640e-08  3.529329927029899640e-08
-9.204081632606229135e-01  1.905676715957462641e-07  1.905676715957462641e-07
-8.204081632606228247e-01  9.439075284035156625e-07  9.439075284035156625e-07
-7.204081632606229579e-01  4.288388293016602782e-06  4.288388293016602782e-06
-6.204081632606230912e-01  1.786988521772675157e-05  1.786988521772675157e-05
-5.204081632606230023e-01  6.829678981300868034e-05  6.829678981300868034e-05
-4.204081632606229135e-01  2.393991670868843161e-04  2.393991670868843161e-04
-3.204081632606228247e-01  7.696346788672774400e-04  7.696346788672774400e-04
-2.204081632606229579e-01  2.269257575133470147e-03  2.269257575133470147e-03
-1.204081632606228691e-01  6.136471129663045171e-03  6.136471129663045171e-03
-2.040816326062300234e-02  1.521908648994720926e-02  1.521908648994720926e-02
7.959183673937708647e-02  3.461730316666263019e-02  3.461730316666263019e-02
1.795918367393771753e-01  7.221590633923379021e-02  7.221590633923379021e-02
2.795918367393770421e-01  1.381682435760123451e-01  1.381682435760123451e-01
3.795918367393771309e-01  2.424492135731390607e-01  2.424492135731390607e-01
4.795918367393769977e-01  3.901871580149512964e-01  3.901871580149512964e-01
5.795918367393770865e-01  5.759290432792338876e-01  5.759290432792338876e-01
6.795918367393771753e-01  7.796790321049058559e-01  7.796790321049058559e-01
7.795918367393772641e-01  9.681123029683017522e-01  9.681123029683017522e-01
8.795918367393773529e-01  1.102605242761048654e+00  1.102605242761048654e+00
9.795918367393769977e-01  1.151960586852632362e+00  1.151960586852632362e+00
1.079591836739377086e+00  1.104207949889941309e+00  1.104207949889941309e+00
1.179591836739377175e+00  9.714020355565770037e-01  9.714020355565770037e-01
1.279591836739377264e+00  7.847977268560323294e-01  7.847977268560323294e-01
1.379591836739377353e+00  5.830275867971372872e-01  5.830275867971372872e-01
1.479591836739376998e+00  3.993639608019711740e-01  3.993639608019711740e-01
1.579591836739377086e+00  2.536888163037069321e-01  2.536888163037069321e-01
1.679591836739377175e+00  1.512943235866900382e-01  1.512943235866900382e-01
1.779591836739377264e+00  8.687149505616459377e-02  8.687149505616459377e-02
1.879591836739377353e+00  5.027986660329351876e-02  5.027986660329351876e-02
1.979591836739376998e+00  3.125014207869764027e-02  3.125014207869764027e-02
2.079591836739377086e+00  2.185668856175604358e-02  2.185668856175604358e-02
2.179591836739377175e+00  1.704324917746723525e-02  1.704324917746723525e-02
2.279591836739377264e+00  1.408218773654960031e-02  1.408218773654960031e-02
2.379591836739377353e+00  1.174761214238230662e-02  1.174761214238230662e-02
2.479591836739376998e+00  9.620981519637368529e-03  9.620981519637368529e-03
2.579591836739377531e+00  7.642256942689719737e-03  7.642256942689719737e-03
2.679591836739377175e+00  5.867678994535172401e-03  5.867678994535172401e-03
2.779591836739376820e+00  4.359339246601727155e-03  4.359339246601727155e-03
2.879591836739377353e+00  3.146351700101821056e-03  3.146351700101821056e-03
2.979591836739376998e+00  2.220577036506687918e-03  2.220577036506687918e-03
3.079591836739377531e+00  1.546598040344039247e-03  1.546598040344039247e-03
3.179591836739377175e+00  1.075259165669426595e-03  1.075259165669426595e-03
3.279591836739377708e+00  7.554226998507908774e-04  7.554226998507908774e-04
3.379591836739377353e+00  5.417953682355549760e-04  5.417953682355549760e-04
3.479591836739376998e+00  3.986603943701258110e-04  3.986603943701258110e-04
3.579591836739377531e+00  3.004211188607806360e-04  3.004211188607806360e-04
3.679591836739377175e+00  2.302173375476269023e-04  2.302173375476269023e-04
3.779591836739377708e+00  1.777524798038198728e-04  1.777524798038198728e-04
3.879591836739377353e+00  1.371207370862398780e-04  1.371207370862398780e-04
3.979591836739376998e+00  1.050470608585060591e-04  1.050470608585060591e-04
4.079591836739377086e+00  7.966146021835712504e-05  7.966146021835712504e-05
4.179591836739376731e+00  5.975518894648805318e-05  5.975518894648805318e-05
4.279591836739378152e+00  4.439386928182729298e-05  4.439386928182729298e-05
4.379591836739377797e+00  3.275617409618599736e-05  3.275617409618599736e-05
4.479591836739377442e+00  2.409264709872286459e-05  2.409264709872286459e-05
4.579591836739377086e+00  1.773399206654192043e-05  1.773399206654192043e-05
4.679591836739376731e+00  1.310898598252388517e-05  1.310898598252388517e-05
4.779591836739378152e+00  9.754361570054768601e-06  9.754361570054768601e-06
4.879591836739377797e+00  7.312462351041343029e-06  7.312462351041343029e-06
4.979591836739377442e+00  5.519098455178315075e-06  5.519098455178315075e-06
5.079591836739377086e+00  4.186163540088371929e-06  4.186163540088371929e-06
5.179591836739376731e+00  3.183239194206398586e-06  3.183239194206398586e-06
5.279591836739378152e+00  2.421070695456415756e-06  2.421070695456415756e-06
5.379591836739377797e+00  1.838336605589991855e-06  1.838336605589991855e-06
5.479591836739377442e+00  1.391989867096362869e-06  1.391989867096362869e-06
5.579591836739377086e+00  1.050746745252375168e-06  1.050746745252375168e-06
5.679591836739376731e+00  7.909947055960859753e-07  7.909947055960859753e-07
5.779591836739378152e+00  5.943619994360153795e-07  5.943619994360153795e-07
5.879591836739377797e+00  4.463151505295624291e-07  4.463151505295624291e-07
5.979591836739377442e+00  3.353274773162860519e-07  3.353274773162860519e-07
6.079591836739377086e+00  2.523305324130823590e-07  2.523305324130823590e-07
6.179591836739376731e+00  1.902915683601113613e-07  1.902915683601113613e-07
6.279591836739378152e+00  1.438472159496933570e-07  1.438472159496933570e-07
6.379591836739377797e+00  1.089725207864144636e-07  1.089725207864144636e-07
6.479591836739377442e+00  8.268622252132436200e-08  8.268622252132436200e-08
6.579591836739377086e+00  6.279856082398186947e-08  6.279856082398186947e-08
6.679591836739378508e+00  4.770546640906188848e-08  4.770546640906188848e-08
6.779591836739378152e+00  3.622828731400174494e-08  3.622828731400174494e-08
6.879591836739377797e+00  2.749415006509275755e-08  2.749415006509275755e-08
6.979591836739377442e+00  2.084974792076850221e-08  2.084974792076850221e-08
7.079591836739377086e+00  1.580077900791194885e-08  1.580077900791194885e-08
7.179591836739378508e+00  1.196993189123845542e-08  1.196993189123845542e-08
7.279591836739378152e+00  9.067642975453876117e-09  9.067642975453876117e-09
7.379591836739377797e+00  6.871342957167239679e-09  6.871342957167239679e-09
7.479591836739377442e+00  5.210257259441056640e-09  5.210257259441056640e-09
7.579591836739377086e+00  3.953882162740538400e-09  3.953882162740538400e-09
7.679591836739378508e+00  3.002998634787639875e-09  3.002998634787639875e-09
7.779591836739378152e+00  2.282553398135041062e-09  2.282553398135041062e-09
7.879591836739377797e+00  1.736002801894619004e-09  1.736002801894619004e-09
7.979591836739377442e+00  1.320850860045321586e-09  1.320850860045321586e-09
8.079591836739378863e+00  1.005175667395063889e-09  1.005175667395063889e-09
8.179591836739378508e+00  7.649674554899309410e-10  7.649674554899309410e-10
8.279591836739378152e+00  5.821195375096191895e-10  5.821195375096191895e-10
8.379591836739377797e+00  4.429308888939804468e-10  4.429308888939804468e-10
8.479591836739377442e+00  3.369991306378500611e-10  3.369991306378500611e-10
8.579591836739378863e+00  2.564044387364303731e-10  2.564044387364303731e-10
8.679591836739378508e+00  1.951063644044366289e-10  1.951063644044366289e-10
8.779591836739378152e+00  1.484948547639507906e-10  1.484948547639507906e-10
8.879591836739377797e+00  1.130527929902217589e-10  1.130527929902217589e-10
8.979591836739377442e+00  8.609980081309211712e-11  8.609980081309211712e-11
9.079591836739378863e+00  6.559612538689653264e-11  6.559612538689653264e-11
9.179591836739378508e+00  4.999175343061200048e-11  4.999175343061200048e-11
9.279591836739378152e+00  3.811014367199501875e-11  3.811014367199501875e-11
9.379591836739377797e+00  2.905877718418237717e-11  2.905877718418237717e-11
9.479591836739377442e+00  2.216059975095662444e-11  2.216059975095662444e-11
9.579591836739378863e+00  1.690173102265568078e-11  1.690173102265568078e-11
9.679591836739378508e+00  1.289177320672986991e-11  1.289177320672986991e-11
9.779591836739378152e+00  9.833801445128888864e-12  9.833801445128888864e-12
9.879591836739377797e+00  7.501728823496617324e-12  7.501728823496617324e-12
9.979591836739377442e+00  5.723244350982073659e-12  5.723244350982073659e-12
1.007959183673937886e+01  4.366937882405398204e-12  4.366937882405398204e-12
1.017959183673937851e+01  3.332561306370862715e-12  3.332561306370862715e-12
1.027959183673937815e+01  2.543639229642370859e-12  2.543639229642370859e-12
1.037959183673937780e+01  1.941844776328982848e-12  1.941844776328982848e-12
1.047959183673937744e+01  1.482707772701422373e-12  1.482707772701422373e-12
