-1.520408163264417745e+00  3.130592432509650692e-22  3.130592432509650692e-22
-1.420408163264417656e+00  1.538491286971970349e-20  1.538491286971970349e-20
-1.320408163264417567e+00  6.556627370241853674e-19  6.556627370241853674e-19
-1.220408163264417922e+00  2.393548853741448375e-17  2.393548853741448375e-17
-1.120408163264417833e+00  7.458134207414505222e-16  7.458134207414505222e-16
-1.020408163264417745e+00  1.981394715753398507e-14  1.981394715753398507e-14
-9.204081632644176558e-01  4.486535363652543437e-13  4.486535363652543437e-13
-8.204081632644175670e-01  8.657596100858300815e-12  8.657596100858300815e-12
-7.204081632644177002e-01  1.423672458217826657e-10  1.423672458217826657e-10
-6.204081632644178335e-01  1.994994497270144479e-09  1.994994497270144479e-09
-5.204081632644177446e-01  2.382259036570248728e-08  2.382259036570248728e-08
-4.204081632644176558e-01  2.424099943007781069e-07  2.424099943007781069e-07
-3.204081632644175670e-01  2.101965903222452063e-06  2.101965903222452063e-06
-2.204081632644177002e-01  1.553152521144639351e-05  1.553152521144639351e-05
-1.204081632644176114e-01  9.779478239797002599e-05  9.779478239797002599e-05
-2.040816326441774464e-02  5.247232790579440132e-04  5.247232790579440132e-04
7.959183673558234418e-02  2.399153452297935873e-03  2.399153452297935873e-03
1.795918367355824330e-01  9.347571379094171684e-03  9.347571379094171684e-03
2.795918367355822998e-01  3.103506741937073904e-02  3.103506741937073904e-02
3.795918367355823886e-01  8.780512989590494310e-02  8.780512989590494310e-02
4.795918367355822554e-01  2.116901708744184096e-01  2.116901708744184096e-01
5.795918367355823442e-01  4.349063558966609899e-01  4.349063558966609899e-01
6.795918367355824330e-01  7.613887894794459932e-01  7.613887894794459932e-01
7.795918367355825218e-01  1.135889428625817210e+00  1.135889428625817210e+00
8.795918367355826106e-01  1.444083062088833858e+00  1.444083062088833858e+00
9.795918367355822554e-01  1.564567920462095030e+00  1.564567920462095030e+00
1.079591836735582344e+00  1.444760824929185672e+00  1.444760824929185672e+00
1.179591836735582433e+00  1.137497369995882357e+00  1.137497369995882357e+00
1.279591836735582522e+00  7.644180783425545966e-01  7.644180783425545966e-01
1.379591836735582611e+00  4.400356170770137743e-01  4.400356170770137743e-01
1.479591836735582255e+00  2.196654034733154237e-01  2.196654034733154237e-01
1.579591836735582344e+00  9.924027323449940985e-02  9.924027323449940985e-02
1.679591836735582433e+00  4.616810936609262728e-02  4.616810936609262728e-02
1.779591836735582522e+00  2.783548539475945438e-02  2.783548539475945438e-02
1.879591836735582611e+00  2.325231158240651311e-02  2.325231158240651311e-02
1.979591836735582255e+00  2.224359484115854754e-02  2.224359484115854754e-02
2.079591836735582344e+00  2.099034898859482301e-02  2.099034898859482301e-02
2.179591836735582433e+00  1.858680291464934534e-02  1.858680291464934534e-02
2.279591836735582522e+00  1.527059095005820280e-02  1.527059095005820280e-02
2.379591836735582611e+00  1.163279102415952677e-02  1.163279102415952677e-02
2.479591836735582255e+00  8.244100636372479751e-03  8.244100636372479751e-03
2.579591836735582788e+00  5.477331179787019687e-03  5.477331179787019687e-03
2.679591836735582433e+00  3.464242899992430597e-03  3.464242899992430597e-03
2.779591836735582078e+00  2.144984619683905705e-03  2.144984619683905705e-03
2.879591836735582611e+00  1.357475954768500286e-03  1.357475954768500286e-03
2.979591836735582255e+00  9.198584423156431654e-04  9.198584423156431654e-04
3.079591836735582788e+00  6.814569265687319939e-04  6.814569265687319939e-04
3.179591836735582433e+00  5.406235457565716123e-04  5.406235457565716123e-04
3.279591836735582966e+00  4.405550836408016679e-04  4.405550836408016679e-04
3.379591836735582611e+00  3.559778985464660708e-04  3.559778985464660708e-04
3.479591836735582255e+00  2.795051391015360501e-04  2.795051391015360501e-04
3.579591836735582788e+00  2.115411296321833916e-04  2.115411296321833916e-04
3.679591836735582433e+00  1.543043332316284264e-04  1.543043332316284264e-04
3.779591836735582966e+00  1.090824412977352487e-04  1.090824412977352487e-04
3.879591836735582611e+00  7.552912925943617737e-05  7.552912925943617737e-05
3.979591836735582255e+00  5.199702789306419136e-05  5.199702789306419136e-05
4.079591836735582788e+00  3.621193940046166460e-05  3.621193940046166460e-05
4.179591836735582433e+00  2.588795349455977126e-05  2.588795349455977126e-05
4.279591836735582966e+00  1.911551200770564136e-05  1.911551200770564136e-05
4.379591836735582611e+00  1.450937801865078307e-05  1.450937801865078307e-05
4.479591836735582255e+00  1.118246965730815527e-05  1.118246965730815527e-05
4.579591836735582788e+00  8.630883072542656982e-06  8.630883072542656982e-06
4.679591836735582433e+00  6.599431272999557975e-06  6.599431272999557975e-06
4.779591836735582966e+00  4.968532442669552969e-06  4.968532442669552969e-06
4.879591836735582611e+00  3.677442165685133715e-06  3.677442165685133715e-06
4.979591836735582255e+00  2.682024873841422015e-06  2.682024873841422015e-06
5.079591836735582788e+00  1.937645932130471506e-06  1.937645932130471506e-06
5.179591836735582433e+00  1.396609077301745214e-06  1.396609077301745214e-06
5.279591836735582966e+00  1.011737144992262512e-06  1.011737144992262512e-06
5.379591836735582611e+00  7.408465669759714826e-07  7.408465669759714826e-07
5.479591836735582255e+00  5.496610670891214376e-07  5.496610670891214376e-07
5.579591836735582788e+00  4.126209526698266243e-07  4.126209526698266243e-07
5.679591836735582433e+00  3.120489062902511856e-07  3.120489062902511856e-07
5.779591836735582966e+00  2.364506658540390015e-07  2.364506658540390015e-07
5.879591836735582611e+00  1.786410449830574575e-07  1.786410449830574575e-07
5.979591836735582255e+00  1.341336996940078909e-07  1.341336996940078909e-07
6.079591836735582788e+00  9.997623305006883833e-08  9.997623305006883833e-08
6.179591836735582433e+00  7.402767407894531184e-08  7.402767407894531184e-08
6.279591836735582966e+00  5.457928699062521543e-08  5.457928699062521543e-08
6.379591836735582611e+00  4.019462483720630249e-08  4.019462483720630249e-08
6.479591836735582255e+00  2.966218589576737889e-08  2.966218589576737889e-08
6.579591836735581900e+00  2.198819614464675202e-08  2.198819614464675202e-08
6.679591836735583321e+00  1.639073897696258701e-08  1.639073897696258701e-08
6.779591836735582966e+00  1.228138300300342059e-08  1.228138300300342059e-08
6.879591836735582611e+00  9.234873057573326254e-09  9.234873057573326254e-09
6.979591836735582255e+00  6.953242237796467694e-09  6.953242237796467694e-09
7.079591836735581900e+00  5.231029067209209734e-09  5.231029067209209734e-09
7.179591836735583321e+00  3.926076595042308202e-09  3.926076595042308202e-09
7.279591836735582966e+00  2.937701530974945562e-09  2.937701530974945562e-09
7.379591836735582611e+00  2.191936778272401763e-09  2.191936778272401763e-09
7.479591836735582255e+00  1.632403421321187766e-09  1.632403421321187766e-09
7.579591836735581900e+00  1.215044344319101102e-09  1.215044344319101102e-09
7.679591836735583321e+00  9.051567726968346060e-10  9.051567726968346060e-10
7.779591836735582966e+00  6.755974297272819138e-10  6.755974297272819138e-10
7.879591836735582611e+00  5.054864242596883202e-10  5.054864242596883202e-10
7.979591836735582255e+00  3.790898759305375460e-10  3.790898759305375460e-10
8.079591836735584565e+00  2.847836047399178763e-10  2.847836047399178763e-10
8.179591836735582433e+00  2.141075324661222671e-10  2.141075324661222671e-10
8.279591836735583854e+00  1.609496940893883311e-10  1.609496940893883311e-10
8.379591836735581722e+00  1.208873140061179531e-10  1.208873140061179531e-10
8.479591836735583144e+00  9.068815554934448747e-11  9.068815554934448747e-11
8.579591836735584565e+00  6.795435041298341333e-11  6.795435041298341333e-11
8.679591836735582433e+00  5.087934165794248092e-11  5.087934165794248092e-11
8.779591836735583854e+00  3.808632663705016947e-11  3.808632663705016947e-11
8.879591836735581722e+00  2.852066994874844610e-11  2.852066994874844610e-11
8.979591836735583144e+00  2.137568820498453902e-11  2.137568820498453902e-11
9.079591836735584565e+00  1.603829167950758874e-11  1.603829167950758874e-11
9.179591836735582433e+00  1.204668094769434538e-11  1.204668094769434538e-11
9.279591836735583854e+00  9.056146758802018478e-12  9.056146758802018478e-12
9.379591836735581722e+00  6.811183416476610629e-12  6.811183416476610629e-12
9.479591836735583144e+00  5.123076211303596993e-12  5.123076211303596993e-12
9.579591836735584565e+00  3.852373265424280908e-12  3.852373265424280908e-12
9.679591836735582433e+00  2.895603799201566007e-12  2.895603799201566007e-12
9.779591836735583854e+00  2.175507601195146854e-12  2.175507601195146854e-12
9.879591836735581722e+00  1.634008322155134087e-12  1.634008322155134087e-12
9.979591836735583144e+00  1.227218307493458374e-12  1.227218307493458374e-12
1.007959183673558456e+01  9.218803295905368468e-13  9.218803295905368468e-13
1.017959183673558243e+01  6.927938581820412978e-13  6.927938581820412978e-13
1.027959183673558385e+01  5.209085691831712532e-13  5.209085691831712532e-13
1.037959183673558172e+01  3.918770979118053480e-13  3.918770979118053480e-13
1.047959183673558314e+01  2.949368502600766640e-13  2.949368502600766640e-13
