-1.586956408221444903e+00  1.026901058058161062e-16  1.026901058058161062e-16
-1.486956408221445258e+00  1.782757457798217689e-15  1.782757457798217689e-15
-1.386956408221445169e+00  2.843582506830246494e-14  2.843582506830246494e-14
-1.286956408221445081e+00  4.084168528587555736e-13  4.084168528587555736e-13
-1.186956408221445436e+00  5.239098268658297024e-12  5.239098268658297024e-12
-1.086956408221444903e+00  5.982443354360766637e-11  5.982443354360766637e-11
-9.869564082214450362e-01  6.072441385329871189e-10  6.072441385329871189e-10
-8.869564082214451695e-01  5.475784760064827379e-09  5.475784760064827379e-09
-7.869564082214450806e-01  4.385383313802206646e-08  4.385383313802206646e-08
-6.869564082214449918e-01  3.118817584798544171e-07  3.118817584798544171e-07
-5.869564082214451251e-01  1.969543241191174486e-06  1.969543241191174486e-06
-4.869564082214450362e-01  1.104383223674046062e-05  1.104383223674046062e-05
-3.869564082214449474e-01  5.498512191979095702e-05  5.498512191979095702e-05
-2.869564082214450806e-01  2.430734745409762114e-04  2.430734745409762114e-04
-1.869564082214449918e-01  9.541017871439698558e-04  9.541017871439698558e-04
-8.695640822144512505e-02  3.325182734222363341e-03  3.325182734222363341e-03
1.304359177855496377e-02  1.028962767578014276e-02  1.028962767578014276e-02
1.130435917785550526e-01  2.827141013392438576e-02  2.827141013392438576e-02
2.130435917785549194e-01  6.896997132364411642e-02  6.896997132364411642e-02
3.130435917785550082e-01  1.493962185202175885e-01  1.493962185202175885e-01
4.130435917785548749e-01  2.873361545448120391e-01  2.873361545448120391e-01
5.130435917785549638e-01  4.907040928477768293e-01  4.907040928477768293e-01
6.130435917785550526e-01  7.441186970174727966e-01  7.441186970174727966e-01
7.130435917785551414e-01  1.002042119431763467e+00  1.002042119431763467e+00
8.130435917785552302e-01  1.198416805662352980e+00  1.198416805662352980e+00
9.130435917785548749e-01  1.273292278123897558e+00  1.273292278123897558e+00
1.013043591778554964e+00  1.202571772758651125e+00  1.202571772758651125e+00
1.113043591778555053e+00  1.011027728355325950e+00  1.011027728355325950e+00
1.213043591778555141e+00  7.591545461334225919e-01  7.591545461334225919e-01
1.313043591778555230e+00  5.132885496011798665e-01  5.132885496011798665e-01
1.413043591778554875e+00  3.188620740138015108e-01  3.188620740138015108e-01
1.513043591778554964e+00  1.907002636909486126e-01  1.907002636909486126e-01
1.613043591778555053e+00  1.199153956001200449e-01  1.199153956001200449e-01
1.713043591778555141e+00  8.749211156431023484e-02  8.749211156431023484e-02
1.813043591778555230e+00  7.520532472024803183e-02  7.520532472024803183e-02
1.913043591778554875e+00  7.046635759861258341e-02  7.046635759861258341e-02
2.013043591778554742e+00  6.653271919376554933e-02  6.653271919376554933e-02
2.113043591778555275e+00  6.081465429426862607e-02  6.081465429426862607e-02
2.213043591778554919e+00  5.308241105747516647e-02  5.308241105747516647e-02
2.313043591778555452e+00  4.417836528953284631e-02  4.417836528953284631e-02
2.413043591778555097e+00  3.521958850983825107e-02  3.521958850983825107e-02
2.513043591778555630e+00  2.714793056685703421e-02  2.714793056685703421e-02
2.613043591778555275e+00  2.052632404172790789e-02  2.052632404172790789e-02
2.713043591778554919e+00  1.551483729222003470e-02  1.551483729222003470e-02
2.813043591778555452e+00  1.196224342429690231e-02  1.196224342429690231e-02
2.913043591778555097e+00  9.545892137982557937e-03  9.545892137982557937e-03
3.013043591778555630e+00  7.903439277561026197e-03  7.903439277561026197e-03
3.113043591778555275e+00  6.723368360115522004e-03  6.723368360115522004e-03
3.213043591778555808e+00  5.786358247737809560e-03  5.786358247737809560e-03
3.313043591778555452e+00  4.967124577017504802e-03  4.967124577017504802e-03
3.413043591778555097e+00  4.213422233963688354e-03  4.213422233963688354e-03
3.513043591778555630e+00  3.517728948801357274e-03  3.517728948801357274e-03
3.613043591778555275e+00  2.891975872996193752e-03  2.891975872996193752e-03
3.713043591778555808e+00  2.350094477699323295e-03  2.350094477699323295e-03
3.813043591778555452e+00  1.898970818515211814e-03  1.898970818515211814e-03
3.913043591778555097e+00  1.536068280436748501e-03  1.536068280436748501e-03
4.013043591778555630e+00  1.251170140779320726e-03  1.251170140779320726e-03
4.113043591778555275e+00  1.029859017835382633e-03  1.029859017835382633e-03
4.213043591778555808e+00  8.569995322684915420e-04  8.569995322684915420e-04
4.313043591778555452e+00  7.192629747995861293e-04  7.192629747995861293e-04
4.413043591778555097e+00  6.064011022714734184e-04  6.064011022714734184e-04
4.513043591778555630e+00  5.114287977179738948e-04  5.114287977179738948e-04
4.613043591778555275e+00  4.300934994816272726e-04  4.300934994816272726e-04
4.713043591778555808e+00  3.600372302104895691e-04  3.600372302104895691e-04
4.813043591778555452e+00  2.999680389580631872e-04  2.999680389580631872e-04
4.913043591778555097e+00  2.490244390334927539e-04  2.490244390334927539e-04
5.013043591778555630e+00  2.063924558671433626e-04  2.063924558671433626e-04
5.113043591778555275e+00  1.711483258245594260e-04  1.711483258245594260e-04
5.213043591778555808e+00  1.422569116928931645e-04  1.422569116928931645e-04
5.313043591778555452e+00  1.186487335956700839e-04  1.186487335956700839e-04
5.413043591778555097e+00  9.931356840936738772e-05  9.931356840936738772e-05
5.513043591778555630e+00  8.337251710413311407e-05  8.337251710413311407e-05
5.613043591778555275e+00  7.011347566630460077e-05  7.011347566630460077e-05
5.713043591778555808e+00  5.899171506889451646e-05  5.899171506889451646e-05
5.813043591778555452e+00  4.960627796988193383e-05  4.960627796988193383e-05
5.913043591778555097e+00  4.166520796058152340e-05  4.166520796058152340e-05
6.013043591778555630e+00  3.495052865018925993e-05  3.495052865018925993e-05
6.113043591778555275e+00  2.928980470161657342e-05  2.928980470161657342e-05
6.213043591778555808e+00  2.453693862627005846e-05  2.453693862627005846e-05
6.313043591778555452e+00  2.056170009002301739e-05  2.056170009002301739e-05
6.413043591778555097e+00  1.724573166966144073e-05  1.724573166966144073e-05
6.513043591778554742e+00  1.448228958183595252e-05  1.448228958183595252e-05
6.613043591778556163e+00  1.217735722613383981e-05  1.217735722613383981e-05
6.713043591778555808e+00  1.025055944218154859e-05  1.025055944218154859e-05
6.813043591778555452e+00  8.635137934974619284e-06  8.635137934974619284e-06
6.913043591778555097e+00  7.276898375306333999e-06  7.276898375306333999e-06
7.013043591778554742e+00  6.132422377596276576e-06  6.132422377596276576e-06
7.113043591778556163e+00  5.166970868599488021e-06  5.166970868599488021e-06
7.213043591778555808e+00  4.352462447145799868e-06  4.352462447145799868e-06
7.313043591778555452e+00  3.665777958295677177e-06  3.665777958295677177e-06
7.413043591778555097e+00  3.087493439632081504e-06  3.087493439632081504e-06
7.513043591778554742e+00  2.601024119915512272e-06  2.601024119915512272e-06
7.613043591778556163e+00  2.192091447086607999e-06  2.192091447086607999e-06
7.713043591778555808e+00  1.848401782466735973e-06  1.848401782466735973e-06
7.813043591778555452e+00  1.559436399275706531e-06  1.559436399275706531e-06
7.913043591778555097e+00  1.316281306630658968e-06  1.316281306630658968e-06
8.013043591778556518e+00  1.111457920928702064e-06  1.111457920928702064e-06
8.113043591778556163e+00  9.387423837379067437e-07  9.387423837379067437e-07
8.213043591778555808e+00  7.929783014726353073e-07  7.929783014726353073e-07
8.313043591778555452e+00  6.698949044058870446e-07  6.698949044058870446e-07
8.413043591778555097e+00  5.659425484592631986e-07  5.659425484592631986e-07
8.513043591778556518e+00  4.781533644978913170e-07  4.781533644978913170e-07
8.613043591778556163e+00  4.040295941524377221e-07  4.040295941524377221e-07
8.713043591778555808e+00  3.414576983692821211e-07  3.414576983692821211e-07
8.813043591778555452e+00  2.886436023749358644e-07  2.886436023749358644e-07
8.913043591778555097e+00  2.440635259366678846e-07  2.440635259366678846e-07
9.013043591778556518e+00  2.064253093267294926e-07  2.064253093267294926e-07
9.113043591778556163e+00  1.746363659370798057e-07  1.746363659370798057e-07
9.213043591778555808e+00  1.477758049443001655e-07  1.477758049443001655e-07
9.313043591778555452e+00  1.250694803481734097e-07  1.250694803481734097e-07
9.413043591778555097e+00  1.058675490128957166e-07  1.058675490128957166e-07
9.513043591778556518e+00  8.962454194119425102e-08  8.962454194119425102e-08
9.613043591778556163e+00  7.588205687110573822e-08  7.588205687110573822e-08
9.713043591778555808e+00  6.425409392478862037e-08  6.425409392478862037e-08
9.813043591778555452e+00  5.441489914690450949e-08  5.441489914690450949e-08
9.913043591778555097e+00  4.608903859424268963e-08  4.608903859424268963e-08
1.001304359177855652e+01  3.904334197724268386e-08  3.904334197724268386e-08
1.011304359177855616e+01  3.308033838537398871e-08  3.308033838537398871e-08
1.021304359177855581e+01  2.803284349447689357e-08  2.803284349447689357e-08
1.031304359177855545e+01  2.375942454950626586e-08  2.375942454950626586e-08
1.041304359177855510e+01  2.014054365273430749e-08  2.014054365273430749e-08
