-1.586956261683979630e+00  3.269499940392231337e-09  3.269499940392231337e-09
-1.486956261683979541e+00  1.471736756155309850e-08  1.471736756155309850e-08
-1.386956261683979896e+00  6.288664067751633977e-08  6.288664067751633977e-08
-1.286956261683979363e+00  2.539997491577357600e-07  2.539997491577357600e-07
-1.186956261683979719e+00  9.673524421887906282e-07  9.673524421887906282e-07
-1.086956261683979630e+00  3.468845943932285162e-06  3.468845943932285162e-06
-9.869562616839795410e-01  1.170204077470235616e-05  1.170204077470235616e-05
-8.869562616839794522e-01  3.711846960896872226e-05  3.711846960896872226e-05
-7.869562616839795854e-01  1.106707521214399264e-04  1.106707521214399264e-04
-6.869562616839797187e-01  3.101018293357495612e-04  3.101018293357495612e-04
-5.869562616839796299e-01  8.164888373012570621e-04  8.164888373012570621e-04
-4.869562616839795410e-01  2.019928095096999547e-03  2.019928095096999547e-03
-3.869562616839794522e-01  4.695036148944531709e-03  4.695036148944531709e-03
-2.869562616839795854e-01  1.025286078214690359e-02  1.025286078214690359e-02
-1.869562616839794966e-01  2.103514456887786016e-02  2.103514456887786016e-02
-8.695626168397962985e-02  4.054483302089501029e-02  4.054483302089501029e-02
1.304373831602045897e-02  7.341986870517452912e-02  7.341986870517452912e-02
1.130437383160205478e-01  1.249054145584381770e-01  1.249054145584381770e-01
2.130437383160204146e-01  1.996380170825289568e-01  1.996380170825289568e-01
3.130437383160205034e-01  2.997839097533951391e-01  2.997839097533951391e-01
4.130437383160203701e-01  4.229516889205938157e-01  4.229516889205938157e-01
5.130437383160204590e-01  5.606772602394508587e-01  5.606772602394508587e-01
6.130437383160205478e-01  6.984085993260370495e-01  6.984085993260370495e-01
7.130437383160206366e-01  8.175887011975193630e-01  8.175887011975193630e-01
8.130437383160207254e-01  8.996519558421034457e-01  8.996519558421034457e-01
9.130437383160203701e-01  9.308207079537292872e-01  9.308207079537292872e-01
1.013043738316020459e+00  9.060118095438035590e-01  9.060118095438035590e-01
1.113043738316020548e+00  8.303295926001964533e-01  8.303295926001964533e-01
1.213043738316020637e+00  7.175360521852948148e-01  7.175360521852948148e-01
1.313043738316020725e+00  5.861159900387318267e-01  5.861159900387318267e-01
1.413043738316020370e+00  4.544675399537813076e-01  4.544675399537813076e-01
1.513043738316020459e+00  3.369119952106419125e-01  3.369119952106419125e-01
1.613043738316020548e+00  2.416358956781114731e-01  2.416358956781114731e-01
1.713043738316020637e+00  1.707457190363622368e-01  1.707457190363622368e-01
1.813043738316020725e+00  1.218290340850214787e-01  1.218290340850214787e-01
1.913043738316020370e+00  9.008507633771399570e-02  9.008507633771399570e-02
2.013043738316020459e+00  7.021776164498204353e-02  7.021776164498204353e-02
2.113043738316020548e+00  5.766436238615828269e-02  5.766436238615828269e-02
2.213043738316020637e+00  4.911518836835427476e-02  4.911518836835427476e-02
2.313043738316020725e+00  4.251289133289985755e-02  4.251289133289985755e-02
2.413043738316020370e+00  3.678227920298487302e-02  3.678227920298487302e-02
2.513043738316020903e+00  3.149187122611001033e-02  3.149187122611001033e-02
2.613043738316020548e+00  2.656170533582922696e-02  2.656170533582922696e-02
2.713043738316020193e+00  2.205804647082152889e-02  2.205804647082152889e-02
2.813043738316020725e+00  1.807192873064021946e-02  1.807192873064021946e-02
2.913043738316020370e+00  1.466101128229614289e-02  1.466101128229614289e-02
3.013043738316020903e+00  1.183221980651736477e-02  1.183221980651736477e-02
3.113043738316020548e+00  9.546922615983737329e-03  9.546922615983737329e-03
3.213043738316021081e+00  7.735862532881697569e-03  7.735862532881697569e-03
3.313043738316020725e+00  6.315797105123452208e-03  6.315797105123452208e-03
3.413043738316020370e+00  5.203412812269631905e-03  5.203412812269631905e-03
3.513043738316020903e+00  4.324675988016495921e-03  4.324675988016495921e-03
3.613043738316020548e+00  3.619514487699121864e-03  3.619514487699121864e-03
3.713043738316021081e+00  3.042718377303380191e-03  3.042718377303380191e-03
3.813043738316020725e+00  2.562346334241134404e-03  2.562346334241134404e-03
3.913043738316020370e+00  2.156897162684183033e-03  2.156897162684183033e-03
4.013043738316021347e+00  1.812233011543731148e-03  1.812233011543731148e-03
4.113043738316020992e+00  1.518880590479347939e-03  1.518880590479347939e-03
4.213043738316020637e+00  1.270001190185069719e-03  1.270001190185069719e-03
4.313043738316020281e+00  1.060069647408253164e-03  1.060069647408253164e-03
4.413043738316019926e+00  8.841524130972527222e-04  8.841524130972527222e-04
4.513043738316021347e+00  7.376126365401141412e-04  7.376126365401141412e-04
4.613043738316020992e+00  6.160695581176569213e-04  6.160695581176569213e-04
4.713043738316020637e+00  5.154730102732402825e-04  5.154730102732402825e-04
4.813043738316020281e+00  4.321992702831352015e-04  4.321992702831352015e-04
4.913043738316019926e+00  3.631173552339873401e-04  3.631173552339873401e-04
5.013043738316021347e+00  3.056077474334162151e-04  3.056077474334162151e-04
5.113043738316020992e+00  2.575365073647310071e-04  2.575365073647310071e-04
5.213043738316020637e+00  2.171980778476229773e-04  2.171980778476229773e-04
5.313043738316020281e+00  1.832426247963807211e-04  1.832426247963807211e-04
5.413043738316019926e+00  1.546015773315173700e-04  1.546015773315173700e-04
5.513043738316021347e+00  1.304207430758981372e-04  1.304207430758981372e-04
5.613043738316020992e+00  1.100058383072966825e-04  1.100058383072966825e-04
5.713043738316020637e+00  9.278155683615505790e-05  9.278155683615505790e-05
5.813043738316020281e+00  7.826282984852856166e-05  7.826282984852856166e-05
5.913043738316019926e+00  6.603568228486223466e-05  6.603568228486223466e-05
6.013043738316021347e+00  5.574480725822281981e-05  5.574480725822281981e-05
6.113043738316020992e+00  4.708531311370351769e-05  4.708531311370351769e-05
6.213043738316020637e+00  3.979672595331369450e-05  3.979672595331369450e-05
6.313043738316020281e+00  3.365801036158878624e-05  3.365801036158878624e-05
6.413043738316019926e+00  2.848295306295556419e-05  2.848295306295556419e-05
6.513043738316019571e+00  2.411567213758059728e-05  2.411567213758059728e-05
6.613043738316020992e+00  2.042626266991778603e-05  2.042626266991778603e-05
6.713043738316020637e+00  1.730669825346501701e-05  1.730669825346501701e-05
6.813043738316020281e+00  1.466712070572992871e-05  1.466712070572992871e-05
6.913043738316019926e+00  1.243261095394665293e-05  1.243261095394665293e-05
7.013043738316019571e+00  1.054047658405763625e-05  1.054047658405763625e-05
7.113043738316020992e+00  8.938038360846945745e-06  8.938038360846945745e-06
7.213043738316020637e+00  7.580860369932227777e-06  7.580860369932227777e-06
7.313043738316020281e+00  6.431349095481896155e-06  6.431349095481896155e-06
7.413043738316019926e+00  5.457643263423258106e-06  5.457643263423258106e-06
7.513043738316019571e+00  4.632723768849719264e-06  4.632723768849719264e-06
7.613043738316020992e+00  3.933686260840263302e-06  3.933686260840263302e-06
7.713043738316020637e+00  3.341133678009261520e-06  3.341133678009261520e-06
7.813043738316020281e+00  2.838659329789121077e-06  2.838659329789121077e-06
7.913043738316019926e+00  2.412401529752368879e-06  2.412401529752368879e-06
8.013043738316021347e+00  2.050657956188450501e-06  2.050657956188450501e-06
8.113043738316020992e+00  1.743552213879095367e-06  1.743552213879095367e-06
8.213043738316020637e+00  1.482747222018866594e-06  1.482747222018866594e-06
8.313043738316020281e+00  1.261200843560370824e-06  1.261200843560370824e-06
8.413043738316019926e+00  1.072959275203510370e-06  1.072959275203510370e-06
8.513043738316021347e+00  9.129836166076017748e-07  9.129836166076017748e-07
8.613043738316020992e+00  7.770050137563035517e-07  7.770050137563035517e-07
8.713043738316020637e+00  6.614039410174706192e-07  6.614039410174706192e-07
8.813043738316020281e+00  5.631095526507647004e-07  5.631095526507647004e-07
8.913043738316019926e+00  4.795155396043602967e-07  4.795155396043602967e-07
9.013043738316021347e+00  4.084094938719585886e-07  4.084094938719585886e-07
9.113043738316020992e+00  3.479133400584971963e-07  3.479133400584971963e-07
9.213043738316020637e+00  2.964328923407228910e-07  2.964328923407228910e-07
9.313043738316020281e+00  2.526150086530400007e-07  2.526150086530400007e-07
9.413043738316019926e+00  2.153111370201366024e-07  2.153111370201366024e-07
9.513043738316021347e+00  1.835462899342648313e-07  1.835462899342648313e-07
9.613043738316020992e+00  1.564926574050562875e-07  1.564926574050562875e-07
9.713043738316020637e+00  1.334471955983484511e-07  1.334471955983484511e-07
9.813043738316020281e+00  1.138126218881162320e-07  1.138126218881162320e-07
9.913043738316019926e+00  9.708132111278955134e-08  9.708132111278955134e-08
1.001304373831602135e+01  8.282173023243094811e-08  8.282173023243094811e-08
1.011304373831602099e+01  7.066682422608635853e-08  7.066682422608635853e-08
1.021304373831602064e+01  6.030437710004036110e-08  6.030437710004036110e-08
1.031304373831602028e+01  5.146871880871529954e-08  5.146871880871529954e-08
1.041304373831601993e+01  4.393375145133118098e-08  4.393375145133118098e-08
