-1.611110336241069696e+00  9.864387343803775883e-15  9.864387343803775883e-15
-1.511110336241069163e+00  1.189232117547706999e-13  1.189232117547706999e-13
-1.411110336241069518e+00  1.333876618417527752e-12  1.333876618417527752e-12
-1.311110336241069430e+00  1.368076847629569766e-11  1.368076847629569766e-11
-1.211110336241069341e+00  1.273057380519659220e-10  1.273057380519659220e-10
-1.111110336241069696e+00  1.071004105879394847e-09  1.071004105879394847e-09
-1.011110336241069163e+00  8.132644076945986446e-09  8.132644076945986446e-09
-9.111103362410695183e-01  5.569723120068662604e-08  5.569723120068662604e-08
-8.111103362410694295e-01  3.438994681237817734e-07  3.438994681237817734e-07
-7.111103362410693407e-01  1.913998038241911011e-06  1.913998038241911011e-06
-6.111103362410694739e-01  9.601064755397458792e-06  9.601064755397458792e-06
-5.111103362410693851e-01  4.340515153317633549e-05  4.340515153317633549e-05
-4.111103362410692963e-01  1.768454060026036529e-04  1.768454060026036529e-04
-3.111103362410694295e-01  6.493358516199537181e-04  6.493358516199537181e-04
-2.111103362410693407e-01  2.148641103761602354e-03  2.148641103761602354e-03
-1.111103362410694739e-01  6.407301378174834992e-03  6.407301378174834992e-03
-1.111033624106938511e-02  1.721878691451409968e-02  1.721878691451409968e-02
8.888966375893070371e-02  4.170102463628810180e-02  4.170102463628810180e-02
1.888896637589305705e-01  9.101433462751370995e-02  9.101433462751370995e-02
2.888896637589306593e-01  1.790176965953287902e-01  1.790176965953287902e-01
3.888896637589305261e-01  3.173311889625183291e-01  3.173311889625183291e-01
4.888896637589306149e-01  5.069597972169412881e-01  5.069597972169412881e-01
5.888896637589307037e-01  7.299652873567724631e-01  7.299652873567724631e-01
6.888896637589307925e-01  9.474209466087030185e-01  9.474209466087030185e-01
7.888896637589308813e-01  1.108612609657965153e+00  1.108612609657965153e+00
8.888896637589305261e-01  1.169978432330599949e+00  1.169978432330599949e+00
9.888896637589306149e-01  1.114482802281632212e+00  1.114482802281632212e+00
1.088889663758930704e+00  9.597863241526832789e-01  9.597863241526832789e-01
1.188889663758930793e+00  7.499259743729120853e-01  7.499259743729120853e-01
1.288889663758930881e+00  5.358065740744670791e-01  5.358065740744670791e-01
1.388889663758930526e+00  3.561641454802965123e-01  3.561641454802965123e-01
1.488889663758930615e+00  2.283353357194381483e-01  2.283353357194381483e-01
1.588889663758930704e+00  1.503666634014254877e-01  1.503666634014254877e-01
1.688889663758930793e+00  1.095065397004750529e-01  1.095065397004750529e-01
1.788889663758930881e+00  9.081879339678945728e-02  9.081879339678945728e-02
1.888889663758930526e+00  8.237195472659532280e-02  8.237195472659532280e-02
1.988889663758930615e+00  7.677463071577156351e-02  7.677463071577156351e-02
2.088889663758930482e+00  7.052741575838281096e-02  7.052741575838281096e-02
2.188889663758931015e+00  6.268444222241942310e-02  6.268444222241942310e-02
2.288889663758930659e+00  5.364370958001993261e-02  5.364370958001993261e-02
2.388889663758930304e+00  4.430305894462964467e-02  4.430305894462964467e-02
2.488889663758930837e+00  3.555228779962826824e-02  3.555228779962826824e-02
2.588889663758930482e+00  2.801641421158650863e-02  2.801641421158650863e-02
2.688889663758930126e+00  2.197727089930645236e-02  2.197727089930645236e-02
2.788889663758930659e+00  1.741278477852577569e-02  1.741278477852577569e-02
2.888889663758930304e+00  1.409803638529307651e-02  1.409803638529307651e-02
2.988889663758930837e+00  1.171953182957854479e-02  1.171953182957854479e-02
3.088889663758930482e+00  9.968627594221781893e-03  9.968627594221781893e-03
3.188889663758931015e+00  8.598295917389957993e-03  8.598295917389957993e-03
3.288889663758930659e+00  7.443367005676907941e-03  7.443367005676907941e-03
3.388889663758930304e+00  6.414069868801217274e-03  6.414069868801217274e-03
3.488889663758930837e+00  5.475628242156280016e-03  5.475628242156280016e-03
3.588889663758930482e+00  4.624810929004379532e-03  4.624810929004379532e-03
3.688889663758931015e+00  3.870349522960570172e-03  3.870349522960570172e-03
3.788889663758930659e+00  3.220124543555105429e-03  3.220124543555105429e-03
3.888889663758930304e+00  2.675088167373705118e-03  2.675088167373705118e-03
3.988889663758930837e+00  2.228294762027736940e-03  2.228294762027736940e-03
4.088889663758930482e+00  1.866922224135430727e-03  1.866922224135430727e-03
4.188889663758931015e+00  1.575394332213938360e-03  1.575394332213938360e-03
4.288889663758930659e+00  1.338283190972318695e-03  1.338283190972318695e-03
4.388889663758930304e+00  1.142302510491683201e-03  1.142302510491683201e-03
4.488889663758930837e+00  9.772264900396645387e-04  9.772264900396645387e-04
4.588889663758930482e+00  8.359102002263912781e-04  8.359102002263912781e-04
4.688889663758931015e+00  7.137418516277980627e-04  7.137418516277980627e-04
4.788889663758930659e+00  6.078657143495854202e-04  6.078657143495854202e-04
4.888889663758930304e+00  5.164352325215282747e-04  5.164352325215282747e-04
4.988889663758930837e+00  4.380448588228272625e-04  4.380448588228272625e-04
5.088889663758930482e+00  3.713869929787816360e-04  3.713869929787816360e-04
5.188889663758931015e+00  3.151087907558989989e-04  3.151087907558989989e-04
5.288889663758930659e+00  2.678075676142071615e-04  2.678075676142071615e-04
5.388889663758930304e+00  2.280971601166087686e-04  2.280971601166087686e-04
5.488889663758930837e+00  1.946901563504517584e-04  1.946901563504517584e-04
5.588889663758930482e+00  1.664614441318764489e-04  1.664614441318764489e-04
5.688889663758931015e+00  1.424787398392277234e-04  1.424787398392277234e-04
5.788889663758930659e+00  1.220008842761130107e-04  1.220008842761130107e-04
5.888889663758930304e+00  1.044531781518728087e-04  1.044531781518728087e-04
5.988889663758930837e+00  8.939158382260594001e-05  8.939158382260594001e-05
6.088889663758930482e+00  7.646609375623630465e-05  7.646609375623630465e-05
6.188889663758931015e+00  6.539003663468752098e-05  6.539003663468752098e-05
6.288889663758930659e+00  5.591826563248610232e-05  5.591826563248610232e-05
6.388889663758930304e+00  4.783412486196670288e-05  4.783412486196670288e-05
6.488889663758929949e+00  4.094326014231429016e-05  4.094326014231429016e-05
6.588889663758931370e+00  3.507168875780561449e-05  3.507168875780561449e-05
6.688889663758931015e+00  3.006575528595642184e-05  3.006575528595642184e-05
6.788889663758930659e+00  2.579227777741555745e-05  2.579227777741555745e-05
6.888889663758930304e+00  2.213797941234896393e-05  2.213797941234896393e-05
6.988889663758929949e+00  1.900796875639516089e-05  1.900796875639516089e-05
7.088889663758931370e+00  1.632346638702986957e-05  1.632346638702986957e-05
7.188889663758931015e+00  1.401916824073484635e-05  1.401916824073484635e-05
7.288889663758930659e+00  1.204064033973605583e-05  1.204064033973605583e-05
7.388889663758930304e+00  1.034203332142351849e-05  1.034203332142351849e-05
7.488889663758929949e+00  8.884261334075282100e-06  8.884261334075282100e-06
7.588889663758931370e+00  7.633660617122901132e-06  7.633660617122901132e-06
7.688889663758931015e+00  6.561055642224899513e-06  6.561055642224899513e-06
7.788889663758930659e+00  5.641120726981082778e-06  5.641120726981082778e-06
7.888889663758930304e+00  4.851924069314342439e-06  4.851924069314342439e-06
7.988889663758931725e+00  4.174564401667882677e-06  4.174564401667882677e-06
8.088889663758930482e+00  3.592843044945910499e-06  3.592843044945910499e-06
8.188889663758931903e+00  3.092944785682414000e-06  3.092944785682414000e-06
8.288889663758929771e+00  2.663123381803786379e-06  2.663123381803786379e-06
8.388889663758931192e+00  2.293399813861054723e-06  2.293399813861054723e-06
8.488889663758932613e+00  1.975284981237663051e-06  1.975284981237663051e-06
8.588889663758930482e+00  1.701536297818131537e-06  1.701536297818131537e-06
8.688889663758931903e+00  1.465952695714066830e-06  1.465952695714066830e-06
8.788889663758929771e+00  1.263207397677841161e-06  1.263207397677841161e-06
8.888889663758931192e+00  1.088713982857362678e-06  1.088713982857362678e-06
8.988889663758932613e+00  9.385193038176972601e-07  9.385193038176972601e-07
9.088889663758932258e+00  8.092165669045930446e-07  8.092165669045930446e-07
9.188889663758931903e+00  6.978728322068319372e-07  6.978728322068319372e-07
9.288889663758931547e+00  6.019666972347593295e-07  6.019666972347593295e-07
9.388889663758931192e+00  5.193334729938859351e-07  5.193334729938859351e-07
9.488889663758932613e+00  4.481164067266352649e-07  4.481164067266352649e-07
9.588889663758932258e+00  3.867233155754339694e-07  3.867233155754339694e-07
9.688889663758931903e+00  3.337883875521959175e-07  3.337883875521959175e-07
9.788889663758931547e+00  2.881389876836876356e-07  2.881389876836876356e-07
9.888889663758931192e+00  2.487672134919562313e-07  2.487672134919562313e-07
9.988889663758932613e+00  2.148057949369472334e-07  2.148057949369472334e-07
1.008888966375893226e+01  1.855078112758482421e-07  1.855078112758482421e-07
1.018888966375893190e+01  1.602296401841531325e-07  1.602296401841531325e-07
1.028888966375893155e+01  1.384165674561568673e-07  1.384165674561568673e-07
1.038888966375893119e+01  1.195905516413350602e-07  1.195905516413350602e-07
