-1.586956444844593861e+00  4.143038695966013207e-26  4.143038695966013207e-26
-1.486956444844593772e+00  3.791489216414787703e-24  3.791489216414787703e-24
-1.386956444844593683e+00  3.125533152077996253e-22  3.125533152077996253e-22
-1.286956444844594039e+00  2.180257800676871724e-20  2.180257800676871724e-20
-1.186956444844593950e+00  1.266297508965689825e-18  1.266297508965689825e-18
-1.086956444844593861e+00  6.098015368791715588e-17  6.098015368791715588e-17
-9.869564448445937721e-01  2.432013188596155822e-15  2.432013188596155822e-15
-8.869564448445936833e-01  8.030081254424430329e-14  8.030081254424430329e-14
-7.869564448445938165e-01  2.194842148850673327e-12  2.194842148850673327e-12
-6.869564448445939497e-01  4.965920056490165086e-11  4.965920056490165086e-11
-5.869564448445938609e-01  9.300434248291819114e-10  9.300434248291819114e-10
-4.869564448445937721e-01  1.441821246514081438e-08  1.441821246514081438e-08
-3.869564448445936833e-01  1.850219706419059703e-07  1.850219706419059703e-07
-2.869564448445938165e-01  1.965343302583760081e-06  1.965343302583760081e-06
-1.869564448445937277e-01  1.728051087076254037e-05  1.728051087076254037e-05
-8.695644484459386092e-02  1.257701777527951595e-04  1.257701777527951595e-04
1.304355515540622790e-02  7.577076791509131755e-04  7.577076791509131755e-04
1.130435551554063167e-01  3.778580208062860043e-03  3.778580208062860043e-03
2.130435551554061835e-01  1.559763078150109769e-02  1.559763078150109769e-02
3.130435551554062723e-01  5.329566255730989327e-02  5.329566255730989327e-02
4.130435551554061391e-01  1.507400942848599601e-01  1.507400942848599601e-01
5.130435551554062279e-01  3.529152219840576143e-01  3.529152219840576143e-01
6.130435551554063167e-01  6.839416783513714293e-01  6.839416783513714293e-01
7.130435551554064055e-01  1.097187444415395063e+00  1.097187444415395063e+00
8.130435551554064944e-01  1.457041515276142007e+00  1.457041515276142007e+00
9.130435551554061391e-01  1.601915583484759376e+00  1.601915583484759376e+00
1.013043555155406228e+00  1.458585780410480703e+00  1.458585780410480703e+00
1.113043555155406317e+00  1.101156845522758942e+00  1.101156845522758942e+00
1.213043555155406406e+00  6.921664661479925984e-01  6.921664661479925984e-01
1.313043555155406494e+00  3.681640522196454324e-01  3.681640522196454324e-01
1.413043555155406139e+00  1.763988124718584571e-01  1.763988124718584571e-01
1.513043555155406228e+00  9.256467466472820260e-02  9.256467466472820260e-02
1.613043555155406317e+00  7.027947722613644976e-02  7.027947722613644976e-02
1.713043555155406406e+00  7.307017847104932406e-02  7.307017847104932406e-02
1.813043555155406494e+00  8.067762445489234935e-02  8.067762445489234935e-02
1.913043555155406139e+00  8.406199692894121556e-02  8.406199692894121556e-02
2.013043555155406228e+00  8.035953970250521439e-02  8.035953970250521439e-02
2.113043555155406317e+00  7.021984377468810934e-02  7.021984377468810934e-02
2.213043555155406406e+00  5.626132879528102093e-02  5.626132879528102093e-02
2.313043555155406494e+00  4.168843166125936472e-02  4.168843166125936472e-02
2.413043555155406139e+00  2.909889814853140744e-02  2.909889814853140744e-02
2.513043555155406672e+00  1.983087223975890309e-02  1.983087223975890309e-02
2.613043555155406317e+00  1.396352431422875039e-02  1.396352431422875039e-02
2.713043555155405961e+00  1.075739234905247546e-02  1.075739234905247546e-02
2.813043555155406494e+00  9.196071082053235840e-03  9.196071082053235840e-03
2.913043555155406139e+00  8.384483531586585381e-03  8.384483531586585381e-03
3.013043555155406672e+00  7.729515400191640413e-03  7.729515400191640413e-03
3.113043555155406317e+00  6.949392382855924463e-03  6.949392382855924463e-03
3.213043555155406850e+00  5.994317492826548542e-03  5.994317492826548542e-03
3.313043555155406494e+00  4.944182583366704860e-03  4.944182583366704860e-03
3.413043555155406139e+00  3.920125511662216067e-03  3.920125511662216067e-03
3.513043555155406672e+00  3.024985329399478614e-03  3.024985329399478614e-03
3.613043555155406317e+00  2.314870024042310365e-03  2.314870024042310365e-03
3.713043555155406850e+00  1.796443192173943857e-03  1.796443192173943857e-03
3.813043555155406494e+00  1.440357434594194365e-03  1.440357434594194365e-03
3.913043555155406139e+00  1.200491911861425922e-03  1.200491911861425922e-03
4.013043555155406672e+00  1.030924744228461747e-03  1.030924744228461747e-03
4.113043555155406317e+00  8.964392998457338139e-04  8.964392998457338139e-04
4.213043555155406850e+00  7.760442049061405971e-04  7.760442049061405971e-04
4.313043555155406494e+00  6.613212209249219988e-04  6.613212209249219988e-04
4.413043555155406139e+00  5.521891193821940394e-04  5.521891193821940394e-04
4.513043555155406672e+00  4.523240363803393213e-04  4.523240363803393213e-04
4.613043555155406317e+00  3.656259805278758092e-04  3.656259805278758092e-04
4.713043555155406850e+00  2.942483975486686731e-04  2.942483975486686731e-04
4.813043555155406494e+00  2.380663677459213278e-04  2.380663677459213278e-04
4.913043555155406139e+00  1.951190988823572718e-04  1.951190988823572718e-04
5.013043555155406672e+00  1.624860994992350662e-04  1.624860994992350662e-04
5.113043555155406317e+00  1.371573122748530045e-04  1.371573122748530045e-04
5.213043555155406850e+00  1.166390160815451862e-04  1.166390160815451862e-04
5.313043555155406494e+00  9.921846594698407822e-05  9.921846594698407822e-05
5.413043555155406139e+00  8.394050043456042164e-05  8.394050043456042164e-05
5.513043555155406672e+00  7.041175881973483119e-05  7.041175881973483119e-05
5.613043555155406317e+00  5.855195261393278682e-05  5.855195261393278682e-05
5.713043555155406850e+00  4.837946826524468691e-05  4.837946826524468691e-05
5.813043555155406494e+00  3.987437099487295660e-05  3.987437099487295660e-05
5.913043555155406139e+00  3.292321745542919545e-05  3.292321745542919545e-05
6.013043555155406672e+00  2.732570702457248079e-05  2.732570702457248079e-05
6.113043555155406317e+00  2.283420210331585219e-05  2.283420210331585219e-05
6.213043555155406850e+00  1.919985569024594169e-05  1.919985569024594169e-05
6.313043555155406494e+00  1.620804742176847535e-05  1.620804742176847535e-05
6.413043555155406139e+00  1.369604003085117280e-05  1.369604003085117280e-05
6.513043555155405784e+00  1.155386591716565123e-05  1.155386591716565123e-05
6.613043555155407205e+00  9.714001597318333881e-06  9.714001597318333881e-06
6.713043555155406850e+00  8.136516391027299661e-06  8.136516391027299661e-06
6.813043555155406494e+00  6.795134881640645076e-06  6.795134881640645076e-06
6.913043555155406139e+00  5.667333154053503391e-06  5.667333154053503391e-06
7.013043555155405784e+00  4.729285870664382540e-06  4.729285870664382540e-06
7.113043555155407205e+00  3.954845809914093675e-06  3.954845809914093675e-06
7.213043555155406850e+00  3.316971483494444222e-06  3.316971483494444222e-06
7.313043555155406494e+00  2.789996372225251833e-06  2.789996372225251833e-06
7.413043555155406139e+00  2.351568286183486404e-06  2.351568286183486404e-06
7.513043555155405784e+00  1.983676486008327390e-06  1.983676486008327390e-06
7.613043555155407205e+00  1.672700617709047790e-06  1.672700617709047790e-06
7.713043555155406850e+00  1.408742363393276970e-06  1.408742363393276970e-06
7.813043555155406494e+00  1.184620765125981644e-06  1.184620765125981644e-06
7.913043555155406139e+00  9.948734608074437575e-07  9.948734608074437575e-07
8.013043555155407560e+00  8.349826075107359429e-07  8.349826075107359429e-07
8.113043555155407205e+00  7.009049211230771628e-07  7.009049211230771628e-07
8.213043555155406850e+00  5.888762551011622404e-07  5.888762551011622404e-07
8.313043555155406494e+00  4.954018581452370526e-07  4.954018581452370526e-07
8.413043555155406139e+00  4.173314854356286004e-07  4.173314854356286004e-07
8.513043555155407560e+00  3.519389438760458282e-07  3.519389438760458282e-07
8.613043555155407205e+00  2.969601112674889938e-07  2.969601112674889938e-07
8.713043555155406850e+00  2.505768213272387585e-07  2.505768213272387585e-07
8.813043555155406494e+00  2.113573169069784874e-07  2.113573169069784874e-07
8.913043555155406139e+00  1.781746371868898515e-07  1.781746371868898515e-07
9.013043555155407560e+00  1.501243113055698800e-07  1.501243113055698800e-07
9.113043555155407205e+00  1.264563083543021125e-07  1.264563083543021125e-07
9.213043555155406850e+00  1.065277349871995100e-07  1.065277349871995100e-07
9.313043555155406494e+00  8.977552551197931760e-08  8.977552551197931760e-08
9.413043555155406139e+00  7.570396443627614079e-08  7.570396443627614079e-08
9.513043555155407560e+00  6.388049772226867661e-08  6.388049772226867661e-08
9.613043555155407205e+00  5.393417138264227340e-08  5.393417138264227340e-08
9.713043555155406850e+00  4.555307421868293111e-08  4.555307421868293111e-08
9.813043555155406494e+00  3.847934450250769625e-08  3.847934450250769625e-08
9.913043555155406139e+00  3.250196601219665692e-08  3.250196601219665692e-08
1.001304355515540756e+01  2.744846676332687996e-08  2.744846676332687996e-08
1.011304355515540720e+01  2.317680398079503346e-08  2.317680398079503346e-08
1.021304355515540685e+01  1.956841044598863682e-08  1.956841044598863682e-08
1.031304355515540649e+01  1.652287140486243613e-08  1.652287140486243613e-08
1.041304355515540614e+01  1.395422478883650870e-08  1.395422478883650870e-08
