-1.521696883453872662e+00  0.000000000000000000e+00  0.000000000000000000e+00
-1.421696883453872573e+00  0.000000000000000000e+00  0.000000000000000000e+00
-1.321696883453872928e+00  0.000000000000000000e+00  0.000000000000000000e+00
-1.221696883453872395e+00  0.000000000000000000e+00  0.000000000000000000e+00
-1.121696883453872751e+00  0.000000000000000000e+00  0.000000000000000000e+00
-1.021696883453872662e+00  0.000000000000000000e+00  0.000000000000000000e+00
-9.216968834538725730e-01  0.000000000000000000e+00  0.000000000000000000e+00
-8.216968834538724842e-01  0.000000000000000000e+00  0.000000000000000000e+00
-7.216968834538726174e-01  0.000000000000000000e+00  0.000000000000000000e+00
-6.216968834538727506e-01  0.000000000000000000e+00  0.000000000000000000e+00
-5.216968834538726618e-01  0.000000000000000000e+00  0.000000000000000000e+00
-4.216968834538725730e-01  0.000000000000000000e+00  0.000000000000000000e+00
-3.216968834538724842e-01  0.000000000000000000e+00  0.000000000000000000e+00
-2.216968834538726174e-01  0.000000000000000000e+00  0.000000000000000000e+00
-1.216968834538725286e-01  0.000000000000000000e+00  0.000000000000000000e+00
-2.169688345387266182e-02  0.000000000000000000e+00  0.000000000000000000e+00
7.830311654612742700e-02  0.000000000000000000e+00  0.000000000000000000e+00
1.783031165461275158e-01  0.000000000000000000e+00  0.000000000000000000e+00
2.783031165461273826e-01  0.000000000000000000e+00  0.000000000000000000e+00
3.783031165461274714e-01  0.000000000000000000e+00  0.000000000000000000e+00
4.783031165461273382e-01  0.000000000000000000e+00  0.000000000000000000e+00
5.783031165461274270e-01  0.000000000000000000e+00  0.000000000000000000e+00
6.783031165461275158e-01  1.430093309624640802e-194  1.430093309624640802e-194
7.783031165461276046e-01  5.357779679012787527e-86  5.357779679012787527e-86
8.783031165461276935e-01  7.467188869738382940e-21  7.467188869738382940e-21
9.783031165461273382e-01  3.871517541592269396e+01  3.871517541592269396e+01
1.078303116546127427e+00  7.467188869735092308e-21  7.467188869735092308e-21
1.178303116546127516e+00  5.357779679008066989e-86  5.357779679008066989e-86
1.278303116546127605e+00  1.430093309622771040e-194  1.430093309622771040e-194
1.378303116546127693e+00  0.000000000000000000e+00  0.000000000000000000e+00
1.478303116546127338e+00  2.933644361615362725e-272  2.933644361615362725e-272
1.578303116546127427e+00  1.526391336843321809e-174  1.526391336843321809e-174
1.678303116546127516e+00  1.531793511472601630e-98  1.531793511472601630e-98
1.778303116546127605e+00  2.964902822152181868e-44  2.964902822152181868e-44
1.878303116546127693e+00  1.106869973208538368e-11  1.106869973208538368e-11
1.978303116546127338e+00  7.970006100044164654e-01  7.970006100044164654e-01
2.078303116546127427e+00  1.106869973208294576e-11  1.106869973208294576e-11
2.178303116546127516e+00  2.964902822150875533e-44  2.964902822150875533e-44
2.278303116546127605e+00  1.531793511471600422e-98  1.531793511471600422e-98
2.378303116546127693e+00  1.526391336841933415e-174  1.526391336841933415e-174
2.478303116546127338e+00  3.144579488178380621e-183  3.144579488178380621e-183
2.578303116546127871e+00  4.382630559844178979e-118  4.382630559844178979e-118
2.678303116546127516e+00  2.039033768008702660e-67  2.039033768008702660e-67
2.778303116546127161e+00  3.166877346079420317e-31  3.166877346079420317e-31
2.878303116546127693e+00  1.641932648457880310e-09  1.641932648457880310e-09
2.978303116546127338e+00  2.841820897775512722e-02  2.841820897775512722e-02
3.078303116546127871e+00  1.641932648457395996e-09  1.641932648457395996e-09
3.178303116546127516e+00  3.166877346079420317e-31  3.166877346079420317e-31
3.278303116546128049e+00  2.039033768006906203e-67  2.039033768006906203e-67
3.378303116546127693e+00  4.382630559839196085e-118  4.382630559839196085e-118
3.478303116546127338e+00  2.443833613593908944e-139  2.443833613593908944e-139
3.578303116546127871e+00  1.762791095686412156e-90  1.762791095686412156e-90
3.678303116546127516e+00  1.765907758549580146e-52  1.765907758549580146e-52
3.778303116546128049e+00  2.456818838771083468e-25  2.456818838771083468e-25
3.878303116546127693e+00  4.746966916623050171e-09  4.746966916623050171e-09
3.978303116546127338e+00  1.273788221610878393e-03  1.273788221610878393e-03
4.078303116546127427e+00  4.746966916622004614e-09  4.746966916622004614e-09
4.178303116546127072e+00  2.456818838770001187e-25  2.456818838770001187e-25
4.278303116546128493e+00  1.765907758548425841e-52  1.765907758548425841e-52
4.378303116546128138e+00  1.762791095684859071e-90  1.762791095684859071e-90
4.478303116546127782e+00  1.729195934234727145e-113  1.729195934234727145e-113
4.578303116546127427e+00  2.110316414661977144e-74  2.110316414661977144e-74
4.678303116546127072e+00  5.308371517314489941e-44  5.308371517314489941e-44
4.778303116546128493e+00  2.752234315361967004e-22  2.752234315361967004e-22
4.878303116546128138e+00  2.941168205350877044e-09  2.941168205350877044e-09
4.978303116546127782e+00  6.478354087192953945e-05  6.478354087192953945e-05
5.078303116546127427e+00  2.941168205350354680e-09  2.941168205350354680e-09
5.178303116546127072e+00  2.752234315360988522e-22  2.752234315360988522e-22
5.278303116546128493e+00  5.308371517311698047e-44  5.308371517311698047e-44
5.378303116546128138e+00  2.110316414660477318e-74  2.110316414660477318e-74
5.478303116546127782e+00  1.187611514891533645e-96  1.187611514891533645e-96
5.578303116546127427e+00  4.433641183276668668e-64  4.433641183276668668e-64
5.678303116546127072e+00  9.563245840158332844e-39  9.563245840158332844e-39
5.778303116546128493e+00  1.191814686542654659e-20  1.191814686542654659e-20
5.878303116546128138e+00  8.581649653330654654e-10  8.581649653330654654e-10
5.978303116546127782e+00  3.570191099618939824e-06  3.570191099618939824e-06
6.078303116546127427e+00  8.581649653329391136e-10  8.581649653329391136e-10
6.178303116546127072e+00  1.191814686542307541e-20  1.191814686542307541e-20
6.278303116546128493e+00  9.563245840154120107e-39  9.563245840154120107e-39
6.378303116546128138e+00  4.433641183274148661e-64  4.433641183274148661e-64
6.478303116546127782e+00  5.827179314167207980e-85  5.827179314167207980e-85
6.578303116546127427e+00  4.834920772613894122e-57  4.834920772613894122e-57
6.678303116546128848e+00  2.506764046006848310e-35  2.506764046006848310e-35
6.778303116546128493e+00  8.121395638401163567e-20  8.121395638401163567e-20
6.878303116546128138e+00  1.644148325167718611e-10  1.644148325167718611e-10
6.978303116546127782e+00  2.079909490451938397e-07  2.079909490451938397e-07
7.078303116546127427e+00  1.644148325167718611e-10  1.644148325167718611e-10
7.178303116546128848e+00  8.121395638397067354e-20  8.121395638397067354e-20
7.278303116546128493e+00  2.506764046004924454e-35  2.506764046004924454e-35
7.378303116546128138e+00  4.834920772613894122e-57  4.834920772613894122e-57
7.478303116546127782e+00  1.748154326133594609e-76  1.748154326133594609e-76
7.578303116546127427e+00  4.695094899807236769e-52  4.695094899807236769e-52
7.678303116546128848e+00  4.699243594957513264e-33  4.699243594957513264e-33
7.778303116546128493e+00  1.752792545892328027e-19  1.752792545892328027e-19
7.878303116546128138e+00  2.436419424694482440e-11  2.436419424694482440e-11
7.978303116546127782e+00  1.262096508262749631e-08  1.262096508262749631e-08
8.078303116546129203e+00  2.436419424693941218e-11  2.436419424693941218e-11
8.178303116546128848e+00  1.752792545891555729e-19  1.752792545891555729e-19
8.278303116546128493e+00  4.699243594954375396e-33  4.699243594954375396e-33
8.378303116546128138e+00  4.695094899807236769e-52  4.695094899807236769e-52
8.478303116546127782e+00  3.793137092968959704e-70  3.793137092968959704e-70
8.578303116546129203e+00  1.966628979295151164e-48  1.966628979295151164e-48
8.678303116546128848e+00  1.523885322880567871e-31  1.523885322880567871e-31
8.778303116546128493e+00  1.764769115055096195e-19  1.764769115055096195e-19
8.878303116546128138e+00  3.054423551186860648e-12  3.054423551186860648e-12
8.978303116546127782e+00  7.900896658468656138e-10  7.900896658468656138e-10
9.078303116546129203e+00  3.054423551186258842e-12  3.054423551186258842e-12
9.178303116546128848e+00  1.764769115054406471e-19  1.764769115054406471e-19
9.278303116546128493e+00  1.523885322879658122e-31  1.523885322879658122e-31
9.378303116546128138e+00  1.966628979293613946e-48  1.966628979293613946e-48
9.478303116546127782e+00  2.619063527921000880e-65  2.619063527921000880e-65
9.578303116546129203e+00  9.149375009703579365e-46  9.149375009703579365e-46
9.678303116546128848e+00  1.451103184564669710e-30  1.451103184564669710e-30
9.778303116546128493e+00  1.044865387327209109e-19  1.044865387327209109e-19
9.878303116546128138e+00  3.415683103067092628e-13  3.415683103067092628e-13
9.978303116546127782e+00  5.069323198194614297e-11  5.069323198194614297e-11
1.007830311654612920e+01  3.415683103066485773e-13  3.415683103066485773e-13
1.017830311654612885e+01  1.044865387326838126e-19  1.044865387326838126e-19
1.027830311654612849e+01  1.451103184563896193e-30  1.451103184563896193e-30
1.037830311654612814e+01  9.149375009697079426e-46  9.149375009697079426e-46
1.047830311654612778e+01  1.476765651937660041e-61  1.476765651937660041e-61
