-1.530927836303774825e+00  1.921131139895728170e-08  1.921131139895728170e-08
-1.430927836303774736e+00  7.629928016479083933e-08  7.629928016479083933e-08
-1.330927836303774647e+00  2.873605710970968231e-07  2.873605710970968231e-07
-1.230927836303775003e+00  1.024859855398211030e-06  1.024859855398211030e-06
-1.130927836303774914e+00  3.458359827054793146e-06  3.458359827054793146e-06
-1.030927836303774825e+00  1.103639241134463866e-05  1.103639241134463866e-05
-9.309278363037747361e-01  3.329684330544451963e-05  3.329684330544451963e-05
-8.309278363037746473e-01  9.495459794201938357e-05  9.495459794201938357e-05
-7.309278363037747805e-01  2.559259394267849523e-04  2.559259394267849523e-04
-6.309278363037749138e-01  6.518759116906429037e-04  6.518759116906429037e-04
-5.309278363037748250e-01  1.569084868501309168e-03  1.569084868501309168e-03
-4.309278363037747361e-01  3.568985252026525730e-03  3.568985252026525730e-03
-3.309278363037746473e-01  7.670976481757736491e-03  7.670976481757736491e-03
-2.309278363037747805e-01  1.557966534122604343e-02  1.557966534122604343e-02
-1.309278363037746917e-01  2.989946638239678739e-02  2.989946638239678739e-02
-3.092783630377482496e-02  5.422062866719143392e-02  5.422062866719143392e-02
6.907216369622526386e-02  9.290964684178437683e-02  9.290964684178437683e-02
1.690721636962253527e-01  1.504363778592410217e-01  1.504363778592410217e-01
2.690721636962252195e-01  2.301668459999375582e-01  2.301668459999375582e-01
3.690721636962253083e-01  3.327623942605882346e-01  3.327623942605882346e-01
4.690721636962251750e-01  4.546040423463681979e-01  4.546040423463681979e-01
5.690721636962252639e-01  5.868798028939878897e-01  5.868798028939878897e-01
6.690721636962253527e-01  7.159717859139878016e-01  7.159717859139878016e-01
7.690721636962254415e-01  8.254579857612019955e-01  8.254579857612019955e-01
8.690721636962255303e-01  8.994549336073601742e-01  8.994549336073601742e-01
9.690721636962251750e-01  9.264049173781706559e-01  9.264049173781706559e-01
1.069072163696225264e+00  9.020721340272550570e-01  9.020721340272550570e-01
1.169072163696225353e+00  8.306784484702420812e-01  8.306784484702420812e-01
1.269072163696225441e+00  7.237573899566904778e-01  7.237573899566904778e-01
1.369072163696225530e+00  5.971502871741147800e-01  5.971502871741147800e-01
1.469072163696225175e+00  4.672158722375560069e-01  4.672158722375560069e-01
1.569072163696225264e+00  3.474900372280237959e-01  3.474900372280237959e-01
1.669072163696225353e+00  2.466918916286181818e-01  2.466918916286181818e-01
1.769072163696225441e+00  1.683485926582943548e-01  1.683485926582943548e-01
1.869072163696225530e+00  1.117217762587471991e-01  1.117217762587471991e-01
1.969072163696225175e+00  7.339602679979030653e-02  7.339602679979030653e-02
2.069072163696225264e+00  4.888904288796679792e-02  4.888904288796679792e-02
2.169072163696225353e+00  3.386276093073529309e-02  3.386276093073529309e-02
2.269072163696225441e+00  2.479401957396635756e-02  2.479401957396635756e-02
2.369072163696225530e+00  1.917628009314101961e-02  1.917628009314101961e-02
2.469072163696225175e+00  1.542167225265560042e-02  1.542167225265560042e-02
2.569072163696225708e+00  1.263267949320980195e-02  1.263267949320980195e-02
2.669072163696225353e+00  1.036180857289827235e-02  1.036180857289827235e-02
2.769072163696224997e+00  8.418337382321788506e-03  8.418337382321788506e-03
2.869072163696225530e+00  6.737264773641274927e-03  6.737264773641274927e-03
2.969072163696225175e+00  5.302219215734721262e-03  5.302219215734721262e-03
3.069072163696225708e+00  4.106512446406368998e-03  4.106512446406368998e-03
3.169072163696225353e+00  3.137501245024682840e-03  3.137501245024682840e-03
3.269072163696225886e+00  2.373379484077839992e-03  2.373379484077839992e-03
3.369072163696225530e+00  1.785507470094521883e-03  1.785507470094521883e-03
3.469072163696225175e+00  1.342376285572566188e-03  1.342376285572566188e-03
3.569072163696225708e+00  1.013255126979599376e-03  1.013255126979599376e-03
3.669072163696225353e+00  7.707407305185211190e-04  7.707407305185211190e-04
3.769072163696225886e+00  5.920836596407709094e-04  5.920836596407709094e-04
3.869072163696225530e+00  4.594939101972205994e-04  4.594939101972205994e-04
3.969072163696225175e+00  3.597501114856881295e-04  3.597501114856881295e-04
4.069072163696225708e+00  2.834352772025067299e-04  2.834352772025067299e-04
4.169072163696225353e+00  2.240569457851183108e-04  2.240569457851183108e-04
4.269072163696225886e+00  1.772227951717198836e-04  1.772227951717198836e-04
4.369072163696225530e+00  1.399613912098057582e-04  1.399613912098057582e-04
4.469072163696225175e+00  1.102153924500046643e-04  1.102153924500046643e-04
4.569072163696225708e+00  8.649495922462192181e-05  8.649495922462192181e-05
4.669072163696225353e+00  6.765963944887844780e-05  6.765963944887844780e-05
4.769072163696225886e+00  5.279208707016820601e-05  5.279208707016820601e-05
4.869072163696225530e+00  4.113071621346340174e-05  4.113071621346340174e-05
4.969072163696225175e+00  3.203597740777599259e-05  3.203597740777599259e-05
5.069072163696225708e+00  2.497310466052739595e-05  2.497310466052739595e-05
5.169072163696225353e+00  1.950114551602480270e-05  1.950114551602480270e-05
5.269072163696225886e+00  1.526318272964880454e-05  1.526318272964880454e-05
5.369072163696225530e+00  1.197590689085361543e-05  1.197590689085361543e-05
5.469072163696225175e+00  9.418462570765022448e-06  9.418462570765022448e-06
5.569072163696225708e+00  7.421221131463194763e-06  7.421221131463194763e-06
5.669072163696225353e+00  5.855246085878068721e-06  5.855246085878068721e-06
5.769072163696225886e+00  4.623028465829539873e-06  4.623028465829539873e-06
5.869072163696225530e+00  3.650788969154169693e-06  3.650788969154169693e-06
5.969072163696225175e+00  2.882387732694050852e-06  2.882387732694050852e-06
6.069072163696225708e+00  2.274701482279822929e-06  2.274701482279822929e-06
6.169072163696225353e+00  1.794229431452780662e-06  1.794229431452780662e-06
6.269072163696225886e+00  1.414659468441009099e-06  1.414659468441009099e-06
6.369072163696225530e+00  1.115142784058144900e-06  1.115142784058144900e-06
6.469072163696225175e+00  8.790666452132570637e-07  8.790666452132570637e-07
6.569072163696224820e+00  6.931647306905558393e-07  6.931647306905558393e-07
6.669072163696226241e+00  5.468514047712291240e-07  5.468514047712291240e-07
6.769072163696225886e+00  4.317048701875446006e-07  4.317048701875446006e-07
6.869072163696225530e+00  3.410525921147502854e-07  3.410525921147502854e-07
6.969072163696225175e+00  2.696314351056008454e-07  2.696314351056008454e-07
7.069072163696224820e+00  2.133065084628740523e-07  2.133065084628740523e-07
7.169072163696226241e+00  1.688389765692800041e-07  1.688389765692800041e-07
7.269072163696225886e+00  1.336960385141356454e-07  1.336960385141356454e-07
7.369072163696225530e+00  1.058974351758668716e-07  1.058974351758668716e-07
7.469072163696225175e+00  8.389322135792945836e-08  8.389322135792945836e-08
7.569072163696224820e+00  6.646773577224970693e-08  6.646773577224970693e-08
7.669072163696226241e+00  5.266498709841694467e-08  5.266498709841694467e-08
7.769072163696225886e+00  4.173112403498437126e-08  4.173112403498437126e-08
7.869072163696225530e+00  3.307023924720602741e-08  3.307023924720602741e-08
7.969072163696225175e+00  2.621039983163345408e-08  2.621039983163345408e-08
8.069072163696226596e+00  2.077742888174308901e-08  2.077742888174308901e-08
8.169072163696226241e+00  1.647453141024775843e-08  1.647453141024775843e-08
8.269072163696225886e+00  1.306633453313661555e-08  1.306633453313661555e-08
8.369072163696225530e+00  1.036628855405417942e-08  1.036628855405417942e-08
8.469072163696225175e+00  8.226659122475422367e-09  8.226659122475422367e-09
8.569072163696226596e+00  6.530545761397721499e-09  6.530545761397721499e-09
8.669072163696226241e+00  5.185506298404404037e-09  5.185506298404404037e-09
8.769072163696225886e+00  4.118466773603401025e-09  4.118466773603401025e-09
8.869072163696225530e+00  3.271666153353490445e-09  3.271666153353490445e-09
8.969072163696225175e+00  2.599435142510077637e-09  2.599435142510077637e-09
9.069072163696226596e+00  2.065645806614437790e-09  2.065645806614437790e-09
9.169072163696226241e+00  1.641698188817161326e-09  1.641698188817161326e-09
9.269072163696225886e+00  1.304934315509133649e-09  1.304934315509133649e-09
9.369072163696225530e+00  1.037390365825543152e-09  1.037390365825543152e-09
9.469072163696225175e+00  8.248150560006384708e-10  8.248150560006384708e-10
9.569072163696226596e+00  6.558968366508611589e-10  6.558968366508611589e-10
9.669072163696226241e+00  5.216545719644128603e-10  5.216545719644128603e-10
9.769072163696225886e+00  4.149562040555557638e-10  4.149562040555557638e-10
9.869072163696225530e+00  3.301377685890192496e-10  3.301377685890192496e-10
9.969072163696225175e+00  2.627013081614308498e-10  2.627013081614308498e-10
1.006907216369622660e+01  2.090750218702370227e-10  2.090750218702370227e-10
1.016907216369622624e+01  1.664226710795155567e-10  1.664226710795155567e-10
1.026907216369622589e+01  1.324920788032170580e-10  1.324920788032170580e-10
1.036907216369622553e+01  1.054947192112354385e-10  1.054947192112354385e-10
1.046907216369622518e+01  8.401005838389985740e-11  8.401005838389985740e-11
