-1.586956468526128816e+00  3.561984285543183857e-53  3.561984285543183857e-53
-1.486956468526128727e+00  3.303676606869534174e-49  3.303676606869534174e-49
-1.386956468526128639e+00  3.102431450081737827e-45  3.102431450081737827e-45
-1.286956468526128994e+00  2.031149526339963956e-41  2.031149526339963956e-41
-1.186956468526128905e+00  9.016779784645199324e-38  9.016779784645199324e-38
-1.086956468526128816e+00  2.708890358554990298e-34  2.708890358554990298e-34
-9.869564685261287273e-01  5.506717893170571399e-31  5.506717893170571399e-31
-8.869564685261286385e-01  7.574411233868533890e-28  7.574411233868533890e-28
-7.869564685261287718e-01  7.049507639285275817e-25  7.049507639285275817e-25
-6.869564685261289050e-01  4.439381132681626062e-22  4.439381132681626062e-22
-5.869564685261288162e-01  1.891645716020542986e-19  1.891645716020542986e-19
-4.869564685261287273e-01  5.453946702897426405e-17  5.453946702897426405e-17
-3.869564685261286385e-01  1.063985467939412669e-14  1.063985467939412669e-14
-2.869564685261287718e-01  1.404475673096830093e-12  1.404475673096830093e-12
-1.869564685261286829e-01  1.254430093491902183e-10  1.254430093491902183e-10
-8.695646852612881617e-02  7.581103485813017135e-09  7.581103485813017135e-09
1.304353147387127265e-02  3.100074308512140104e-07  3.100074308512140104e-07
1.130435314738713615e-01  8.577594293075657184e-06  8.577594293075657184e-06
2.130435314738712282e-01  1.605878249594762321e-04  1.605878249594762321e-04
3.130435314738713171e-01  2.034292739536354942e-03  2.034292739536354942e-03
4.130435314738711838e-01  1.743684875502132456e-02  1.743684875502132456e-02
5.130435314738712727e-01  1.011291300225111434e-01  1.011291300225111434e-01
6.130435314738713615e-01  3.968608558136363373e-01  3.968608558136363373e-01
7.130435314738714503e-01  1.053789821233214408e+00  1.053789821233214408e+00
8.130435314738715391e-01  1.893318101783475704e+00  1.893318101783475704e+00
9.130435314738711838e-01  2.301695274859536955e+00  2.301695274859536955e+00
1.013043531473871273e+00  1.893361324843422677e+00  1.893361324843422677e+00
1.113043531473871361e+00  1.054021753774532444e+00  1.054021753774532444e+00
1.213043531473871450e+00  3.978647952108774200e-01  3.978647952108774200e-01
1.313043531473871539e+00  1.047023637327148538e-01  1.047023637327148538e-01
1.413043531473871184e+00  2.789822658263506686e-02  2.789822658263506686e-02
1.513043531473871273e+00  2.722807464367548239e-02  2.722807464367548239e-02
1.613043531473871361e+00  5.006918886417886794e-02  5.006918886417886794e-02
1.713043531473871450e+00  8.133592306411546735e-02  8.133592306411546735e-02
1.813043531473871539e+00  1.090144429623234323e-01  1.090144429623234323e-01
1.913043531473871184e+00  1.202088444816402507e-01  1.202088444816402507e-01
2.013043531473871273e+00  1.090657358427349066e-01  1.090657358427349066e-01
2.113043531473871361e+00  8.149496617078974547e-02  8.149496617078974547e-02
2.213043531473871450e+00  5.035595418836419368e-02  5.035595418836419368e-02
2.313043531473871539e+00  2.623701472320314615e-02  2.623701472320314615e-02
2.413043531473871184e+00  1.259645613160183600e-02  1.259645613160183600e-02
2.513043531473871717e+00  7.409331645605327782e-03  7.409331645605327782e-03
2.613043531473871361e+00  7.054899700297645286e-03  7.054899700297645286e-03
2.713043531473871006e+00  8.611738804934349067e-03  8.611738804934349067e-03
2.813043531473871539e+00  1.023328017308334538e-02  1.023328017308334538e-02
2.913043531473871184e+00  1.088727461052564627e-02  1.088727461052564627e-02
3.013043531473871717e+00  1.021037748499357793e-02  1.021037748499357793e-02
3.113043531473871361e+00  8.433021163529102332e-03  8.433021163529102332e-03
3.213043531473871894e+00  6.163604342796915464e-03  6.163604342796915464e-03
3.313043531473871539e+00  4.049135675062835206e-03  4.049135675062835206e-03
3.413043531473871184e+00  2.499739507103147622e-03  2.499739507103147622e-03
3.513043531473871717e+00  1.609224825171743246e-03  1.609224825171743246e-03
3.613043531473871361e+00  1.244225511829732305e-03  1.244225511829732305e-03
3.713043531473871894e+00  1.185837782390513620e-03  1.185837782390513620e-03
3.813043531473871539e+00  1.234251325279818933e-03  1.234251325279818933e-03
3.913043531473871184e+00  1.255399504710493592e-03  1.255399504710493592e-03
4.013043531473871717e+00  1.187974146962682319e-03  1.187974146962682319e-03
4.113043531473871361e+00  1.030731837308020236e-03  1.030731837308020236e-03
4.213043531473871894e+00  8.201753829832846530e-04  8.201753829832846530e-04
4.313043531473871539e+00  6.050033701879390128e-04  6.050033701879390128e-04
4.413043531473871184e+00  4.247249199036502916e-04  4.247249199036502916e-04
4.513043531473871717e+00  2.985061718258893233e-04  2.985061718258893233e-04
4.613043531473871361e+00  2.252479520796493110e-04  2.252479520796493110e-04
4.713043531473871894e+00  1.909036727839528958e-04  1.909036727839528958e-04
4.813043531473871539e+00  1.774618004843597470e-04  1.774618004843597470e-04
4.913043531473871184e+00  1.696814236469455989e-04  1.696814236469455989e-04
5.013043531473871717e+00  1.583035623177821193e-04  1.583035623177821193e-04
5.113043531473871361e+00  1.402599089560259795e-04  1.402599089560259795e-04
5.213043531473871894e+00  1.170387331338255390e-04  1.170387331338255390e-04
5.313043531473871539e+00  9.234588313023153901e-05  9.234588313023153901e-05
5.413043531473871184e+00  6.995814018043717392e-05  6.995814018043717392e-05
5.513043531473871717e+00  5.233666651779426645e-05  5.233666651779426645e-05
5.613043531473871361e+00  4.017727127071298325e-05  4.017727127071298325e-05
5.713043531473871894e+00  3.271795975251478564e-05  3.271795975251478564e-05
5.813043531473871539e+00  2.842724867665512523e-05  2.842724867665512523e-05
5.913043531473871184e+00  2.570080390401786587e-05  2.570080390401786587e-05
6.013043531473871717e+00  2.333302376242064890e-05  2.333302376242064890e-05
6.113043531473871361e+00  2.069704660619607720e-05  2.069704660619607720e-05
6.213043531473871894e+00  1.768641927718930861e-05  1.768641927718930861e-05
6.313043531473871539e+00  1.452417473542719105e-05  1.452417473542719105e-05
6.413043531473871184e+00  1.154483544619864789e-05  1.154483544619864789e-05
6.513043531473870829e+00  9.024771899554718700e-06  9.024771899554718700e-06
6.613043531473872250e+00  7.095520993202460675e-06  7.095520993202460675e-06
6.713043531473871894e+00  5.737326709276717522e-06  5.737326709276717522e-06
6.813043531473871539e+00  4.825923760105074052e-06  4.825923760105074052e-06
6.913043531473871184e+00  4.198068793061682070e-06  4.198068793061682070e-06
7.013043531473870829e+00  3.707689278833151299e-06  3.707689278833151299e-06
7.113043531473872250e+00  3.257851725213708825e-06  3.257851725213708825e-06
7.213043531473871894e+00  2.806982771961981935e-06  2.806982771961981935e-06
7.313043531473871539e+00  2.356539024351278444e-06  2.356539024351278444e-06
7.413043531473871184e+00  1.930519567197219680e-06  1.930519567197219680e-06
7.513043531473870829e+00  1.556003580635021739e-06  1.556003580635021739e-06
7.613043531473872250e+00  1.250306795205517614e-06  1.250306795205517614e-06
7.713043531473871894e+00  1.016324731661686197e-06  1.016324731661686197e-06
7.813043531473871539e+00  8.445324055094047095e-07  8.445324055094047095e-07
7.913043531473871184e+00  7.185690521643207494e-07  7.185690521643207494e-07
8.013043531473872605e+00  6.213019691576975572e-07  6.213019691576975572e-07
8.113043531473872250e+00  5.392270021300735250e-07  5.392270021300735250e-07
8.213043531473871894e+00  4.643651276265277984e-07  4.643651276265277984e-07
8.313043531473871539e+00  3.939155796000663829e-07  3.939155796000663829e-07
8.413043531473871184e+00  3.285465718779017554e-07  3.285465718779017554e-07
8.513043531473872605e+00  2.703230461652581789e-07  2.703230461652581789e-07
8.613043531473872250e+00  2.210324817091074107e-07  2.210324817091074107e-07
8.713043531473871894e+00  1.812777705967217973e-07  1.812777705967217973e-07
8.813043531473871539e+00  1.503372551988847952e-07  1.503372551988847952e-07
8.913043531473871184e+00  1.265528977627763618e-07  1.265528977627763618e-07
9.013043531473872605e+00  1.079274047441013916e-07  1.079274047441013916e-07
9.113043531473872250e+00  9.265951113739310844e-08  9.265951113739310844e-08
9.213043531473871894e+00  7.946324055698030388e-08  7.946324055698030388e-08
9.313043531473871539e+00  6.764089604069439755e-08  6.764089604069439755e-08
9.413043531473871184e+00  5.696897526081539479e-08  5.696897526081539479e-08
9.513043531473872605e+00  4.749510242858482319e-08  4.749510242858482319e-08
9.613043531473872250e+00  3.933812423414757855e-08  3.933812423414757855e-08
9.713043531473871894e+00  3.255054239875577261e-08  3.255054239875577261e-08
9.813043531473871539e+00  2.706240711138307739e-08  2.706240711138307739e-08
9.913043531473871184e+00  2.269376271409647125e-08  2.269376271409647125e-08
1.001304353147387260e+01  1.920597260209891250e-08  1.920597260209891250e-08
1.011304353147387225e+01  1.636067490871000074e-08  1.636067490871000074e-08
1.021304353147387189e+01  1.396391161294007282e-08  1.396391161294007282e-08
1.031304353147387154e+01  1.188573045897284066e-08  1.188573045897284066e-08
1.041304353147387118e+01  1.005686880740588023e-08  1.005686880740588023e-08
