-1.541666665333896180e+00  4.197462001431064352e-10  4.197462001431064352e-10
-1.441666665333896091e+00  2.253461007091712317e-09  2.253461007091712317e-09
-1.341666665333896447e+00  1.136526645031700465e-08  1.136526645031700465e-08
-1.241666665333895914e+00  5.368840103356175767e-08  5.368840103356175767e-08
-1.141666665333896269e+00  2.371625917008460351e-07  2.371625917008460351e-07
-1.041666665333896180e+00  9.787814398382989382e-07  9.787814398382989382e-07
-9.416666653338960913e-01  3.772058757779559633e-06  3.772058757779559633e-06
-8.416666653338960025e-01  1.357054356620522230e-05  1.357054356620522230e-05
-7.416666653338961357e-01  4.556876819526913685e-05  4.556876819526913685e-05
-6.416666653338962689e-01  1.428050675025634879e-04  1.428050675025634879e-04
-5.416666653338961801e-01  4.176367281433801017e-04  4.176367281433801017e-04
-4.416666653338960913e-01  1.139765060438705738e-03  1.139765060438705738e-03
-3.416666653338960025e-01  2.902570723307982235e-03  2.902570723307982235e-03
-2.416666653338961357e-01  6.897542072153779041e-03  6.897542072153779041e-03
-1.416666653338960469e-01  1.529487429361588158e-02  1.529487429361588158e-02
-4.166666533389618010e-02  3.164720007359739240e-02  3.164720007359739240e-02
5.833333466610390872e-02  6.110289888792001800e-02  6.110289888792001800e-02
1.583333346661039975e-01  1.100844974127298537e-01  1.100844974127298537e-01
2.583333346661038643e-01  1.850676537871936700e-01  1.850676537871936700e-01
3.583333346661039531e-01  2.903213342889221504e-01  2.903213342889221504e-01
4.583333346661038199e-01  4.249894990436047237e-01  4.249894990436047237e-01
5.583333346661039087e-01  5.805492072087471422e-01  5.805492072087471422e-01
6.583333346661039975e-01  7.400799001970967961e-01  7.400799001970967961e-01
7.583333346661040864e-01  8.804900790763879881e-01  8.804900790763879881e-01
8.583333346661041752e-01  9.777359308702950891e-01  9.777359308702950891e-01
9.583333346661038199e-01  1.013549011854155690e+00  1.013549011854155690e+00
1.058333334666103909e+00  9.811177202258166696e-01  9.811177202258166696e-01
1.158333334666103998e+00  8.873016820443708763e-01  8.873016820443708763e-01
1.258333334666104086e+00  7.503888284227863137e-01  7.503888284227863137e-01
1.358333334666104175e+00  5.943916343646663547e-01  5.943916343646663547e-01
1.458333334666103820e+00  4.423085321055678643e-01  4.423085321055678643e-01
1.558333334666103909e+00  3.109087724637408789e-01  3.109087724637408789e-01
1.658333334666103998e+00  2.085237347486081361e-01  2.085237347486081361e-01
1.758333334666104086e+00  1.358070588657493138e-01  1.358070588657493138e-01
1.858333334666104175e+00  8.831154556116477261e-02  8.831154556116477261e-02
1.958333334666103820e+00  5.944063388525162861e-02  5.944063388525162861e-02
2.058333334666103909e+00  4.273225222174956844e-02  4.273225222174956844e-02
2.158333334666103998e+00  3.308941834643738117e-02  3.308941834643738117e-02
2.258333334666104086e+00  2.709504912856336087e-02  2.709504912856336087e-02
2.358333334666104175e+00  2.277740289525487238e-02  2.277740289525487238e-02
2.458333334666103820e+00  1.917578106632775517e-02  1.917578106632775517e-02
2.558333334666104353e+00  1.592689725721474492e-02  1.592689725721474492e-02
2.658333334666103998e+00  1.296164335896642268e-02  1.296164335896642268e-02
2.758333334666103642e+00  1.031905343843531053e-02  1.031905343843531053e-02
2.858333334666104175e+00  8.049812728928393279e-03  8.049812728928393279e-03
2.958333334666103820e+00  6.176887929490042055e-03  6.176887929490042055e-03
3.058333334666104353e+00  4.687854816696904528e-03  4.687854816696904528e-03
3.158333334666103998e+00  3.542154310404347674e-03  3.542154310404347674e-03
3.258333334666104530e+00  2.683265013341792297e-03  2.683265013341792297e-03
3.358333334666104175e+00  2.050338011682865686e-03  2.050338011682865686e-03
3.458333334666103820e+00  1.586792287840418231e-03  1.586792287840418231e-03
3.558333334666104353e+00  1.245237876935781753e-03  1.245237876935781753e-03
3.658333334666103998e+00  9.891805163001145176e-04  9.891805163001145176e-04
3.758333334666104530e+00  7.924560090685301914e-04  7.924560090685301914e-04
3.858333334666104175e+00  6.374146805572865164e-04  6.374146805572865164e-04
3.958333334666103820e+00  5.126960985838787841e-04  5.126960985838787841e-04
4.058333334666103909e+00  4.111520853018012364e-04  4.111520853018012364e-04
4.158333334666103553e+00  3.282004233555457784e-04  3.282004233555457784e-04
4.258333334666104975e+00  2.606813804747383783e-04  2.606813804747383783e-04
4.358333334666104619e+00  2.061609184523877569e-04  2.061609184523877569e-04
4.458333334666104264e+00  1.625679201314033252e-04  1.625679201314033252e-04
4.558333334666103909e+00  1.280459919688467973e-04  1.280459919688467973e-04
4.658333334666103553e+00  1.009207510772893547e-04  1.009207510772893547e-04
4.758333334666104975e+00  7.971343302184181361e-05  7.971343302184181361e-05
4.858333334666104619e+00  6.316023638778933268e-05  6.316023638778933268e-05
4.958333334666104264e+00  5.021887976045670391e-05  5.021887976045670391e-05
5.058333334666103909e+00  4.005817719994631410e-05  4.005817719994631410e-05
5.158333334666103553e+00  3.203403274052854180e-05  3.203403274052854180e-05
5.258333334666104975e+00  2.565798177548834867e-05  2.565798177548834867e-05
5.358333334666104619e+00  2.056418761898645304e-05  2.056418761898645304e-05
5.458333334666104264e+00  1.647919399892861170e-05  1.647919399892861170e-05
5.558333334666103909e+00  1.319680389364961926e-05  1.319680389364961926e-05
5.658333334666103553e+00  1.055880351186739324e-05  1.055880351186739324e-05
5.758333334666104975e+00  8.441121137010540768e-06  8.441121137010540768e-06
5.858333334666104619e+00  6.744414933785288508e-06  6.744414933785288508e-06
5.958333334666104264e+00  5.387910737300129180e-06  5.387910737300129180e-06
6.058333334666103909e+00  4.305409972037712092e-06  4.305409972037712092e-06
6.158333334666103553e+00  3.442620426760704682e-06  3.442620426760704682e-06
6.258333334666104975e+00  2.755225648726349994e-06  2.755225648726349994e-06
6.358333334666104619e+00  2.207340045520966684e-06  2.207340045520966684e-06
6.458333334666104264e+00  1.770169022968351015e-06  1.770169022968351015e-06
6.558333334666103909e+00  1.420803512555249206e-06  1.420803512555249206e-06
6.658333334666105330e+00  1.141136480689855769e-06  1.141136480689855769e-06
6.758333334666104975e+00  9.169109768894566615e-07  9.169109768894566615e-07
6.858333334666104619e+00  7.369100383599430291e-07  7.369100383599430291e-07
6.958333334666104264e+00  5.922901351315280488e-07  5.922901351315280488e-07
7.058333334666103909e+00  4.760495551926039151e-07  4.760495551926039151e-07
7.158333334666105330e+00  3.826152752682054987e-07  3.826152752682054987e-07
7.258333334666104975e+00  3.075278232934980205e-07  3.075278232934980205e-07
7.358333334666104619e+00  2.472031485326160917e-07  2.472031485326160917e-07
7.458333334666104264e+00  1.987525439108598871e-07  1.987525439108598871e-07
7.558333334666103909e+00  1.598450278840164488e-07  1.598450278840164488e-07
7.658333334666105330e+00  1.286002974559622482e-07  1.286002974559622482e-07
7.758333334666104975e+00  1.035037449373289981e-07  1.035037449373289981e-07
7.858333334666104619e+00  8.333775028148579836e-08  8.333775028148579836e-08
7.958333334666104264e+00  6.712543416763993010e-08  6.712543416763993010e-08
8.058333334666105685e+00  5.408436093566482583e-08  5.408436093566482583e-08
8.158333334666105330e+00  4.358846742843407519e-08  4.358846742843407519e-08
8.258333334666104975e+00  3.513693005115023826e-08  3.513693005115023826e-08
8.358333334666104619e+00  2.832891129383352564e-08  2.832891129383352564e-08
8.458333334666104264e+00  2.284325351923925610e-08  2.284325351923925610e-08
8.558333334666105685e+00  1.842227758527102045e-08  1.842227758527102045e-08
8.658333334666105330e+00  1.485893025286767902e-08  1.485893025286767902e-08
8.758333334666104975e+00  1.198661858060525591e-08  1.198661858060525591e-08
8.858333334666104619e+00  9.671170281284946725e-09  9.671170281284946725e-09
8.958333334666104264e+00  7.804459750887626087e-09  7.804459750887626087e-09
9.058333334666105685e+00  6.299333147205085928e-09  6.299333147205085928e-09
9.158333334666105330e+00  5.085547417819133523e-09  5.085547417819133523e-09
9.258333334666104975e+00  4.106505152096538297e-09  4.106505152096538297e-09
9.358333334666104619e+00  3.316619533416088678e-09  3.316619533416088678e-09
9.458333334666104264e+00  2.679183098206438755e-09  2.679183098206438755e-09
9.558333334666105685e+00  2.164642886835458784e-09  2.164642886835458784e-09
9.658333334666105330e+00  1.749205474562579247e-09  1.749205474562579247e-09
9.758333334666104975e+00  1.413710603275405948e-09  1.413710603275405948e-09
9.858333334666104619e+00  1.142723521333370609e-09  1.142723521333370609e-09
9.958333334666104264e+00  9.238049849374296096e-10  9.238049849374296096e-10
1.005833333466610569e+01  7.469250302122272608e-10  7.469250302122272608e-10
1.015833333466610533e+01  6.039925960173219108e-10  6.039925960173219108e-10
1.025833333466610497e+01  4.884781397523010129e-10  4.884781397523010129e-10
1.035833333466610462e+01  3.951106867919165474e-10  3.951106867919165474e-10
1.045833333466610426e+01  3.196343714292466464e-10  3.196343714292466464e-10
