-1.510101010101009500e+00  5.494280631923463879e-38  5.494280631923463879e-38
-1.410101010101008967e+00  4.707563288746495393e-35  4.707563288746495393e-35
-1.310101010101009322e+00  3.147584483931661247e-32  3.147584483931661247e-32
-1.210101010101009233e+00  1.601425424059918184e-29  1.601425424059918184e-29
-1.110101010101009145e+00  6.179808158854044532e-27  6.179808158854044532e-27
-1.010101010101009500e+00  1.807924921121725203e-24  1.807924921121725203e-24
-9.101010101010091891e-01  4.009500079208106240e-22  4.009500079208106240e-22
-8.101010101010093223e-01  6.740599326019409481e-20  6.740599326019409481e-20
-7.101010101010092335e-01  8.590214595661081114e-18  8.590214595661081114e-18
-6.101010101010091446e-01  8.298630750734344480e-16  8.298630750734344480e-16
-5.101010101010092779e-01  6.077230672208657244e-14  6.077230672208657244e-14
-4.101010101010091891e-01  3.373664038744699112e-12  3.373664038744699112e-12
-3.101010101010091002e-01  1.419694063412096842e-10  1.419694063412096842e-10
-2.101010101010092335e-01  4.528814391604219306e-09  4.528814391604219306e-09
-1.101010101010091446e-01  1.095143671748187511e-07  1.095143671748187511e-07
-1.010101010100927788e-02  2.007495099774093623e-06  2.007495099774093623e-06
8.989898989899081094e-02  2.789553593594316653e-05  2.789553593594316653e-05
1.898989898989908998e-01  2.938405615318297887e-04  2.938405615318297887e-04
2.898989898989907665e-01  2.346311132764954642e-03  2.346311132764954642e-03
3.898989898989908554e-01  1.420222139422330603e-02  1.420222139422330603e-02
4.898989898989907221e-01  6.516640742826206034e-02  6.516640742826206034e-02
5.898989898989908109e-01  2.266669030562707687e-01  2.266669030562707687e-01
6.898989898989908998e-01  5.976532628104744838e-01  5.976532628104744838e-01
7.898989898989909886e-01  1.194558453057248615e+00  1.194558453057248615e+00
8.898989898989910774e-01  1.809933970139511850e+00  1.809933970139511850e+00
9.898989898989907221e-01  2.078818187566777276e+00  2.078818187566777276e+00
1.089898989898990811e+00  1.809983940777154743e+00  1.809983940777154743e+00
1.189898989898990900e+00  1.194730797184331061e+00  1.194730797184331061e+00
1.289898989898990989e+00  5.981420671184058957e-01  5.981420671184058957e-01
1.389898989898991077e+00  2.278697786901605349e-01  2.278697786901605349e-01
1.489898989898990722e+00  6.774309163534029954e-02  6.774309163534029954e-02
1.589898989898990811e+00  1.900778912746579202e-02  1.900778912746579202e-02
1.689898989898990900e+00  1.014959550262022232e-02  1.014959550262022232e-02
1.789898989898990989e+00  1.132602216484014830e-02  1.132602216484014830e-02
1.889898989898991077e+00  1.360793207522897896e-02  1.360793207522897896e-02
1.989898989898990722e+00  1.455685387284175875e-02  1.455685387284175875e-02
2.089898989898991033e+00  1.358367793218553596e-02  1.358367793218553596e-02
2.189898989898990678e+00  1.104114971282449224e-02  1.104114971282449224e-02
2.289898989898991211e+00  7.821585625790789670e-03  7.821585625790789670e-03
2.389898989898990855e+00  4.839031812464537202e-03  4.839031812464537202e-03
2.489898989898990500e+00  2.632323382181524923e-03  2.632323382181524923e-03
2.589898989898991033e+00  1.287200220544312042e-03  1.287200220544312042e-03
2.689898989898990678e+00  6.053991857156225224e-04  6.053991857156225224e-04
2.789898989898990322e+00  3.197505076372602370e-04  3.197505076372602370e-04
2.889898989898990855e+00  2.218547070767530854e-04  2.218547070767530854e-04
2.989898989898990500e+00  1.908505099301260693e-04  1.908505099301260693e-04
3.089898989898991033e+00  1.720061300425036678e-04  1.720061300425036678e-04
3.189898989898990678e+00  1.476813564492771697e-04  1.476813564492771697e-04
3.289898989898991211e+00  1.170804661352445498e-04  1.170804661352445498e-04
3.389898989898990855e+00  8.509620851011545054e-05  8.509620851011545054e-05
3.489898989898990500e+00  5.677540670445463053e-05  5.677540670445463053e-05
3.589898989898991033e+00  3.503030809694830547e-05  3.503030809694830547e-05
3.689898989898990678e+00  2.034317377470403626e-05  2.034317377470403626e-05
3.789898989898991211e+00  1.153508609296096380e-05  1.153508609296096380e-05
3.889898989898990855e+00  6.793297601961937959e-06  6.793297601961937959e-06
3.989898989898990500e+00  4.436972287470588626e-06  4.436972287470588626e-06
4.089898989898991033e+00  3.264733408584964672e-06  3.264733408584964672e-06
4.189898989898990678e+00  2.578581858134117730e-06  2.578581858134117730e-06
4.289898989898991211e+00  2.053723188487304162e-06  2.053723188487304162e-06
4.389898989898990855e+00  1.583572625143340717e-06  1.583572625143340717e-06
4.489898989898990500e+00  1.160532781122240995e-06  1.160532781122240995e-06
4.589898989898991033e+00  8.044940979324153094e-07  8.044940979324153094e-07
4.689898989898990678e+00  5.295791940947335372e-07  5.295791940947335372e-07
4.789898989898991211e+00  3.350204061247709528e-07  3.350204061247709528e-07
4.889898989898990855e+00  2.081140128632668338e-07  2.081140128632668338e-07
4.989898989898990500e+00  1.309306593799211206e-07  1.309306593799211206e-07
5.089898989898991033e+00  8.613631363547587583e-08  8.613631363547587583e-08
5.189898989898990678e+00  6.021795021380823612e-08  6.021795021380823612e-08
5.289898989898991211e+00  4.427009555697840523e-08  4.427009555697840523e-08
5.389898989898990855e+00  3.328139372381070508e-08  3.328139372381070508e-08
5.489898989898990500e+00  2.487742844668510027e-08  2.487742844668510027e-08
5.589898989898991033e+00  1.814503289102411122e-08  1.814503289102411122e-08
5.689898989898990678e+00  1.280227711753270031e-08  1.280227711753270031e-08
5.789898989898991211e+00  8.733657930078699919e-09  8.733657930078699919e-09
5.889898989898990855e+00  5.797572025149018751e-09  5.797572025149018751e-09
5.989898989898990500e+00  3.791746664659506190e-09  3.791746664659506190e-09
6.089898989898991033e+00  2.485318897250256756e-09  2.485318897250256756e-09
6.189898989898990678e+00  1.661541018266432124e-09  1.661541018266432124e-09
6.289898989898991211e+00  1.145940989126038953e-09  1.145940989126038953e-09
6.389898989898990855e+00  8.151404405858442947e-10  8.151404405858442947e-10
6.489898989898990500e+00  5.914879134869829609e-10  5.914879134869829609e-10
6.589898989898990145e+00  4.310987472223368139e-10  4.310987472223368139e-10
6.689898989898991566e+00  3.113198940322847762e-10  3.113198940322847762e-10
6.789898989898991211e+00  2.208635494389566533e-10  2.208635494389566533e-10
6.889898989898990855e+00  1.534907941127453484e-10  1.534907941127453484e-10
6.989898989898990500e+00  1.047333132910976428e-10  1.047333132910976428e-10
7.089898989898990145e+00  7.063386420650076770e-11  7.063386420650076770e-11
7.189898989898991566e+00  4.753749542530217531e-11  4.753749542530217531e-11
7.289898989898991211e+00  3.225504362982127181e-11  3.225504362982127181e-11
7.389898989898990855e+00  2.223374652067234680e-11  2.223374652067234680e-11
7.489898989898990500e+00  1.560457343099537194e-11  1.560457343099537194e-11
7.589898989898990145e+00  1.110925082214520323e-11  1.110925082214520323e-11
7.689898989898991566e+00  7.961031924279384683e-12  7.961031924279384683e-12
7.789898989898991211e+00  5.694398402999569689e-12  5.694398402999569689e-12
7.889898989898990855e+00  4.039026943459364416e-12  4.039026943459364416e-12
7.989898989898990500e+00  2.831362696122821208e-12  2.831362696122821208e-12
8.089898989898991033e+00  1.961721367722703100e-12  1.961721367722703100e-12
8.189898989898992454e+00  1.347581009416692323e-12  1.347581009416692323e-12
8.289898989898990322e+00  9.226375198571468945e-13  9.226375198571468945e-13
8.389898989898991744e+00  6.333948893916284562e-13  6.333948893916284562e-13
8.489898989898989612e+00  4.381887101251063889e-13  4.381887101251063889e-13
8.589898989898991033e+00  3.062308623633903866e-13  3.062308623633903866e-13
8.689898989898992454e+00  2.160129756836896475e-13  2.160129756836896475e-13
8.789898989898990322e+00  1.532589241526296280e-13  1.532589241526296280e-13
8.889898989898991744e+00  1.088488184823734453e-13  1.088488184823734453e-13
8.989898989898989612e+00  7.704945043310996425e-14  7.704945043310996425e-14
9.089898989898992809e+00  5.420219012219680296e-14  5.420219012219680296e-14
9.189898989898992454e+00  3.786198571718367006e-14  3.786198571718367006e-14
9.289898989898992099e+00  2.629287782614891535e-14  2.629287782614891535e-14
9.389898989898991744e+00  1.820118957828707800e-14  1.820118957828707800e-14
9.489898989898991388e+00  1.260343528443645237e-14  1.260343528443645237e-14
9.589898989898992809e+00  8.757778930544804188e-15  8.757778930544804188e-15
9.689898989898992454e+00  6.119034651136493276e-15  6.119034651136493276e-15
9.789898989898992099e+00  4.299968002432186658e-15  4.299968002432186658e-15
9.889898989898991744e+00  3.034722106649480298e-15  3.034722106649480298e-15
9.989898989898991388e+00  2.145646199981847484e-15  2.145646199981847484e-15
1.008989898989899281e+01  1.515694586209662135e-15  1.515694586209662135e-15
1.018989898989899245e+01  1.067496818095798117e-15  1.067496818095798117e-15
1.028989898989899210e+01  7.488301579978774839e-16  7.488301579978774839e-16
1.038989898989899174e+01  5.233095240934611679e-16  5.233095240934611679e-16
1.048989898989899139e+01  3.647948139415518740e-16  3.647948139415518740e-16
