-1.649417476435965924e+00  3.716666695831523579e-11  3.716666695831523579e-11
-1.549417476435965391e+00  2.337620817260819600e-10  2.337620817260819600e-10
-1.449417476435965746e+00  1.392127381478100557e-09  1.392127381478100557e-09
-1.349417476435965657e+00  7.770813146743397933e-09  7.770813146743397933e-09
-1.249417476435965568e+00  4.043247871468801427e-08  4.043247871468801427e-08
-1.149417476435965924e+00  1.955086449295711592e-07  1.955086449295711592e-07
-1.049417476435965391e+00  8.771217370599361669e-07  8.771217370599361669e-07
-9.494174764359657459e-01  3.647669457469397166e-06  3.647669457469397166e-06
-8.494174764359656571e-01  1.405425079925471571e-05  1.405425079925471571e-05
-7.494174764359655683e-01  5.015404839656932578e-05  5.015404839656932578e-05
-6.494174764359657015e-01  1.657421684457703799e-04  1.657421684457703799e-04
-5.494174764359656127e-01  5.071565924069244401e-04  5.071565924069244401e-04
-4.494174764359655239e-01  1.436827479628346267e-03  1.436827479628346267e-03
-3.494174764359656571e-01  3.768801097678546250e-03  3.768801097678546250e-03
-2.494174764359655683e-01  9.152242176359657450e-03  9.152242176359657450e-03
-1.494174764359657015e-01  2.057652409326799631e-02  2.057652409326799631e-02
-4.941747643596561268e-02  4.282871429614951847e-02  4.282871429614951847e-02
5.058252356403447614e-02  8.253122385796592131e-02  8.253122385796592131e-02
1.505825235640343429e-01  1.472404807509042901e-01  1.472404807509042901e-01
2.505825235640344317e-01  2.432048382118634222e-01  2.432048382118634222e-01
3.505825235640342985e-01  3.719381148439099838e-01  3.719381148439099838e-01
4.505825235640343873e-01  5.266853003724486504e-01  5.266853003724486504e-01
5.505825235640344761e-01  6.906538480952170156e-01  6.906538480952170156e-01
6.505825235640345650e-01  8.388334630804991088e-01  8.388334630804991088e-01
7.505825235640346538e-01  9.439036775541473911e-01  9.439036775541473911e-01
8.505825235640342985e-01  9.845579960681030141e-01  9.845579960681030141e-01
9.505825235640343873e-01  9.528252081256683992e-01  9.528252081256683992e-01
1.050582523564034476e+00  8.569527402820523720e-01  8.569527402820523720e-01
1.150582523564034565e+00  7.184175202061925392e-01  7.184175202061925392e-01
1.250582523564034654e+00  5.645202684149317474e-01  5.645202684149317474e-01
1.350582523564034299e+00  4.200167625359364498e-01  4.200167625359364498e-01
1.450582523564034387e+00  3.012175917474440023e-01  3.012175917474440023e-01
1.550582523564034476e+00  2.142300496796722131e-01  2.142300496796722131e-01
1.650582523564034565e+00  1.568333415740554293e-01  1.568333415740554293e-01
1.750582523564034654e+00  1.221430461649326421e-01  1.221430461649326421e-01
1.850582523564034299e+00  1.021625757376820043e-01  1.021625757376820043e-01
1.950582523564034387e+00  9.011567547394308542e-02  9.011567547394308542e-02
2.050582523564034254e+00  8.138181558872746579e-02  8.138181558872746579e-02
2.150582523564034787e+00  7.342873071530856000e-02  7.342873071530856000e-02
2.250582523564034432e+00  6.527020513605562291e-02  6.527020513605562291e-02
2.350582523564034076e+00  5.684381203377983360e-02  5.684381203377983360e-02
2.450582523564034609e+00  4.850664702145041085e-02  4.850664702145041085e-02
2.550582523564034254e+00  4.070201688634619147e-02  4.070201688634619147e-02
2.650582523564033899e+00  3.377831252431540837e-02  3.377831252431540837e-02
2.750582523564034432e+00  2.791945791594766663e-02  2.791945791594766663e-02
2.850582523564034076e+00  2.314682115643552224e-02  2.314682115643552224e-02
2.950582523564034609e+00  1.935944589934631560e-02  1.935944589934631560e-02
3.050582523564034254e+00  1.638744249589030658e-02  1.638744249589030658e-02
3.150582523564034787e+00  1.404139387737425408e-02  1.404139387737425408e-02
3.250582523564034432e+00  1.214833195629101172e-02  1.214833195629101172e-02
3.350582523564034076e+00  1.057146031765256698e-02  1.057146031765256698e-02
3.450582523564034609e+00  9.215529517025759093e-03  9.215529517025759093e-03
3.550582523564034254e+00  8.022265158598114454e-03  8.022265158598114454e-03
3.650582523564034787e+00  6.960753407625131645e-03  6.960753407625131645e-03
3.750582523564034432e+00  6.016849457231119615e-03  6.016849457231119615e-03
3.850582523564034076e+00  5.184231144745003392e-03  5.184231144745003392e-03
3.950582523564034609e+00  4.458268295850750622e-03  4.458268295850750622e-03
4.050582523564034254e+00  3.832767913156883387e-03  3.832767913156883387e-03
4.150582523564034787e+00  3.299001431677594035e-03  3.299001431677594035e-03
4.250582523564034432e+00  2.846177620846241686e-03  2.846177620846241686e-03
4.350582523564034076e+00  2.462570917161616049e-03  2.462570917161616049e-03
4.450582523564034609e+00  2.136715154903681864e-03  2.136715154903681864e-03
4.550582523564034254e+00  1.858316593464486152e-03  1.858316593464486152e-03
4.650582523564034787e+00  1.618755909837131784e-03  1.618755909837131784e-03
4.750582523564034432e+00  1.411201511024903332e-03  1.411201511024903332e-03
4.850582523564034076e+00  1.230439532575905741e-03  1.230439532575905741e-03
4.950582523564034609e+00  1.072550288964740396e-03  1.072550288964740396e-03
5.050582523564034254e+00  9.345457624480881225e-04  9.345457624480881225e-04
5.150582523564034787e+00  8.140476895143762938e-04  8.140476895143762938e-04
5.250582523564034432e+00  7.090468893266942780e-04  7.090468893266942780e-04
5.350582523564034076e+00  6.177519708765191958e-04  6.177519708765191958e-04
5.450582523564034609e+00  5.385141373532581358e-04  5.385141373532581358e-04
5.550582523564034254e+00  4.698047890999690595e-04  4.698047890999690595e-04
5.650582523564034787e+00  4.102216512156170772e-04  4.102216512156170772e-04
5.750582523564034432e+00  3.585037955420450340e-04  3.585037955420450340e-04
5.850582523564034076e+00  3.135428984327089130e-04  3.135428984327089130e-04
5.950582523564034609e+00  2.743848979169282234e-04  2.743848979169282234e-04
6.050582523564034254e+00  2.402214456823317410e-04  2.402214456823317410e-04
6.150582523564034787e+00  2.103736867071032905e-04  2.103736867071032905e-04
6.250582523564034432e+00  1.842721072600408017e-04  1.842721072600408017e-04
6.350582523564034076e+00  1.614359961091170405e-04  1.614359961091170405e-04
6.450582523564033721e+00  1.414550877537156372e-04  1.414550877537156372e-04
6.550582523564035142e+00  1.239747437878523561e-04  1.239747437878523561e-04
6.650582523564034787e+00  1.086849542831304133e-04  1.086849542831304133e-04
6.750582523564034432e+00  9.531269699038693991e-05  9.531269699038693991e-05
6.850582523564034076e+00  8.361681786154273881e-05  8.361681786154273881e-05
6.950582523564033721e+00  7.338453208913509583e-05  7.338453208913509583e-05
7.050582523564035142e+00  6.442878472982807516e-05  6.442878472982807516e-05
7.150582523564034787e+00  5.658594435918263752e-05  5.658594435918263752e-05
7.250582523564034432e+00  4.971354469869413193e-05  4.971354469869413193e-05
7.350582523564034076e+00  4.368798330112343077e-05  4.368798330112343077e-05
7.450582523564033721e+00  3.840221070846395806e-05  3.840221070846395806e-05
7.550582523564035142e+00  3.376349982546526595e-05  3.376349982546526595e-05
7.650582523564034787e+00  2.969138962796774169e-05  2.969138962796774169e-05
7.750582523564034432e+00  2.611587080337723817e-05  2.611587080337723817e-05
7.850582523564034076e+00  2.297584289170756151e-05  2.297584289170756151e-05
7.950582523564035498e+00  2.021783704280762485e-05  2.021783704280762485e-05
8.050582523564035142e+00  1.779497339068044964e-05  1.779497339068044964e-05
8.150582523564034787e+00  1.566610950844104412e-05  1.566610950844104412e-05
8.250582523564034432e+00  1.379513487555735683e-05  1.379513487555735683e-05
8.350582523564034076e+00  1.215037226002162848e-05  1.215037226002162848e-05
8.450582523564035498e+00  1.070405652199707707e-05  1.070405652199707707e-05
8.550582523564035142e+00  9.431871368046589106e-06  9.431871368046589106e-06
8.650582523564034787e+00  8.312532937191780940e-06  8.312532937191780940e-06
8.750582523564034432e+00  7.327414848212635766e-06  7.327414848212635766e-06
8.850582523564034076e+00  6.460212462409339782e-06  6.460212462409339782e-06
8.950582523564035498e+00  5.696645160897007189e-06  5.696645160897007189e-06
9.050582523564035142e+00  5.024195167200914569e-06  5.024195167200914569e-06
9.150582523564034787e+00  4.431880598681280461e-06  4.431880598681280461e-06
9.250582523564034432e+00  3.910059557494816096e-06  3.910059557494816096e-06
9.350582523564034076e+00  3.450261496094930271e-06  3.450261496094930271e-06
9.450582523564035498e+00  3.045041926805981396e-06  3.045041926805981396e-06
9.550582523564035142e+00  2.687856752670163103e-06  2.687856752670163103e-06
9.650582523564034787e+00  2.372952959550361898e-06  2.372952959550361898e-06
9.750582523564034432e+00  2.095272988379184391e-06  2.095272988379184391e-06
9.850582523564034076e+00  1.850370682304797451e-06  1.850370682304797451e-06
9.950582523564035498e+00  1.634337197101848835e-06  1.634337197101848835e-06
1.005058252356403514e+01  1.443735638462234921e-06  1.443735638462234921e-06
1.015058252356403479e+01  1.275543445682259471e-06  1.275543445682259471e-06
1.025058252356403443e+01  1.127101699185909011e-06  1.127101699185909011e-06
1.035058252356403408e+01  9.960706200710900168e-07  9.960706200710900168e-07
