-1.649417828273242570e+00  9.479628996369631818e-12  9.479628996369631818e-12
-1.549417828273242037e+00  6.629254469358173443e-11  6.629254469358173443e-11
-1.449417828273242392e+00  4.380609094169956654e-10  4.380609094169956654e-10
-1.349417828273242304e+00  2.703701130203698136e-09  2.703701130203698136e-09
-1.249417828273242215e+00  1.549016177564446463e-08  1.549016177564446463e-08
-1.149417828273242570e+00  8.211328776669312719e-08  8.211328776669312719e-08
-1.049417828273242037e+00  4.020496969251788695e-07  4.020496969251788695e-07
-9.494178282732423924e-01  1.816552040651511894e-06  1.816552040651511894e-06
-8.494178282732423035e-01  7.569937573751935676e-06  7.569937573751935676e-06
-7.494178282732422147e-01  2.908608025837374422e-05  2.908608025837374422e-05
-6.494178282732423479e-01  1.030272896784536162e-04  1.030272896784536162e-04
-5.494178282732422591e-01  3.363949739397505221e-04  3.363949739397505221e-04
-4.494178282732421703e-01  1.012395884546239341e-03  1.012395884546239341e-03
-3.494178282732423035e-01  2.808270320267613942e-03  2.808270320267613942e-03
-2.494178282732422147e-01  7.179690705829341879e-03  7.179690705829341879e-03
-1.494178282732423479e-01  1.691787947751704699e-02  1.691787947751704699e-02
-4.941782827324225913e-02  3.674159037628816488e-02  3.674159037628816488e-02
5.058217172675782969e-02  7.354333849817068502e-02  7.354333849817068502e-02
1.505821717267576965e-01  1.356772452169664467e-01  1.356772452169664467e-01
2.505821717267577853e-01  2.307057186618361455e-01  2.307057186618361455e-01
3.505821717267576521e-01  3.615874527316186304e-01  3.615874527316186304e-01
4.505821717267577409e-01  5.223943729995041974e-01  5.223943729995041974e-01
5.505821717267578297e-01  6.957573541626582703e-01  6.957573541626582703e-01
6.505821717267579185e-01  8.544085130576983822e-01  8.544085130576983822e-01
7.505821717267580073e-01  9.677199119284953799e-01  9.677199119284953799e-01
8.505821717267576521e-01  1.011429449924938107e+00  1.011429449924938107e+00
9.505821717267577409e-01  9.764057365981440029e-01  9.764057365981440029e-01
1.050582171726757830e+00  8.721381149149414203e-01  8.721381149149414203e-01
1.150582171726757919e+00  7.231248729672165032e-01  7.231248729672165032e-01
1.250582171726758007e+00  5.600099004819063531e-01  5.600099004819063531e-01
1.350582171726757652e+00  4.098024693447105959e-01  4.098024693447105959e-01
1.450582171726757741e+00  2.893432762799424407e-01  2.893432762799424407e-01
1.550582171726757830e+00  2.038306019284108483e-01  2.038306019284108483e-01
1.650582171726757919e+00  1.494973677236605403e-01  1.494973677236605403e-01
1.750582171726758007e+00  1.180472242718547810e-01  1.180472242718547810e-01
1.850582171726757652e+00  1.006152586101990709e-01  1.006152586101990709e-01
1.950582171726757741e+00  9.012934002578042170e-02  9.012934002578042170e-02
2.050582171726757608e+00  8.206230240319450919e-02  8.206230240319450919e-02
2.150582171726758141e+00  7.414825908006079935e-02  7.414825908006079935e-02
2.250582171726757785e+00  6.568720193265367713e-02  6.568720193265367713e-02
2.350582171726757430e+00  5.684709225452491688e-02  5.684709225452491688e-02
2.450582171726757963e+00  4.813745215637119795e-02  4.813745215637119795e-02
2.550582171726757608e+00  4.008067913539843652e-02  4.008067913539843652e-02
2.650582171726757252e+00  3.304615434057582568e-02  3.304615434057582568e-02
2.750582171726757785e+00  2.719932237728790725e-02  2.719932237728790725e-02
2.850582171726757430e+00  2.252221449677992843e-02  2.252221449677992843e-02
2.950582171726757963e+00  1.886974016451828384e-02  1.886974016451828384e-02
3.050582171726757608e+00  1.603457359971104806e-02  1.603457359971104806e-02
3.150582171726758141e+00  1.380257512414268667e-02  1.380257512414268667e-02
3.250582171726757785e+00  1.198975908306776188e-02  1.198975908306776188e-02
3.350582171726757430e+00  1.045947851506964094e-02  1.045947851506964094e-02
3.450582171726757963e+00  9.123600383396541016e-03  9.123600383396541016e-03
3.550582171726757608e+00  7.933693773933041260e-03  7.933693773933041260e-03
3.650582171726758141e+00  6.868165759496174146e-03  6.868165759496174146e-03
3.750582171726757785e+00  5.919799345511010322e-03  5.919799345511010322e-03
3.850582171726757430e+00  5.086214652389501288e-03  5.086214652389501288e-03
3.950582171726757963e+00  4.364056446188869544e-03  4.364056446188869544e-03
4.050582171726757608e+00  3.746534076892696352e-03  3.746534076892696352e-03
4.150582171726758141e+00  3.223350703362363838e-03  3.223350703362363838e-03
4.250582171726757785e+00  2.781939913602968651e-03  2.781939913602968651e-03
4.350582171726757430e+00  2.409102902429201883e-03  2.409102902429201883e-03
4.450582171726757963e+00  2.092442298227513344e-03  2.092442298227513344e-03
4.550582171726757608e+00  1.821297591375150822e-03  1.821297591375150822e-03
4.650582171726758141e+00  1.587131237982241858e-03  1.587131237982241858e-03
4.750582171726757785e+00  1.383467253316139102e-03  1.383467253316139102e-03
4.850582171726757430e+00  1.205549733554537846e-03  1.205549733554537846e-03
4.950582171726757963e+00  1.049888676001014404e-03  1.049888676001014404e-03
5.050582171726757608e+00  9.138217476346541550e-04  9.138217476346541550e-04
5.150582171726758141e+00  7.951678661684987402e-04  7.951678661684987402e-04
5.250582171726757785e+00  6.919993607363890019e-04  6.919993607363890019e-04
5.350582171726757430e+00  6.025238003832720200e-04  6.025238003832720200e-04
5.450582171726757963e+00  5.250470624606519421e-04  5.250470624606519421e-04
5.550582171726757608e+00  4.579838096858836844e-04  4.579838096858836844e-04
5.650582171726758141e+00  3.998858102848901262e-04  3.998858102848901262e-04
5.750582171726757785e+00  3.494676153237976724e-04  3.494676153237976724e-04
5.850582171726757430e+00  3.056190104954542531e-04  3.056190104954542531e-04
5.950582171726757963e+00  2.674018207432386275e-04  2.674018207432386275e-04
6.050582171726757608e+00  2.340339318331295930e-04  2.340339318331295930e-04
6.150582171726758141e+00  2.048657798669081776e-04  2.048657798669081776e-04
6.250582171726757785e+00  1.793546904627602674e-04  1.793546904627602674e-04
6.350582171726757430e+00  1.570412179105295624e-04  1.570412179105295624e-04
6.450582171726757075e+00  1.375298824608543399e-04  1.375298824608543399e-04
6.550582171726758496e+00  1.204750505446641447e-04  1.204750505446641447e-04
6.650582171726758141e+00  1.055714947207551620e-04  1.055714947207551620e-04
6.750582171726757785e+00  9.254851228878282837e-05  9.254851228878282837e-05
6.850582171726757430e+00  8.116631006078850170e-05  8.116631006078850170e-05
6.950582171726757075e+00  7.121352762317824543e-05  7.121352762317824543e-05
7.050582171726758496e+00  6.250510483992271203e-05  6.250510483992271203e-05
7.150582171726758141e+00  5.488006140100373711e-05  5.488006140100373711e-05
7.250582171726757785e+00  4.819905564746897718e-05  4.819905564746897718e-05
7.350582171726757430e+00  4.234178563357006073e-05  4.234178563357006073e-05
7.450582171726757075e+00  3.720438600150456849e-05  3.720438600150456849e-05
7.550582171726758496e+00  3.269698260066207745e-05  3.269698260066207745e-05
7.650582171726758141e+00  2.874152519747964410e-05  2.874152519747964410e-05
7.750582171726757785e+00  2.526995777883677901e-05  2.526995777883677901e-05
7.850582171726757430e+00  2.222272857894456283e-05  2.222272857894456283e-05
7.950582171726758851e+00  1.954760081892357513e-05  1.954760081892357513e-05
8.050582171726759384e+00  1.719870409192002505e-05  1.719870409192002505e-05
8.150582171726757252e+00  1.513576296354007880e-05  1.513576296354007880e-05
8.250582171726758673e+00  1.332344808624378322e-05  1.332344808624378322e-05
8.350582171726756542e+00  1.173080969980057162e-05  1.173080969980057162e-05
8.450582171726757963e+00  1.033076861140185107e-05  1.033076861140185107e-05
8.550582171726759384e+00  9.099652258017618838e-06  9.099652258017618838e-06
8.650582171726757252e+00  8.016771780208856055e-06  8.016771780208856055e-06
8.750582171726758673e+00  7.064040201406271808e-06  7.064040201406271808e-06
8.850582171726756542e+00  6.225632736122779445e-06  6.225632736122779445e-06
8.950582171726757963e+00  5.487689214511936590e-06  5.487689214511936590e-06
9.050582171726759384e+00  4.838056801511514510e-06  4.838056801511514510e-06
9.150582171726759029e+00  4.266069483009680800e-06  4.266069483009680800e-06
9.250582171726758673e+00  3.762359676416319252e-06  3.762359676416319252e-06
9.350582171726758318e+00  3.318696940983132933e-06  3.318696940983132933e-06
9.450582171726759739e+00  2.927849016631801961e-06  2.927849016631801961e-06
9.550582171726759384e+00  2.583461090043802625e-06  2.583461090043802625e-06
9.650582171726759029e+00  2.279950032703412782e-06  2.279950032703412782e-06
9.750582171726758673e+00  2.012411180363778943e-06  2.012411180363778943e-06
9.850582171726758318e+00  1.776535903008435137e-06  1.776535903008435137e-06
9.950582171726759739e+00  1.568538698947658003e-06  1.568538698947658003e-06
1.005058217172675938e+01  1.385092844016467555e-06  1.385092844016467555e-06
1.015058217172675903e+01  1.223273778977387679e-06  1.223273778977387679e-06
1.025058217172675867e+01  1.080509479238987217e-06  1.080509479238987217e-06
1.035058217172675832e+01  9.545370705354289369e-07  9.545370705354289369e-07
