-1.662778531617680855e+00  4.181119637385636679e-13  4.181119637385636679e-13
-1.562778531617681210e+00  3.708178068077622880e-12  3.708178068077622880e-12
-1.462778531617681121e+00  3.100055614286335299e-11  3.100055614286335299e-11
-1.362778531617681033e+00  2.403618773941640750e-10  2.403618773941640750e-10
-1.262778531617681388e+00  1.714369496216835072e-09  1.714369496216835072e-09
-1.162778531617680855e+00  1.120290899884316499e-08  1.120290899884316499e-08
-1.062778531617681210e+00  6.693708412003714120e-08  6.693708412003714120e-08
-9.627785316176811214e-01  3.653117901687821293e-07  3.653117901687821293e-07
-8.627785316176810326e-01  1.820061341905854304e-06  1.820061341905854304e-06
-7.627785316176809438e-01  8.275736989959534644e-06  8.275736989959534644e-06
-6.627785316176810770e-01  3.433642669212833763e-05  3.433642669212833763e-05
-5.627785316176809882e-01  1.299843626135016789e-04  1.299843626135016789e-04
-4.627785316176808994e-01  4.489431885889917954e-04  4.489431885889917954e-04
-3.627785316176810326e-01  1.414628085665789589e-03  1.414628085665789589e-03
-2.627785316176809438e-01  4.066642100973453210e-03  4.066642100973453210e-03
-1.627785316176810770e-01  1.066518463035792154e-02  1.066518463035792154e-02
-6.277853161768098822e-02  2.551751077108833574e-02  2.551751077108833574e-02
3.722146838231910060e-02  5.569894699111872099e-02  5.569894699111872099e-02
1.372214683823189674e-01  1.109170855631909508e-01  1.109170855631909508e-01
2.372214683823190562e-01  2.015118202629554434e-01  2.015118202629554434e-01
3.372214683823189230e-01  3.340156906320467800e-01  3.340156906320467800e-01
4.372214683823190118e-01  5.051505214305856972e-01  5.051505214305856972e-01
5.372214683823191006e-01  6.971119142653295908e-01  6.971119142653295908e-01
6.372214683823191894e-01  8.779757550035902636e-01  8.779757550035902636e-01
7.372214683823192782e-01  1.009457358961310058e+00  1.009457358961310058e+00
8.372214683823189230e-01  1.060118347627736268e+00  1.060118347627736268e+00
9.372214683823190118e-01  1.017959096845815647e+00  1.017959096845815647e+00
1.037221468382319101e+00  8.955582495670106891e-01  8.955582495670106891e-01
1.137221468382319189e+00  7.247698032483044228e-01  7.247698032483044228e-01
1.237221468382319278e+00  5.439932874737977153e-01  5.439932874737977153e-01
1.337221468382318923e+00  3.848822729398393983e-01  3.848822729398393983e-01
1.437221468382319012e+00  2.645776855881710743e-01  2.645776855881710743e-01
1.537221468382319101e+00  1.853848109264140120e-01  1.853848109264140120e-01
1.637221468382319189e+00  1.396574338205923693e-01  1.396574338205923693e-01
1.737221468382319278e+00  1.160236906395272077e-01  1.160236906395272077e-01
1.837221468382318923e+00  1.040494088354737140e-01  1.040494088354737140e-01
1.937221468382319012e+00  9.640314615381528895e-02  9.640314615381528895e-02
2.037221468382319323e+00  8.905157048095052597e-02  8.905157048095052597e-02
2.137221468382318967e+00  8.047589804363314281e-02  8.047589804363314281e-02
2.237221468382319500e+00  7.068103599342671906e-02  7.068103599342671906e-02
2.337221468382319145e+00  6.037461554528439356e-02  6.037461554528439356e-02
2.437221468382319678e+00  5.041260148524042556e-02  5.041260148524042556e-02
2.537221468382319323e+00  4.148506133017283715e-02  4.148506133017283715e-02
2.637221468382318967e+00  3.398519168643710647e-02  3.398519168643710647e-02
2.737221468382319500e+00  2.800499637413378373e-02  2.800499637413378373e-02
2.837221468382319145e+00  2.340584944832413070e-02  2.340584944832413070e-02
2.937221468382319678e+00  1.991863125974168217e-02  1.991863125974168217e-02
3.037221468382319323e+00  1.723860314315506237e-02  1.723860314315506237e-02
3.137221468382319856e+00  1.509417439662249366e-02  1.509417439662249366e-02
3.237221468382319500e+00  1.328282645359557361e-02  1.328282645359557361e-02
3.337221468382319145e+00  1.167818438258584786e-02  1.167818438258584786e-02
3.437221468382319678e+00  1.021786462089267419e-02  1.021786462089267419e-02
3.537221468382319323e+00  8.882649896678303930e-03  8.882649896678303930e-03
3.637221468382319856e+00  7.675375150971035926e-03  7.675375150971035926e-03
3.737221468382319500e+00  6.604515524333350214e-03  6.604515524333350214e-03
3.837221468382319145e+00  5.674262136681587285e-03  5.674262136681587285e-03
3.937221468382319678e+00  4.880590699771407241e-03  4.880590699771407241e-03
4.037221468382319323e+00  4.211634285848713313e-03  4.211634285848713313e-03
4.137221468382319856e+00  3.650379961362539092e-03  3.650379961362539092e-03
4.237221468382319500e+00  3.178000032900606120e-03  3.178000032900606120e-03
4.337221468382319145e+00  2.776688612079970288e-03  2.776688612079970288e-03
4.437221468382319678e+00  2.431463683046441483e-03  2.431463683046441483e-03
4.537221468382319323e+00  2.130868012287288980e-03  2.130868012287288980e-03
4.637221468382319856e+00  1.866798390120545052e-03  1.866798390120545052e-03
4.737221468382319500e+00  1.633814833245466475e-03  1.633814833245466475e-03
4.837221468382319145e+00  1.428270612017364886e-03  1.428270612017364886e-03
4.937221468382319678e+00  1.247515727977712222e-03  1.247515727977712222e-03
5.037221468382319323e+00  1.089312445371865522e-03  1.089312445371865522e-03
5.137221468382319856e+00  9.514990895804706101e-04  9.514990895804706101e-04
5.237221468382319500e+00  8.318674468580041816e-04  8.318674468580041816e-04
5.337221468382319145e+00  7.281842223866775337e-04  7.281842223866775337e-04
5.437221468382319678e+00  6.382822340526161540e-04  6.382822340526161540e-04
5.537221468382319323e+00  5.601615791643060243e-04  5.601615791643060243e-04
5.637221468382319856e+00  4.920638056101887424e-04  4.920638056101887424e-04
5.737221468382319500e+00  4.325044873853760947e-04  4.325044873853760947e-04
5.837221468382319145e+00  3.802664205467127774e-04  3.802664205467127774e-04
5.937221468382319678e+00  3.343651392587832036e-04  3.343651392587832036e-04
6.037221468382319323e+00  2.940012632590530183e-04  2.940012632590530183e-04
6.137221468382319856e+00  2.585123076880257954e-04  2.585123076880257954e-04
6.237221468382319500e+00  2.273323248880370305e-04  2.273323248880370305e-04
6.337221468382319145e+00  1.999630713872828814e-04  1.999630713872828814e-04
6.437221468382318790e+00  1.759565931986606098e-04  1.759565931986606098e-04
6.537221468382320211e+00  1.549067741029469287e-04  1.549067741029469287e-04
6.637221468382319856e+00  1.364464977762951461e-04  1.364464977762951461e-04
6.737221468382319500e+00  1.202472891278019842e-04  1.202472891278019842e-04
6.837221468382319145e+00  1.060191461470674730e-04  1.060191461470674730e-04
6.937221468382318790e+00  9.350930805848768385e-05  9.350930805848768385e-05
7.037221468382320211e+00  8.249961223087959718e-05  8.249961223087959718e-05
7.137221468382319856e+00  7.280270754281170545e-05  7.280270754281170545e-05
7.237221468382319500e+00  6.425768478758536555e-05  6.425768478758536555e-05
7.337221468382319145e+00  5.672571284692542575e-05  5.672571284692542575e-05
7.437221468382318790e+00  5.008613095511963359e-05  5.008613095511963359e-05
7.537221468382320211e+00  4.423324206610150609e-05  4.423324206610150609e-05
7.637221468382319856e+00  3.907385693112218209e-05  3.907385693112218209e-05
7.737221468382319500e+00  3.452549749206819022e-05  3.452549749206819022e-05
7.837221468382319145e+00  3.051509567545550547e-05  3.051509567545550547e-05
7.937221468382320566e+00  2.697801170633947873e-05  2.697801170633947873e-05
8.037221468382320211e+00  2.385722512257327138e-05  2.385722512257327138e-05
8.137221468382319856e+00  2.110259979237212642e-05  2.110259979237212642e-05
8.237221468382319500e+00  1.867017322908561954e-05  1.867017322908561954e-05
8.337221468382319145e+00  1.652145885352461393e-05  1.652145885352461393e-05
8.437221468382320566e+00  1.462277295846003158e-05  1.462277295846003158e-05
8.537221468382320211e+00  1.294460672256116541e-05  1.294460672256116541e-05
8.637221468382319856e+00  1.146106157763819878e-05  1.146106157763819878e-05
8.737221468382319500e+00  1.014935844274219694e-05  1.014935844274219694e-05
8.837221468382319145e+00  8.989422152247063160e-06  8.989422152247063160e-06
8.937221468382320566e+00  7.963534805145047629e-06  7.963534805145047629e-06
9.037221468382320211e+00  7.056047178149074103e-06  7.056047178149074103e-06
9.137221468382319856e+00  6.253135906951604161e-06  6.253135906951604161e-06
9.237221468382319500e+00  5.542595149953903272e-06  5.542595149953903272e-06
9.337221468382319145e+00  4.913653866784930402e-06  4.913653866784930402e-06
9.437221468382320566e+00  4.356812670542981106e-06  4.356812670542981106e-06
9.537221468382320211e+00  3.863696715757485474e-06  3.863696715757485474e-06
9.637221468382319856e+00  3.426922874518301505e-06  3.426922874518301505e-06
9.737221468382319500e+00  3.039980449533113883e-06  3.039980449533113883e-06
9.837221468382319145e+00  2.697125005123302531e-06  2.697125005123302531e-06
9.937221468382320566e+00  2.393284796679654083e-06  2.393284796679654083e-06
1.003722146838232021e+01  2.123978985617367390e-06  2.123978985617367390e-06
1.013722146838231986e+01  1.885246528846295157e-06  1.885246528846295157e-06
1.023722146838231950e+01  1.673584441492587297e-06  1.673584441492587297e-06
1.033722146838231915e+01  1.485894087904722537e-06  1.485894087904722537e-06
