-1.500000000022287061e+00  4.192185448756600274e-10  4.192185448756600274e-10
-1.400000000022287416e+00  2.287164846068696427e-09  2.287164846068696427e-09
-1.300000000022287328e+00  1.164336878288208505e-08  1.164336878288208505e-08
-1.200000000022287239e+00  5.530750203079939653e-08  5.530750203079939653e-08
-1.100000000022287594e+00  2.451396939667654300e-07  2.451396939667654300e-07
-1.000000000022287061e+00  1.013835373619635334e-06  1.013835373619635334e-06
-9.000000000222871943e-01  3.912419775616573349e-06  3.912419775616573349e-06
-8.000000000222873275e-01  1.408794526442893676e-05  1.408794526442893676e-05
-7.000000000222872387e-01  4.733409419115958301e-05  4.733409419115958301e-05
-6.000000000222871499e-01  1.483968528122039054e-04  1.483968528122039054e-04
-5.000000000222872831e-01  4.341097252312621567e-04  4.341097252312621567e-04
-4.000000000222871943e-01  1.184945960899891088e-03  1.184945960899891088e-03
-3.000000000222871055e-01  3.018017678520642458e-03  3.018017678520642458e-03
-2.000000000222872387e-01  7.172477899253820732e-03  7.172477899253820732e-03
-1.000000000222871499e-01  1.590526329859581756e-02  1.590526329859581756e-02
-2.228728313014016749e-11  3.291066909894468234e-02  3.291066909894468234e-02
9.999999997771280569e-02  6.354139801760262662e-02  6.354139801760262662e-02
1.999999999777128945e-01  1.144724622892689114e-01  1.144724622892689114e-01
2.999999999777127613e-01  1.924285414880564649e-01  1.924285414880564649e-01
3.999999999777128501e-01  3.018298282422439693e-01  3.018298282422439693e-01
4.999999999777127169e-01  4.417525141434698321e-01  4.417525141434698321e-01
5.999999999777128057e-01  6.032816395038055335e-01  6.032816395038055335e-01
6.999999999777128945e-01  7.687504642390184939e-01  7.687504642390184939e-01
7.999999999777129833e-01  9.140603675442542375e-01  9.140603675442542375e-01
8.999999999777130721e-01  1.014118187681575245e+00  1.014118187681575245e+00
9.999999999777127169e-01  1.049848106319559715e+00  1.049848106319559715e+00
1.099999999977712806e+00  1.014118187681574801e+00  1.014118187681574801e+00
1.199999999977712895e+00  9.140603675442537934e-01  9.140603675442537934e-01
1.299999999977712983e+00  7.687504642390177167e-01  7.687504642390177167e-01
1.399999999977713072e+00  6.032816395038046453e-01  6.032816395038046453e-01
1.499999999977712717e+00  4.417525141434698321e-01  4.417525141434698321e-01
1.599999999977712806e+00  3.018298282422437473e-01  3.018298282422437473e-01
1.699999999977712895e+00  1.924285414880562151e-01  1.924285414880562151e-01
1.799999999977712983e+00  1.144724622892686061e-01  1.144724622892686061e-01
1.899999999977713072e+00  6.354139801760246009e-02  6.354139801760246009e-02
1.999999999977712717e+00  3.291066909894468234e-02  3.291066909894468234e-02
2.099999999977712584e+00  1.590526329859580368e-02  1.590526329859580368e-02
2.199999999977713117e+00  7.172477899253807722e-03  7.172477899253807722e-03
2.299999999977712761e+00  3.018017678520632050e-03  3.018017678520632050e-03
2.399999999977713294e+00  1.184945960899885017e-03  1.184945960899885017e-03
2.499999999977712939e+00  4.341097252312621567e-04  4.341097252312621567e-04
2.599999999977713472e+00  1.483968528122033633e-04  1.483968528122033633e-04
2.699999999977713117e+00  4.733409419115942038e-05  4.733409419115942038e-05
2.799999999977712761e+00  1.408794526442893676e-05  1.408794526442893676e-05
2.899999999977713294e+00  3.912419775616558950e-06  3.912419775616558950e-06
2.999999999977712939e+00  1.013835373619635334e-06  1.013835373619635334e-06
3.099999999977713472e+00  2.451396939667636830e-07  2.451396939667636830e-07
3.199999999977713117e+00  5.530750203079939653e-08  5.530750203079939653e-08
3.299999999977713649e+00  1.164336878288191962e-08  1.164336878288191962e-08
3.399999999977713294e+00  2.287164846068680297e-09  2.287164846068680297e-09
3.499999999977712939e+00  4.192185448756600274e-10  4.192185448756600274e-10
3.599999999977713472e+00  7.169811039387917685e-11  7.169811039387917685e-11
3.699999999977713117e+00  1.144192610403929910e-11  1.144192610403929910e-11
3.799999999977713649e+00  1.703784928127194930e-12  1.703784928127194930e-12
3.899999999977713294e+00  2.367307153537378727e-13  2.367307153537378727e-13
3.999999999977712939e+00  3.069153810745069393e-14  3.069153810745069393e-14
4.099999999977713472e+00  3.712845706055317961e-15  3.712845706055317961e-15
4.199999999977713117e+00  4.191016345382249334e-16  4.191016345382249334e-16
4.299999999977713649e+00  4.414240717142366690e-17  4.414240717142366690e-17
4.399999999977713294e+00  4.338272970818833671e-18  4.338272970818833671e-18
4.499999999977712939e+00  3.978340422315931387e-19  3.978340422315931387e-19
4.599999999977713472e+00  3.404169802014904665e-20  3.404169802014904665e-20
4.699999999977713117e+00  2.717970207595303499e-21  2.717970207595303499e-21
4.799999999977713649e+00  2.024894375449029073e-22  2.024894375449029073e-22
4.899999999977713294e+00  1.407616214667385045e-23  1.407616214667385045e-23
4.999999999977712939e+00  9.130411529779884215e-25  9.130411529779884215e-25
5.099999999977713472e+00  5.526124299181683272e-26  5.526124299181683272e-26
5.199999999977713117e+00  3.120866207580664730e-27  3.120866207580664730e-27
5.299999999977713649e+00  1.644575655107915919e-28  1.644575655107915919e-28
5.399999999977713294e+00  8.086428822683852461e-30  8.086428822683852461e-30
5.499999999977712939e+00  3.710085210021932680e-31  3.710085210021932680e-31
5.599999999977713472e+00  1.588309761826115330e-32  1.588309761826115330e-32
5.699999999977713117e+00  6.344694724637105898e-34  6.344694724637105898e-34
5.799999999977713649e+00  2.364887367438476980e-35  2.364887367438476980e-35
5.899999999977713294e+00  8.224971406757318679e-37  8.224971406757318679e-37
5.999999999977712939e+00  2.669208733302675385e-38  2.669208733302675385e-38
6.099999999977713472e+00  8.082670642736306459e-40  8.082670642736306459e-40
6.199999999977713117e+00  2.283765102116185977e-41  2.283765102116185977e-41
6.299999999977713649e+00  6.021049354523388338e-43  6.021049354523388338e-43
6.399999999977713294e+00  1.481211744281587599e-44  1.481211744281587599e-44
6.499999999977712939e+00  3.400057889374352612e-46  3.400057889374352612e-46
6.599999999977712584e+00  7.282486375848108559e-48  7.282486375848108559e-48
6.699999999977714005e+00  1.455449881537963141e-49  1.455449881537963141e-49
6.799999999977713649e+00  2.714182426302389247e-51  2.714182426302389247e-51
6.899999999977713294e+00  4.722859415373585851e-53  4.722859415373585851e-53
6.999999999977712939e+00  7.668231349793447477e-55  7.668231349793447477e-55
7.099999999977712584e+00  1.161741759773091724e-56  1.161741759773091724e-56
7.199999999977714005e+00  1.642283763576607049e-58  1.642283763576607049e-58
7.299999999977713649e+00  2.166262105503219644e-60  2.166262105503219644e-60
7.399999999977713294e+00  2.666232456769880516e-62  2.666232456769880516e-62
7.499999999977712939e+00  3.062028467622771443e-64  3.062028467622771443e-64
7.599999999977712584e+00  3.281290203953386298e-66  3.281290203953386298e-66
7.699999999977714005e+00  3.280985150327599455e-68  3.280985150327599455e-68
7.799999999977713649e+00  3.061174538840760629e-70  3.061174538840760629e-70
7.899999999977713294e+00  2.664993321228885001e-72  2.664993321228885001e-72
7.999999999977712939e+00  2.164852753530833701e-74  2.164852753530833701e-74
8.099999999977715248e+00  1.640910162060516062e-76  1.640910162060516062e-76
8.199999999977713117e+00  1.160554264286151106e-78  1.160554264286151106e-78
8.299999999977714538e+00  7.658968857246596704e-81  7.658968857246596704e-81
8.399999999977712406e+00  4.716277607194723779e-83  4.716277607194723779e-83
8.499999999977713827e+00  2.709895988442679618e-85  2.709895988442679618e-85
8.599999999977715248e+00  1.452881147936697161e-87  1.452881147936697161e-87
8.699999999977713117e+00  7.268281847378711935e-90  7.268281847378711935e-90
8.799999999977714538e+00  3.392795130428307811e-92  3.392795130428307811e-92
8.899999999977712406e+00  1.477772965202514232e-94  1.477772965202514232e-94
8.999999999977713827e+00  6.005954021076961583e-97  6.005954021076961583e-97
9.099999999977713472e+00  2.277615941598746503e-99  2.277615941598746503e-99
9.199999999977713117e+00  8.059408880225886284e-102  8.059408880225886284e-102
9.299999999977712761e+00  2.661031956160264001e-104  2.661031956160264001e-104
9.399999999977712406e+00  8.198250710548948651e-107  8.198250710548948651e-107
9.499999999977712051e+00  2.356766224413215143e-109  2.356766224413215143e-109
9.599999999977713472e+00  6.321731125443129939e-112  6.321731125443129939e-112
9.699999999977713117e+00  1.582266890733721183e-114  1.582266890733721183e-114
9.799999999977712761e+00  3.695282669556534839e-117  3.695282669556534839e-117
9.899999999977712406e+00  8.052668013329998152e-120  8.052668013329998152e-120
9.999999999977712051e+00  1.637405064398523768e-122  1.637405064398523768e-122
1.009999999997771347e+01  3.106681052023225277e-125  3.106681052023225277e-125
1.019999999997771312e+01  5.499983831613699392e-128  5.499983831613699392e-128
1.029999999997771276e+01  9.085531989079202895e-131  9.085531989079202895e-131
1.039999999997771241e+01  1.400436804125150770e-133  1.400436804125150770e-133
1.049999999997771205e+01  2.014192035899840423e-136  2.014192035899840423e-136
