-1.611110684596512854e+00  6.575988452947078506e-38  6.575988452947078506e-38
-1.511110684596512765e+00  4.487248633153225037e-35  4.487248633153225037e-35
-1.411110684596512677e+00  2.895814580985455376e-32  2.895814580985455376e-32
-1.311110684596513032e+00  1.465317853874222963e-29  1.465317853874222963e-29
-1.211110684596512943e+00  5.649273394763534251e-27  5.649273394763534251e-27
-1.111110684596512854e+00  1.652411487325928656e-24  1.652411487325928656e-24
-1.011110684596512765e+00  3.664462204165836464e-22  3.664462204165836464e-22
-9.111106845965126766e-01  6.160472443855488459e-20  6.160472443855488459e-20
-8.111106845965128098e-01  7.850877866000611017e-18  7.850877866000611017e-18
-7.111106845965129430e-01  7.584382487309568720e-16  7.584382487309568720e-16
-6.111106845965128542e-01  5.554172357593581833e-14  5.554172357593581833e-14
-5.111106845965127654e-01  3.083297287442461317e-12  3.083297287442461317e-12
-4.111106845965126766e-01  1.297502811252882831e-10  1.297502811252882831e-10
-3.111106845965128098e-01  4.139025005242073895e-09  4.139025005242073895e-09
-2.111106845965127210e-01  1.000886012987448005e-07  1.000886012987448005e-07
-1.111106845965128542e-01  1.834712476920258659e-06  1.834712476920258659e-06
-1.111068459651276541e-02  2.549460172518268133e-05  2.549460172518268133e-05
8.888931540348732341e-02  2.685500721754689930e-04  2.685500721754689930e-04
1.888893154034871902e-01  2.144367134648486259e-03  2.144367134648486259e-03
2.888893154034872790e-01  1.297985519529076641e-02  1.297985519529076641e-02
3.888893154034871458e-01  5.955763049063132059e-02  5.955763049063132059e-02
4.888893154034872346e-01  2.071580892836508148e-01  2.071580892836508148e-01
5.888893154034873234e-01  5.462148495000094250e-01  5.462148495000094250e-01
6.888893154034874122e-01  1.091749275799133612e+00  1.091749275799133612e+00
7.888893154034875010e-01  1.654179946274497270e+00  1.654179946274497270e+00
8.888893154034871458e-01  1.900003154481729517e+00  1.900003154481729517e+00
9.888893154034872346e-01  1.654597336801104435e+00  1.654597336801104435e+00
1.088889315403487323e+00  1.093188818777040439e+00  1.093188818777040439e+00
1.188889315403487412e+00  5.502977055277247231e-01  5.502977055277247231e-01
1.288889315403487501e+00  2.172054394698575419e-01  2.172054394698575419e-01
1.388889315403487146e+00  8.108027569115612565e-02  8.108027569115612565e-02
1.488889315403487235e+00  5.312074080175358676e-02  5.312074080175358676e-02
1.588889315403487323e+00  6.732778081519220914e-02  6.732778081519220914e-02
1.688889315403487412e+00  9.243262914216138215e-02  9.243262914216138215e-02
1.788889315403487501e+00  1.135004686651619604e-01  1.135004686651619604e-01
1.888889315403487146e+00  1.216927149306244599e-01  1.216927149306244599e-01
1.988889315403487235e+00  1.137446963407142964e-01  1.137446963407142964e-01
2.088889315403487323e+00  9.284836674035588933e-02  9.284836674035588933e-02
2.188889315403487412e+00  6.658055664630078974e-02  6.658055664630078974e-02
2.288889315403487501e+00  4.269568100787637932e-02  4.269568100787637932e-02
2.388889315403487146e+00  2.577054764658516170e-02  2.577054764658516170e-02
2.488889315403487679e+00  1.648514219109743772e-02  1.648514219109743772e-02
2.588889315403487323e+00  1.298009814809564753e-02  1.298009814809564753e-02
2.688889315403486968e+00  1.265748216235693634e-02  1.265748216235693634e-02
2.788889315403487501e+00  1.333689897003221062e-02  1.333689897003221062e-02
2.888889315403487146e+00  1.364925407605089430e-02  1.364925407605089430e-02
2.988889315403487679e+00  1.300467175072850951e-02  1.300467175072850951e-02
3.088889315403487323e+00  1.140978144501683320e-02  1.140978144501683320e-02
3.188889315403487856e+00  9.235937694369877188e-03  9.235937694369877188e-03
3.288889315403487501e+00  6.975546810515089076e-03  6.975546810515089076e-03
3.388889315403487146e+00  5.037765617495071173e-03  5.037765617495071173e-03
3.488889315403487679e+00  3.635792354423637244e-03  3.635792354423637244e-03
3.588889315403487323e+00  2.779470235785477979e-03  2.779470235785477979e-03
3.688889315403487856e+00  2.341117207346086245e-03  2.341117207346086245e-03
3.788889315403487501e+00  2.143261980124464700e-03  2.143261980124464700e-03
3.888889315403487146e+00  2.028367206510022728e-03  2.028367206510022728e-03
3.988889315403487679e+00  1.894728710112521773e-03  1.894728710112521773e-03
4.088889315403487323e+00  1.701775975343882037e-03  1.701775975343882037e-03
4.188889315403487856e+00  1.456064989565206873e-03  1.456064989565206873e-03
4.288889315403487501e+00  1.189527778670475874e-03  1.189527778670475874e-03
4.388889315403487146e+00  9.387491671676139599e-04  9.387491671676139599e-04
4.488889315403487679e+00  7.306080733431502333e-04  7.306080733431502333e-04
4.588889315403487323e+00  5.761989076850869114e-04  5.761989076850869114e-04
4.688889315403487856e+00  4.719788234499817719e-04  4.719788234499817719e-04
4.788889315403487501e+00  4.052257194449087013e-04  4.052257194449087013e-04
4.888889315403487146e+00  3.605186635149454540e-04  3.605186635149454540e-04
4.988889315403487679e+00  3.248015572893558260e-04  3.248015572893558260e-04
5.088889315403487323e+00  2.899548880431277310e-04  2.899548880431277310e-04
5.188889315403487856e+00  2.529991174735748754e-04  2.529991174735748754e-04
5.288889315403487501e+00  2.147391913597674468e-04  2.147391913597674468e-04
5.388889315403487146e+00  1.778235247119435672e-04  1.778235247119435672e-04
5.488889315403487679e+00  1.450019588750005490e-04  1.450019588750005490e-04
5.588889315403487323e+00  1.180232123414865213e-04  1.180232123414865213e-04
5.688889315403487856e+00  9.726718108653534982e-05  9.726718108653534982e-05
5.788889315403487501e+00  8.195600142155895550e-05  8.195600142155895550e-05
5.888889315403487146e+00  7.066914475719392684e-05  7.066914475719392684e-05
5.988889315403487679e+00  6.189276244038321789e-05  6.189276244038321789e-05
6.088889315403487323e+00  5.441927078846255068e-05  5.441927078846255068e-05
6.188889315403487856e+00  4.752544943207507553e-05  4.752544943207507553e-05
6.288889315403487501e+00  4.095156130025894562e-05  4.095156130025894562e-05
6.388889315403487146e+00  3.475718350633443568e-05  3.475718350633443568e-05
6.488889315403486791e+00  2.914009072144283858e-05  2.914009072144283858e-05
6.588889315403488212e+00  2.428503675307163042e-05  2.428503675307163042e-05
6.688889315403487856e+00  2.027657279757846958e-05  2.027657279757846958e-05
6.788889315403487501e+00  1.707870936914306816e-05  1.707870936914306816e-05
6.888889315403487146e+00  1.456313550128290761e-05  1.456313550128290761e-05
6.988889315403486791e+00  1.255954713834664261e-05  1.255954713834664261e-05
7.088889315403488212e+00  1.090433443146664146e-05  1.090433443146664146e-05
7.188889315403487856e+00  9.472832860720643291e-06  9.472832860720643291e-06
7.288889315403487501e+00  8.190649093728796548e-06  8.190649093728796548e-06
7.388889315403487146e+00  7.027610789588800049e-06  7.027610789588800049e-06
7.488889315403486791e+00  5.982000839045388092e-06  5.982000839045388092e-06
7.588889315403488212e+00  5.063051033879832180e-06  5.063051033879832180e-06
7.688889315403487856e+00  4.277435025122285523e-06  4.277435025122285523e-06
7.788889315403487501e+00  3.622298158469470041e-06  3.622298158469470041e-06
7.888889315403487146e+00  3.084507527549836356e-06  3.084507527549836356e-06
7.988889315403488567e+00  2.644044189960072994e-06  2.644044189960072994e-06
8.088889315403488212e+00  2.278943120902877868e-06  2.278943120902877868e-06
8.188889315403487856e+00  1.969637322185455138e-06  1.969637322185455138e-06
8.288889315403487501e+00  1.701506577750927072e-06  1.701506577750927072e-06
8.388889315403487146e+00  1.465409828103199161e-06  1.465409828103199161e-06
8.488889315403488567e+00  1.256683216825997169e-06  1.256683216825997169e-06
8.588889315403488212e+00  1.073395338975388501e-06  1.073395338975388501e-06
8.688889315403487856e+00  9.146100128328000402e-07  9.146100128328000402e-07
8.788889315403487501e+00  7.791498977420270494e-07  7.791498977420270494e-07
8.888889315403487146e+00  6.650351563460485698e-07  6.650351563460485698e-07
8.988889315403488567e+00  5.695091628619085397e-07  5.695091628619085397e-07
9.088889315403488212e+00  4.894182567425379578e-07  4.894182567425379578e-07
9.188889315403487856e+00  4.216883573302462167e-07  4.216883573302462167e-07
9.288889315403487501e+00  3.637034608633313555e-07  3.637034608633313555e-07
9.388889315403487146e+00  3.134908217951761579e-07  3.134908217951761579e-07
9.488889315403488567e+00  2.697116019310762265e-07  2.697116019310762265e-07
9.588889315403488212e+00  2.315173377337225435e-07  2.315173377337225435e-07
9.688889315403487856e+00  1.983541862268718625e-07  1.983541862268718625e-07
9.788889315403487501e+00  1.697858064113671295e-07  1.697858064113671295e-07
9.888889315403487146e+00  1.453766319192876670e-07  1.453766319192876670e-07
9.988889315403488567e+00  1.246453141111631643e-07  1.246453141111631643e-07
1.008888931540348821e+01  1.070740408316336460e-07  1.070740408316336460e-07
1.018888931540348786e+01  9.214791125950758220e-08  9.214791125950758220e-08
1.028888931540348750e+01  7.939878529986756625e-08  7.939878529986756625e-08
1.038888931540348715e+01  6.843591963210684906e-08  6.843591963210684906e-08
