-1.598900717802504978e+00  4.204165675902947282e-13  4.204165675902947282e-13
-1.498900717802504889e+00  3.805300266224720084e-12  3.805300266224720084e-12
-1.398900717802504801e+00  3.215791444976736675e-11  3.215791444976736675e-11
-1.298900717802505156e+00  2.507672078546760965e-10  2.507672078546760965e-10
-1.198900717802505067e+00  1.794129589939044565e-09  1.794129589939044565e-09
-1.098900717802504978e+00  1.174431437622498635e-08  1.174431437622498635e-08
-9.989007178025048894e-01  7.024132998928073793e-08  7.024132998928073793e-08
-8.989007178025048006e-01  3.835694399373840089e-07  3.835694399373840089e-07
-7.989007178025049338e-01  1.911709244365809304e-06  1.911709244365809304e-06
-6.989007178025050671e-01  8.694411625380192707e-06  8.694411625380192707e-06
-5.989007178025049782e-01  3.607873876127282777e-05  3.607873876127282777e-05
-4.989007178025048894e-01  1.365929024465721380e-04  1.365929024465721380e-04
-3.989007178025048006e-01  4.717965814789278002e-04  4.717965814789278002e-04
-2.989007178025049338e-01  1.486695713538560603e-03  1.486695713538560603e-03
-1.989007178025048450e-01  4.273903823830560098e-03  4.273903823830560098e-03
-9.890071780250497824e-02  1.120882345838992468e-02  1.120882345838992468e-02
1.099282197495110580e-03  2.681804401550012124e-02  2.681804401550012124e-02
1.010992821974951994e-01  5.853650622335460768e-02  5.853650622335460768e-02
2.010992821974950662e-01  1.165633049490983481e-01  1.165633049490983481e-01
3.010992821974951550e-01  2.117568902411187670e-01  2.117568902411187670e-01
4.010992821974950218e-01  3.509644422971482380e-01  3.509644422971482380e-01
5.010992821974951106e-01  5.307063976805315164e-01  5.307063976805315164e-01
6.010992821974951994e-01  7.322144919923860851e-01  7.322144919923860851e-01
7.010992821974952882e-01  9.218554607003958123e-01  9.218554607003958123e-01
8.010992821974953770e-01  1.059287663827054971e+00  1.059287663827054971e+00
9.010992821974950218e-01  1.111350913573425192e+00  1.111350913573425192e+00
1.001099282197495111e+00  1.065319081463466322e+00  1.065319081463466322e+00
1.101099282197495199e+00  9.343272075831818846e-01  9.343272075831818846e-01
1.201099282197495288e+00  7.518279743506870449e-01  7.518279743506870449e-01
1.301099282197495377e+00  5.582412073111832074e-01  5.582412073111832074e-01
1.401099282197495022e+00  3.870037170639180069e-01  3.870037170639180069e-01
1.501099282197495111e+00  2.564072353305667518e-01  2.564072353305667518e-01
1.601099282197495199e+00  1.692341626636124641e-01  1.692341626636124641e-01
1.701099282197495288e+00  1.178397093597851192e-01  1.178397093597851192e-01
1.801099282197495377e+00  9.062611723445494760e-02  9.062611723445494760e-02
1.901099282197495022e+00  7.687316629204289653e-02  7.687316629204289653e-02
2.001099282197495111e+00  6.896141693515737969e-02  6.896141693515737969e-02
2.101099282197495199e+00  6.255992821748797283e-02  6.255992821748797283e-02
2.201099282197495288e+00  5.582564445919944301e-02  5.582564445919944301e-02
2.301099282197495377e+00  4.841870730703680403e-02  4.841870730703680403e-02
2.401099282197495022e+00  4.071320814795085369e-02  4.071320814795085369e-02
2.501099282197495555e+00  3.328426504599826807e-02  3.328426504599826807e-02
2.601099282197495199e+00  2.662638248178290923e-02  2.662638248178290923e-02
2.701099282197494844e+00  2.103465255004538167e-02  2.103465255004538167e-02
2.801099282197495377e+00  1.659064388498130566e-02  1.659064388498130566e-02
2.901099282197495022e+00  1.320750918983022888e-02  1.320750918983022888e-02
3.001099282197495555e+00  1.069878060746893428e-02  1.069878060746893428e-02
3.101099282197495199e+00  8.845082582037392879e-03  8.845082582037392879e-03
3.201099282197495732e+00  7.443635142223215505e-03  7.443635142223215505e-03
3.301099282197495377e+00  6.335493408698893505e-03  6.335493408698893505e-03
3.401099282197495022e+00  5.412959667903866068e-03  5.412959667903866068e-03
3.501099282197495555e+00  4.613513916912622727e-03  4.613513916912622727e-03
3.601099282197495199e+00  3.907274128816671382e-03  3.907274128816671382e-03
3.701099282197495732e+00  3.283577018678744946e-03  3.283577018678744946e-03
3.801099282197495377e+00  2.740049039601748573e-03  2.740049039601748573e-03
3.901099282197495022e+00  2.275463173547609148e-03  2.275463173547609148e-03
4.001099282197495555e+00  1.886220427807912227e-03  1.886220427807912227e-03
4.101099282197495199e+00  1.565536949865911371e-03  1.565536949865911371e-03
4.201099282197495732e+00  1.304218707200890080e-03  1.304218707200890080e-03
4.301099282197495377e+00  1.092053965217678084e-03  1.092053965217678084e-03
4.401099282197495022e+00  9.191558956487310209e-04  9.191558956487310209e-04
4.501099282197495555e+00  7.769057083501023590e-04  7.769057083501023590e-04
4.601099282197495199e+00  6.584025277185378026e-04  6.584025277185378026e-04
4.701099282197495732e+00  5.584901548771014062e-04  5.584901548771014062e-04
4.801099282197495377e+00  4.735061369900141160e-04  4.735061369900141160e-04
4.901099282197495022e+00  4.009064987631693559e-04  4.009064987631693559e-04
5.001099282197495555e+00  3.388872945826647493e-04  3.388872945826647493e-04
5.101099282197495199e+00  2.860765732340038469e-04  2.860765732340038469e-04
5.201099282197495732e+00  2.413252057574341732e-04  2.413252057574341732e-04
5.301099282197495377e+00  2.035919773765948958e-04  2.035919773765948958e-04
5.401099282197495022e+00  1.719000899242039923e-04  1.719000899242039923e-04
5.501099282197495555e+00  1.453368118630095785e-04  1.453368118630095785e-04
5.601099282197495199e+00  1.230712886425030345e-04  1.230712886425030345e-04
5.701099282197495732e+00  1.043730485265422799e-04  1.043730485265422799e-04
5.801099282197495377e+00  8.862196278199759047e-05  8.862196278199759047e-05
5.901099282197495022e+00  7.530714586169834606e-05  7.530714586169834606e-05
6.001099282197495555e+00  6.401659893405643547e-05  6.401659893405643547e-05
6.101099282197495199e+00  5.442134597522339795e-05  5.442134597522339795e-05
6.201099282197495732e+00  4.625795785220125666e-05  4.625795785220125666e-05
6.301099282197495377e+00  3.931245250002844016e-05  3.931245250002844016e-05
6.401099282197495022e+00  3.340727120974561383e-05  3.340727120974561383e-05
6.501099282197494666e+00  2.839183656332174501e-05  2.839183656332174501e-05
6.601099282197496088e+00  2.413634652476809227e-05  2.413634652476809227e-05
6.701099282197495732e+00  2.052801390097414616e-05  2.052801390097414616e-05
6.801099282197495377e+00  1.746886041057669890e-05  1.746886041057669890e-05
6.901099282197495022e+00  1.487430290662839786e-05  1.487430290662839786e-05
7.001099282197494666e+00  1.267200365558426828e-05  1.267200365558426828e-05
7.101099282197496088e+00  1.080070054023805907e-05  1.080070054023805907e-05
7.201099282197495732e+00  9.208927884155414421e-06  9.208927884155414421e-06
7.301099282197495377e+00  7.853661297381694622e-06  7.853661297381694622e-06
7.401099282197495022e+00  6.698973750172433471e-06  6.698973750172433471e-06
7.501099282197494666e+00  5.714792758113290757e-06  5.714792758113290757e-06
7.601099282197496088e+00  4.875822196569273499e-06  4.875822196569273499e-06
7.701099282197495732e+00  4.160656312235522332e-06  4.160656312235522332e-06
7.801099282197495377e+00  3.551081358043387682e-06  3.551081358043387682e-06
7.901099282197495022e+00  3.031538693688414775e-06  3.031538693688414775e-06
8.001099282197497331e+00  2.588713487504426537e-06  2.588713487504426537e-06
8.101099282197495199e+00  2.211213194434038216e-06  2.211213194434038216e-06
8.201099282197496620e+00  1.889306144192612020e-06  1.889306144192612020e-06
8.301099282197494489e+00  1.614699224113876503e-06  1.614699224113876503e-06
8.401099282197495910e+00  1.380342016599005704e-06  1.380342016599005704e-06
8.501099282197497331e+00  1.180251250313710224e-06  1.180251250313710224e-06
8.601099282197495199e+00  1.009353511551905545e-06  1.009353511551905545e-06
8.701099282197496620e+00  8.633460575524451076e-07  8.633460575524451076e-07
8.801099282197494489e+00  7.385758929856910901e-07  7.385758929856910901e-07
8.901099282197495910e+00  6.319367217129797625e-07  6.319367217129797625e-07
9.001099282197497331e+00  5.407825666173847854e-07  5.407825666173847854e-07
9.101099282197495199e+00  4.628561577468437058e-07  4.628561577468437058e-07
9.201099282197496620e+00  3.962298114499650222e-07  3.962298114499650222e-07
9.301099282197494489e+00  3.392564845505635668e-07  3.392564845505635668e-07
9.401099282197495910e+00  2.905289117945456658e-07  2.905289117945456658e-07
9.501099282197497331e+00  2.488451065889259046e-07  2.488451065889259046e-07
9.601099282197495199e+00  2.131789147701665453e-07  2.131789147701665453e-07
9.701099282197496620e+00  1.826546793656727164e-07  1.826546793656727164e-07
9.801099282197494489e+00  1.565253590624204906e-07  1.565253590624204906e-07
9.901099282197495910e+00  1.341536350773400613e-07  1.341536350773400613e-07
1.000109928219749733e+01  1.149956531227696880e-07  1.149956531227696880e-07
1.010109928219749520e+01  9.858710250068668817e-08  9.858710250068668817e-08
1.020109928219749662e+01  8.453135754271321546e-08  8.453135754271321546e-08
1.030109928219749449e+01  7.248941746026813343e-08  7.248941746026813343e-08
1.040109928219749591e+01  6.217139191409143086e-08  6.217139191409143086e-08
