-1.500000000000000000e+00  2.492793540431995640e-112  2.492793540431995640e-112
-1.400000000000000355e+00  1.549716533745700036e-103  1.549716533745700036e-103
-1.300000000000000266e+00  4.215966613064558865e-95  4.215966613064558865e-95
-1.200000000000000178e+00  5.019043965599642805e-87  5.019043965599642805e-87
-1.100000000000000533e+00  2.614711503802123955e-79  2.614711503802123955e-79
-1.000000000000000000e+00  5.960812976388642870e-72  5.960812976388642870e-72
-9.000000000000001332e-01  5.946564783929848469e-65  5.946564783929848469e-65
-8.000000000000002665e-01  2.596006370946738926e-58  2.596006370946738926e-58
-7.000000000000001776e-01  4.959344686592435288e-52  4.959344686592435288e-52
-6.000000000000000888e-01  4.145928178449964353e-46  4.145928178449964353e-46
-5.000000000000002220e-01  1.516694791814941189e-40  1.516694791814941189e-40
-4.000000000000001332e-01  2.428027252970203637e-35  2.428027252970203637e-35
-3.000000000000000444e-01  1.700935554738228113e-30  1.700935554738228113e-30
-2.000000000000001776e-01  5.214361086768070975e-26  5.214361086768070975e-26
-1.000000000000000888e-01  6.995089660642248844e-22  6.995089660642248844e-22
-2.220446049250313081e-16  4.106429861960803909e-18  4.106429861960803909e-18
9.999999999999986677e-02  1.054907728258176063e-14  1.054907728258176063e-14
1.999999999999999556e-01  1.185887466520874125e-11  1.185887466520874125e-11
2.999999999999998224e-01  5.833798504052915128e-09  5.833798504052915128e-09
3.999999999999999112e-01  1.255851564709219808e-06  1.255851564709219808e-06
4.999999999999997780e-01  1.183052827533769187e-04  1.183052827533769187e-04
5.999999999999998668e-01  4.876956762199047800e-03  4.876956762199047800e-03
6.999999999999999556e-01  8.797770186781857238e-02  8.797770186781857238e-02
8.000000000000000444e-01  6.945048162278822934e-01  6.945048162278822934e-01
9.000000000000001332e-01  2.399146956761188498e+00  2.399146956761188498e+00
9.999999999999997780e-01  3.626748003649387986e+00  3.626748003649387986e+00
1.099999999999999867e+00  2.399146956761180061e+00  2.399146956761180061e+00
1.199999999999999956e+00  6.945048162278774084e-01  6.945048162278774084e-01
1.300000000000000044e+00  8.797770186781764257e-02  8.797770186781764257e-02
1.400000000000000133e+00  4.876956762198974074e-03  4.876956762198974074e-03
1.499999999999999778e+00  1.183052827533769187e-04  1.183052827533769187e-04
1.599999999999999867e+00  1.255851564709206255e-06  1.255851564709206255e-06
1.699999999999999956e+00  5.833798504052853089e-09  5.833798504052853089e-09
1.800000000000000044e+00  1.185887466520836159e-11  1.185887466520836159e-11
1.900000000000000133e+00  1.054907728258146086e-14  1.054907728258146086e-14
1.999999999999999778e+00  4.106429861960803909e-18  4.106429861960803909e-18
2.099999999999999645e+00  6.995089660642150102e-22  6.995089660642150102e-22
2.200000000000000178e+00  5.214361086767997507e-26  5.214361086767997507e-26
2.299999999999999822e+00  1.700935554738155596e-30  1.700935554738155596e-30
2.400000000000000355e+00  2.428027252970099934e-35  2.428027252970099934e-35
2.500000000000000000e+00  1.516694791814941189e-40  1.516694791814941189e-40
2.600000000000000533e+00  4.145928178449728656e-46  4.145928178449728656e-46
2.700000000000000178e+00  4.959344686592295080e-52  4.959344686592295080e-52
2.799999999999999822e+00  2.596006370946738926e-58  2.596006370946738926e-58
2.900000000000000355e+00  5.946564783929510275e-65  5.946564783929510275e-65
3.000000000000000000e+00  5.960812976388642870e-72  5.960812976388642870e-72
3.100000000000000533e+00  2.614711503801975040e-79  2.614711503801975040e-79
3.200000000000000178e+00  5.019043965599642805e-87  5.019043965599642805e-87
3.300000000000000711e+00  4.215966613063720579e-95  4.215966613063720579e-95
3.400000000000000355e+00  1.549716533745612051e-103  1.549716533745612051e-103
3.500000000000000000e+00  2.492793540431995640e-112  2.492793540431995640e-112
3.600000000000000533e+00  1.754685532422866948e-121  1.754685532422866948e-121
3.700000000000000178e+00  5.404944272717046741e-131  5.404944272717046741e-131
3.800000000000000711e+00  7.285545694167077454e-141  7.285545694167077454e-141
3.900000000000000355e+00  4.297460492345189904e-151  4.297460492345189904e-151
4.000000000000000000e+00  1.109278612883199439e-161  1.109278612883199439e-161
4.100000000000000533e+00  1.252992084219969703e-172  1.252992084219969703e-172
4.200000000000000178e+00  6.193483080054176759e-184  6.193483080054176759e-184
4.300000000000000711e+00  1.339678304434814813e-195  1.339678304434814813e-195
4.400000000000000355e+00  1.268075271366115362e-207  1.268075271366115362e-207
4.500000000000000000e+00  5.252529295900590643e-220  5.252529295900590643e-220
4.600000000000000533e+00  9.520743694791563276e-233  9.520743694791563276e-233
4.700000000000000178e+00  7.551829997587822343e-246  7.551829997587822343e-246
4.800000000000000711e+00  2.621274341500927674e-259  2.621274341500927674e-259
4.900000000000000355e+00  3.981545550329250796e-273  3.981545550329250796e-273
5.000000000000000000e+00  2.646487465072404565e-287  2.646487465072404565e-287
5.100000000000000533e+00  7.697805518424073757e-302  7.697805518424073757e-302
5.200000000000000178e+00  9.798124119640765155e-317  9.798124119640765155e-317
5.300000000000000711e+00  0.000000000000000000e+00  0.000000000000000000e+00
5.400000000000000355e+00  0.000000000000000000e+00  0.000000000000000000e+00
5.500000000000000000e+00  0.000000000000000000e+00  0.000000000000000000e+00
5.600000000000000533e+00  0.000000000000000000e+00  0.000000000000000000e+00
5.700000000000000178e+00  0.000000000000000000e+00  0.000000000000000000e+00
5.800000000000000711e+00  0.000000000000000000e+00  0.000000000000000000e+00
5.900000000000000355e+00  0.000000000000000000e+00  0.000000000000000000e+00
6.000000000000000000e+00  0.000000000000000000e+00  0.000000000000000000e+00
6.100000000000000533e+00  0.000000000000000000e+00  0.000000000000000000e+00
6.200000000000000178e+00  0.000000000000000000e+00  0.000000000000000000e+00
6.300000000000000711e+00  0.000000000000000000e+00  0.000000000000000000e+00
6.400000000000000355e+00  0.000000000000000000e+00  0.000000000000000000e+00
6.500000000000000000e+00  0.000000000000000000e+00  0.000000000000000000e+00
6.599999999999999645e+00  0.000000000000000000e+00  0.000000000000000000e+00
6.700000000000001066e+00  0.000000000000000000e+00  0.000000000000000000e+00
6.800000000000000711e+00  0.000000000000000000e+00  0.000000000000000000e+00
6.900000000000000355e+00  0.000000000000000000e+00  0.000000000000000000e+00
7.000000000000000000e+00  0.000000000000000000e+00  0.000000000000000000e+00
7.099999999999999645e+00  0.000000000000000000e+00  0.000000000000000000e+00
7.200000000000001066e+00  0.000000000000000000e+00  0.000000000000000000e+00
7.300000000000000711e+00  0.000000000000000000e+00  0.000000000000000000e+00
7.400000000000000355e+00  0.000000000000000000e+00  0.000000000000000000e+00
7.500000000000000000e+00  0.000000000000000000e+00  0.000000000000000000e+00
7.599999999999999645e+00  0.000000000000000000e+00  0.000000000000000000e+00
7.700000000000001066e+00  0.000000000000000000e+00  0.000000000000000000e+00
7.800000000000000711e+00  0.000000000000000000e+00  0.000000000000000000e+00
7.900000000000000355e+00  0.000000000000000000e+00  0.000000000000000000e+00
8.000000000000000000e+00  0.000000000000000000e+00  0.000000000000000000e+00
8.100000000000001421e+00  0.000000000000000000e+00  0.000000000000000000e+00
8.200000000000001066e+00  0.000000000000000000e+00  0.000000000000000000e+00
8.300000000000000711e+00  0.000000000000000000e+00  0.000000000000000000e+00
8.400000000000000355e+00  0.000000000000000000e+00  0.000000000000000000e+00
8.500000000000000000e+00  0.000000000000000000e+00  0.000000000000000000e+00
8.600000000000001421e+00  0.000000000000000000e+00  0.000000000000000000e+00
8.700000000000001066e+00  0.000000000000000000e+00  0.000000000000000000e+00
8.800000000000000711e+00  0.000000000000000000e+00  0.000000000000000000e+00
8.900000000000000355e+00  0.000000000000000000e+00  0.000000000000000000e+00
9.000000000000000000e+00  0.000000000000000000e+00  0.000000000000000000e+00
9.100000000000001421e+00  0.000000000000000000e+00  0.000000000000000000e+00
9.200000000000001066e+00  0.000000000000000000e+00  0.000000000000000000e+00
9.300000000000000711e+00  0.000000000000000000e+00  0.000000000000000000e+00
9.400000000000000355e+00  0.000000000000000000e+00  0.000000000000000000e+00
9.500000000000000000e+00  0.000000000000000000e+00  0.000000000000000000e+00
9.600000000000001421e+00  0.000000000000000000e+00  0.000000000000000000e+00
9.700000000000001066e+00  0.000000000000000000e+00  0.000000000000000000e+00
9.800000000000000711e+00  0.000000000000000000e+00  0.000000000000000000e+00
9.900000000000000355e+00  0.000000000000000000e+00  0.000000000000000000e+00
1.000000000000000000e+01  0.000000000000000000e+00  0.000000000000000000e+00
1.010000000000000142e+01  0.000000000000000000e+00  0.000000000000000000e+00
1.020000000000000107e+01  0.000000000000000000e+00  0.000000000000000000e+00
1.030000000000000071e+01  0.000000000000000000e+00  0.000000000000000000e+00
1.040000000000000036e+01  0.000000000000000000e+00  0.000000000000000000e+00
1.050000000000000000e+01  0.000000000000000000e+00  0.000000000000000000e+00
