-1.552631578344086272e+00  6.397640128792567274e-94  6.397640128792567274e-94
-1.452631578344085739e+00  4.449903263990710805e-87  4.449903263990710805e-87
-1.352631578344086094e+00  5.353398215924102183e-80  5.353398215924102183e-80
-1.252631578344086005e+00  3.268997136334971996e-73  3.268997136334971996e-73
-1.152631578344085916e+00  9.969458512095427383e-67  9.969458512095427383e-67
-1.052631578344086272e+00  1.518224704532126589e-60  1.518224704532126589e-60
-9.526315783440859608e-01  1.154535158148725206e-54  1.154535158148725206e-54
-8.526315783440860940e-01  4.384144718490863910e-49  4.384144718490863910e-49
-7.526315783440860052e-01  8.313218784100410269e-44  8.313218784100410269e-44
-6.526315783440859164e-01  7.871548011587325258e-39  7.871548011587325258e-39
-5.526315783440860496e-01  3.721839981904277309e-34  3.721839981904277309e-34
-4.526315783440859608e-01  8.787429525626319455e-30  8.787429525626319455e-30
-3.526315783440858720e-01  1.036030695532789245e-25  1.036030695532789245e-25
-2.526315783440860052e-01  6.099440519538277984e-22  6.099440519538277984e-22
-1.526315783440859164e-01  1.793139130321550974e-18  1.793139130321550974e-18
-5.263157834408604963e-02  2.632355771008034089e-15  2.632355771008034089e-15
4.736842165591403919e-02  1.929664433069554214e-12  1.929664433069554214e-12
1.473684216559141280e-01  7.063592047498679279e-10  7.063592047498679279e-10
2.473684216559139948e-01  1.291148025767300148e-07  1.291148025767300148e-07
3.473684216559140836e-01  1.178509456995579381e-05  1.178509456995579381e-05
4.473684216559139504e-01  5.371514074914705058e-04  5.371514074914705058e-04
5.473684216559140392e-01  1.222550968384627894e-02  1.222550968384627894e-02
6.473684216559141280e-01  1.389452932581262956e-01  1.389452932581262956e-01
7.473684216559142168e-01  7.885465123748466310e-01  7.885465123748466310e-01
8.473684216559143056e-01  2.234690591800584158e+00  2.234690591800584158e+00
9.473684216559139504e-01  3.162380301362265111e+00  3.162380301362265111e+00
1.047368421655914039e+00  2.234690674798911481e+00  2.234690674798911481e+00
1.147368421655914128e+00  7.885481018719098234e-01  7.885481018719098234e-01
1.247368421655914217e+00  1.389667832052839669e-01  1.389667832052839669e-01
1.347368421655914306e+00  1.243082146288229141e-02  1.243082146288229141e-02
1.447368421655913950e+00  1.923255000475999248e-03  1.923255000475999248e-03
1.547368421655914039e+00  6.624515499991911680e-03  6.624515499991911680e-03
1.647368421655914128e+00  2.229316681651895282e-02  2.229316681651895282e-02
1.747368421655914217e+00  5.310812839967395116e-02  5.310812839967395116e-02
1.847368421655914306e+00  8.940381587269653763e-02  8.940381587269653763e-02
1.947368421655913950e+00  1.063541928730784986e-01  1.063541928730784986e-01
2.047368421655914261e+00  8.940433620895332778e-02  8.940433620895332778e-02
2.147368421655913906e+00  5.311188622112112540e-02  5.311188622112112540e-02
2.247368421655914439e+00  2.231437022349510788e-02  2.231437022349510788e-02
2.347368421655914084e+00  6.708779868862332560e-03  6.708779868862332560e-03
2.447368421655913728e+00  1.729199995088474134e-03  1.729199995088474134e-03
2.547368421655914261e+00  1.177625144370407625e-03  1.177625144370407625e-03
2.647368421655913906e+00  2.207565869389130006e-03  2.207565869389130006e-03
2.747368421655913551e+00  3.900948454026928469e-03  3.900948454026928469e-03
2.847368421655914084e+00  5.518197512179657920e-03  5.518197512179657920e-03
2.947368421655913728e+00  6.195279503916104741e-03  6.195279503916104741e-03
3.047368421655914261e+00  5.518503011033721803e-03  5.518503011033721803e-03
3.147368421655913906e+00  3.901111031994608860e-03  3.901111031994608860e-03
3.247368421655914439e+00  2.192524236040251963e-03  2.192524236040251963e-03
3.347368421655914084e+00  9.922452345626181329e-04  9.922452345626181329e-04
3.447368421655913728e+00  3.948856218586381897e-04  3.948856218586381897e-04
3.547368421655914261e+00  2.091675559471238251e-04  2.091675559471238251e-04
3.647368421655913906e+00  2.290278753827486844e-04  2.290278753827486844e-04
3.747368421655914439e+00  3.243299331520143095e-04  3.243299331520143095e-04
3.847368421655914084e+00  4.164632027979595238e-04  4.164632027979595238e-04
3.947368421655913728e+00  4.537422692430761106e-04  4.537422692430761106e-04
4.047368421655914261e+00  4.160703509459556652e-04  4.160703509459556652e-04
4.147368421655913906e+00  3.210123348001094794e-04  3.210123348001094794e-04
4.247368421655914439e+00  2.089494676620017293e-04  2.089494676620017293e-04
4.347368421655914084e+00  1.162119939841962506e-04  1.162119939841962506e-04
4.447368421655913728e+00  5.843071239324137712e-05  5.843071239324137712e-05
4.547368421655914261e+00  3.233986374637802037e-05  3.233986374637802037e-05
4.647368421655913906e+00  2.662376331981585576e-05  2.662376331981585576e-05
4.747368421655914439e+00  3.030494398341228835e-05  3.030494398341228835e-05
4.847368421655914084e+00  3.556733467196077851e-05  3.556733467196077851e-05
4.947368421655913728e+00  3.777944584939575169e-05  3.777944584939575169e-05
5.047368421655914261e+00  3.520700262921418530e-05  3.520700262921418530e-05
5.147368421655913906e+00  2.863564065936296897e-05  2.863564065936296897e-05
5.247368421655914439e+00  2.037438579767256804e-05  2.037438579767256804e-05
5.347368421655914084e+00  1.283048686832462668e-05  1.283048686832462668e-05
5.447368421655913728e+00  7.440077058729675398e-06  7.440077058729675398e-06
5.547368421655914261e+00  4.438321259483021877e-06  4.438321259483021877e-06
5.647368421655913906e+00  3.270271370832197126e-06  3.270271370832197126e-06
5.747368421655914439e+00  3.135097042175471688e-06  3.135097042175471688e-06
5.847368421655914084e+00  3.339360672556023570e-06  3.339360672556023570e-06
5.947368421655913728e+00  3.432026271345557289e-06  3.432026271345557289e-06
6.047368421655914261e+00  3.216885988067078716e-06  3.216885988067078716e-06
6.147368421655913906e+00  2.707415695976895784e-06  2.707415695976895784e-06
6.247368421655914439e+00  2.044500696694819916e-06  2.044500696694819916e-06
6.347368421655914084e+00  1.398555910365932829e-06  1.398555910365932829e-06
6.447368421655913728e+00  8.920425181758395543e-07  8.920425181758395543e-07
6.547368421655913373e+00  5.685795735799136555e-07  5.685795735799136555e-07
6.647368421655914794e+00  4.058168184052550406e-07  4.058168184052550406e-07
6.747368421655914439e+00  3.484899775749335011e-07  3.484899775749335011e-07
6.847368421655914084e+00  3.387551420811348017e-07  3.387551420811348017e-07
6.947368421655913728e+00  3.337893520382487836e-07  3.337893520382487836e-07
7.047368421655913373e+00  3.113740993667955555e-07  3.113740993667955555e-07
7.147368421655914794e+00  2.676471429125698451e-07  2.676471429125698451e-07
7.247368421655914439e+00  2.106770058453416005e-07  2.106770058453416005e-07
7.347368421655914084e+00  1.527928023791023872e-07  1.527928023791023872e-07
7.447368421655913728e+00  1.042788818903820110e-07  1.042788818903820110e-07
7.547368421655913373e+00  7.014389697418369927e-08  7.014389697418369927e-08
7.647368421655914794e+00  5.008499685498362883e-08  5.008499685498362883e-08
7.747368421655914439e+00  4.042935086487583193e-08  4.042935086487583193e-08
7.847368421655914084e+00  3.649737552323802938e-08  3.649737552323802938e-08
7.947368421655913728e+00  3.434920550750523111e-08  3.434920550750523111e-08
8.047368421655914261e+00  3.159884988075179903e-08  3.159884988075179903e-08
8.147368421655915682e+00  2.744580544602022703e-08  2.744580544602022703e-08
8.247368421655913551e+00  2.223135083709624964e-08  2.223135083709624964e-08
8.347368421655914972e+00  1.682303390205919041e-08  1.682303390205919041e-08
8.447368421655912840e+00  1.207025527913152210e-08  1.207025527913152210e-08
8.547368421655914261e+00  8.478416417086021318e-09  8.478416417086021318e-09
8.647368421655915682e+00  6.132026345268608833e-09  6.132026345268608833e-09
8.747368421655913551e+00  4.799006418252182805e-09  4.799006418252182805e-09
8.847368421655914972e+00  4.107288267536315892e-09  4.107288267536315892e-09
8.947368421655912840e+00  3.702168780065251512e-09  3.702168780065251512e-09
9.047368421655916038e+00  3.338660283428543836e-09  3.338660283428543836e-09
9.147368421655915682e+00  2.905022486891430124e-09  2.905022486891430124e-09
9.247368421655915327e+00  2.397241461821879543e-09  2.397241461821879543e-09
9.347368421655914972e+00  1.870965442455598720e-09  1.870965442455598720e-09
9.447368421655914617e+00  1.393983330258293893e-09  1.393983330258293893e-09
9.547368421655916038e+00  1.013908728317207745e-09  1.013908728317207745e-09
9.647368421655915682e+00  7.458159456941830447e-10  7.458159456941830447e-10
9.747368421655915327e+00  5.763025217359597204e-10  5.763025217359597204e-10
9.847368421655914972e+00  4.761596267891196197e-10  4.761596267891196197e-10
9.947368421655914617e+00  4.138826253777695921e-10  4.138826253777695921e-10
1.004736842165591604e+01  3.650772372222330533e-10  3.650772372222330533e-10
1.014736842165591568e+01  3.162219028690377034e-10  3.162219028690377034e-10
1.024736842165591533e+01  2.637317158351370219e-10  2.637317158351370219e-10
1.034736842165591497e+01  2.103971745913092617e-10  2.103971745913092617e-10
1.044736842165591462e+01  1.612960214655267007e-10  1.612960214655267007e-10
