-1.662781938723995268e+00  4.971830757331892043e-24  4.971830757331892043e-24
-1.562781938723995623e+00  2.988966239943059358e-22  2.988966239943059358e-22
-1.462781938723995534e+00  1.685245807242438808e-20  1.685245807242438808e-20
-1.362781938723995445e+00  8.256090135931012651e-19  8.256090135931012651e-19
-1.262781938723995800e+00  3.433779338083692583e-17  3.433779338083692583e-17
-1.162781938723995268e+00  1.204245375244444564e-15  1.204245375244444564e-15
-1.062781938723995623e+00  3.553934147014975054e-14  3.553934147014975054e-14
-9.627819387239955340e-01  8.819975807184421417e-13  8.819975807184421417e-13
-8.627819387239954452e-01  1.840304225915032282e-11  1.840304225915032282e-11
-7.627819387239953564e-01  3.228043642545833141e-10  3.228043642545833141e-10
-6.627819387239954896e-01  4.759948861291417716e-09  4.759948861291417716e-09
-5.627819387239954008e-01  5.900274955144268015e-08  5.900274955144268015e-08
-4.627819387239953119e-01  6.148180529718481987e-07  6.148180529718481987e-07
-3.627819387239954452e-01  5.385476377277968797e-06  5.385476377277968797e-06
-2.627819387239953564e-01  3.965557030555281565e-05  3.965557030555281565e-05
-1.627819387239954896e-01  2.454632995338048955e-04  2.454632995338048955e-04
-6.278193872399540076e-02  1.277236000297851323e-03  1.277236000297851323e-03
3.721806127600468805e-02  5.586734430658334832e-03  5.586734430658334832e-03
1.372180612760045548e-01  2.054222417950253912e-02  2.054222417950253912e-02
2.372180612760046436e-01  6.349507706204214619e-02  6.349507706204214619e-02
3.372180612760045104e-01  1.649821816231146765e-01  1.649821816231146765e-01
4.372180612760045992e-01  3.603637552964243373e-01  3.603637552964243373e-01
5.372180612760046881e-01  6.616956517917617075e-01  6.616956517917617075e-01
6.372180612760047769e-01  1.021416813086224673e+00  1.021416813086224673e+00
7.372180612760048657e-01  1.325598291641185700e+00  1.325598291641185700e+00
8.372180612760045104e-01  1.446720041009550206e+00  1.446720041009550206e+00
9.372180612760045992e-01  1.328644654629096644e+00  1.328644654629096644e+00
1.037218061276004688e+00  1.028911066585965983e+00  1.028911066585965983e+00
1.137218061276004777e+00  6.764467569541118275e-01  6.764467569541118275e-01
1.237218061276004866e+00  3.864188685107870502e-01  3.864188685107870502e-01
1.337218061276004510e+00  2.070239556556744687e-01  2.070239556556744687e-01
1.437218061276004599e+00  1.256605591842272218e-01  1.256605591842272218e-01
1.537218061276004688e+00  1.048329928395073385e-01  1.048329928395073385e-01
1.637218061276004777e+00  1.104210314700223156e-01  1.104210314700223156e-01
1.737218061276004866e+00  1.209223914548633871e-01  1.209223914548633871e-01
1.837218061276004510e+00  1.256409645870274761e-01  1.256409645870274761e-01
1.937218061276004599e+00  1.209059029249257150e-01  1.209059029249257150e-01
2.037218061276004910e+00  1.074649292281839724e-01  1.074649292281839724e-01
2.137218061276004555e+00  8.864977546432074862e-02  8.864977546432074862e-02
2.237218061276005088e+00  6.865870326785060429e-02  6.865870326785060429e-02
2.337218061276004732e+00  5.104102223378337994e-02  5.104102223378337994e-02
2.437218061276005265e+00  3.778703134012502407e-02  3.778703134012502407e-02
2.537218061276004910e+00  2.920512076952189520e-02  2.920512076952189520e-02
2.637218061276004555e+00  2.439821256477436862e-02  2.439821256477436862e-02
2.737218061276005088e+00  2.195922119052256399e-02  2.195922119052256399e-02
2.837218061276004732e+00  2.055698750120737994e-02  2.055698750120737994e-02
2.937218061276005265e+00  1.926194156708886315e-02  1.926194156708886315e-02
3.037218061276004910e+00  1.762160769323829757e-02  1.762160769323829757e-02
3.137218061276005443e+00  1.557394411524941173e-02  1.557394411524941173e-02
3.237218061276005088e+00  1.329290117973966692e-02  1.329290117973966692e-02
3.337218061276004732e+00  1.103465910425509115e-02  1.103465910425509115e-02
3.437218061276005265e+00  9.023020725505700307e-03  9.023020725505700307e-03
3.537218061276004910e+00  7.388205768642879499e-03  7.388205768642879499e-03
3.637218061276005443e+00  6.155537879586247575e-03  6.155537879586247575e-03
3.737218061276005088e+00  5.269128509981731850e-03  5.269128509981731850e-03
3.837218061276004732e+00  4.631266952350555390e-03  4.631266952350555390e-03
3.937218061276005265e+00  4.140420312235656292e-03  4.140420312235656292e-03
4.037218061276004910e+00  3.717199666150090408e-03  3.717199666150090408e-03
4.137218061276005443e+00  3.315061883339525881e-03  3.315061883339525881e-03
4.237218061276005088e+00  2.918212490549417816e-03  2.918212490549417816e-03
4.337218061276004732e+00  2.531991588423813510e-03  2.531991588423813510e-03
4.437218061276005265e+00  2.171207652832708983e-03  2.171207652832708983e-03
4.537218061276004910e+00  1.850421637565832691e-03  1.850421637565832691e-03
4.637218061276005443e+00  1.578150636934788935e-03  1.578150636934788935e-03
4.737218061276005088e+00  1.355145881152605182e-03  1.355145881152605182e-03
4.837218061276004732e+00  1.175713488647937106e-03  1.175713488647937106e-03
4.937218061276005265e+00  1.030574564372487359e-03  1.030574564372487359e-03
5.037218061276004910e+00  9.098737596191763246e-04  9.098737596191763246e-04
5.137218061276005443e+00  8.054050870134853157e-04  8.054050870134853157e-04
5.237218061276005088e+00  7.116817182621580076e-04  7.116817182621580076e-04
5.337218061276004732e+00  6.259416251693430272e-04  6.259416251693430272e-04
5.437218061276005265e+00  5.474539906762091899e-04  5.474539906762091899e-04
5.537218061276004910e+00  4.765624905194962594e-04  4.765624905194962594e-04
5.637218061276005443e+00  4.138225211638314879e-04  4.138225211638314879e-04
5.737218061276005088e+00  3.594366471255915898e-04  3.594366471255915898e-04
5.837218061276004732e+00  3.130360154719722169e-04  3.130360154719722169e-04
5.937218061276005265e+00  2.737410693286343932e-04  2.737410693286343932e-04
6.037218061276004910e+00  2.403799685460293318e-04  2.403799685460293318e-04
6.137218061276005443e+00  2.117420568250605057e-04  2.117420568250605057e-04
6.237218061276005088e+00  1.867777178829962438e-04  1.867777178829962438e-04
6.337218061276004732e+00  1.647030472833720268e-04  1.647030472833720268e-04
6.437218061276004377e+00  1.450100081778564996e-04  1.450100081778564996e-04
6.537218061276005798e+00  1.274098745196084890e-04  1.274098745196084890e-04
6.637218061276005443e+00  1.117473985171804634e-04  1.117473985171804634e-04
6.737218061276005088e+00  9.791867430181958791e-05  9.791867430181958791e-05
6.837218061276004732e+00  8.581332362243505646e-05  8.581332362243505646e-05
6.937218061276004377e+00  7.528768376900003801e-05  7.528768376900003801e-05
7.037218061276005798e+00  6.616467104411701407e-05  6.616467104411701407e-05
7.137218061276005443e+00  5.825003859726520157e-05  5.825003859726520157e-05
7.237218061276005088e+00  5.135378170001613982e-05  5.135378170001613982e-05
7.337218061276004732e+00  4.530800519536298668e-05  4.530800519536298668e-05
7.437218061276004377e+00  3.997670112498390827e-05  3.997670112498390827e-05
7.537218061276005798e+00  3.525686708465588213e-05  3.525686708465588213e-05
7.637218061276005443e+00  3.107314665008002459e-05  3.107314665008002459e-05
7.737218061276005088e+00  2.736933680802812441e-05  2.736933680802812441e-05
7.837218061276004732e+00  2.409990322190044430e-05  2.409990322190044430e-05
7.937218061276006154e+00  2.122360527440642487e-05  2.122360527440642487e-05
8.037218061276005798e+00  1.870004547067049994e-05  1.870004547067049994e-05
8.137218061276005443e+00  1.648887631625992208e-05  1.648887631625992208e-05
8.237218061276005088e+00  1.455076081313648975e-05  1.455076081313648975e-05
8.337218061276004732e+00  1.284901959273402272e-05  1.284901959273402272e-05
8.437218061276006154e+00  1.135109234412456193e-05  1.135109234412456193e-05
8.537218061276005798e+00  1.002931530255738037e-05  1.002931530255738037e-05
8.637218061276005443e+00  8.860901905018350727e-06  8.860901905018350727e-06
8.737218061276005088e+00  7.827296643631414996e-06  7.827296643631414996e-06
8.837218061276004732e+00  6.913207246952178924e-06  6.913207246952178924e-06
8.937218061276006154e+00  6.105619951480767950e-06  6.105619951480767950e-06
9.037218061276005798e+00  5.393013572537253910e-06  5.393013572537253910e-06
9.137218061276005443e+00  4.764866402053754188e-06  4.764866402053754188e-06
9.237218061276005088e+00  4.211441808893420777e-06  4.211441808893420777e-06
9.337218061276004732e+00  3.723770267765868200e-06  3.723770267765868200e-06
9.437218061276006154e+00  3.293723360038083814e-06  3.293723360038083814e-06
9.537218061276005798e+00  2.914089838968135747e-06  2.914089838968135747e-06
9.637218061276005443e+00  2.578598531537849444e-06  2.578598531537849444e-06
9.737218061276005088e+00  2.281870951122630353e-06  2.281870951122630353e-06
9.837218061276004732e+00  2.019316018265111320e-06  2.019316018265111320e-06
9.937218061276006154e+00  1.786994763441117774e-06  1.786994763441117774e-06
1.003721806127600580e+01  1.581484721012636643e-06  1.581484721012636643e-06
1.013721806127600544e+01  1.399766081213641421e-06  1.399766081213641421e-06
1.023721806127600509e+01  1.239140000869950235e-06  1.239140000869950235e-06
1.033721806127600473e+01  1.097178530081254491e-06  1.097178530081254491e-06
