-1.510101010101000618e+00  2.858705971309331717e-94  2.858705971309331717e-94
-1.410101010101000973e+00  4.570935159816979038e-87  4.570935159816979038e-87
-1.310101010101000885e+00  5.571192262797242716e-80  5.571192262797242716e-80
-1.210101010101000796e+00  3.402402009617687394e-73  3.402402009617687394e-73
-1.110101010101001151e+00  1.037631952679570365e-66  1.037631952679570365e-66
-1.010101010101000618e+00  1.580184628908006209e-60  1.580184628908006209e-60
-9.101010101010007514e-01  1.201652631751006247e-54  1.201652631751006247e-54
-8.101010101010008846e-01  4.563065058617178708e-49  4.563065058617178708e-49
-7.101010101010007958e-01  8.652487678709303762e-44  8.652487678709303762e-44
-6.101010101010007070e-01  8.192791980032665352e-39  8.192791980032665352e-39
-5.101010101010008402e-01  3.873731152985968094e-34  3.873731152985968094e-34
-4.101010101010007514e-01  9.146051327728178728e-30  9.146051327728178728e-30
-3.101010101010006625e-01  1.078311910304560470e-25  1.078311910304560470e-25
-2.101010101010007958e-01  6.348363409281057945e-22  6.348363409281057945e-22
-1.101010101010007070e-01  1.866318526464639455e-18  1.866318526464639455e-18
-1.010101010100084018e-02  2.739784247972672975e-15  2.739784247972672975e-15
8.989898989899924864e-02  2.008415532514638476e-12  2.008415532514638476e-12
1.898989898989993375e-01  7.351862707536297305e-10  7.351862707536297305e-10
2.898989898989992042e-01  1.343840776295837166e-07  1.343840776295837166e-07
3.898989898989992930e-01  1.226605340328619869e-05  1.226605340328619869e-05
4.898989898989991598e-01  5.590729722897274387e-04  5.590729722897274387e-04
5.898989898989992486e-01  1.272444219894043951e-02  1.272444219894043951e-02
6.898989898989993375e-01  1.446157582463629687e-01  1.446157582463629687e-01
7.898989898989994263e-01  8.207277060303544980e-01  8.207277060303544980e-01
8.898989898989995151e-01  2.325890044866409490e+00  2.325890044866409490e+00
9.898989898989991598e-01  3.291439487222740823e+00  3.291439487222740823e+00
1.089898989898999249e+00  2.325890062848606998e+00  2.325890062848606998e+00
1.189898989898999337e+00  8.207280504066730709e-01  8.207280504066730709e-01
1.289898989898999426e+00  1.446204142027300854e-01  1.446204142027300854e-01
1.389898989898999515e+00  1.276892451795438171e-02  1.276892451795438171e-02
1.489898989898999160e+00  8.593825916321059426e-04  8.593825916321059426e-04
1.589898989898999249e+00  1.444963119296782368e-03  1.444963119296782368e-03
1.689898989898999337e+00  4.830086268968729162e-03  4.830086268968729162e-03
1.789898989898999426e+00  1.150627025749808088e-02  1.150627025749808088e-02
1.889898989898999515e+00  1.936999862903320685e-02  1.936999862903320685e-02
1.989898989898999160e+00  2.304241434858950166e-02  2.304241434858950166e-02
2.089898989898999027e+00  1.937002209421145177e-02  1.937002209421145177e-02
2.189898989898999560e+00  1.150643903144249990e-02  1.150643903144249990e-02
2.289898989898999204e+00  4.830913978936545589e-03  4.830913978936545589e-03
2.389898989898999737e+00  1.437028884594866891e-03  1.437028884594866891e-03
2.489898989898999382e+00  3.157832238154349713e-04  3.157832238154349713e-04
2.589898989898999915e+00  8.833352867920224612e-05  8.833352867920224612e-05
2.689898989898999560e+00  1.032476982644976374e-04  1.032476982644976374e-04
2.789898989898999204e+00  1.762049140890334788e-04  1.762049140890334788e-04
2.889898989898999737e+00  2.488838210244342388e-04  2.488838210244342388e-04
2.989898989898999382e+00  2.794041000544730856e-04  2.794041000544730856e-04
3.089898989898999915e+00  2.488694860654437862e-04  2.488694860654437862e-04
3.189898989898999560e+00  1.758769863982200161e-04  1.758769863982200161e-04
3.289898989899000092e+00  9.865227922633750337e-05  9.865227922633750337e-05
3.389898989898999737e+00  4.403833178155406778e-05  4.403833178155406778e-05
3.489898989898999382e+00  1.595980612732058414e-05  1.595980612732058414e-05
3.589898989898999915e+00  5.393780878842093280e-06  5.393780878842093280e-06
3.689898989898999560e+00  2.911954554386221958e-06  2.911954554386221958e-06
3.789898989899000092e+00  3.179061425439808220e-06  3.179061425439808220e-06
3.889898989898999737e+00  3.928495260180132479e-06  3.928495260180132479e-06
3.989898989898999382e+00  4.261582965751190246e-06  4.261582965751190246e-06
4.089898989898999915e+00  3.905277212947388179e-06  3.905277212947388179e-06
4.189898989898999560e+00  3.010413978598497492e-06  3.010413978598497492e-06
4.289898989899000092e+00  1.952311354065229403e-06  1.952311354065229403e-06
4.389898989898999737e+00  1.068008415959421845e-06  1.068008415959421845e-06
4.489898989898999382e+00  4.991807536302338906e-07  4.991807536302338906e-07
4.589898989898999915e+00  2.113704458387703186e-07  2.113704458387703186e-07
4.689898989898999560e+00  9.996622748895421523e-08  9.996622748895421523e-08
4.789898989899000092e+00  7.225922272669538342e-08  7.225922272669538342e-08
4.889898989898999737e+00  7.248305518001026630e-08  7.248305518001026630e-08
4.989898989898999382e+00  7.438698078875196840e-08  7.438698078875196840e-08
5.089898989898999915e+00  6.884726736757100303e-08  6.884726736757100303e-08
5.189898989898999560e+00  5.584426147348746769e-08  5.584426147348746769e-08
5.289898989899000092e+00  3.950982445923624136e-08  3.950982445923624136e-08
5.389898989898999737e+00  2.442019995327786498e-08  2.442019995327786498e-08
5.489898989898999382e+00  1.330397136182492522e-08  1.330397136182492522e-08
5.589898989898999915e+00  6.593213417393370005e-09  6.593213417393370005e-09
5.689898989898999560e+00  3.271460188777482487e-09  3.271460188777482487e-09
5.789898989899000092e+00  1.960236300573711695e-09  1.960236300573711695e-09
5.889898989898999737e+00  1.568550986958653128e-09  1.568550986958653128e-09
5.989898989898999382e+00  1.451643106420735271e-09  1.451643106420735271e-09
6.089898989898999915e+00  1.319835922807458740e-09  1.319835922807458740e-09
6.189898989898999560e+00  1.099674273068854739e-09  1.099674273068854739e-09
6.289898989899000092e+00  8.230152192533465819e-10  8.230152192533465819e-10
6.389898989898999737e+00  5.515595546809703848e-10  5.515595546809703848e-10
6.489898989898999382e+00  3.327883527554200841e-10  3.327883527554200841e-10
6.589898989898999027e+00  1.842538027111833638e-10  1.842538027111833638e-10
6.689898989899000448e+00  9.850641722628856629e-11  9.850641722628856629e-11
6.789898989899000092e+00  5.643121436609776585e-11  5.643121436609776585e-11
6.889898989898999737e+00  3.874164695762246538e-11  3.874164695762246538e-11
6.989898989898999382e+00  3.158997217323891166e-11  3.158997217323891166e-11
7.089898989898999027e+00  2.729789632214147235e-11  2.729789632214147235e-11
7.189898989899000448e+00  2.279370847294187341e-11  2.279370847294187341e-11
7.289898989899000092e+00  1.764607265828729766e-11  1.764607265828729766e-11
7.389898989898999737e+00  1.250150268733168726e-11  1.250150268733168726e-11
7.489898989898999382e+00  8.107397849575146162e-12  8.107397849575146162e-12
7.589898989898999027e+00  4.868081259124973364e-12  4.868081259124973364e-12
7.689898989899000448e+00  2.788309086151832259e-12  2.788309086151832259e-12
7.789898989899000092e+00  1.617932228995532598e-12  1.617932228995532598e-12
7.889898989898999737e+00  1.032538696212941799e-12  1.032538696212941799e-12
7.989898989898999382e+00  7.563388716273443676e-13  7.563388716273443676e-13
8.089898989899001691e+00  6.085651872877785437e-13  6.085651872877785437e-13
8.189898989898999560e+00  4.970432399427258638e-13  4.970432399427258638e-13
8.289898989899000981e+00  3.899292170794125638e-13  3.899292170794125638e-13
8.389898989898998849e+00  2.864449275071521298e-13  2.864449275071521298e-13
8.489898989899000270e+00  1.956506894567050765e-13  1.956506894567050765e-13
8.589898989899001691e+00  1.248589578437019750e-13  1.248589578437019750e-13
8.689898989898999560e+00  7.579213508337166596e-14  7.579213508337166596e-14
8.789898989899000981e+00  4.539025299002079100e-14  4.539025299002079100e-14
8.889898989898998849e+00  2.834171235121359462e-14  2.834171235121359462e-14
8.989898989899000270e+00  1.937763523005977034e-14  1.937763523005977034e-14
9.089898989898999915e+00  1.453166220504958656e-14  1.453166220504958656e-14
9.189898989898999560e+00  1.141407267050263616e-14  1.141407267050263616e-14
9.289898989898999204e+00  8.905803583758387191e-15  8.905803583758387191e-15
9.389898989898998849e+00  6.669737853985554633e-15  6.669737853985554633e-15
9.489898989898998494e+00  4.721935425312525000e-15  4.721935425312525000e-15
9.589898989898999915e+00  3.154640901813619380e-15  3.154640901813619380e-15
9.689898989898999560e+00  2.008065409349033506e-15  2.008065409349033506e-15
9.789898989898999204e+00  1.245756915532479648e-15  1.245756915532479648e-15
9.889898989898998849e+00  7.812834527959165327e-16  7.812834527959165327e-16
9.989898989898998494e+00  5.160240516783524691e-16  5.160240516783524691e-16
1.008989898989899991e+01  3.664540647129464110e-16  3.664540647129464110e-16
1.018989898989899956e+01  2.753691147791541863e-16  2.753691147791541863e-16
1.028989898989899920e+01  2.107336626699661029e-16  2.107336626699661029e-16
1.038989898989899885e+01  1.585249037386141634e-16  1.585249037386141634e-16
1.048989898989899849e+01  1.147297895463803581e-16  1.147297895463803581e-16
