-1.594618157082356547e+00  0.000000000000000000e+00  0.000000000000000000e+00
-1.494618157082356014e+00  0.000000000000000000e+00  0.000000000000000000e+00
-1.394618157082356369e+00  0.000000000000000000e+00  0.000000000000000000e+00
-1.294618157082356280e+00  0.000000000000000000e+00  0.000000000000000000e+00
-1.194618157082356191e+00  0.000000000000000000e+00  0.000000000000000000e+00
-1.094618157082356547e+00  0.000000000000000000e+00  0.000000000000000000e+00
-9.946181570823562357e-01  0.000000000000000000e+00  0.000000000000000000e+00
-8.946181570823563689e-01  0.000000000000000000e+00  0.000000000000000000e+00
-7.946181570823562801e-01  0.000000000000000000e+00  0.000000000000000000e+00
-6.946181570823561913e-01  0.000000000000000000e+00  0.000000000000000000e+00
-5.946181570823563245e-01  0.000000000000000000e+00  0.000000000000000000e+00
-4.946181570823562357e-01  0.000000000000000000e+00  0.000000000000000000e+00
-3.946181570823561469e-01  0.000000000000000000e+00  0.000000000000000000e+00
-2.946181570823562801e-01  0.000000000000000000e+00  0.000000000000000000e+00
-1.946181570823561913e-01  0.000000000000000000e+00  0.000000000000000000e+00
-9.461815708235632449e-02  0.000000000000000000e+00  0.000000000000000000e+00
5.381842917643764324e-03  0.000000000000000000e+00  0.000000000000000000e+00
1.053818429176438531e-01  0.000000000000000000e+00  0.000000000000000000e+00
2.053818429176437199e-01  1.747408993478270917e-265  1.747408993478270917e-265
3.053818429176438087e-01  6.535034367566648975e-195  6.535034367566648975e-195
4.053818429176436755e-01  3.394213352213763256e-135  3.394213352213763256e-135
5.053818429176437643e-01  2.448320966230085081e-86  2.448320966230085081e-86
6.053818429176438531e-01  2.452649664652195557e-48  2.452649664652195557e-48
7.053818429176439420e-01  3.412248387181309764e-21  3.412248387181309764e-21
8.053818429176440308e-01  6.593009606420905126e-05  6.593009606420905126e-05
9.053818429176436755e-01  1.769150307792887133e+01  1.769150307792887133e+01
1.005381842917643764e+00  6.593009606420178711e-05  6.593009606420178711e-05
1.105381842917643853e+00  3.412248387180558200e-21  3.412248387180558200e-21
1.205381842917643942e+00  2.452649664651393979e-48  2.452649664651393979e-48
1.305381842917644031e+00  2.448320966231530246e-86  2.448320966231530246e-86
1.405381842917643676e+00  1.844178036106425389e-68  1.844178036106425389e-68
1.505381842917643764e+00  4.952990014144803053e-44  4.952990014144803053e-44
1.605381842917643853e+00  4.957366591418815407e-25  4.957366591418815407e-25
1.705381842917643942e+00  1.849071033053166156e-11  1.849071033053166156e-11
1.805381842917644031e+00  2.570248597376147918e-03  2.570248597376147918e-03
1.905381842917643676e+00  1.331421736026603408e+00  1.331421736026603408e+00
2.005381842917643986e+00  2.570248597376006538e-03  2.570248597376006538e-03
2.105381842917643631e+00  1.849071033052962269e-11  1.849071033052962269e-11
2.205381842917644164e+00  4.957366591418005418e-25  4.957366591418005418e-25
2.305381842917643809e+00  4.952990014143677932e-44  4.952990014143677932e-44
2.405381842917643453e+00  1.000964439429745568e-46  1.000964439429745568e-46
2.505381842917643986e+00  1.934023381662104719e-30  1.934023381662104719e-30
2.605381842917643631e+00  8.982228710003418668e-18  8.982228710003418668e-18
2.705381842917643276e+00  1.002734171931811412e-08  1.002734171931811412e-08
2.805381842917643809e+00  2.690709667979533128e-03  2.690709667979533128e-03
2.905381842917643453e+00  1.735510239951818523e-01  1.735510239951818523e-01
3.005381842917643986e+00  2.690709667979334935e-03  2.690709667979334935e-03
3.105381842917643631e+00  1.002734171931811412e-08  1.002734171931811412e-08
3.205381842917644164e+00  8.982228710001440353e-18  8.982228710001440353e-18
3.305381842917643809e+00  1.934023381661554709e-30  1.934023381661554709e-30
3.405381842917643453e+00  3.346915863038051160e-36  3.346915863038051160e-36
3.505381842917643986e+00  5.485005892017692306e-24  5.485005892017692306e-24
3.605381842917643631e+00  1.735277317829074270e-14  1.735277317829074270e-14
3.705381842917644164e+00  1.059790860278496028e-07  1.059790860278496028e-07
3.805381842917643809e+00  1.249484685927302295e-03  1.249484685927302295e-03
3.905381842917643453e+00  2.843814037267295911e-02  2.843814037267295911e-02
4.005381842917643986e+00  1.249484685927233123e-03  1.249484685927233123e-03
4.105381842917643631e+00  1.059790860278379428e-07  1.059790860278379428e-07
4.205381842917644164e+00  1.735277317828790596e-14  1.735277317828790596e-14
4.305381842917643809e+00  5.485005892016483751e-24  5.485005892016483751e-24
4.405381842917643453e+00  3.800470780410616422e-30  3.800470780410616422e-30
4.505381842917643986e+00  2.246274661547463543e-20  2.246274661547463543e-20
4.605381842917643631e+00  8.945740409385894047e-13  8.945740409385894047e-13
4.705381842917644164e+00  2.400475707374858140e-07  2.400475707374858140e-07
4.805381842917643809e+00  4.340161893804933427e-04  4.340161893804933427e-04
4.905381842917643453e+00  5.287399605975301106e-03  5.287399605975301106e-03
5.005381842917643986e+00  4.340161893804740981e-04  4.340161893804740981e-04
5.105381842917643631e+00  2.400475707374644794e-07  2.400475707374644794e-07
5.205381842917644164e+00  8.945740409384717698e-13  8.945740409384717698e-13
5.305381842917643809e+00  2.246274661547064515e-20  2.246274661547064515e-20
5.405381842917643453e+00  2.558601507746788275e-26  2.558601507746788275e-26
5.505381842917643986e+00  3.555982979769768406e-18  3.555982979769768406e-18
5.605381842917643631e+00  7.663388942979009629e-12  7.663388942979009629e-12
5.705381842917644164e+00  2.560481965037718797e-07  2.560481965037718797e-07
5.805381842917643809e+00  1.326362495221476223e-04  1.326362495221476223e-04
5.905381842917643453e+00  1.065227583459384510e-03  1.065227583459384510e-03
6.005381842917643986e+00  1.326362495221427163e-04  1.326362495221427163e-04
6.105381842917643631e+00  2.560481965037532979e-07  2.560481965037532979e-07
6.205381842917644164e+00  7.663388942978166293e-12  7.663388942978166293e-12
6.305381842917643809e+00  3.555982979769290005e-18  3.555982979769290005e-18
6.405381842917643453e+00  9.307171606044464208e-24  9.307171606044464208e-24
6.505381842917643098e+00  8.858396118516830805e-17  8.858396118516830805e-17
6.605381842917644519e+00  2.377037977370249876e-11  2.377037977370249876e-11
6.705381842917644164e+00  1.793351511293028907e-07  1.793351511293028907e-07
6.805381842917643809e+00  3.804021866727466450e-05  3.804021866727466450e-05
6.905381842917643453e+00  2.268657134491926589e-04  2.268657134491926589e-04
7.005381842917643098e+00  3.804021866727466450e-05  3.804021866727466450e-05
7.105381842917644519e+00  1.793351511292802591e-07  1.793351511292802591e-07
7.205381842917644164e+00  2.377037977369793634e-11  2.377037977369793634e-11
7.305381842917643809e+00  8.858396118518704350e-17  8.858396118518704350e-17
7.405381842917643453e+00  5.552434215629030406e-22  5.552434215629030406e-22
7.505381842917643098e+00  6.989215546922800943e-16  6.989215546922800943e-16
7.605381842917644519e+00  3.931192676756534210e-11  3.931192676756534210e-11
7.705381842917644164e+00  9.715160280553352839e-08  9.715160280553352839e-08
7.805381842917643809e+00  1.054885575671486440e-05  1.054885575671486440e-05
7.905381842917643453e+00  5.032577619034901104e-05  5.032577619034901104e-05
8.005381842917644875e+00  1.054885575671427825e-05  1.054885575671427825e-05
8.105381842917644519e+00  9.715160280552283460e-08  9.715160280552283460e-08
8.205381842917644164e+00  3.931192676755877635e-11  3.931192676755877635e-11
8.305381842917643809e+00  6.989215546945015266e-16  6.989215546945015266e-16
8.405381842917643453e+00  1.013286355749634250e-20  1.013286355749634250e-20
8.505381842917644875e+00  2.572523195116378339e-15  2.572523195116378339e-15
8.605381842917644519e+00  4.292069662854480127e-11  4.292069662854480127e-11
8.705381842917644164e+00  4.452466538600187317e-08  4.452466538600187317e-08
8.805381842917643809e+00  2.871845061078596248e-06  2.871845061078596248e-06
8.905381842917643453e+00  1.151722326888829335e-05  1.151722326888829335e-05
9.005381842917644875e+00  2.871845061078454793e-06  2.871845061078454793e-06
9.105381842917644519e+00  4.452466538599751889e-08  4.452466538599751889e-08
9.205381842917644164e+00  4.292069662853839708e-11  4.292069662853839708e-11
9.305381842917643809e+00  2.572523195193185781e-15  2.572523195193185781e-15
9.405381842917643453e+00  8.201253711380050331e-20  8.201253711380050331e-20
9.505381842917644875e+00  5.568077037574846026e-15  5.568077037574846026e-15
9.605381842917644519e+00  3.513839754593100325e-11  3.513839754593100325e-11
9.705381842917644164e+00  1.820214056708606483e-08  1.820214056708606483e-08
9.805381842917643809e+00  7.739747116297157169e-07  7.739747116297157169e-07
9.905381842917643453e+00  2.701437183990314474e-06  2.701437183990314474e-06
1.000538184291764487e+01  7.739747116296814120e-07  7.739747116296814120e-07
1.010538184291764452e+01  1.820214056708444686e-08  1.820214056708444686e-08
1.020538184291764416e+01  3.513839754592631804e-11  3.513839754592631804e-11
1.030538184291764381e+01  5.568077038678019882e-15  5.568077038678019882e-15
1.040538184291764345e+01  3.693099054338051022e-19  3.693099054338051022e-19
