-1.611110797292600871e+00  2.752346637373809675e-111  2.752346637373809675e-111
-1.511110797292600783e+00  1.441502141474647467e-103  1.441502141474647467e-103
-1.411110797292600694e+00  3.815167883268153368e-95  3.815167883268153368e-95
-1.311110797292601049e+00  4.541421526641020297e-87  4.541421526641020297e-87
-1.211110797292600960e+00  2.365888818350479554e-79  2.365888818350479554e-79
-1.111110797292600871e+00  5.393566623317943954e-72  5.393566623317943954e-72
-1.011110797292600783e+00  5.380674325281875175e-65  5.380674325281875175e-65
-9.111107972926006937e-01  2.348963701892442607e-58  2.348963701892442607e-58
-8.111107972926008269e-01  4.487400641366661903e-52  4.487400641366661903e-52
-7.111107972926009602e-01  3.751390948351195408e-46  3.751390948351195408e-46
-6.111107972926008713e-01  1.372362199374418522e-40  1.372362199374418522e-40
-5.111107972926007825e-01  2.196969910498502519e-35  2.196969910498502519e-35
-4.111107972926006937e-01  1.539070135594900811e-30  1.539070135594900811e-30
-3.111107972926008269e-01  4.718149022458401282e-26  4.718149022458401282e-26
-2.111107972926007381e-01  6.329418867465568738e-22  6.329418867465568738e-22
-1.111107972926008713e-01  3.715651393642375402e-18  3.715651393642375402e-18
-1.111079729260078253e-02  9.545199851033077057e-15  9.545199851033077057e-15
8.888920270739930629e-02  1.073035353287953130e-11  1.073035353287953130e-11
1.888892027073991731e-01  5.278639175749282562e-09  5.278639175749282562e-09
2.888892027073992619e-01  1.136341487247910097e-06  1.136341487247910097e-06
3.888892027073991287e-01  1.070470465865797072e-04  1.070470465865797072e-04
4.888892027073992175e-01  4.412852964581200597e-03  4.412852964581200597e-03
5.888892027073993063e-01  7.960551660281450781e-02  7.960551660281450781e-02
6.888892027073993951e-01  6.284139447292007574e-01  6.284139447292007574e-01
7.888892027073994839e-01  2.170837937847539312e+00  2.170837937847539312e+00
8.888892027073991287e-01  3.281617299712600300e+00  3.281617299712600300e+00
9.888892027073992175e-01  2.170837949168411996e+00  2.170837949168411996e+00
1.088889202707399306e+00  6.284143243993925987e-01  6.284143243993925987e-01
1.188889202707399395e+00  7.961393754156342872e-02  7.961393754156342872e-02
1.288889202707399484e+00  4.536406151386320786e-03  4.536406151386320786e-03
1.388889202707399129e+00  1.306233917444191107e-03  1.306233917444191107e-03
1.488889202707399217e+00  7.700578287827147123e-03  7.700578287827147123e-03
1.588889202707399306e+00  3.270176346147614377e-02  3.270176346147614377e-02
1.688889202707399395e+00  9.188030482279829769e-02  9.188030482279829769e-02
1.788889202707399484e+00  1.707706474617655401e-01  1.707706474617655401e-01
1.888889202707399129e+00  2.099633708956935574e-01  2.099633708956935574e-01
1.988889202707399217e+00  1.707709782605872917e-01  1.707709782605872917e-01
2.088889202707399306e+00  9.188375832631712203e-02  9.188375832631712203e-02
2.188889202707399395e+00  3.272902101607230024e-02  3.272902101607230024e-02
2.288889202707399484e+00  7.862834895317185810e-03  7.862834895317185810e-03
2.388889202707399129e+00  1.942642841634655481e-03  1.942642841634655481e-03
2.488889202707399662e+00  2.691800506472654883e-03  2.691800506472654883e-03
2.588889202707399306e+00  6.744048791222550035e-03  6.744048791222550035e-03
2.688889202707398951e+00  1.341193043626939634e-02  1.341193043626939634e-02
2.788889202707399484e+00  2.027402569370021640e-02  2.027402569370021640e-02
2.888889202707399129e+00  2.326813878425403048e-02  2.326813878425403048e-02
2.988889202707399662e+00  2.027475506359945057e-02  2.027475506359945057e-02
3.088889202707399306e+00  1.341590847281943187e-02  1.341590847281943187e-02
3.188889202707399839e+00  6.756155776956412201e-03  6.756155776956412201e-03
3.288889202707399484e+00  2.646878271007018987e-03  2.646878271007018987e-03
3.388889202707399129e+00  9.884243455927812887e-04  9.884243455927812887e-04
3.488889202707399662e+00  7.841136634775723807e-04  7.841136634775723807e-04
3.588889202707399306e+00  1.306503575687929060e-03  1.306503575687929060e-03
3.688889202707399839e+00  2.147718778492180725e-03  2.147718778492180725e-03
3.788889202707399484e+00  2.923654095633746938e-03  2.923654095633746938e-03
3.888889202707399129e+00  3.241598709083221008e-03  3.241598709083221008e-03
3.988889202707399662e+00  2.923934377026012835e-03  2.923934377026012835e-03
4.088889202707399306e+00  2.146846958058796356e-03  2.146846958058796356e-03
4.188889202707399839e+00  1.288170698290960802e-03  1.288170698290960802e-03
4.288889202707399484e+00  6.468704524967630598e-04  6.468704524967630598e-04
4.388889202707399129e+00  3.098738513173991227e-04  3.098738513173991227e-04
4.488889202707399662e+00  2.151868964769003867e-04  2.151868964769003867e-04
4.588889202707399306e+00  2.640601771893861995e-04  2.640601771893861995e-04
4.688889202707399839e+00  3.725052564349818360e-04  3.725052564349818360e-04
4.788889202707399484e+00  4.725020254966301675e-04  4.725020254966301675e-04
4.888889202707399129e+00  5.125655851040279275e-04  5.125655851040279275e-04
4.988889202707399662e+00  4.720718075626239912e-04  4.720718075626239912e-04
5.088889202707399306e+00  3.692123834330795595e-04  3.692123834330795595e-04
5.188889202707399839e+00  2.465354422286495707e-04  2.465354422286495707e-04
5.288889202707399484e+00  1.439098635068310152e-04  1.439098635068310152e-04
5.388889202707399129e+00  8.059237299881753238e-05  8.059237299881753238e-05
5.488889202707399662e+00  5.530589765936951160e-05  5.530589765936951160e-05
5.588889202707399306e+00  5.614809519570969836e-05  5.614809519570969836e-05
5.688889202707399839e+00  6.921512666672885732e-05  6.921512666672885732e-05
5.788889202707399484e+00  8.256478806372854974e-05  8.256478806372854974e-05
5.888889202707399129e+00  8.793375517828290369e-05  8.793375517828290369e-05
5.988889202707399662e+00  8.207434739541827297e-05  8.207434739541827297e-05
6.088889202707399306e+00  6.699356254475891754e-05  6.699356254475891754e-05
6.188889202707399839e+00  4.809824026524229840e-05  4.809824026524229840e-05
6.288889202707399484e+00  3.105350943336023114e-05  3.105350943336023114e-05
6.388889202707399129e+00  1.931927747846993524e-05  1.931927747846993524e-05
6.488889202707398773e+00  1.353324340604689555e-05  1.353324340604689555e-05
6.588889202707400194e+00  1.234526629819157145e-05  1.234526629819157145e-05
6.688889202707399839e+00  1.361882469266451106e-05  1.361882469266451106e-05
6.788889202707399484e+00  1.531634844022417718e-05  1.531634844022417718e-05
6.888889202707399129e+00  1.599656446232516189e-05  1.599656446232516189e-05
6.988889202707398773e+00  1.504575822318876106e-05  1.504575822318876106e-05
7.088889202707400194e+00  1.266211876027344398e-05  1.266211876027344398e-05
7.188889202707399839e+00  9.580072789230062037e-06  9.580072789230062037e-06
7.288889202707399484e+00  6.645952465507976907e-06  6.645952465507976907e-06
7.388889202707399129e+00  4.456219645624720473e-06  4.456219645624720473e-06
7.488889202707398773e+00  3.208936066894121266e-06  3.208936066894121266e-06
7.588889202707400194e+00  2.763665836614029913e-06  2.763665836614029913e-06
7.688889202707399839e+00  2.801483663710488182e-06  2.801483663710488182e-06
7.788889202707399484e+00  2.981314932965446145e-06  2.981314932965446145e-06
7.888889202707399129e+00  3.046022555140876308e-06  3.046022555140876308e-06
7.988889202707400550e+00  2.872565112064259628e-06  2.872565112064259628e-06
8.088889202707399306e+00  2.471440816571866250e-06  2.471440816571866250e-06
8.188889202707400727e+00  1.944785335515950907e-06  1.944785335515950907e-06
8.288889202707398596e+00  1.423174528310504615e-06  1.423174528310504615e-06
8.388889202707400017e+00  1.008872056416853766e-06  1.008872056416853766e-06
8.488889202707401438e+00  7.464620803082411690e-07  7.464620803082411690e-07
8.588889202707399306e+00  6.242857680500619117e-07  6.242857680500619117e-07
8.688889202707400727e+00  5.954241702374133360e-07  5.954241702374133360e-07
8.788889202707398596e+00  6.033393089981451926e-07  6.033393089981451926e-07
8.888889202707400017e+00  6.020343967884593054e-07  6.020343967884593054e-07
8.988889202707401438e+00  5.667643396809047368e-07  5.667643396809047368e-07
9.088889202707399306e+00  4.952525465451214621e-07  4.952525465451214621e-07
9.188889202707400727e+00  4.015332467913760984e-07  4.015332467913760984e-07
9.288889202707398596e+00  3.060719724485855721e-07  3.060719724485855721e-07
9.388889202707400017e+00  2.264285232886480089e-07  2.264285232886480089e-07
9.488889202707401438e+00  1.716960320297825664e-07  1.716960320297825664e-07
9.588889202707399306e+00  1.416675409306147909e-07  1.416675409306147909e-07
9.688889202707400727e+00  1.295308490565257959e-07  1.295308490565257959e-07
9.788889202707398596e+00  1.259561736638386585e-07  1.259561736638386585e-07
9.888889202707400017e+00  1.227320777754035844e-07  1.227320777754035844e-07
9.988889202707401438e+00  1.149436202672388930e-07  1.149436202672388930e-07
1.008888920270739931e+01  1.014750840401390260e-07  1.014750840401390260e-07
1.018888920270740073e+01  8.416039687171870446e-08  8.416039687171870446e-08
1.028888920270739860e+01  6.621354374419194719e-08  6.621354374419194719e-08
1.038888920270740002e+01  5.064990511454859301e-08  5.064990511454859301e-08
