-1.662780277347694735e+00  1.029455106955725528e-16  1.029455106955725528e-16
-1.562780277347694646e+00  1.727359739183997720e-15  1.727359739183997720e-15
-1.462780277347694557e+00  2.713431520371311423e-14  2.713431520371311423e-14
-1.362780277347694913e+00  3.870782294627105287e-13  3.870782294627105287e-13
-1.262780277347694824e+00  4.949901071286615742e-12  4.949901071286615742e-12
-1.162780277347694735e+00  5.643799598314598272e-11  5.643799598314598272e-11
-1.062780277347694646e+00  5.724438808476545284e-10  5.724438808476545284e-10
-9.627802773476945575e-01  5.159963263399446875e-09  5.159963263399446875e-09
-8.627802773476946907e-01  4.131569498490168030e-08  4.131569498490168030e-08
-7.627802773476948239e-01  2.937951000909941655e-07  2.937951000909941655e-07
-6.627802773476947351e-01  1.855191701470352003e-06  1.855191701470352003e-06
-5.627802773476946463e-01  1.040217305714907367e-05  1.040217305714907367e-05
-4.627802773476945575e-01  5.178903631797368166e-05  5.178903631797368166e-05
-3.627802773476946907e-01  2.289408328225105399e-04  2.289408328225105399e-04
-2.627802773476946019e-01  8.986212812594698710e-04  8.986212812594698710e-04
-1.627802773476947351e-01  3.131816769589404297e-03  3.131816769589404297e-03
-6.278027734769464629e-02  9.691291359353881169e-03  9.691291359353881169e-03
3.721972265230544252e-02  2.662766965153292448e-02  2.662766965153292448e-02
1.372197226523053093e-01  6.496099717556813591e-02  6.496099717556813591e-02
2.372197226523053981e-01  1.407161287692316742e-01  1.407161287692316742e-01
3.372197226523052649e-01  2.706534379623685704e-01  2.706534379623685704e-01
4.372197226523053537e-01  4.622471630785848773e-01  4.622471630785848773e-01
5.372197226523054425e-01  7.010511720098866473e-01  7.010511720098866473e-01
6.372197226523055313e-01  9.442483134756389784e-01  9.442483134756389784e-01
7.372197226523056202e-01  1.129737322395150345e+00  1.129737322395150345e+00
8.372197226523052649e-01  1.201215961798369314e+00  1.201215961798369314e+00
9.372197226523053537e-01  1.136190046651199825e+00  1.136190046651199825e+00
1.037219722652305443e+00  9.582043940895524914e-01  9.582043940895524914e-01
1.137219722652305531e+00  7.244079851257071434e-01  7.244079851257071434e-01
1.237219722652305620e+00  4.973385309857336622e-01  4.973385309857336622e-01
1.337219722652305265e+00  3.196551293156921769e-01  3.196551293156921769e-01
1.437219722652305354e+00  2.049489814673277899e-01  2.049489814673277899e-01
1.537219722652305443e+00  1.442464790129129315e-01  1.442464790129129315e-01
1.637219722652305531e+00  1.188938061602645702e-01  1.188938061602645702e-01
1.737219722652305620e+00  1.109986839068155540e-01  1.109986839068155540e-01
1.837219722652305265e+00  1.081786532560438940e-01  1.081786532560438940e-01
1.937219722652305354e+00  1.039041404682826825e-01  1.039041404682826825e-01
2.037219722652305443e+00  9.595464899484397459e-02  9.595464899484397459e-02
2.137219722652305531e+00  8.466571980253836949e-02  8.466571980253836949e-02
2.237219722652305620e+00  7.155958352910986309e-02  7.155958352910986309e-02
2.337219722652305265e+00  5.840392789859501915e-02  5.840392789859501915e-02
2.437219722652305798e+00  4.662935937213231324e-02  4.662935937213231324e-02
2.537219722652305443e+00  3.705496845023181773e-02  3.705496845023181773e-02
2.637219722652305087e+00  2.986932529506308720e-02  2.986932529506308720e-02
2.737219722652305620e+00  2.478479759579715544e-02  2.478479759579715544e-02
2.837219722652305265e+00  2.126448916723523014e-02  2.126448916723523014e-02
2.937219722652305798e+00  1.873333457004646221e-02  1.873333457004646221e-02
3.037219722652305443e+00  1.672059945475500714e-02  1.672059945475500714e-02
3.137219722652305975e+00  1.492095141729217304e-02  1.492095141729217304e-02
3.237219722652305620e+00  1.318989264241226395e-02  1.318989264241226395e-02
3.337219722652305265e+00  1.150142926139528614e-02  1.150142926139528614e-02
3.437219722652305798e+00  9.894531647168944982e-03  9.894531647168944982e-03
3.537219722652305443e+00  8.426663451363594973e-03  8.426663451363594973e-03
3.637219722652305975e+00  7.143084314246691234e-03  7.143084314246691234e-03
3.737219722652305620e+00  6.063005450779071839e-03  6.063005450779071839e-03
3.837219722652305265e+00  5.179061632941266667e-03  5.179061632941266667e-03
3.937219722652305798e+00  4.464731010641223574e-03  4.464731010641223574e-03
4.037219722652305443e+00  3.884529235353401545e-03  3.884529235353401545e-03
4.137219722652305975e+00  3.403166361747679558e-03  3.403166361747679558e-03
4.237219722652305620e+00  2.991618997021399610e-03  2.991618997021399610e-03
4.337219722652305265e+00  2.629665278755943889e-03  2.629665278755943889e-03
4.437219722652305798e+00  2.305527975533099971e-03  2.305527975533099971e-03
4.537219722652305443e+00  2.013780875343945502e-03  2.013780875343945502e-03
4.637219722652305975e+00  1.752686851285855437e-03  1.752686851285855437e-03
4.737219722652305620e+00  1.521838905227493408e-03  1.521838905227493408e-03
4.837219722652305265e+00  1.320565442178060116e-03  1.320565442178060116e-03
4.937219722652305798e+00  1.147189153047479052e-03  1.147189153047479052e-03
5.037219722652305443e+00  9.989773669587631404e-04  9.989773669587631404e-04
5.137219722652305975e+00  8.725090530894760027e-04  8.725090530894760027e-04
5.237219722652305620e+00  7.641849859488553283e-04  7.641849859488553283e-04
5.337219722652305265e+00  6.706784489591642974e-04  6.706784489591642974e-04
5.437219722652305798e+00  5.892192605767191489e-04  5.892192605767191489e-04
5.537219722652305443e+00  5.176900189626829985e-04  5.176900189626829985e-04
5.637219722652305975e+00  4.545718031600042919e-04  4.545718031600042919e-04
5.737219722652305620e+00  3.988028026904434317e-04  3.988028026904434317e-04
5.837219722652305265e+00  3.496129816598742782e-04  3.496129816598742782e-04
5.937219722652305798e+00  3.063811440318775091e-04  3.063811440318775091e-04
6.037219722652305443e+00  2.685382093308829460e-04  2.685382093308829460e-04
6.137219722652305975e+00  2.355201908218385227e-04  2.355201908218385227e-04
6.237219722652305620e+00  2.067607224660200659e-04  2.067607224660200659e-04
6.337219722652305265e+00  1.817070369154217017e-04  1.817070369154217017e-04
6.437219722652304910e+00  1.598437010118910942e-04  1.598437010118910942e-04
6.537219722652306331e+00  1.407126800157575477e-04  1.407126800157575477e-04
6.637219722652305975e+00  1.239238764136765347e-04  1.239238764136765347e-04
6.737219722652305620e+00  1.091552432090194327e-04  1.091552432090194327e-04
6.837219722652305265e+00  9.614486029411438179e-05  9.614486029411438179e-05
6.937219722652304910e+00  8.467876363026972681e-05  8.467876363026972681e-05
7.037219722652306331e+00  7.457817945691692701e-05  7.457817945691692701e-05
7.137219722652305975e+00  6.568875548641578898e-05  6.568875548641578898e-05
7.237219722652305620e+00  5.787302183118043136e-05  5.787302183118043136e-05
7.337219722652305265e+00  5.100612387848501769e-05  5.100612387848501769e-05
7.437219722652304910e+00  4.497409637358149205e-05  4.497409637358149205e-05
7.537219722652306331e+00  3.967364001167420298e-05  3.967364001167420298e-05
7.637219722652305975e+00  3.501242766611317860e-05  3.501242766611317860e-05
7.737219722652305620e+00  3.090925243973746732e-05  3.090925243973746732e-05
7.837219722652305265e+00  2.729367977338980063e-05  2.729367977338980063e-05
7.937219722652306686e+00  2.410516685411897200e-05  2.410516685411897200e-05
8.037219722652306331e+00  2.129180539811597014e-05  2.129180539811597014e-05
8.137219722652305975e+00  1.880891929594204361e-05  1.880891929594204361e-05
8.237219722652305620e+00  1.661773117594343065e-05  1.661773117594343065e-05
8.337219722652305265e+00  1.468424117582706999e-05  1.468424117582706999e-05
8.437219722652306686e+00  1.297837578824893108e-05  1.297837578824893108e-05
8.537219722652306331e+00  1.147339268458866276e-05  1.147339268458866276e-05
8.637219722652305975e+00  1.014548309396733627e-05  1.014548309396733627e-05
8.737219722652305620e+00  8.973498321988362811e-06  8.973498321988362811e-06
8.837219722652305265e+00  7.938734729660312149e-06  7.938734729660312149e-06
8.937219722652306686e+00  7.024731830061975183e-06  7.024731830061975183e-06
9.037219722652306331e+00  6.217061384572508560e-06  6.217061384572508560e-06
9.137219722652305975e+00  5.503104569577579737e-06  5.503104569577579737e-06
9.237219722652305620e+00  4.871826085357045731e-06  4.871826085357045731e-06
9.337219722652305265e+00  4.313558271473055635e-06  4.313558271473055635e-06
9.437219722652306686e+00  3.819806700393061825e-06  3.819806700393061825e-06
9.537219722652306331e+00  3.383083987793103094e-06  3.383083987793103094e-06
9.637219722652305975e+00  2.996773162861283955e-06  2.996773162861283955e-06
9.737219722652305620e+00  2.655017615742397317e-06  2.655017615742397317e-06
9.837219722652305265e+00  2.352632189925249575e-06  2.352632189925249575e-06
9.937219722652306686e+00  2.085029428849074263e-06  2.085029428849074263e-06
1.003721972265230633e+01  1.848155826395573492e-06  1.848155826395573492e-06
1.013721972265230598e+01  1.638434486578378669e-06  1.638434486578378669e-06
1.023721972265230562e+01  1.452712242246642465e-06  1.452712242246642465e-06
1.033721972265230526e+01  1.288210589875511662e-06  1.288210589875511662e-06
