-1.611110418987060200e+00  1.029102960239274413e-16  1.029102960239274413e-16
-1.511110418987060111e+00  1.764960569700033555e-15  1.764960569700033555e-15
-1.411110418987060022e+00  2.800091408483109473e-14  2.800091408483109473e-14
-1.311110418987060378e+00  4.012140100041124129e-13  4.012140100041124129e-13
-1.211110418987060289e+00  5.141108461586626211e-12  5.141108461586626211e-12
-1.111110418987060200e+00  5.867507855003829790e-11  5.867507855003829790e-11
-1.011110418987060111e+00  5.954234739074540244e-10  5.954234739074540244e-10
-9.111104189870600223e-01  5.368464903374295331e-09  5.368464903374295331e-09
-8.111104189870601555e-01  4.299115120872377051e-08  4.299115120872377051e-08
-7.111104189870602887e-01  3.057335459089733106e-07  3.057335459089733106e-07
-6.111104189870601999e-01  1.930668721033202350e-06  1.930668721033202350e-06
-5.111104189870601111e-01  1.082568630366078346e-05  1.082568630366078346e-05
-4.111104189870600223e-01  5.389851327474959829e-05  5.389851327474959829e-05
-3.111104189870601555e-01  2.382685641833718444e-04  2.382685641833718444e-04
-2.111104189870600667e-01  9.352389863437169000e-04  9.352389863437169000e-04
-1.111104189870601999e-01  3.259440115241535665e-03  3.259440115241535665e-03
-1.111041898706011111e-02  1.008619948837677534e-02  1.008619948837677534e-02
8.888958101293997771e-02  2.771256021567189073e-02  2.771256021567189073e-02
1.888895810129398445e-01  6.760699595009035667e-02  6.760699595009035667e-02
2.888895810129399333e-01  1.464452340440818290e-01  1.464452340440818290e-01
3.888895810129398001e-01  2.816647608437978789e-01  2.816647608437978789e-01
4.888895810129398889e-01  4.810307054495061574e-01  4.810307054495061574e-01
5.888895810129399777e-01  7.294805751650550452e-01  7.294805751650550452e-01
6.888895810129400665e-01  9.824031048672062783e-01  9.824031048672062783e-01
7.888895810129401553e-01  1.175088325002892731e+00  1.175088325002892731e+00
8.888895810129398001e-01  1.248829617109844525e+00  1.248829617109844525e+00
9.888895810129398889e-01  1.180079395261667052e+00  1.180079395261667052e+00
1.088889581012939978e+00  9.931972353233728956e-01  9.931972353233728956e-01
1.188889581012940067e+00  7.475436767644983993e-01  7.475436767644983993e-01
1.288889581012940155e+00  5.081644993051775971e-01  5.081644993051775971e-01
1.388889581012939800e+00  3.195457845726094037e-01  3.195457845726094037e-01
1.488889581012939889e+00  1.960842871493806705e-01  1.960842871493806705e-01
1.588889581012939978e+00  1.288489068753910505e-01  1.288489068753910505e-01
1.688889581012940067e+00  9.892965248214523333e-02  9.892965248214523333e-02
1.788889581012940155e+00  8.819717586099226625e-02  8.819717586099226625e-02
1.888889581012939800e+00  8.411980687897484266e-02  8.411980687897484266e-02
1.988889581012939889e+00  8.002208882043483629e-02  8.002208882043483629e-02
2.088889581012939978e+00  7.344368899948630625e-02  7.344368899948630625e-02
2.188889581012940067e+00  6.435916447560133258e-02  6.435916447560133258e-02
2.288889581012940155e+00  5.385933137535262732e-02  5.385933137535262732e-02
2.388889581012939800e+00  4.330097260832639627e-02  4.330097260832639627e-02
2.488889581012940333e+00  3.380826128244738410e-02  3.380826128244738410e-02
2.588889581012939978e+00  2.604277170048319850e-02  2.604277170048319850e-02
2.688889581012939622e+00  2.018055240356371807e-02  2.018055240356371807e-02
2.788889581012940155e+00  1.602561640781766453e-02  1.602561640781766453e-02
2.888889581012939800e+00  1.318064059601991786e-02  1.318064059601991786e-02
2.988889581012940333e+00  1.120699090221415235e-02  1.120699090221415235e-02
3.088889581012939978e+00  9.734003883928608880e-03  9.734003883928608880e-03
3.188889581012940511e+00  8.507846922854743477e-03  8.507846922854743477e-03
3.288889581012940155e+00  7.391742717391469771e-03  7.391742717391469771e-03
3.388889581012939800e+00  6.338125355057460872e-03  6.338125355057460872e-03
3.488889581012940333e+00  5.352027913092615927e-03  5.352027913092615927e-03
3.588889581012939978e+00  4.458740832745055303e-03  4.458740832745055303e-03
3.688889581012940511e+00  3.681824819685295975e-03  3.681824819685295975e-03
3.788889581012940155e+00  3.032240771276960116e-03  3.032240771276960116e-03
3.888889581012939800e+00  2.506293988814379484e-03  2.506293988814379484e-03
3.988889581012940333e+00  2.088961906574765201e-03  2.088961906574765201e-03
4.088889581012939978e+00  1.759353513773365824e-03  1.759353513773365824e-03
4.188889581012940511e+00  1.495918500510267290e-03  1.495918500510267290e-03
4.288889581012940155e+00  1.280098188828452136e-03  1.280098188828452136e-03
4.388889581012939800e+00  1.098058366597626668e-03  1.098058366597626668e-03
4.488889581012940333e+00  9.407916634760979131e-04  9.407916634760979131e-04
4.588889581012939978e+00  8.031856267570081521e-04  8.031856267570081521e-04
4.688889581012940511e+00  6.826810345428582436e-04  6.826810345428582436e-04
4.788889581012940155e+00  5.779997869102837266e-04  5.779997869102837266e-04
4.888889581012939800e+00  4.882116888563130339e-04  4.882116888563130339e-04
4.988889581012940333e+00  4.122159069471073231e-04  4.122159069471073231e-04
5.088889581012939978e+00  3.485792190419492492e-04  3.485792190419492492e-04
5.188889581012940511e+00  2.956090526934223336e-04  2.956090526934223336e-04
5.288889581012940155e+00  2.515323441781676318e-04  2.515323441781676318e-04
5.388889581012939800e+00  2.146795818314489149e-04  2.146795818314489149e-04
5.488889581012940333e+00  1.836152961988246461e-04  1.836152961988246461e-04
5.588889581012939978e+00  1.571955789732029868e-04  1.571955789732029868e-04
5.688889581012940511e+00  1.345611103426737473e-04  1.345611103426737473e-04
5.788889581012940155e+00  1.150883004726887832e-04  1.150883004726887832e-04
5.888889581012939800e+00  9.832357459729278799e-05  9.832357459729278799e-05
5.988889581012940333e+00  8.392072682817500770e-05  8.392072682817500770e-05
6.088889581012939978e+00  7.159301632535456489e-05  7.159301632535456489e-05
6.188889581012940511e+00  6.108368233223975268e-05  6.108368233223975268e-05
6.288889581012940155e+00  5.215276875589135402e-05  5.215276875589135402e-05
6.388889581012939800e+00  4.457517331205477709e-05  4.457517331205477709e-05
6.488889581012939445e+00  3.814430763749576550e-05  3.814430763749576550e-05
6.588889581012940866e+00  3.267682965437511156e-05  3.267682965437511156e-05
6.688889581012940511e+00  2.801567362256725071e-05  2.801567362256725071e-05
6.788889581012940155e+00  2.403033403026940573e-05  2.403033403026940573e-05
6.888889581012939800e+00  2.061463290578901902e-05  2.061463290578901902e-05
6.988889581012939445e+00  1.768287905587412071e-05  1.768287905587412071e-05
7.088889581012940866e+00  1.516548121460810839e-05  1.516548121460810839e-05
7.188889581012940511e+00  1.300488001025949861e-05  1.300488001025949861e-05
7.288889581012940155e+00  1.115230974989823062e-05  1.115230974989823062e-05
7.388889581012939800e+00  9.565545984659761677e-06  9.565545984659761677e-06
7.488889581012939445e+00  8.207531928433271296e-06  8.207531928433271296e-06
7.588889581012940866e+00  7.045638153148235585e-06  7.045638153148235585e-06
7.688889581012940511e+00  6.051282802624803755e-06  6.051282802624803755e-06
7.788889581012940155e+00  5.199687440194996011e-06  5.199687440194996011e-06
7.888889581012939800e+00  4.469625292258831461e-06  4.469625292258831461e-06
7.988889581012941221e+00  3.843100446332873597e-06  3.843100446332873597e-06
8.088889581012940866e+00  3.304958112843041942e-06  3.304958112843041942e-06
8.188889581012940511e+00  2.842460169331860025e-06  2.842460169331860025e-06
8.288889581012940155e+00  2.444869484471639733e-06  2.444869484471639733e-06
8.388889581012939800e+00  2.103078831596717563e-06  2.103078831596717563e-06
8.488889581012941221e+00  1.809304577202750003e-06  1.809304577202750003e-06
8.588889581012940866e+00  1.556849199899637214e-06  1.556849199899637214e-06
8.688889581012940511e+00  1.339924631470151951e-06  1.339924631470151951e-06
8.788889581012940155e+00  1.153522096085769446e-06  1.153522096085769446e-06
8.888889581012939800e+00  9.933130682149558431e-07  9.933130682149558431e-07
8.988889581012941221e+00  8.555685047360839168e-07  8.555685047360839168e-07
9.088889581012940866e+00  7.370876802494713130e-07  7.370876802494713130e-07
9.188889581012940511e+00  6.351321473478021073e-07  6.351321473478021073e-07
9.288889581012940155e+00  5.473635555458489729e-07  5.473635555458489729e-07
9.388889581012939800e+00  4.717859270179985105e-07  4.717859270179985105e-07
9.488889581012941221e+00  4.066936171050908904e-07  4.066936171050908904e-07
9.588889581012940866e+00  3.506259587968058645e-07  3.506259587968058645e-07
9.688889581012940511e+00  3.023289436158629506e-07  3.023289436158629506e-07
9.788889581012940155e+00  2.607235943709338682e-07  2.607235943709338682e-07
9.888889581012939800e+00  2.248801685307131120e-07  2.248801685307131120e-07
9.988889581012941221e+00  1.939970833105952259e-07  1.939970833105952259e-07
1.008888958101294087e+01  1.673834557640132829e-07  1.673834557640132829e-07
1.018888958101294051e+01  1.444443240124112597e-07  1.444443240124112597e-07
1.028888958101294016e+01  1.246678643995857792e-07  1.246678643995857792e-07
1.038888958101293980e+01  1.076141642730687705e-07  1.076141642730687705e-07
