-1.541666666592743429e+00  1.379083785586247595e-111  1.379083785586247595e-111
-1.441666666592743340e+00  1.506657775970056860e-103  1.506657775970056860e-103
-1.341666666592743695e+00  4.050838193041243788e-95  4.050838193041243788e-95
-1.241666666592743162e+00  4.822245674239170249e-87  4.822245674239170249e-87
-1.141666666592743518e+00  2.512187204849055965e-79  2.512187204849055965e-79
-1.041666666592743429e+00  5.727086156641942213e-72  5.727086156641942213e-72
-9.416666665927433399e-01  5.713396643638174803e-65  5.713396643638174803e-65
-8.416666665927432511e-01  2.494215505177817479e-58  2.494215505177817479e-58
-7.416666665927433844e-01  4.764885999994203867e-52  4.764885999994203867e-52
-6.416666665927435176e-01  3.983364009338753920e-46  3.983364009338753920e-46
-5.416666665927434288e-01  1.457224338393126983e-40  1.457224338393126983e-40
-4.416666665927433399e-01  2.332822942627797799e-35  2.332822942627797799e-35
-3.416666665927432511e-01  1.634240917671187922e-30  1.634240917671187922e-30
-2.416666665927433844e-01  5.009903064093593519e-26  5.009903064093593519e-26
-1.416666665927432955e-01  6.720808271868681308e-22  6.720808271868681308e-22
-4.166666659274342877e-02  3.945414443991672741e-18  3.945414443991672741e-18
5.833333340725666005e-02  1.013544204590624272e-14  1.013544204590624272e-14
1.583333334072567489e-01  1.139388153856360159e-11  1.139388153856360159e-11
2.583333334072566156e-01  5.605051992836662643e-09  5.605051992836662643e-09
3.583333334072567045e-01  1.206608920515538745e-06  1.206608920515538745e-06
4.583333334072565712e-01  1.136664662653740269e-04  1.136664662653740269e-04
5.583333334072566601e-01  4.685728552323352968e-03  4.685728552323352968e-03
6.583333334072567489e-01  8.452804683549176856e-02  8.452804683549176856e-02
7.583333334072568377e-01  6.672728928721856079e-01  6.672728928721856079e-01
8.583333334072569265e-01  2.305075059031900242e+00  2.305075059031900242e+00
9.583333334072565712e-01  3.484541180473864408e+00  3.484541180473864408e+00
1.058333333407256660e+00  2.305075064137594776e+00  2.305075064137594776e+00
1.158333333407256749e+00  6.672730641029613885e-01  6.672730641029613885e-01
1.258333333407256838e+00  8.453184466826195453e-02  8.453184466826195453e-02
1.358333333407256927e+00  4.741450883973457285e-03  4.741450883973457285e-03
1.458333333407256571e+00  6.544982348040765665e-04  6.544982348040765665e-04
1.558333333407256660e+00  3.473645230275703918e-03  3.473645230275703918e-03
1.658333333407256749e+00  1.474845736148647224e-02  1.474845736148647224e-02
1.758333333407256838e+00  4.143790175581882340e-02  4.143790175581882340e-02
1.858333333407256927e+00  7.701734659334240340e-02  7.701734659334240340e-02
1.958333333407256571e+00  9.469320956080029550e-02  9.469320956080029550e-02
2.058333333407256660e+00  7.701740995942893409e-02  7.701740995942893409e-02
2.158333333407256749e+00  4.143856328158051355e-02  4.143856328158051355e-02
2.258333333407256838e+00  1.475367408240515522e-02  1.475367408240515522e-02
2.358333333407256927e+00  3.503737321438370536e-03  3.503737321438370536e-03
2.458333333407256571e+00  6.832443120189157565e-04  6.832443120189157565e-04
2.558333333407257104e+00  5.476823764991281714e-04  5.476823764991281714e-04
2.658333333407256749e+00  1.294039522064852369e-03  1.294039522064852369e-03
2.758333333407256394e+00  2.569217738066114243e-03  2.569217738066114243e-03
2.858333333407256927e+00  3.883588099706524605e-03  3.883588099706524605e-03
2.958333333407256571e+00  4.457111567950245573e-03  4.457111567950245573e-03
3.058333333407257104e+00  3.883643256565435554e-03  3.883643256565435554e-03
3.158333333407256749e+00  2.569401050069571989e-03  2.569401050069571989e-03
3.258333333407257282e+00  1.291911840112443992e-03  1.291911840112443992e-03
3.358333333407256927e+00  4.983574547584901414e-04  4.983574547584901414e-04
3.458333333407256571e+00  1.623431569326331625e-04  1.623431569326331625e-04
3.558333333407257104e+00  8.180050145219486789e-05  8.180050145219486789e-05
3.658333333407256749e+00  1.093012628006128847e-04  1.093012628006128847e-04
3.758333333407257282e+00  1.751186859807943438e-04  1.751186859807943438e-04
3.858333333407256927e+00  2.379038499739473747e-04  2.379038499739473747e-04
3.958333333407256571e+00  2.637327918889260979e-04  2.637327918889260979e-04
4.058333333407256660e+00  2.378616006009060771e-04  2.378616006009060771e-04
4.158333333407256305e+00  1.745463628313982055e-04  1.745463628313982055e-04
4.258333333407257726e+00  1.043875238221371303e-04  1.043875238221371303e-04
4.358333333407257371e+00  5.140544175730041098e-05  5.140544175730041098e-05
4.458333333407257015e+00  2.217351180495746700e-05  2.217351180495746700e-05
4.558333333407256660e+00  1.111628763748634231e-05  1.111628763748634231e-05
4.658333333407256305e+00  1.008573381137890557e-05  1.008573381137890557e-05
4.758333333407257726e+00  1.307635792932523696e-05  1.307635792932523696e-05
4.858333333407257371e+00  1.636277513172436390e-05  1.636277513172436390e-05
4.958333333407257015e+00  1.771558173409918446e-05  1.771558173409918446e-05
5.058333333407256660e+00  1.630706947111641199e-05  1.630706947111641199e-05
5.158333333407256305e+00  1.273744402191043985e-05  1.273744402191043985e-05
5.258333333407257726e+00  8.459661681081450575e-06  8.459661681081450575e-06
5.358333333407257371e+00  4.826813313974839639e-06  4.826813313974839639e-06
5.458333333407257015e+00  2.473139388764818056e-06  2.473139388764818056e-06
5.558333333407256660e+00  1.331573565528789983e-06  1.331573565528789983e-06
5.658333333407256305e+00  1.001623985837567508e-06  1.001623985837567508e-06
5.758333333407257726e+00  1.067254261867477070e-06  1.067254261867477070e-06
5.858333333407257371e+00  1.224331687027997335e-06  1.224331687027997335e-06
5.958333333407257015e+00  1.292885972086105642e-06  1.292885972086105642e-06
6.058333333407256660e+00  1.203967024715225149e-06  1.203967024715225149e-06
6.158333333407256305e+00  9.802852872471659627e-07  9.802852872471659627e-07
6.258333333407257726e+00  6.985235007507829802e-07  6.985235007507829802e-07
6.358333333407257371e+00  4.397611663056471369e-07  4.397611663056471369e-07
6.458333333407257015e+00  2.528851757840050177e-07  2.528851757840050177e-07
6.558333333407256660e+00  1.464578035727576442e-07  1.464578035727576442e-07
6.658333333407258081e+00  1.023215630085444293e-07  1.023215630085444293e-07
6.758333333407257726e+00  9.392009972221651312e-08  9.392009972221651312e-08
6.858333333407257371e+00  9.826020847966599112e-08  9.826020847966599112e-08
6.958333333407257015e+00  1.004169506052910898e-07  1.004169506052910898e-07
7.058333333407256660e+00  9.380890782525499888e-08  9.380890782525499888e-08
7.158333333407258081e+00  7.857752151078625181e-08  7.857752151078625181e-08
7.258333333407257726e+00  5.887303552087864439e-08  5.887303552087864439e-08
7.358333333407257371e+00  3.975775119328197440e-08  3.975775119328197440e-08
7.458333333407257015e+00  2.482554821328608732e-08  2.482554821328608732e-08
7.558333333407256660e+00  1.530120459543364360e-08  1.530120459543364360e-08
7.658333333407258081e+00  1.047603569289769865e-08  1.047603569289769865e-08
7.758333333407257726e+00  8.719584227337321135e-09  8.719584227337321135e-09
7.858333333407257371e+00  8.368101788902876020e-09  8.368101788902876020e-09
7.958333333407257015e+00  8.211789270731214930e-09  8.211789270731214930e-09
8.058333333407258436e+00  7.629411591507363654e-09  7.629411591507363654e-09
8.158333333407258081e+00  6.508388383908716585e-09  6.508388383908716585e-09
8.258333333407257726e+00  5.058378119831229472e-09  5.058378119831229472e-09
8.358333333407257371e+00  3.598714220846382013e-09  3.598714220846382013e-09
8.458333333407257015e+00  2.389531665553545535e-09  2.389531665553545535e-09
8.558333333407258436e+00  1.550396548378856982e-09  1.550396548378856982e-09
8.658333333407258081e+00  1.065251888813050580e-09  1.065251888813050580e-09
8.758333333407257726e+00  8.368028899083737167e-10  8.368028899083737167e-10
8.858333333407257371e+00  7.475696960660619158e-10  7.475696960660619158e-10
8.958333333407257015e+00  7.019120831241985871e-10  7.019120831241985871e-10
9.058333333407258436e+00  6.435493852036137814e-10  6.435493852036137814e-10
9.158333333407258081e+00  5.543050877411830232e-10  5.543050877411830232e-10
9.258333333407257726e+00  4.423726909459263526e-10  4.423726909459263526e-10
9.358333333407257371e+00  3.273978828490262784e-10  3.273978828490262784e-10
9.458333333407257015e+00  2.279066218099009637e-10  2.279066218099009637e-10
9.558333333407258436e+00  1.542521292500799814e-10  1.542521292500799814e-10
9.658333333407258081e+00  1.074253842317173508e-10  1.074253842317173508e-10
9.758333333407257726e+00  8.181419660604949387e-11  8.181419660604949387e-11
9.858333333407257371e+00  6.924517298872155269e-11  6.924517298872155269e-11
9.958333333407257015e+00  6.229651503820317376e-11  6.229651503820317376e-11
1.005833333340725844e+01  5.605190738081271096e-11  5.605190738081271096e-11
1.015833333340725808e+01  4.839043155642944136e-11  4.839043155642944136e-11
1.025833333340725773e+01  3.932928395737726529e-11  3.932928395737726529e-11
1.035833333340725737e+01  2.999286038400145587e-11  2.999286038400145587e-11
1.045833333340725702e+01  2.166388153383900327e-11  2.166388153383900327e-11
