-1.500000000000000000e+00  1.243896099653879197e-167  1.243896099653879197e-167
-1.399999999999999911e+00  1.701577634437061531e-154  1.701577634437061531e-154
-1.299999999999999822e+00  6.772568464099739651e-142  6.772568464099739651e-142
-1.200000000000000178e+00  7.843122757064451632e-130  7.843122757064451632e-130
-1.100000000000000089e+00  2.642765287971689591e-118  2.642765287971689591e-118
-1.000000000000000000e+00  2.590968590317482924e-107  2.590968590317482924e-107
-8.999999999999999112e-01  7.390939979613127631e-97  7.390939979613127631e-97
-7.999999999999998224e-01  6.134387069066578548e-87  6.134387069066578548e-87
-6.999999999999999556e-01  1.481414697037270412e-77  1.481414697037270412e-77
-6.000000000000000888e-01  1.040916985001718335e-68  1.040916985001718335e-68
-5.000000000000000000e-01  2.128087664173323723e-60  2.128087664173323723e-60
-3.999999999999999112e-01  1.265892731842450984e-52  1.265892731842450984e-52
-2.999999999999998224e-01  2.190979284729651140e-45  2.190979284729651140e-45
-1.999999999999999556e-01  1.103350787775738027e-38  1.103350787775738027e-38
-9.999999999999986677e-02  1.616675736651306180e-32  1.616675736651306180e-32
0.000000000000000000e+00  6.892332243018050603e-27  6.892332243018050603e-27
1.000000000000000888e-01  8.549554029673861056e-22  8.549554029673861056e-22
2.000000000000001776e-01  3.085707038012553369e-17  3.085707038012553369e-17
3.000000000000000444e-01  3.240409478665655855e-13  3.240409478665655855e-13
4.000000000000001332e-01  9.901000208169198604e-10  9.901000208169198604e-10
5.000000000000000000e-01  8.802219987477958624e-07  8.802219987477958624e-07
6.000000000000000888e-01  2.276875794097070254e-04  2.276875794097070254e-04
7.000000000000001776e-01  1.713643329212349853e-02  1.713643329212349853e-02
8.000000000000002665e-01  3.752627892807873788e-01  3.752627892807873788e-01
9.000000000000003553e-01  2.391027344478133809e+00  2.391027344478133809e+00
1.000000000000000000e+00  4.432692004460363044e+00  4.432692004460363044e+00
1.100000000000000089e+00  2.391027344478120931e+00  2.391027344478120931e+00
1.200000000000000178e+00  3.752627892807833820e-01  3.752627892807833820e-01
1.300000000000000266e+00  1.713643329212322444e-02  1.713643329212322444e-02
1.400000000000000355e+00  2.276875794097021736e-04  2.276875794097021736e-04
1.500000000000000000e+00  8.802219987477958624e-07  8.802219987477958624e-07
1.600000000000000089e+00  9.901000208169022828e-10  9.901000208169022828e-10
1.700000000000000178e+00  3.240409478665586183e-13  3.240409478665586183e-13
1.800000000000000266e+00  3.085707038012399911e-17  3.085707038012399911e-17
1.900000000000000355e+00  8.549554029673435998e-22  8.549554029673435998e-22
2.000000000000000000e+00  6.892332243018050603e-27  6.892332243018050603e-27
2.100000000000000089e+00  1.616675736651260200e-32  1.616675736651260200e-32
2.200000000000000178e+00  1.103350787775706575e-38  1.103350787775706575e-38
2.300000000000000266e+00  2.190979284729495564e-45  2.190979284729495564e-45
2.400000000000000355e+00  1.265892731842342861e-52  1.265892731842342861e-52
2.500000000000000000e+00  2.128087664173323723e-60  2.128087664173323723e-60
2.600000000000000533e+00  1.040916985001629591e-68  1.040916985001629591e-68
2.700000000000000178e+00  1.481414697037186037e-77  1.481414697037186037e-77
2.799999999999999822e+00  6.134387069066578548e-87  6.134387069066578548e-87
2.900000000000000355e+00  7.390939979612497670e-97  7.390939979612497670e-97
3.000000000000000000e+00  2.590968590317482924e-107  2.590968590317482924e-107
3.100000000000000533e+00  2.642765287971388892e-118  2.642765287971388892e-118
3.200000000000000178e+00  7.843122757064451632e-130  7.843122757064451632e-130
3.300000000000000711e+00  6.772568464097815341e-142  6.772568464097815341e-142
3.400000000000000355e+00  1.701577634436868100e-154  1.701577634436868100e-154
3.500000000000000000e+00  1.243896099653879197e-167  1.243896099653879197e-167
3.600000000000000533e+00  2.645759818644247773e-181  2.645759818644247773e-181
3.700000000000000178e+00  1.637384594309404453e-195  1.637384594309404453e-195
3.800000000000000711e+00  2.948390181587475176e-210  2.948390181587475176e-210
3.900000000000000355e+00  1.544732150536363568e-225  1.544732150536363568e-225
4.000000000000000000e+00  2.354807378270363560e-241  2.354807378270363560e-241
4.100000000000000533e+00  1.044459400752783205e-257  1.044459400752783205e-257
4.200000000000000178e+00  1.347912532771366922e-274  1.347912532771366922e-274
4.300000000000000711e+00  5.061343730773075304e-292  5.061343730773075304e-292
4.400000000000000355e+00  5.529730001502528996e-310  5.529730001502528996e-310
4.500000000000000000e+00  0.000000000000000000e+00  0.000000000000000000e+00
4.600000000000000533e+00  0.000000000000000000e+00  0.000000000000000000e+00
4.700000000000000178e+00  0.000000000000000000e+00  0.000000000000000000e+00
4.800000000000000711e+00  0.000000000000000000e+00  0.000000000000000000e+00
4.900000000000000355e+00  0.000000000000000000e+00  0.000000000000000000e+00
5.000000000000000000e+00  0.000000000000000000e+00  0.000000000000000000e+00
5.100000000000000533e+00  0.000000000000000000e+00  0.000000000000000000e+00
5.200000000000000178e+00  0.000000000000000000e+00  0.000000000000000000e+00
5.300000000000000711e+00  0.000000000000000000e+00  0.000000000000000000e+00
5.400000000000000355e+00  0.000000000000000000e+00  0.000000000000000000e+00
5.500000000000000000e+00  0.000000000000000000e+00  0.000000000000000000e+00
5.600000000000000533e+00  0.000000000000000000e+00  0.000000000000000000e+00
5.700000000000000178e+00  0.000000000000000000e+00  0.000000000000000000e+00
5.800000000000000711e+00  0.000000000000000000e+00  0.000000000000000000e+00
5.900000000000000355e+00  0.000000000000000000e+00  0.000000000000000000e+00
6.000000000000000000e+00  0.000000000000000000e+00  0.000000000000000000e+00
6.100000000000000533e+00  0.000000000000000000e+00  0.000000000000000000e+00
6.200000000000000178e+00  0.000000000000000000e+00  0.000000000000000000e+00
6.300000000000000711e+00  0.000000000000000000e+00  0.000000000000000000e+00
6.400000000000000355e+00  0.000000000000000000e+00  0.000000000000000000e+00
6.500000000000000000e+00  0.000000000000000000e+00  0.000000000000000000e+00
6.599999999999999645e+00  0.000000000000000000e+00  0.000000000000000000e+00
6.700000000000001066e+00  0.000000000000000000e+00  0.000000000000000000e+00
6.800000000000000711e+00  0.000000000000000000e+00  0.000000000000000000e+00
6.900000000000000355e+00  0.000000000000000000e+00  0.000000000000000000e+00
7.000000000000000000e+00  0.000000000000000000e+00  0.000000000000000000e+00
7.099999999999999645e+00  0.000000000000000000e+00  0.000000000000000000e+00
7.200000000000001066e+00  0.000000000000000000e+00  0.000000000000000000e+00
7.300000000000000711e+00  0.000000000000000000e+00  0.000000000000000000e+00
7.400000000000000355e+00  0.000000000000000000e+00  0.000000000000000000e+00
7.500000000000000000e+00  0.000000000000000000e+00  0.000000000000000000e+00
7.599999999999999645e+00  0.000000000000000000e+00  0.000000000000000000e+00
7.700000000000001066e+00  0.000000000000000000e+00  0.000000000000000000e+00
7.800000000000000711e+00  0.000000000000000000e+00  0.000000000000000000e+00
7.900000000000000355e+00  0.000000000000000000e+00  0.000000000000000000e+00
8.000000000000000000e+00  0.000000000000000000e+00  0.000000000000000000e+00
8.100000000000001421e+00  0.000000000000000000e+00  0.000000000000000000e+00
8.200000000000001066e+00  0.000000000000000000e+00  0.000000000000000000e+00
8.300000000000000711e+00  0.000000000000000000e+00  0.000000000000000000e+00
8.400000000000000355e+00  0.000000000000000000e+00  0.000000000000000000e+00
8.500000000000000000e+00  0.000000000000000000e+00  0.000000000000000000e+00
8.600000000000001421e+00  0.000000000000000000e+00  0.000000000000000000e+00
8.700000000000001066e+00  0.000000000000000000e+00  0.000000000000000000e+00
8.800000000000000711e+00  0.000000000000000000e+00  0.000000000000000000e+00
8.900000000000000355e+00  0.000000000000000000e+00  0.000000000000000000e+00
9.000000000000000000e+00  0.000000000000000000e+00  0.000000000000000000e+00
9.100000000000001421e+00  0.000000000000000000e+00  0.000000000000000000e+00
9.200000000000001066e+00  0.000000000000000000e+00  0.000000000000000000e+00
9.300000000000000711e+00  0.000000000000000000e+00  0.000000000000000000e+00
9.400000000000000355e+00  0.000000000000000000e+00  0.000000000000000000e+00
9.500000000000000000e+00  0.000000000000000000e+00  0.000000000000000000e+00
9.600000000000001421e+00  0.000000000000000000e+00  0.000000000000000000e+00
9.700000000000001066e+00  0.000000000000000000e+00  0.000000000000000000e+00
9.800000000000000711e+00  0.000000000000000000e+00  0.000000000000000000e+00
9.900000000000000355e+00  0.000000000000000000e+00  0.000000000000000000e+00
1.000000000000000000e+01  0.000000000000000000e+00  0.000000000000000000e+00
1.010000000000000142e+01  0.000000000000000000e+00  0.000000000000000000e+00
1.020000000000000107e+01  0.000000000000000000e+00  0.000000000000000000e+00
1.030000000000000071e+01  0.000000000000000000e+00  0.000000000000000000e+00
1.040000000000000036e+01  0.000000000000000000e+00  0.000000000000000000e+00
1.050000000000000000e+01  0.000000000000000000e+00  0.000000000000000000e+00
