-1.500000000000000000e+00  1.106927814975747873e-15  1.106927814975747873e-15
-1.400000000000000355e+00  1.684090361178964192e-14  1.684090361178964192e-14
-1.300000000000000266e+00  2.292749130355630454e-13  2.292749130355630454e-13
-1.200000000000000178e+00  2.793140243396541332e-12  2.793140243396541332e-12
-1.100000000000000533e+00  3.044906802788198419e-11  3.044906802788198419e-11
-1.000000000000000000e+00  2.970300062450728045e-10  2.970300062450728045e-10
-9.000000000000001332e-01  2.592816022689888988e-09  2.592816022689888988e-09
-8.000000000000002665e-01  2.025294283274435920e-08  2.025294283274435920e-08
-7.000000000000001776e-01  1.415629582151634035e-07  1.415629582151634035e-07
-6.000000000000000888e-01  8.854339695073010613e-07  8.854339695073010613e-07
-5.000000000000002220e-01  4.955731715780992966e-06  4.955731715780992966e-06
-4.000000000000001332e-01  2.482015290210005536e-05  2.482015290210005536e-05
-3.000000000000000444e-01  1.112362079854616205e-04  1.112362079854616205e-04
-2.000000000000001776e-01  4.461007525496178921e-04  4.461007525496178921e-04
-1.000000000000000888e-01  1.600902172069402314e-03  1.600902172069402314e-03
-2.220446049250313081e-16  5.140929987637022323e-03  5.140929987637022323e-03
9.999999999999986677e-02  1.477282803979337172e-02  1.477282803979337172e-02
1.999999999999999556e-01  3.798662007932485790e-02  3.798662007932485790e-02
2.999999999999998224e-01  8.740629697903168349e-02  8.740629697903168349e-02
3.999999999999999112e-01  1.799698883772936908e-01  1.799698883772936908e-01
4.999999999999997780e-01  3.315904626424956980e-01  3.315904626424956980e-01
5.999999999999998668e-01  5.467002489199790372e-01  5.467002489199790372e-01
6.999999999999999556e-01  8.065690817304783655e-01  8.065690817304783655e-01
8.000000000000000444e-01  1.064826685074508061e+00  1.064826685074508061e+00
9.000000000000001332e-01  1.257944092309977835e+00  1.257944092309977835e+00
9.999999999999997780e-01  1.329807601338109047e+00  1.329807601338109047e+00
1.099999999999999867e+00  1.257944092309977391e+00  1.257944092309977391e+00
1.199999999999999956e+00  1.064826685074507173e+00  1.064826685074507173e+00
1.300000000000000044e+00  8.065690817304772553e-01  8.065690817304772553e-01
1.400000000000000133e+00  5.467002489199779269e-01  5.467002489199779269e-01
1.499999999999999778e+00  3.315904626424956980e-01  3.315904626424956980e-01
1.599999999999999867e+00  1.799698883772934410e-01  1.799698883772934410e-01
1.699999999999999956e+00  8.740629697903154471e-02  8.740629697903154471e-02
1.800000000000000044e+00  3.798662007932471218e-02  3.798662007932471218e-02
1.900000000000000133e+00  1.477282803979330580e-02  1.477282803979330580e-02
1.999999999999999778e+00  5.140929987637022323e-03  5.140929987637022323e-03
2.099999999999999645e+00  1.600902172069399495e-03  1.600902172069399495e-03
2.200000000000000178e+00  4.461007525496171332e-04  4.461007525496171332e-04
2.299999999999999822e+00  1.112362079854608209e-04  1.112362079854608209e-04
2.400000000000000355e+00  2.482015290209987917e-05  2.482015290209987917e-05
2.500000000000000000e+00  4.955731715780992966e-06  4.955731715780992966e-06
2.600000000000000533e+00  8.854339695072948145e-07  8.854339695072948145e-07
2.700000000000000178e+00  1.415629582151623977e-07  1.415629582151623977e-07
2.799999999999999822e+00  2.025294283274435920e-08  2.025294283274435920e-08
2.900000000000000355e+00  2.592816022689870790e-09  2.592816022689870790e-09
3.000000000000000000e+00  2.970300062450728045e-10  2.970300062450728045e-10
3.100000000000000533e+00  3.044906802788165461e-11  3.044906802788165461e-11
3.200000000000000178e+00  2.793140243396541332e-12  2.793140243396541332e-12
3.300000000000000711e+00  2.292749130355573403e-13  2.292749130355573403e-13
3.400000000000000355e+00  1.684090361178952201e-14  1.684090361178952201e-14
3.500000000000000000e+00  1.106927814975747873e-15  1.106927814975747873e-15
3.600000000000000533e+00  6.510558843973688157e-17  6.510558843973688157e-17
3.700000000000000178e+00  3.426591190556280856e-18  3.426591190556280856e-18
3.800000000000000711e+00  1.613806190581407598e-19  1.613806190581407598e-19
3.900000000000000355e+00  6.801199555016497011e-21  6.801199555016497011e-21
4.000000000000000000e+00  2.564866208902139979e-22  2.564866208902139979e-22
4.100000000000000533e+00  8.655436443371216777e-24  8.655436443371216777e-24
4.200000000000000178e+00  2.613715329679912308e-25  2.613715329679912308e-25
4.300000000000000711e+00  7.062730845030978304e-27  7.062730845030978304e-27
4.400000000000000355e+00  1.707780634069264795e-28  1.707780634069264795e-28
4.500000000000000000e+00  3.695188268692835504e-30  3.695188268692835504e-30
4.600000000000000533e+00  7.154612452209998490e-32  7.154612452209998490e-32
4.700000000000000178e+00  1.239597567210214180e-33  1.239597567210214180e-33
4.800000000000000711e+00  1.921853920371490742e-35  1.921853920371490742e-35
4.900000000000000355e+00  2.666275919002233095e-37  2.666275919002233095e-37
5.000000000000000000e+00  3.310052363327214341e-39  3.310052363327214341e-39
5.100000000000000533e+00  3.677136024560122034e-41  3.677136024560122034e-41
5.200000000000000178e+00  3.655355197963237959e-43  3.655355197963237959e-43
5.300000000000000711e+00  3.251580655446269483e-45  3.251580655446269483e-45
5.400000000000000355e+00  2.588239943689290246e-47  2.588239943689290246e-47
5.500000000000000000e+00  1.843569849948138795e-49  1.843569849948138795e-49
5.600000000000000533e+00  1.175059116519498615e-51  1.175059116519498615e-51
5.700000000000000178e+00  6.702007246624314548e-54  6.702007246624314548e-54
5.800000000000000711e+00  3.420543575972914927e-56  3.420543575972914927e-56
5.900000000000000355e+00  1.562177647722621325e-58  1.562177647722621325e-58
6.000000000000000000e+00  6.384262992519971170e-61  6.384262992519971170e-61
6.100000000000000533e+00  2.334727378106127894e-63  2.334727378106127894e-63
6.200000000000000178e+00  7.640233660195840889e-66  7.640233660195840889e-66
6.300000000000000711e+00  2.237289389549091902e-68  2.237289389549091902e-68
6.400000000000000355e+00  5.862498475316846919e-71  5.862498475316846919e-71
6.500000000000000000e+00  1.374638110523804769e-73  1.374638110523804769e-73
6.599999999999999645e+00  2.884291001697088972e-76  2.884291001697088972e-76
6.700000000000001066e+00  5.415453455911719910e-79  5.415453455911719910e-79
6.800000000000000711e+00  9.098622311711104079e-82  9.098622311711104079e-82
6.900000000000000355e+00  1.367922538552706562e-84  1.367922538552706562e-84
7.000000000000000000e+00  1.840316120719921326e-87  1.840316120719921326e-87
7.099999999999999645e+00  2.215482955572192243e-90  2.215482955572192243e-90
7.200000000000001066e+00  2.386653949842301335e-93  2.386653949842301335e-93
7.300000000000000711e+00  2.300676473375544114e-96  2.300676473375544114e-96
7.400000000000000355e+00  1.984571301855896390e-99  1.984571301855896390e-99
7.500000000000000000e+00  1.531873558493212755e-102  1.531873558493212755e-102
7.599999999999999645e+00  1.058093850941784247e-105  1.058093850941784247e-105
7.700000000000001066e+00  6.539891130272810837e-109  6.539891130272810837e-109
7.800000000000000711e+00  3.617111566622340488e-112  3.617111566622340488e-112
7.900000000000000355e+00  1.790186788340095627e-115  1.790186788340095627e-115
8.000000000000000000e+00  7.928295863915069435e-119  7.928295863915069435e-119
8.100000000000001421e+00  3.142001637000495717e-122  3.142001637000495717e-122
8.200000000000001066e+00  1.114238147264692682e-125  1.114238147264692682e-125
8.300000000000000711e+00  3.535857031880489108e-129  3.535857031880489108e-129
8.400000000000000355e+00  1.004052513428133570e-132  1.004052513428133570e-132
8.500000000000000000e+00  2.551309912139797792e-136  2.551309912139797792e-136
8.600000000000001421e+00  5.801162922878024371e-140  5.801162922878024371e-140
8.700000000000001066e+00  1.180353158283080185e-143  1.180353158283080185e-143
8.800000000000000711e+00  2.149086657132495536e-147  2.149086657132495536e-147
8.900000000000000355e+00  3.501393706180466910e-151  3.501393706180466910e-151
9.000000000000000000e+00  5.104732903311185254e-155  5.104732903311185254e-155
9.100000000000001421e+00  6.659630863893129713e-159  6.659630863893129713e-159
9.200000000000001066e+00  7.774497871958418111e-163  7.774497871958418111e-163
9.300000000000000711e+00  8.121562639155814044e-167  8.121562639155814044e-167
9.400000000000000355e+00  7.591924929122204340e-171  7.591924929122204340e-171
9.500000000000000000e+00  6.350519726132229186e-175  6.350519726132229186e-175
9.600000000000001421e+00  4.753480222388825414e-179  4.753480222388825414e-179
9.700000000000001066e+00  3.183898180649432217e-183  3.183898180649432217e-183
9.800000000000000711e+00  1.908322223074441595e-187  1.908322223074441595e-187
9.900000000000000355e+00  1.023503430070695525e-191  1.023503430070695525e-191
1.000000000000000000e+01  4.912153782928492631e-196  4.912153782928492631e-196
1.010000000000000142e+01  2.109597802468143271e-200  2.109597802468143271e-200
1.020000000000000107e+01  8.107228836865346572e-205  8.107228836865346572e-205
1.030000000000000071e+01  2.787983868618662013e-209  2.787983868618662013e-209
1.040000000000000036e+01  8.579325376474693090e-214  8.579325376474693090e-214
1.050000000000000000e+01  2.362441586843092559e-218  2.362441586843092559e-218
