-1.510101010101009056e+00  2.401865198510398707e-34  2.401865198510398707e-34
-1.410101010101008967e+00  1.068306437013994451e-31  1.068306437013994451e-31
-1.310101010101009322e+00  3.786624985379292577e-29  3.786624985379292577e-29
-1.210101010101008789e+00  1.049090059067155830e-26  1.049090059067155830e-26
-1.110101010101009145e+00  2.265038649290509846e-24  2.265038649290509846e-24
-1.010101010101009056e+00  3.809069522746964109e-22  3.809069522746964109e-22
-9.101010101010089670e-01  4.988849693315128747e-20  4.988849693315128747e-20
-8.101010101010088782e-01  5.088751306330069467e-18  5.088751306330069467e-18
-7.101010101010090114e-01  4.042492369695485795e-16  4.042492369695485795e-16
-6.101010101010091446e-01  2.501000692222301089e-14  2.501000692222301089e-14
-5.101010101010090558e-01  1.205049469494888356e-12  1.205049469494888356e-12
-4.101010101010089670e-01  4.521914531507702198e-11  4.521914531507702198e-11
-3.101010101010088782e-01  1.321497101823701374e-09  1.321497101823701374e-09
-2.101010101010090114e-01  3.007713503429541636e-08  3.007713503429541636e-08
-1.101010101010089226e-01  5.331299717879163051e-07  5.331299717879163051e-07
-1.010101010100905583e-02  7.359632233978730635e-06  7.359632233978730635e-06
8.989898989899103299e-02  7.912350332531206036e-05  7.912350332531206036e-05
1.898989898989911218e-01  6.624929860386920884e-04  6.624929860386920884e-04
2.898989898989909886e-01  4.319996983533187611e-03  4.319996983533187611e-03
3.898989898989910774e-01  2.193875547305296908e-02  2.193875547305296908e-02
4.898989898989909442e-01  8.676946574754910990e-02  8.676946574754910990e-02
5.898989898989910330e-01  2.672688032580873840e-01  2.672688032580873840e-01
6.898989898989911218e-01  6.411447279211357486e-01  6.411447279211357486e-01
7.898989898989912106e-01  1.197817084107722030e+00  1.197817084107722030e+00
8.898989898989912994e-01  1.742818274513210142e+00  1.742818274513210142e+00
9.898989898989909442e-01  1.974890381335856482e+00  1.974890381335856482e+00
1.089898989898991033e+00  1.742898602353766480e+00  1.742898602353766480e+00
1.189898989898991122e+00  1.198068600036863884e+00  1.198068600036863884e+00
1.289898989898991211e+00  6.417909960334606811e-01  6.417909960334606811e-01
1.389898989898991299e+00  2.687259324056825438e-01  2.687259324056825438e-01
1.489898989898990944e+00  8.966744029728859755e-02  8.966744029728859755e-02
1.589898989898991033e+00  2.702489924940120608e-02  2.702489924940120608e-02
1.689898989898991122e+00  1.219764567975284777e-02  1.219764567975284777e-02
1.789898989898991211e+00  1.143017748155377919e-02  1.143017748155377919e-02
1.889898989898991299e+00  1.306801250745856860e-02  1.306801250745856860e-02
1.989898989898990944e+00  1.383540576498366696e-02  1.383540576498366696e-02
2.089898989898991033e+00  1.299407508446379783e-02  1.299407508446379783e-02
2.189898989898991122e+00  1.077894747330463733e-02  1.077894747330463733e-02
2.289898989898991211e+00  7.899265814855274334e-03  7.899265814855274334e-03
2.389898989898991299e+00  5.123504533685644367e-03  5.123504533685644367e-03
2.489898989898990944e+00  2.957128434126551388e-03  2.957128434126551388e-03
2.589898989898991477e+00  1.543267067445293784e-03  1.543267067445293784e-03
2.689898989898991122e+00  7.618560520900842991e-04  7.618560520900842991e-04
2.789898989898990767e+00  3.951558563969045164e-04  3.951558563969045164e-04
2.889898989898991299e+00  2.483694740474359829e-04  2.483694740474359829e-04
2.989898989898990944e+00  1.944432938990787476e-04  1.944432938990787476e-04
3.089898989898991477e+00  1.681867396794590596e-04  1.681867396794590596e-04
3.189898989898991122e+00  1.439576091412700354e-04  1.439576091412700354e-04
3.289898989898991655e+00  1.161285921349109655e-04  1.161285921349109655e-04
3.389898989898991299e+00  8.696590529637931576e-05  8.696590529637931576e-05
3.489898989898990944e+00  6.033591859278126504e-05  6.033591859278126504e-05
3.589898989898991477e+00  3.895767417657724200e-05  3.895767417657724200e-05
3.689898989898991122e+00  2.369163317028577805e-05  2.369163317028577805e-05
3.789898989898991655e+00  1.390461962203506299e-05  1.390461962203506299e-05
3.889898989898991299e+00  8.215240308902099222e-06  8.215240308902099222e-06
3.989898989898990944e+00  5.158049630305955324e-06  5.158049630305955324e-06
4.089898989898991033e+00  3.566007390754416832e-06  3.566007390754416832e-06
4.189898989898990678e+00  2.679536943982414011e-06  2.679536943982414011e-06
4.289898989898992099e+00  2.088479935589530432e-06  2.088479935589530432e-06
4.389898989898991744e+00  1.615462720340332870e-06  1.615462720340332870e-06
4.489898989898991388e+00  1.207798315093094034e-06  1.207798315093094034e-06
4.589898989898991033e+00  8.631409896497151128e-07  8.631409896497151128e-07
4.689898989898990678e+00  5.889323087185420474e-07  5.889323087185420474e-07
4.789898989898992099e+00  3.860872459895213030e-07  3.860872459895213030e-07
4.889898989898991744e+00  2.465210119282854045e-07  2.465210119282854045e-07
4.989898989898991388e+00  1.565818117243484782e-07  1.565818117243484782e-07
5.089898989898991033e+00  1.015060684033677214e-07  1.015060684033677214e-07
5.189898989898990678e+00  6.859566616175557279e-08  6.859566616175557279e-08
5.289898989898992099e+00  4.858605550321003509e-08  4.858605550321003509e-08
5.389898989898991744e+00  3.560638610566007962e-08  3.560638610566007962e-08
5.489898989898991388e+00  2.640698028465504673e-08  2.640698028465504673e-08
5.589898989898991033e+00  1.941978631725844608e-08  1.941978631725844608e-08
5.689898989898990678e+00  1.397591099357769723e-08  1.397591099357769723e-08
5.789898989898992099e+00  9.788616482036738377e-09  9.788616482036738377e-09
5.889898989898991744e+00  6.678845153619452903e-09  6.678845153619452903e-09
5.989898989898991388e+00  4.468338708559472554e-09  4.468338708559472554e-09
6.089898989898991033e+00  2.963741195363178603e-09  2.963741195363178603e-09
6.189898989898990678e+00  1.975556248899444667e-09  1.975556248899444667e-09
6.289898989898992099e+00  1.340046435283681881e-09  1.340046435283681881e-09
6.389898989898991744e+00  9.312586391399903348e-10  9.312586391399903348e-10
6.489898989898991388e+00  6.619249222060950593e-10  6.619249222060950593e-10
6.589898989898991033e+00  4.770280291345808631e-10  4.770280291345808631e-10
6.689898989898992454e+00  3.445988822471089298e-10  3.445988822471089298e-10
6.789898989898992099e+00  2.470577722616387311e-10  2.470577722616387311e-10
6.889898989898991744e+00  1.747035123134056412e-10  1.747035123134056412e-10
6.989898989898991388e+00  1.216179801044105492e-10  1.216179801044105492e-10
7.089898989898991033e+00  8.352083299102540920e-11  8.352083299102540920e-11
7.189898989898992454e+00  5.688537746688238374e-11  5.688537746688238374e-11
7.289898989898992099e+00  3.870622855305690767e-11  3.870622855305690767e-11
7.389898989898991744e+00  2.650623626869327797e-11  2.650623626869327797e-11
7.489898989898991388e+00  1.836516735388381399e-11  1.836516735388381399e-11
7.589898989898991033e+00  1.289281507869815243e-11  1.289281507869815243e-11
7.689898989898992454e+00  9.146540718515785638e-12  9.146540718515785638e-12
7.789898989898992099e+00  6.522018956309795419e-12  6.522018956309795419e-12
7.889898989898991744e+00  4.646282602126160485e-12  4.646282602126160485e-12
7.989898989898991388e+00  3.290961217800752935e-12  3.290961217800752935e-12
8.089898989898992809e+00  2.311490067598304597e-12  2.311490067598304597e-12
8.189898989898992454e+00  1.609755119152067139e-12  1.609755119152067139e-12
8.289898989898992099e+00  1.113900874336669235e-12  1.113900874336669235e-12
8.389898989898991744e+00  7.686938512476184135e-13  7.686938512476184135e-13
8.489898989898991388e+00  5.312787528281644613e-13  5.312787528281644613e-13
8.589898989898992809e+00  3.690775583763041975e-13  3.690775583763041975e-13
8.689898989898992454e+00  2.582088892010880757e-13  2.582088892010880757e-13
8.789898989898992099e+00  1.818744399022274130e-13  1.818744399022274130e-13
8.889898989898991744e+00  1.287017207008326516e-13  1.287017207008326516e-13
8.989898989898991388e+00  9.120766380427404324e-14  9.120766380427404324e-14
9.089898989898992809e+00  6.452823850776400906e-14  6.452823850776400906e-14
9.189898989898992454e+00  4.547384964799607282e-14  4.547384964799607282e-14
9.289898989898992099e+00  3.189149836332274399e-14  3.189149836332274399e-14
9.389898989898991744e+00  2.226955918921429599e-14  2.226955918921429599e-14
9.489898989898991388e+00  1.550928651390189128e-14  1.550928651390189128e-14
9.589898989898992809e+00  1.079712039874600436e-14  1.079712039874600436e-14
9.689898989898992454e+00  7.530763187241830221e-15  7.530763187241830221e-15
9.789898989898992099e+00  5.270784939934630179e-15  5.270784939934630179e-15
9.889898989898991744e+00  3.703717563274701844e-15  3.703717563274701844e-15
9.989898989898991388e+00  2.611275978008592862e-15  2.611275978008592862e-15
1.008989898989899281e+01  1.844511889219832464e-15  1.844511889219832464e-15
1.018989898989899245e+01  1.303004493988636194e-15  1.303004493988636194e-15
1.028989898989899210e+01  9.190998471402239245e-16  9.190998471402239245e-16
1.038989898989899174e+01  6.467197990178254973e-16  6.467197990178254973e-16
1.048989898989899139e+01  4.538759824618006185e-16  4.538759824618006185e-16
