-1.552549650417939020e+00  0.000000000000000000e+00  0.000000000000000000e+00
-1.452549650417938487e+00  0.000000000000000000e+00  0.000000000000000000e+00
-1.352549650417938842e+00  5.190653675208136193e-319  5.190653675208136193e-319
-1.252549650417938754e+00  7.221748626336175169e-292  7.221748626336175169e-292
-1.152549650417938665e+00  6.247034805008094341e-266  6.247034805008094341e-266
-1.052549650417939020e+00  3.359943100863230328e-241  3.359943100863230328e-241
-9.525496504179387092e-01  1.123611975534718214e-217  1.123611975534718214e-217
-8.525496504179388424e-01  2.336292607997170267e-195  2.336292607997170267e-195
-7.525496504179387536e-01  3.020400612184768229e-174  3.020400612184768229e-174
-6.525496504179386648e-01  2.427886070923003033e-154  2.427886070923003033e-154
-5.525496504179387980e-01  1.213440529723853739e-135  1.213440529723853739e-135
-4.525496504179387092e-01  3.770814155951875883e-118  3.770814155951875883e-118
-3.525496504179386204e-01  7.285816017267213061e-102  7.285816017267213061e-102
-2.525496504179387536e-01  8.752814222058987103e-87  8.752814222058987103e-87
-1.525496504179386648e-01  6.537981093851910945e-73  6.537981093851910945e-73
-5.254965041793879799e-02  3.036449406117989868e-60  3.036449406117989868e-60
4.745034958206129083e-02  8.768289436965304286e-49  8.768289436965304286e-49
1.474503495820613796e-01  1.574309602317554318e-38  1.574309602317554318e-38
2.474503495820612464e-01  1.757485905125263050e-29  1.757485905125263050e-29
3.474503495820613352e-01  1.219888103907681552e-21  1.219888103907681552e-21
4.474503495820612020e-01  5.264711542016068178e-15  5.264711542016068178e-15
5.474503495820612908e-01  1.412718409499735856e-09  1.412718409499735856e-09
6.474503495820613796e-01  2.357018913991178413e-05  2.357018913991178413e-05
7.474503495820614685e-01  2.445101936769248849e-02  2.445101936769248849e-02
8.474503495820615573e-01  1.577093024746748728e+00  1.577093024746748728e+00
9.474503495820612020e-01  6.324760596587622352e+00  6.324760596587622352e+00
1.047450349582061291e+00  1.577093024746729633e+00  1.577093024746729633e+00
1.147450349582061380e+00  2.445101936769190215e-02  2.445101936769190215e-02
1.247450349582061468e+00  2.357018914026548476e-05  2.357018914026548476e-05
1.347450349582061557e+00  1.415672490001813656e-09  1.415672490001813656e-09
1.447450349582061202e+00  6.136913346332871244e-09  6.136913346332871244e-09
1.547450349582061291e+00  3.178997090090658999e-06  3.178997090090658999e-06
1.647450349582061380e+00  4.106235580710018880e-04  4.106235580710018880e-04
1.747450349582061468e+00  1.322546080910204716e-02  1.322546080910204716e-02
1.847450349582061557e+00  1.062162546707437205e-01  1.062162546707437205e-01
1.947450349582061202e+00  2.127082691917230040e-01  2.127082691917230040e-01
2.047450349582061513e+00  1.062162546707430544e-01  1.062162546707430544e-01
2.147450349582061158e+00  1.322546080910356331e-02  1.322546080910356331e-02
2.247450349582061691e+00  4.106235598129396995e-04  4.106235598129396995e-04
2.347450349582061335e+00  3.179712976171528279e-06  3.179712976171528279e-06
2.447450349582060980e+00  1.226913367874469301e-07  1.226913367874469301e-07
2.547450349582061513e+00  7.517774452727487284e-06  7.517774452727487284e-06
2.647450349582061158e+00  1.920989284204796586e-04  1.920989284204796586e-04
2.747450349582060802e+00  1.944626693626425474e-03  1.944626693626425474e-03
2.847450349582061335e+00  7.798714529788830854e-03  7.798714529788830854e-03
2.947450349582060980e+00  1.239039876075706884e-02  1.239039876075706884e-02
3.047450349582061513e+00  7.798714529789320914e-03  7.798714529789320914e-03
3.147450349582061158e+00  1.944626693829081725e-03  1.944626693829081725e-03
3.247450349582061691e+00  1.920989654635004633e-04  1.920989654635004633e-04
3.347450349582061335e+00  7.521152673613172061e-06  7.521152673613172061e-06
3.447450349582060980e+00  2.706645956977770684e-07  2.706645956977770684e-07
3.547450349582061513e+00  3.508247119663699935e-06  3.508247119663699935e-06
3.647450349582061158e+00  3.986377580660257494e-05  3.986377580660257494e-05
3.747450349582061691e+00  2.262360909956538494e-04  2.262360909956538494e-04
3.847450349582061335e+00  6.411386723786228039e-04  6.411386723786228039e-04
3.947450349582060980e+00  9.072953157437109277e-04  9.072953157437109277e-04
4.047450349582061513e+00  6.411386723913721540e-04  6.411386723913721540e-04
4.147450349582061158e+00  2.262360924277706715e-04  2.262360924277706715e-04
4.247450349582061691e+00  3.986386654480810523e-05  3.986386654480810523e-05
4.347450349582061335e+00  3.510953660337988557e-06  3.510953660337988557e-06
4.447450349582060980e+00  2.267784801918643594e-07  2.267784801918643594e-07
4.547450349582061513e+00  8.886624616588859110e-07  8.886624616588859110e-07
4.647450349582061158e+00  6.187929777372910061e-06  6.187929777372910061e-06
4.747450349582061691e+00  2.481587315736267897e-05  2.481587315736267897e-05
4.847450349582061335e+00  5.710072538079647065e-05  5.710072538079647065e-05
4.947450349582060980e+00  7.538396586194877683e-05  7.538396586194877683e-05
5.047450349582061513e+00  5.710072542906346408e-05  5.710072542906346408e-05
5.147450349582061158e+00  2.481587545318850090e-05  2.481587545318850090e-05
5.247450349582061691e+00  6.187973205706253511e-06  6.187973205706253511e-06
5.347450349582061335e+00  8.869126396713254217e-07  8.869126396713254217e-07
5.447450349582060980e+00  9.348398209160962360e-08  9.348398209160962360e-08
5.547450349582061513e+00  1.705971225981116641e-07  1.705971225981116641e-07
5.647450349582061158e+00  8.451542447749309720e-07  8.451542447749309720e-07
5.747450349582061691e+00  2.688712301317473271e-06  2.688712301317473271e-06
5.847450349582061335e+00  5.384402209595459430e-06  5.384402209595459430e-06
5.947450349582060980e+00  6.786855817035587566e-06  6.786855817035587566e-06
6.047450349582061513e+00  5.384402264495891436e-06  5.384402264495891436e-06
6.147450349582061158e+00  2.688712841458216107e-06  2.688712841458216107e-06
6.247450349582061691e+00  8.451004794208849615e-07  8.451004794208849615e-07
6.347450349582061335e+00  1.676852960823773926e-07  1.676852960823773926e-07
6.447450349582060980e+00  2.534408112463047357e-08  2.534408112463047357e-08
6.547450349582060625e+00  2.863807134195214822e-08  2.863807134195214822e-08
6.647450349582062046e+00  1.083879877989590332e-07  1.083879877989590332e-07
6.747450349582061691e+00  2.920855089435721256e-07  2.920855089435721256e-07
6.847450349582061335e+00  5.296816849981391084e-07  5.296816849981391084e-07
6.947450349582060980e+00  6.459285162541593606e-07  6.459285162541593606e-07
7.047450349582060625e+00  5.296816861473706472e-07  5.296816861473706472e-07
7.147450349582062046e+00  2.920839674366218165e-07  2.920839674366218165e-07
7.247450349582061691e+00  1.083204543614692710e-07  1.083204543614692710e-07
7.347450349582061335e+00  2.713032874068144659e-08  2.713032874068144659e-08
7.447450349582060980e+00  5.362932246069287052e-09  5.362932246069287052e-09
7.547450349582060625e+00  4.491872557273183755e-09  4.491872557273183755e-09
7.647450349582062046e+00  1.346050101457364554e-08  1.346050101457364554e-08
7.747450349582061691e+00  3.197634825695831670e-08  3.197634825695831670e-08
7.847450349582061335e+00  5.382668624126926373e-08  5.382668624126926373e-08
7.947450349582060980e+00  6.403176372704572861e-08  6.403176372704572861e-08
8.047450349582062401e+00  5.382664293992177106e-08  5.382664293992177106e-08
8.147450349582062046e+00  3.197471068340308973e-08  3.197471068340308973e-08
8.247450349582061691e+00  1.342519128033658264e-08  1.342519128033658264e-08
8.347450349582061335e+00  4.006588312581068245e-09  4.006588312581068245e-09
8.447450349582060980e+00  9.727566905187836907e-10  9.727566905187836907e-10
8.547450349582062401e+00  6.779935854525169068e-10  6.779935854525169068e-10
8.647450349582062046e+00  1.645822303195208991e-09  1.645822303195208991e-09
8.747450349582061691e+00  3.533269392208816784e-09  3.533269392208816784e-09
8.847450349582061335e+00  5.612097935294418489e-09  5.612097935294418489e-09
8.947450349582060980e+00  6.548506847998326720e-09  6.548506847998326720e-09
9.047450349582062401e+00  5.612056858888782757e-09  5.612056858888782757e-09
9.147450349582062046e+00  3.532407078977736724e-09  3.532407078977736724e-09
9.247450349582061691e+00  1.633644289181157822e-09  1.633644289181157822e-09
9.347450349582061335e+00  5.590081485632502924e-10  5.590081485632502924e-10
9.447450349582060980e+00  1.595480601602913166e-10  1.595480601602913166e-10
9.547450349582062401e+00  9.970002969024539816e-11  9.970002969024539816e-11
9.647450349582062046e+00  2.000625473165498279e-10  2.000625473165498279e-10
9.747450349582061691e+00  3.941619004439551216e-10  3.941619004439551216e-10
9.847450349582061335e+00  5.974171089999478829e-10  5.974171089999478829e-10
9.947450349582060980e+00  6.864036052470582305e-10  6.864036052470582305e-10
1.004745034958206240e+01  5.973953936282931991e-10  5.973953936282931991e-10
1.014745034958206205e+01  3.938482437887618367e-10  3.938482437887618367e-10
1.024745034958206169e+01  1.968084045646555612e-10  1.968084045646555612e-10
1.034745034958206134e+01  7.516315749005752730e-11  7.516315749005752730e-11
1.044745034958206098e+01  2.443596989777138971e-11  2.443596989777138971e-11
