-1.562981790294748485e+00  0.000000000000000000e+00  0.000000000000000000e+00
-1.462981790294748397e+00  0.000000000000000000e+00  0.000000000000000000e+00
-1.362981790294748308e+00  0.000000000000000000e+00  0.000000000000000000e+00
-1.262981790294748663e+00  0.000000000000000000e+00  0.000000000000000000e+00
-1.162981790294748574e+00  0.000000000000000000e+00  0.000000000000000000e+00
-1.062981790294748485e+00  0.000000000000000000e+00  0.000000000000000000e+00
-9.629817902947483965e-01  2.066647744701227232e-313  2.066647744701227232e-313
-8.629817902947483077e-01  2.838298837091995894e-281  2.838298837091995894e-281
-7.629817902947484409e-01  7.139566654446105678e-251  7.139566654446105678e-251
-6.629817902947485742e-01  3.289331606527400045e-222  3.289331606527400045e-222
-5.629817902947484853e-01  2.775655329764568026e-195  2.775655329764568026e-195
-4.629817902947483965e-01  4.289883383929329243e-170  4.289883383929329243e-170
-3.629817902947483077e-01  1.214360155972186196e-146  1.214360155972186196e-146
-2.629817902947484409e-01  6.296099814364137584e-125  6.296099814364137584e-125
-1.629817902947483521e-01  5.978851572123645751e-105  5.978851572123645751e-105
-6.298179029474848534e-02  1.039886671846451943e-86  1.039886671846451943e-86
3.701820970525160348e-02  3.312655885347365728e-70  3.312655885347365728e-70
1.370182097052516923e-01  1.932807975258657384e-55  1.932807975258657384e-55
2.370182097052515591e-01  2.065490329856823425e-42  2.065490329856823425e-42
3.370182097052516479e-01  4.042776155419309115e-31  4.042776155419309115e-31
4.370182097052515147e-01  1.449300017359644657e-21  1.449300017359644657e-21
5.370182097052516035e-01  9.516099441056819221e-14  9.516099441056819221e-14
6.370182097052516923e-01  1.144410195635300950e-07  1.144410195635300950e-07
7.370182097052517811e-01  2.520731202938895302e-03  2.520731202938895302e-03
8.370182097052518699e-01  1.016935547921121730e+00  1.016935547921121730e+00
9.370182097052515147e-01  7.514193812585836518e+00  7.514193812585836518e+00
1.037018209705251603e+00  1.016935547921103522e+00  1.016935547921103522e+00
1.137018209705251692e+00  2.520731202938808133e-03  2.520731202938808133e-03
1.237018209705251781e+00  1.144410195635241790e-07  1.144410195635241790e-07
1.337018209705251870e+00  9.523063454930550837e-14  9.523063454930550837e-14
1.437018209705251515e+00  4.169643537677198420e-12  4.169643537677198420e-12
1.537018209705251603e+00  3.378697152212699461e-08  3.378697152212699461e-08
1.637018209705251692e+00  3.705191329404249929e-05  3.705191329404249929e-05
1.737018209705251781e+00  5.498991502763591124e-03  5.498991502763591124e-03
1.837018209705251870e+00  1.104501968690528579e-01  1.104501968690528579e-01
1.937018209705251515e+00  3.002347630988682625e-01  3.002347630988682625e-01
2.037018209705251603e+00  1.104501968690518865e-01  1.104501968690518865e-01
2.137018209705251692e+00  5.498991502763495715e-03  5.498991502763495715e-03
2.237018209705251781e+00  3.705191329417662188e-05  3.705191329417662188e-05
2.337018209705251870e+00  3.378775591316108327e-08  3.378775591316108327e-08
2.437018209705251515e+00  1.204660404768601083e-09  1.204660404768601083e-09
2.537018209705252048e+00  4.843125394728037582e-07  4.843125394728037582e-07
2.637018209705251692e+00  5.150309116901073399e-05  5.150309116901073399e-05
2.737018209705251337e+00  1.443715332558271865e-03  1.443715332558271865e-03
2.837018209705251870e+00  1.066769358315948490e-02  1.066769358315948490e-02
2.937018209705251515e+00  2.077782993146015666e-02  2.077782993146015666e-02
3.037018209705252048e+00  1.066769358315935654e-02  1.066769358315935654e-02
3.137018209705251692e+00  1.443715332558294850e-03  1.443715332558294850e-03
3.237018209705252225e+00  5.150309121039810549e-05  5.150309121039810549e-05
3.337018209705251870e+00  4.843400690854273426e-07  4.843400690854273426e-07
3.437018209705251515e+00  7.936781914468930936e-09  7.936781914468930936e-09
3.537018209705252048e+00  6.063823896104864945e-07  6.063823896104864945e-07
3.637018209705251692e+00  2.008060091641424147e-05  2.008060091641424147e-05
3.737018209705252225e+00  2.446317993898693317e-04  2.446317993898693317e-04
3.837018209705251870e+00  1.096363661582699586e-03  1.096363661582699586e-03
3.937018209705251515e+00  1.807598089274066976e-03  1.807598089274066976e-03
4.037018209705252048e+00  1.096363661582691129e-03  1.096363661582691129e-03
4.137018209705251692e+00  2.446317993912249097e-04  2.446317993912249097e-04
4.237018209705252225e+00  2.008060146493272037e-05  2.008060146493272037e-05
4.337018209705251870e+00  6.064810609812004735e-07  6.064810609812004735e-07
4.437018209705251515e+00  1.483704934316646819e-08  1.483704934316646819e-08
4.537018209705252048e+00  2.965009770888901639e-07  2.965009770888901639e-07
4.637018209705251692e+00  4.875401161000162866e-06  4.875401161000162866e-06
4.737018209705252225e+00  3.602461237761781833e-05  3.602461237761781833e-05
4.837018209705251870e+00  1.196059251898763616e-04  1.196059251898763616e-04
4.937018209705251515e+00  1.784310731824912354e-04  1.784310731824912354e-04
5.037018209705252048e+00  1.196059251899113813e-04  1.196059251899113813e-04
5.137018209705251692e+00  3.602461238796371591e-05  3.602461238796371591e-05
5.237018209705252225e+00  4.875402658551579439e-06  4.875402658551579439e-06
5.337018209705251870e+00  2.965907113912119829e-07  2.965907113912119829e-07
5.437018209705251515e+00  1.268827583485441921e-08  1.268827583485441921e-08
5.537018209705252048e+00  9.224221080467773358e-08  9.224221080467773358e-08
5.637018209705251692e+00  9.502004576809060580e-07  9.502004576809060580e-07
5.737018209705252225e+00  5.030823965659868924e-06  5.030823965659868924e-06
5.837018209705251870e+00  1.367519736433410635e-05  1.367519736433410635e-05
5.937018209705251515e+00  1.908527535716790513e-05  1.908527535716790513e-05
6.037018209705252048e+00  1.367519736452448208e-05  1.367519736452448208e-05
6.137018209705251692e+00  5.030823988998171107e-06  5.030823988998171107e-06
6.237018209705252225e+00  9.502017034703952561e-07  9.502017034703952561e-07
6.337018209705251870e+00  9.221637975479431018e-08  9.221637975479431018e-08
6.437018209705251515e+00  6.293400179861029704e-09  6.293400179861029704e-09
6.537018209705251159e+00  2.243788954559060705e-08  2.243788954559060705e-08
6.637018209705252580e+00  1.649298933739944715e-07  1.649298933739944715e-07
6.737018209705252225e+00  6.882021432790750949e-07  6.882021432790750949e-07
6.837018209705251870e+00  1.621692198112242391e-06  1.621692198112242391e-06
6.937018209705251515e+00  2.158005588488994948e-06  2.158005588488994948e-06
7.037018209705251159e+00  1.621692198484332318e-06  1.621692198484332318e-06
7.137018209705252580e+00  6.882021615113480056e-07  6.882021615113480056e-07
7.237018209705252225e+00  1.649295706037278257e-07  1.649295706037278257e-07
7.337018209705251870e+00  2.235199101061319811e-08  2.235199101061319811e-08
7.437018209705251515e+00  2.196520717517855646e-09  2.196520717517855646e-09
7.537018209705251159e+00  4.728670179451755385e-09  4.728670179451755385e-09
7.637018209705252580e+00  2.678973154818817002e-08  2.678973154818817002e-08
7.737018209705252225e+00  9.349911231618929115e-08  9.349911231618929115e-08
7.837018209705251870e+00  1.979375702322929729e-07  1.979375702322929729e-07
7.937018209705251515e+00  2.541568708568389110e-07  2.541568708568389110e-07
8.037018209705252048e+00  1.979375705105687865e-07  1.979375705105687865e-07
8.137018209705253469e+00  9.349910817931981673e-08  9.349910817931981673e-08
8.237018209705251337e+00  2.678851347603245627e-08  2.678851347603245627e-08
8.337018209705252758e+00  4.665404781083237920e-09  4.665404781083237920e-09
8.437018209705250626e+00  6.100204190483057905e-10  6.100204190483057905e-10
8.537018209705252048e+00  9.134874921090385254e-10  9.134874921090385254e-10
8.637018209705253469e+00  4.180461525459213790e-09  4.180461525459213790e-09
8.737018209705251337e+00  1.269545502250317392e-08  1.269545502250317392e-08
8.837018209705252758e+00  2.472731461381781857e-08  2.472731461381781857e-08
8.937018209705250626e+00  3.088067839071767076e-08  3.088067839071767076e-08
9.037018209705252048e+00  2.472731456005372904e-08  2.472731456005372904e-08
9.137018209705253469e+00  1.269543703767946246e-08  1.269543703767946246e-08
9.237018209705251337e+00  4.179458598431365631e-09  4.179458598431365631e-09
9.337018209705252758e+00  8.849930962206660826e-10  8.849930962206660826e-10
9.437018209705250626e+00  1.452935353221553915e-10  1.452935353221553915e-10
9.537018209705252048e+00  1.671135369394402962e-10  1.671135369394402962e-10
9.637018209705253469e+00  6.362460930790016810e-10  6.362460930790016810e-10
9.737018209705251337e+00  1.727950014631227558e-09  1.727950014631227558e-09
9.837018209705252758e+00  3.148493212794662561e-09  3.148493212794662561e-09
9.937018209705250626e+00  3.845577732650024353e-09  3.845577732650024353e-09
1.003701820970525205e+01  3.148492938710859714e-09  3.148492938710859714e-09
1.013701820970525347e+01  1.727933771175934528e-09  1.727933771175934528e-09
1.023701820970525134e+01  6.357357489779341964e-10  6.357357489779341964e-10
1.033701820970525276e+01  1.574560635663702039e-10  1.574560635663702039e-10
1.043701820970525063e+01  3.109723507720101337e-11  3.109723507720101337e-11
