-1.598900140407327974e+00  6.011318347403823067e-07  6.011318347403823067e-07
-1.498900140407327441e+00  1.784782008756613242e-06  1.784782008756613242e-06
-1.398900140407327797e+00  5.097652692795653875e-06  5.097652692795653875e-06
-1.298900140407327708e+00  1.397617429980230300e-05  1.397617429980230300e-05
-1.198900140407327619e+00  3.673030203498362807e-05  3.673030203498362807e-05
-1.098900140407327974e+00  9.244296877685537466e-05  9.244296877685537466e-05
-9.989001404073276635e-01  2.226732028014556696e-04  2.226732028014556696e-04
-8.989001404073277968e-01  5.131296226129416441e-04  5.131296226129416441e-04
-7.989001404073277079e-01  1.130914964718554181e-03  1.130914964718554181e-03
-6.989001404073276191e-01  2.383383039627674609e-03  2.383383039627674609e-03
-5.989001404073277524e-01  4.802440307152405774e-03  4.802440307152405774e-03
-4.989001404073276635e-01  9.251138995037070864e-03  9.251138995037070864e-03
-3.989001404073275747e-01  1.703596238760635151e-02  1.703596238760635151e-02
-2.989001404073277079e-01  2.998874416499064388e-02  2.998874416499064388e-02
-1.989001404073276191e-01  5.046130143284732056e-02  5.046130143284732056e-02
-9.890014040732775236e-02  8.116349254821145220e-02  8.116349254821145220e-02
1.099859592672336461e-03  1.247851910232436606e-01  1.247851910232436606e-01
1.010998595926724253e-01  1.833865504629335341e-01  1.833865504629335341e-01
2.010998595926722921e-01  2.576205338323833138e-01  2.576205338323833138e-01
3.010998595926723809e-01  3.459502194908988248e-01  3.459502194908988248e-01
4.010998595926722476e-01  4.441043027169051527e-01  4.441043027169051527e-01
5.010998595926723365e-01  5.450313093702989775e-01  5.450313093702989775e-01
6.010998595926724253e-01  6.395318211089263682e-01  6.395318211089263682e-01
7.010998595926725141e-01  7.175693755714207533e-01  7.175693755714207533e-01
8.010998595926726029e-01  7.700330500277907664e-01  7.700330500277907664e-01
9.010998595926722476e-01  7.905328021831815599e-01  7.905328021831815599e-01
1.001099859592672336e+00  7.767389999566084446e-01  7.767389999566084446e-01
1.101099859592672425e+00  7.308756974181336297e-01  7.308756974181336297e-01
1.201099859592672514e+00  6.592195181691069550e-01  6.592195181691069550e-01
1.301099859592672603e+00  5.707548291064671320e-01  5.707548291064671320e-01
1.401099859592672248e+00  4.753776334483648669e-01  4.753776334483648669e-01
1.501099859592672336e+00  3.821377386304761758e-01  3.821377386304761758e-01
1.601099859592672425e+00  2.979378848381938338e-01  2.979378848381938338e-01
1.701099859592672514e+00  2.269153882304532910e-01  2.269153882304532910e-01
1.801099859592672603e+00  1.705032865924688279e-01  1.705032865924688279e-01
1.901099859592672248e+00  1.279889063957842521e-01  1.279889063957842521e-01
2.001099859592672559e+00  9.730668817270263227e-02  9.730668817270263227e-02
2.101099859592672203e+00  7.581987372475737508e-02  7.581987372475737508e-02
2.201099859592672736e+00  6.092761792991485681e-02  6.092761792991485681e-02
2.301099859592672381e+00  5.043383596500706362e-02  5.043383596500706362e-02
2.401099859592672026e+00  4.269480683565458207e-02  4.269480683565458207e-02
2.501099859592672559e+00  3.660723320155907790e-02  3.660723320155907790e-02
2.601099859592672203e+00  3.150857975435580882e-02  3.150857975435580882e-02
2.701099859592671848e+00  2.704900319461125274e-02  2.704900319461125274e-02
2.801099859592672381e+00  2.307277672173092473e-02  2.307277672173092473e-02
2.901099859592672026e+00  1.952685081063202169e-02  1.952685081063202169e-02
3.001099859592672559e+00  1.639987520882367489e-02  1.639987520882367489e-02
3.101099859592672203e+00  1.368725690446688861e-02  1.368725690446688861e-02
3.201099859592672736e+00  1.137508485195610521e-02  1.137508485195610521e-02
3.301099859592672381e+00  9.435944507600831088e-03  9.435944507600831088e-03
3.401099859592672026e+00  7.831105059452935294e-03  7.831105059452935294e-03
3.501099859592672559e+00  6.515272823361855162e-03  6.515272823361855162e-03
3.601099859592672203e+00  5.441590643829734807e-03  5.441590643829734807e-03
3.701099859592672736e+00  4.565680819908058893e-03  4.565680819908058893e-03
3.801099859592672381e+00  3.848289188551093972e-03  3.848289188551093972e-03
3.901099859592672026e+00  3.256554677163001500e-03  3.256554677163001500e-03
4.001099859592672559e+00  2.764173766021512692e-03  2.764173766021512692e-03
4.101099859592672203e+00  2.350818072062900530e-03  2.350818072062900530e-03
4.201099859592672736e+00  2.001151258718290339e-03  2.001151258718290339e-03
4.301099859592672381e+00  1.703724107191196234e-03  1.703724107191196234e-03
4.401099859592672026e+00  1.449938532375040110e-03  1.449938532375040110e-03
4.501099859592672559e+00  1.233186303388499917e-03  1.233186303388499917e-03
4.601099859592672203e+00  1.048199730406883289e-03  1.048199730406883289e-03
4.701099859592672736e+00  8.906047106120025363e-04  8.906047106120025363e-04
4.801099859592672381e+00  7.566404807650079292e-04  7.566404807650079292e-04
4.901099859592672026e+00  6.430010370086963788e-04  6.430010370086963788e-04
5.001099859592672559e+00  5.467550734604952880e-04  5.467550734604952880e-04
5.101099859592672203e+00  4.653093540379684432e-04  4.653093540379684432e-04
5.201099859592672736e+00  3.963906490271158420e-04  3.963906490271158420e-04
5.301099859592672381e+00  3.380310716344151725e-04  3.380310716344151725e-04
5.401099859592672026e+00  2.885494191894314624e-04  2.885494191894314624e-04
5.501099859592672559e+00  2.465264949881626044e-04  2.465264949881626044e-04
5.601099859592672203e+00  2.107755158713587196e-04  2.107755158713587196e-04
5.701099859592672736e+00  1.803100726601850111e-04  1.803100726601850111e-04
5.801099859592672381e+00  1.543122757043770082e-04  1.543122757043770082e-04
5.901099859592672026e+00  1.321032098645764062e-04  1.321032098645764062e-04
6.001099859592672559e+00  1.131170492869300141e-04  1.131170492869300141e-04
6.101099859592672203e+00  9.687941369568441757e-05  9.687941369568441757e-05
6.201099859592672736e+00  8.298993324901439146e-05  8.298993324901439146e-05
6.301099859592672381e+00  7.110858253416924230e-05  7.110858253416924230e-05
6.401099859592672026e+00  6.094513806410602598e-05  6.094513806410602598e-05
6.501099859592671670e+00  5.225106628746810047e-05  5.225106628746810047e-05
6.601099859592673091e+00  4.481320779716248552e-05  4.481320779716248552e-05
6.701099859592672736e+00  3.844873823329294561e-05  3.844873823329294561e-05
6.801099859592672381e+00  3.300101802897635394e-05  3.300101802897635394e-05
6.901099859592672026e+00  2.833606542224662781e-05  2.833606542224662781e-05
7.001099859592671670e+00  2.433948602497789846e-05  2.433948602497789846e-05
7.101099859592673091e+00  2.091376321254213025e-05  2.091376321254213025e-05
7.201099859592672736e+00  1.797585852861152098e-05  1.797585852861152098e-05
7.301099859592672381e+00  1.545509542622036217e-05  1.545509542622036217e-05
7.401099859592672026e+00  1.329130931389947564e-05  1.329130931389947564e-05
7.501099859592671670e+00  1.143324793787829080e-05  1.143324793787829080e-05
7.601099859592673091e+00  9.837203266008614548e-06  9.837203266008614548e-06
7.701099859592672736e+00  8.465852416423319846e-06  8.465852416423319846e-06
7.801099859592672381e+00  7.287282586118985921e-06  7.287282586118985921e-06
7.901099859592672026e+00  6.274174094767760239e-06  6.274174094767760239e-06
8.001099859592674335e+00  5.403116557612086140e-06  5.403116557612086140e-06
8.101099859592672203e+00  4.654035433726227341e-06  4.654035433726227341e-06
8.201099859592673624e+00  4.009709216972476295e-06  4.009709216972476295e-06
8.301099859592671493e+00  3.455360828926648729e-06  3.455360828926648729e-06
8.401099859592672914e+00  2.978309935526999833e-06  2.978309935526999833e-06
8.501099859592674335e+00  2.567675688509824369e-06  2.567675688509824369e-06
8.601099859592672203e+00  2.214121671490839555e-06  2.214121671490839555e-06
8.701099859592673624e+00  1.909636596804884673e-06  1.909636596804884673e-06
8.801099859592671493e+00  1.647345608847451958e-06  1.647345608847451958e-06
8.901099859592672914e+00  1.421347992249165833e-06  1.421347992249165833e-06
9.001099859592674335e+00  1.226577755624728222e-06  1.226577755624728222e-06
9.101099859592673980e+00  1.058684050946401428e-06  1.058684050946401428e-06
9.201099859592673624e+00  9.139287634625010506e-07  9.139287634625010506e-07
9.301099859592673269e+00  7.890989156126797626e-07  7.890989156126797626e-07
9.401099859592672914e+00  6.814318001453352888e-07  6.814318001453352888e-07
9.501099859592674335e+00  5.885510077860840689e-07  5.885510077860840689e-07
9.601099859592673980e+00  5.084117487977896536e-07  5.084117487977896536e-07
9.701099859592673624e+00  4.392540855762733213e-07  4.392540855762733213e-07
9.801099859592673269e+00  3.795628927481449749e-07  3.795628927481449749e-07
9.901099859592672914e+00  3.280335396553018314e-07  3.280335396553018314e-07
1.000109985959267433e+01  2.835424462092225266e-07  2.835424462092225266e-07
1.010109985959267398e+01  2.451217968495347822e-07  2.451217968495347822e-07
1.020109985959267362e+01  2.119378099977718805e-07  2.119378099977718805e-07
1.030109985959267327e+01  1.832720541318298907e-07  1.832720541318298907e-07
1.040109985959267291e+01  1.585053790823050274e-07  1.585053790823050274e-07
