-1.636361092477630397e+00  3.288728658174525338e-22  3.288728658174525338e-22
-1.536361092477630308e+00  1.464115885935918015e-20  1.464115885935918015e-20
-1.436361092477630663e+00  6.037717821365634002e-19  6.037717821365634002e-19
-1.336361092477630130e+00  2.179912366561864757e-17  2.179912366561864757e-17
-1.236361092477630486e+00  6.765971049865773524e-16  6.765971049865773524e-16
-1.136361092477630397e+00  1.794856010708856752e-14  1.794856010708856752e-14
-1.036361092477630308e+00  4.061720044306440328e-13  4.061720044306440328e-13
-9.363610924776302191e-01  7.835804129620586626e-12  7.835804129620586626e-12
-8.363610924776303523e-01  1.288380479619595424e-10  1.288380479619595424e-10
-7.363610924776304856e-01  1.805302599721578205e-09  1.805302599721578205e-09
-6.363610924776303968e-01  2.155677802953682083e-08  2.155677802953682083e-08
-5.363610924776303079e-01  2.193502012590166964e-07  2.193502012590166964e-07
-4.363610924776302191e-01  1.901993550189174711e-06  1.901993550189174711e-06
-3.363610924776303523e-01  1.405384485399416171e-05  1.405384485399416171e-05
-2.363610924776302635e-01  8.849027537052755652e-05  8.849027537052755652e-05
-1.363610924776303968e-01  4.747990361917783396e-04  4.747990361917783396e-04
-3.636109247763030794e-02  2.170890352677987481e-03  2.170890352677987481e-03
6.363890752236978088e-02  8.458236788400500319e-03  8.458236788400500319e-03
1.636389075223696477e-01  2.808251930767990956e-02  2.808251930767990956e-02
2.636389075223697365e-01  7.945247047175491018e-02  7.945247047175491018e-02
3.636389075223696032e-01  1.915559120365201429e-01  1.915559120365201429e-01
4.636389075223696921e-01  3.935537546644991003e-01  3.935537546644991003e-01
5.636389075223697809e-01  6.890338069716469560e-01  6.890338069716469560e-01
6.636389075223698697e-01  1.028069105087514368e+00  1.028069105087514368e+00
7.636389075223699585e-01  1.307347573017789477e+00  1.307347573017789477e+00
8.636389075223696032e-01  1.417271437072485485e+00  1.417271437072485485e+00
9.636389075223696921e-01  1.310677663286487382e+00  1.310677663286487382e+00
1.063638907522369781e+00  1.035969907156727876e+00  1.035969907156727876e+00
1.163638907522369870e+00  7.039199262002086011e-01  7.039199262002086011e-01
1.263638907522369959e+00  4.187629418481119692e-01  4.187629418481119692e-01
1.363638907522369603e+00  2.307614048095779635e-01  2.307614048095779635e-01
1.463638907522369692e+00  1.356871534796815493e-01  1.356871534796815493e-01
1.563638907522369781e+00  1.025468883434170614e-01  1.025468883434170614e-01
1.663638907522369870e+00  9.952156841711101709e-02  9.952156841711101709e-02
1.763638907522369959e+00  1.050594983150338058e-01  1.050594983150338058e-01
1.863638907522369603e+00  1.079540032905706853e-01  1.079540032905706853e-01
1.963638907522369692e+00  1.040286123146924591e-01  1.040286123146924591e-01
2.063638907522369781e+00  9.330210542898581538e-02  9.330210542898581538e-02
2.163638907522369870e+00  7.807975851538245804e-02  7.807975851538245804e-02
2.263638907522369959e+00  6.149382735682785983e-02  6.149382735682785983e-02
2.363638907522369603e+00  4.633785437883312930e-02  4.633785437883312930e-02
2.463638907522370136e+00  3.434312234318405432e-02  3.434312234318405432e-02
2.563638907522369781e+00  2.600251182364302430e-02  2.600251182364302430e-02
2.663638907522369426e+00  2.084127294953049686e-02  2.084127294953049686e-02
2.763638907522369959e+00  1.789289178413049075e-02  1.789289178413049075e-02
2.863638907522369603e+00  1.614354714943937175e-02  1.614354714943937175e-02
2.963638907522370136e+00  1.481248516594074749e-02  1.481248516594074749e-02
3.063638907522369781e+00  1.344992248355511219e-02  1.344992248355511219e-02
3.163638907522370314e+00  1.190308761209055502e-02  1.190308761209055502e-02
3.263638907522369959e+00  1.021824360045283341e-02  1.021824360045283341e-02
3.363638907522369603e+00  8.532936716625949200e-03  8.532936716625949200e-03
3.463638907522370136e+00  6.990367421824718319e-03  6.990367421824718319e-03
3.563638907522369781e+00  5.688398281960391559e-03  5.688398281960391559e-03
3.663638907522370314e+00  4.662301307460771892e-03  4.662301307460771892e-03
3.763638907522369959e+00  3.892510388012454265e-03  3.892510388012454265e-03
3.863638907522369603e+00  3.325589799658566249e-03  3.325589799658566249e-03
3.963638907522370136e+00  2.897491912212742278e-03  2.897491912212742278e-03
4.063638907522369337e+00  2.551611909989950217e-03  2.551611909989950217e-03
4.163638907522370758e+00  2.248435737335066718e-03  2.248435737335066718e-03
4.263638907522370403e+00  1.967199330732192705e-03  1.967199330732192705e-03
4.363638907522370047e+00  1.702100649613745836e-03  1.702100649613745836e-03
4.463638907522369692e+00  1.456169765970038695e-03  1.456169765970038695e-03
4.563638907522369337e+00  1.235355950570627900e-03  1.235355950570627900e-03
4.663638907522370758e+00  1.044339199092522230e-03  1.044339199092522230e-03
4.763638907522370403e+00  8.845183800692732988e-04  8.845183800692732988e-04
4.863638907522370047e+00  7.538617902865887583e-04  7.538617902865887583e-04
4.963638907522369692e+00  6.479213988371026458e-04  6.479213988371026458e-04
5.063638907522369337e+00  5.612638402756625232e-04  5.612638402756625232e-04
5.163638907522370758e+00  4.887436469635309585e-04  4.887436469635309585e-04
5.263638907522370403e+00  4.263078715119554400e-04  4.263078715119554400e-04
5.363638907522370047e+00  3.712707171965325646e-04  3.712707171965325646e-04
5.463638907522369692e+00  3.221692287318162818e-04  3.221692287318162818e-04
5.563638907522369337e+00  2.783877344106150615e-04  2.783877344106150615e-04
5.663638907522370758e+00  2.397341556570074849e-04  2.397341556570074849e-04
5.763638907522370403e+00  2.060972483246488777e-04  2.060972483246488777e-04
5.863638907522370047e+00  1.772439741171720408e-04  1.772439741171720408e-04
5.963638907522369692e+00  1.527559342167659822e-04  1.527559342167659822e-04
6.063638907522369337e+00  1.320662874963184649e-04  1.320662874963184649e-04
6.163638907522370758e+00  1.145456995135290325e-04  1.145456995135290325e-04
6.263638907522370403e+00  9.959197842519947833e-05  9.959197842519947833e-05
6.363638907522370047e+00  8.669437916551898991e-05  8.669437916551898991e-05
6.463638907522369692e+00  7.546178782887130135e-05  7.546178782887130135e-05
6.563638907522371113e+00  6.561839238637112433e-05  6.561839238637112433e-05
6.663638907522370758e+00  5.697845008744283638e-05  5.697845008744283638e-05
6.763638907522370403e+00  4.941353169293956349e-05  4.941353169293956349e-05
6.863638907522370047e+00  4.282297940189207724e-05  4.282297940189207724e-05
6.963638907522369692e+00  3.711362918765733989e-05  3.711362918765733989e-05
7.063638907522371113e+00  3.219018051071502663e-05  3.219018051071502663e-05
7.163638907522370758e+00  2.795424217432603383e-05  2.795424217432603383e-05
7.263638907522370403e+00  2.430849469536076085e-05  2.430849469536076085e-05
7.363638907522370047e+00  2.116238154240749250e-05  2.116238154240749250e-05
7.463638907522369692e+00  1.843671017999858386e-05  1.843671017999858386e-05
7.563638907522371113e+00  1.606587536016240351e-05  1.606587536016240351e-05
7.663638907522370758e+00  1.399760948582699980e-05  1.399760948582699980e-05
7.763638907522370403e+00  1.219093871513275926e-05  1.219093871513275926e-05
7.863638907522370047e+00  1.061331786957154227e-05  1.061331786957154227e-05
7.963638907522371468e+00  9.237826629647649673e-06  9.237826629647649673e-06
8.063638907522371113e+00  8.041000763248655925e-06  8.041000763248655925e-06
8.163638907522370758e+00  7.001511651290461811e-06  7.001511651290461811e-06
8.263638907522370403e+00  6.099615111134720042e-06  6.099615111134720042e-06
8.363638907522370047e+00  5.317123601100147930e-06  5.317123601100147930e-06
8.463638907522371468e+00  4.637615655541718234e-06  4.637615655541718234e-06
8.563638907522371113e+00  4.046648355035990116e-06  4.046648355035990116e-06
8.663638907522370758e+00  3.531835101831745660e-06  3.531835101831745660e-06
8.763638907522370403e+00  3.082749153754686071e-06  3.082749153754686071e-06
8.863638907522370047e+00  2.690685502478747737e-06  2.690685502478747737e-06
8.963638907522371468e+00  2.348349300041429371e-06  2.348349300041429371e-06
9.063638907522371113e+00  2.049541618375980999e-06  2.049541618375980999e-06
9.163638907522370758e+00  1.788894270705784384e-06  1.788894270705784384e-06
9.263638907522370403e+00  1.561678012157377961e-06  1.561678012157377961e-06
9.363638907522370047e+00  1.363683455337320262e-06  1.363683455337320262e-06
9.463638907522371468e+00  1.191157675943428066e-06  1.191157675943428066e-06
9.563638907522371113e+00  1.040773279131768897e-06  1.040773279131768897e-06
9.663638907522370758e+00  9.096087854800022853e-07  9.096087854800022853e-07
9.763638907522370403e+00  7.951260615035351520e-07  7.951260615035351520e-07
9.863638907522370047e+00  6.951385754491506373e-07  6.951385754491506373e-07
9.963638907522371468e+00  6.077708705389572455e-07  6.077708705389572455e-07
1.006363890752237111e+01  5.314135268326301554e-07  5.314135268326301554e-07
1.016363890752237076e+01  4.646789624247532435e-07  4.646789624247532435e-07
1.026363890752237040e+01  4.063624387627927116e-07  4.063624387627927116e-07
1.036363890752237005e+01  3.554106261206174638e-07  3.554106261206174638e-07
