-1.636355303187915666e+00  1.769888401577160784e-06  1.769888401577160784e-06
-1.536355303187915133e+00  4.791491065891965377e-06  4.791491065891965377e-06
-1.436355303187915489e+00  1.253209107415264578e-05  1.253209107415264578e-05
-1.336355303187915400e+00  3.159644085048351960e-05  3.159644085048351960e-05
-1.236355303187915311e+00  7.667576541580268645e-05  7.667576541580268645e-05
-1.136355303187915666e+00  1.789111783089556492e-04  1.789111783089556492e-04
-1.036355303187915133e+00  4.011179378351139180e-04  4.011179378351139180e-04
-9.363553031879154886e-01  8.636806570286146992e-04  8.636806570286146992e-04
-8.363553031879153998e-01  1.785403954229754534e-03  1.785403954229754534e-03
-7.363553031879153110e-01  3.542595151704255440e-03  3.542595151704255440e-03
-6.363553031879154442e-01  6.745870443772185830e-03  6.745870443772185830e-03
-5.363553031879153554e-01  1.232641145693927180e-02  1.232641145693927180e-02
-4.363553031879152666e-01  2.161141624056942337e-02  2.161141624056942337e-02
-3.363553031879153998e-01  3.635417804505752803e-02  3.635417804505752803e-02
-2.363553031879153110e-01  5.867253819407893672e-02  5.867253819407893672e-02
-1.363553031879154442e-01  9.084821760862714368e-02  9.084821760862714368e-02
-3.635530318791535542e-02  1.349572470741537966e-01  1.349572470741537966e-01
6.364469681208473339e-02  1.923432715167765206e-01  1.923432715167765206e-01
1.636446968120846002e-01  2.630069537398869728e-01  2.630069537398869728e-01
2.636446968120846890e-01  3.450499731016872795e-01  3.450499731016872795e-01
3.636446968120845558e-01  4.343548428067210976e-01  4.343548428067210976e-01
4.636446968120846446e-01  5.246739838853244908e-01  5.246739838853244908e-01
5.636446968120847334e-01  6.082271928426610241e-01  6.082271928426610241e-01
6.636446968120848222e-01  6.767743153189257344e-01  6.767743153189257344e-01
7.636446968120849110e-01  7.229763537892879288e-01  7.229763537892879288e-01
8.636446968120845558e-01  7.417384964648373602e-01  7.417384964648373602e-01
9.636446968120846446e-01  7.311943013582041795e-01  7.311943013582041795e-01
1.063644696812084733e+00  6.930653346047166430e-01  6.930653346047166430e-01
1.163644696812084822e+00  6.322966619661182230e-01  6.322966619661182230e-01
1.263644696812084911e+00  5.560698697750185993e-01  5.560698697750185993e-01
1.363644696812084556e+00  4.724609280519907473e-01  4.724609280519907473e-01
1.463644696812084645e+00  3.890844450035829127e-01  3.890844450035829127e-01
1.563644696812084733e+00  3.120305903346485277e-01  3.120305903346485277e-01
1.663644696812084822e+00  2.452802307980986862e-01  2.452802307980986862e-01
1.763644696812084911e+00  1.906294787638316557e-01  1.906294787638316557e-01
1.863644696812084556e+00  1.480221650430748881e-01  1.480221650430748881e-01
1.963644696812084645e+00  1.161145487776829854e-01  1.161145487776829854e-01
2.063644696812084511e+00  9.288933663793921824e-02  9.288933663793921824e-02
2.163644696812085044e+00  7.617968202133328093e-02  7.617968202133328093e-02
2.263644696812084689e+00  6.403011930446143862e-02  6.403011930446143862e-02
2.363644696812084334e+00  5.488379327592157741e-02  5.488379327592157741e-02
2.463644696812084867e+00  4.762761374808890252e-02  4.762761374808890252e-02
2.563644696812084511e+00  4.154503505895989351e-02  4.154503505895989351e-02
2.663644696812084156e+00  3.622487372982555881e-02  3.622487372982555881e-02
2.763644696812084689e+00  3.146249173432492247e-02  3.146249173432492247e-02
2.863644696812084334e+00  2.717471952505537414e-02  2.717471952505537414e-02
2.963644696812084867e+00  2.333716844425371209e-02  2.333716844425371209e-02
3.063644696812084511e+00  1.994412168761002663e-02  1.994412168761002663e-02
3.163644696812085044e+00  1.698687193401667364e-02  1.698687193401667364e-02
3.263644696812084689e+00  1.444505537830523788e-02  1.444505537830523788e-02
3.363644696812084334e+00  1.228593242383261772e-02  1.228593242383261772e-02
3.463644696812084867e+00  1.046769051073069556e-02  1.046769051073069556e-02
3.563644696812084511e+00  8.944089940885293841e-03  8.944089940885293841e-03
3.663644696812085044e+00  7.668849732883046069e-03  7.668849732883046069e-03
3.763644696812084689e+00  6.598983648067406269e-03  6.598983648067406269e-03
3.863644696812084334e+00  5.696850207668258288e-03  5.696850207668258288e-03
3.963644696812084867e+00  4.931016410692165043e-03  4.931016410692165043e-03
4.063644696812084511e+00  4.276203906036622586e-03  4.276203906036622586e-03
4.163644696812085044e+00  3.712637485547511020e-03  3.712637485547511020e-03
4.263644696812084689e+00  3.225091842647318484e-03  3.225091842647318484e-03
4.363644696812084334e+00  2.801868800938780470e-03  2.801868800938780470e-03
4.463644696812084867e+00  2.433860330838835424e-03  2.433860330838835424e-03
4.563644696812084511e+00  2.113780623519615279e-03  2.113780623519615279e-03
4.663644696812085044e+00  1.835593306706669340e-03  1.835593306706669340e-03
4.763644696812084689e+00  1.594121138631217609e-03  1.594121138631217609e-03
4.863644696812084334e+00  1.384804254092142622e-03  1.384804254092142622e-03
4.963644696812084867e+00  1.203565733393433630e-03  1.203565733393433630e-03
5.063644696812084511e+00  1.046745453631576280e-03  1.046745453631576280e-03
5.163644696812085044e+00  9.110706081465938912e-04  9.110706081465938912e-04
5.263644696812084689e+00  7.936405531769131008e-04  7.936405531769131008e-04
5.363644696812084334e+00  6.919124642188385389e-04  6.919124642188385389e-04
5.463644696812084867e+00  6.036813965570290855e-04  6.036813965570290855e-04
5.563644696812084511e+00  5.270533010610345924e-04  5.270533010610345924e-04
5.663644696812085044e+00  4.604124529142128571e-04  4.604124529142128571e-04
5.763644696812084689e+00  4.023860116667451179e-04  4.023860116667451179e-04
5.863644696812084334e+00  3.518085538111029916e-04  3.518085538111029916e-04
5.963644696812084867e+00  3.076888858863337174e-04  3.076888858863337174e-04
6.063644696812084511e+00  2.691806428363021958e-04  2.691806428363021958e-04
6.163644696812085044e+00  2.355573688717158953e-04  2.355573688717158953e-04
6.263644696812084689e+00  2.061921186290380237e-04  2.061921186290380237e-04
6.363644696812084334e+00  1.805411661654736247e-04  1.805411661654736247e-04
6.463644696812083978e+00  1.581311667017704916e-04  1.581311667017704916e-04
6.563644696812085400e+00  1.385490435091160329e-04  1.385490435091160329e-04
6.663644696812085044e+00  1.214339180305536224e-04  1.214339180305536224e-04
6.763644696812084689e+00  1.064705138651763510e-04  1.064705138651763510e-04
6.863644696812084334e+00  9.338360239058101741e-05  9.338360239058101741e-05
6.963644696812083978e+00  8.193318992605620851e-05  8.193318992605620851e-05
7.063644696812085400e+00  7.191025632010023016e-05  7.191025632010023016e-05
7.163644696812085044e+00  6.313293588113989678e-05  6.313293588113989678e-05
7.263644696812084689e+00  5.544308415353229149e-05  5.544308415353229149e-05
7.363644696812084334e+00  4.870320293571612824e-05  4.870320293571612824e-05
7.463644696812083978e+00  4.279370766764352808e-05  4.279370766764352808e-05
7.563644696812085400e+00  3.761052238166005118e-05  3.761052238166005118e-05
7.663644696812085044e+00  3.306298324010855007e-05  3.306298324010855007e-05
7.763644696812084689e+00  2.907202617885861989e-05  2.907202617885861989e-05
7.863644696812084334e+00  2.556862971302862207e-05  2.556862971302862207e-05
7.963644696812085755e+00  2.249248163212629905e-05  2.249248163212629905e-05
8.063644696812085400e+00  1.979083828800273960e-05  1.979083828800273960e-05
8.163644696812085044e+00  1.741754707559982414e-05  1.741754707559982414e-05
8.263644696812084689e+00  1.533220588982837451e-05  1.533220588982837451e-05
8.363644696812084334e+00  1.349943715086228140e-05  1.349943715086228140e-05
8.463644696812085755e+00  1.188825786955078965e-05  1.188825786955078965e-05
8.563644696812085400e+00  1.047153078485919750e-05  1.047153078485919750e-05
8.663644696812085044e+00  9.225484627814392794e-06  9.225484627814392794e-06
8.763644696812084689e+00  8.129293977466623566e-06  8.129293977466623566e-06
8.863644696812084334e+00  7.164711003308189957e-06  7.164711003308189957e-06
8.963644696812085755e+00  6.315742725466989829e-06  6.315742725466989829e-06
9.063644696812085400e+00  5.568368383256346153e-06  5.568368383256346153e-06
9.163644696812085044e+00  4.910292196984060309e-06  4.910292196984060309e-06
9.263644696812084689e+00  4.330727332522642554e-06  4.330727332522642554e-06
9.363644696812084334e+00  3.820207304044295265e-06  3.820207304044295265e-06
9.463644696812085755e+00  3.370421424131067501e-06  3.370421424131067501e-06
9.563644696812085400e+00  2.974071258072930979e-06  2.974071258072930979e-06
9.663644696812085044e+00  2.624745371225173530e-06  2.624745371225173530e-06
9.763644696812084689e+00  2.316809975870322826e-06  2.316809975870322826e-06
9.863644696812084334e+00  2.045313383373253623e-06  2.045313383373253623e-06
9.963644696812085755e+00  1.805902443499518846e-06  1.805902443499518846e-06
1.006364469681208540e+01  1.594749401445194489e-06  1.594749401445194489e-06
1.016364469681208504e+01  1.408487822186543570e-06  1.408487822186543570e-06
1.026364469681208469e+01  1.244156421103227143e-06  1.244156421103227143e-06
1.036364469681208433e+01  1.099149801153118475e-06  1.099149801153118475e-06
