-1.541666657496529425e+00  7.407761362787718646e-166  7.407761362787718646e-166
-1.441666657496528892e+00  1.647784506377383022e-154  1.647784506377383022e-154
-1.341666657496529247e+00  6.507024623350415600e-142  6.507024623350415600e-142
-1.241666657496529158e+00  7.535589521344913335e-130  7.535589521344913335e-130
-1.141666657496529069e+00  2.539140978843323970e-118  2.539140978843323970e-118
-1.041666657496529425e+00  2.489375258752422442e-107  2.489375258752422442e-107
-9.416666574965291137e-01  7.101137077820979462e-97  7.101137077820979462e-97
-8.416666574965292469e-01  5.893854311631741242e-87  5.893854311631741242e-87
-7.416666574965291581e-01  1.423327595918447867e-77  1.423327595918447867e-77
-6.416666574965290692e-01  1.000102046223928053e-68  1.000102046223928053e-68
-5.416666574965292025e-01  2.044644153328065068e-60  2.044644153328065068e-60
-4.416666574965291137e-01  1.216256367853910799e-52  1.216256367853910799e-52
-3.416666574965290248e-01  2.105069758169759844e-45  2.105069758169759844e-45
-2.416666574965291581e-01  1.060087784575325288e-38  1.060087784575325288e-38
-1.416666574965290692e-01  1.553284974308377507e-32  1.553284974308377507e-32
-4.166665749652920248e-02  6.622080030220785768e-27  6.622080030220785768e-27
5.833334250347088634e-02  8.214321221172833964e-22  8.214321221172833964e-22
1.583333425034709752e-01  2.964714734440457651e-17  2.964714734440457651e-17
2.583333425034708419e-01  3.113351205631047512e-13  3.113351205631047512e-13
3.583333425034709308e-01  9.512776437053920319e-10  9.512776437053920319e-10
4.583333425034707975e-01  8.457080005064316999e-07  8.457080005064316999e-07
5.583333425034708863e-01  2.187598217230024512e-04  2.187598217230024512e-04
6.583333425034709752e-01  1.646450413181053604e-02  1.646450413181053604e-02
7.583333425034710640e-01  3.605485248478241256e-01  3.605485248478241256e-01
8.583333425034711528e-01  2.297273821299014696e+00  2.297273821299014696e+00
9.583333425034707975e-01  4.258883664900463550e+00  4.258883664900463550e+00
1.058333342503470886e+00  2.297273821300609420e+00  2.297273821300609420e+00
1.158333342503470975e+00  3.605485251531805879e-01  3.605485251531805879e-01
1.258333342503471064e+00  1.646453542394274092e-02  1.646453542394274092e-02
1.358333342503471153e+00  2.204895375049986629e-04  2.204895375049986629e-04
1.458333342503470798e+00  5.241976813669609633e-05  5.241976813669609633e-05
1.558333342503470886e+00  8.294789728834318313e-04  8.294789728834318313e-04
1.658333342503470975e+00  7.196070848267172373e-03  7.196070848267172373e-03
1.758333342503471064e+00  3.367464020980980716e-02  3.367464020980980716e-02
1.858333342503471153e+00  8.500167515257789352e-02  8.500167515257789352e-02
1.958333342503470798e+00  1.157361393472004785e-01  1.157361393472004785e-01
2.058333342503471108e+00  8.500167546724070322e-02  8.500167546724070322e-02
2.158333342503470753e+00  3.367465061137044080e-02  3.367465061137044080e-02
2.258333342503471286e+00  7.196298626919112387e-03  7.196298626919112387e-03
2.358333342503470931e+00  8.327832895422090280e-04  8.327832895422090280e-04
2.458333342503470575e+00  8.335580377878215683e-05  8.335580377878215683e-05
2.558333342503471108e+00  2.042305239497460448e-04  2.042305239497460448e-04
2.658333342503470753e+00  8.550070332729309275e-04  8.550070332729309275e-04
2.758333342503470398e+00  2.391987304681973594e-03  2.391987304681973594e-03
2.858333342503470931e+00  4.434471099072245792e-03  4.434471099072245792e-03
2.958333342503470575e+00  5.447570231697063982e-03  5.447570231697063982e-03
3.058333342503471108e+00  4.434472296167765726e-03  4.434472296167765726e-03
3.158333342503470753e+00  2.392003555841185763e-03  2.392003555841185763e-03
3.258333342503471286e+00  8.551433443111503864e-04  8.551433443111503864e-04
3.358333342503470931e+00  2.037469056776854191e-04  2.037469056776854191e-04
3.458333342503470575e+00  3.858599447919161361e-05  3.858599447919161361e-05
3.558333342503471108e+00  3.059297824031163257e-05  3.059297824031163257e-05
3.658333342503470753e+00  8.060118434284090148e-05  8.060118434284090148e-05
3.758333342503471286e+00  1.738769919119831603e-04  1.738769919119831603e-04
3.858333342503470931e+00  2.762351259070425506e-04  2.762351259070425506e-04
3.958333342503470575e+00  3.223289290005288289e-04  3.223289290005288289e-04
4.058333342503471108e+00  2.762357866687838257e-04  2.762357866687838257e-04
4.158333342503470753e+00  1.738746030258703635e-04  1.738746030258703635e-04
4.258333342503471286e+00  8.042446160466074643e-05  8.042446160466074643e-05
4.358333342503470931e+00  2.754184542960492704e-05  2.754184542960492704e-05
4.458333342503470575e+00  7.792456473587052604e-06  7.792456473587052604e-06
4.558333342503471108e+00  4.248001178551485854e-06  4.248001178551485854e-06
4.658333342503470753e+00  7.291423751915920920e-06  7.291423751915920920e-06
4.758333342503471286e+00  1.322330798531650037e-05  1.322330798531650037e-05
4.858333342503470931e+00  1.912816043030565768e-05  1.912816043030565768e-05
4.958333342503470575e+00  2.164037360822521116e-05  2.164037360822521116e-05
5.058333342503471108e+00  1.912733396237957577e-05  1.912733396237957577e-05
5.158333342503470753e+00  1.320892625470189344e-05  1.320892625470189344e-05
5.258333342503471286e+00  7.134000363009098354e-06  7.134000363009098354e-06
5.358333342503470931e+00  3.040681798044905662e-06  3.040681798044905662e-06
5.458333342503470575e+00  1.108452128036694784e-06  1.108452128036694784e-06
5.558333342503471108e+00  5.576618521117666063e-07  5.576618521117666063e-07
5.658333342503470753e+00  6.747343172522774844e-07  6.747343172522774844e-07
5.758333342503471286e+00  1.051202359485470763e-06  1.051202359485470763e-06
5.858333342503470931e+00  1.421365006467416250e-06  1.421365006467416250e-06
5.958333342503470575e+00  1.574402857056015775e-06  1.574402857056015775e-06
6.058333342503471108e+00  1.420482473640576762e-06  1.420482473640576762e-06
6.158333342503470753e+00  1.043617852477215835e-06  1.043617852477215835e-06
6.258333342503471286e+00  6.252866682342115907e-07  6.252866682342115907e-07
6.358333342503470931e+00  3.085887104229413563e-07  3.085887104229413563e-07
6.458333342503470575e+00  1.335999692921730817e-07  1.335999692921730817e-07
6.558333342503470220e+00  6.830875439392420046e-08  6.830875439392420046e-08
6.658333342503471641e+00  6.492624794498063889e-08  6.492624794498063889e-08
6.758333342503471286e+00  8.725863974448580643e-08  8.725863974448580643e-08
6.858333342503470931e+00  1.112293843601068853e-07  1.112293843601068853e-07
6.958333342503470575e+00  1.211271223318945765e-07  1.211271223318945765e-07
7.058333342503470220e+00  1.108750158565971205e-07  1.108750158565971205e-07
7.158333342503471641e+00  8.515321051864706390e-08  8.515321051864706390e-08
7.258333342503471286e+00  5.496758606164240582e-08  5.496758606164240582e-08
7.358333342503470931e+00  3.013360401888116167e-08  3.013360401888116167e-08
7.458333342503470575e+00  1.476250191456072429e-08  1.476250191456072429e-08
7.558333342503470220e+00  7.883694066646386698e-09  7.883694066646386698e-09
7.658333342503471641e+00  6.451287527252992246e-09  6.451287527252992246e-09
7.758333342503471286e+00  7.551139365950503737e-09  7.551139365950503737e-09
7.858333342503470931e+00  9.073648629332317065e-09  9.073648629332317065e-09
7.958333342503470575e+00  9.716658083758343870e-09  9.716658083758343870e-09
8.058333342503471997e+00  8.983655511548183112e-09  8.983655511548183112e-09
8.158333342503471641e+00  7.132872834314131938e-09  7.132872834314131938e-09
8.258333342503471286e+00  4.870519952102162309e-09  4.870519952102162309e-09
8.358333342503470931e+00  2.889555053926800253e-09  2.889555053926800253e-09
8.458333342503470575e+00  1.553295911882007721e-09  1.553295911882007721e-09
8.558333342503471997e+00  8.704459820782579005e-10  8.704459820782579005e-10
8.658333342503471641e+00  6.534320270358433899e-10  6.534320270358433899e-10
8.758333342503471286e+00  6.786429314843891221e-10  6.786429314843891221e-10
8.858333342503470931e+00  7.670506166994410205e-10  7.670506166994410205e-10
8.958333342503470575e+00  8.058777210595385310e-10  8.058777210595385310e-10
9.058333342503471997e+00  7.496028179413711311e-10  7.496028179413711311e-10
9.158333342503471641e+00  6.105800661307376527e-10  6.105800661307376527e-10
9.258333342503471286e+00  4.356071289775754428e-10  4.356071289775754428e-10
9.358333342503470931e+00  2.748223294361699921e-10  2.748223294361699921e-10
9.458333342503470575e+00  1.587774023321430847e-10  1.587774023321430847e-10
9.558333342503471997e+00  9.312724920857545348e-11  9.312724920857545348e-11
9.658333342503471641e+00  6.676143766004872435e-11  6.676143766004872435e-11
9.758333342503471286e+00  6.297072670310470563e-11  6.297072670310470563e-11
9.858333342503470931e+00  6.691915202897743095e-11  6.691915202897743095e-11
9.958333342503470575e+00  6.874076238707616947e-11  6.874076238707616947e-11
1.005833334250347200e+01  6.407596337013476301e-11  6.407596337013476301e-11
1.015833334250347164e+01  5.322934499645943101e-11  5.322934499645943101e-11
1.025833334250347129e+01  3.932746051238297698e-11  3.932746051238297698e-11
1.035833334250347093e+01  2.605997943193720056e-11  2.605997943193720056e-11
1.045833334250347058e+01  1.594723634129627284e-11  1.594723634129627284e-11
