-1.598900522495936727e+00  1.215767705903202484e-09  1.215767705903202484e-09
-1.498900522495936638e+00  5.898085923976001472e-09  5.898085923976001472e-09
-1.398900522495936549e+00  2.713242958201506092e-08  2.713242958201506092e-08
-1.298900522495936904e+00  1.177358605610214444e-07  1.177358605610214444e-07
-1.198900522495936816e+00  4.804675233653083975e-07  4.804675233653083975e-07
-1.098900522495936727e+00  1.840777208293828457e-06  1.840777208293828457e-06
-9.989005224959366380e-01  6.614262494156311497e-06  6.614262494156311497e-06
-8.989005224959365492e-01  2.227639355206354884e-05  2.227639355206354884e-05
-7.989005224959366824e-01  7.029673447689951254e-05  7.029673447689951254e-05
-6.989005224959368157e-01  2.078051511202546090e-04  2.078051511202546090e-04
-5.989005224959367268e-01  5.753717633450793978e-04  5.753717633450793978e-04
-4.989005224959366380e-01  1.492017973613474343e-03  1.492017973613474343e-03
-3.989005224959365492e-01  3.623337362251482629e-03  3.623337362251482629e-03
-2.989005224959366824e-01  8.240194728642071323e-03  8.240194728642071323e-03
-1.989005224959365936e-01  1.754894000010729163e-02  1.754894000010729163e-02
-9.890052249593672684e-02  3.499806404865698356e-02  3.499806404865698356e-02
1.099477504063361977e-03  6.536048958282383858e-02  6.536048958282383858e-02
1.010994775040634508e-01  1.143052794849717807e-01  1.143052794849717807e-01
2.010994775040633176e-01  1.871983406478783252e-01  1.871983406478783252e-01
3.010994775040634064e-01  2.870990033713136103e-01  2.870990033713136103e-01
4.010994775040632732e-01  4.123543518828138854e-01  4.123543518828138854e-01
5.010994775040633620e-01  5.546803152866064401e-01  5.546803152866064401e-01
6.010994775040634508e-01  6.988532730742581522e-01  6.988532730742581522e-01
7.010994775040635396e-01  8.248218209951432289e-01  8.248218209951432289e-01
8.010994775040636284e-01  9.121391444204518528e-01  9.121391444204518528e-01
9.010994775040632732e-01  9.454646669874725573e-01  9.454646669874725573e-01
1.001099477504063362e+00  9.191206421790053538e-01  9.191206421790053538e-01
1.101099477504063451e+00  8.388448692014881525e-01  8.388448692014881525e-01
1.201099477504063540e+00  7.199892001099710281e-01  7.199892001099710281e-01
1.301099477504063628e+00  5.829251593579443114e-01  5.829251593579443114e-01
1.401099477504063273e+00  4.475243965742846108e-01  4.475243965742846108e-01
1.501099477504063362e+00  3.287333018210771285e-01  3.287333018210771285e-01
1.601099477504063451e+00  2.344929747415800680e-01  2.344929747415800680e-01
1.701099477504063540e+00  1.660985262155250664e-01  1.660985262155250664e-01
1.801099477504063628e+00  1.201779559628184668e-01  1.201779559628184668e-01
1.901099477504063273e+00  9.115428641394669740e-02  9.115428641394669740e-02
2.001099477504063362e+00  7.328980511906166284e-02  7.328980511906166284e-02
2.101099477504063451e+00  6.190178600650312474e-02  6.190178600650312474e-02
2.201099477504063540e+00  5.377961443793123630e-02  5.377961443793123630e-02
2.301099477504063628e+00  4.706681190788723074e-02  4.706681190788723074e-02
2.401099477504063273e+00  4.090253057197128228e-02  4.090253057197128228e-02
2.501099477504063806e+00  3.503458678159192957e-02  3.503458678159192957e-02
2.601099477504063451e+00  2.951029635846679280e-02  2.951029635846679280e-02
2.701099477504063096e+00  2.447261836296517334e-02  2.447261836296517334e-02
2.801099477504063628e+00  2.004821569839636622e-02  2.004821569839636622e-02
2.901099477504063273e+00  1.630102205695685424e-02  1.630102205695685424e-02
3.001099477504063806e+00  1.322604430980031144e-02  1.322604430980031144e-02
3.101099477504063451e+00  1.076395398545702820e-02  1.076395398545702820e-02
3.201099477504063984e+00  8.823134908082175265e-03  8.823134908082175265e-03
3.301099477504063628e+00  7.300950943664431814e-03  7.300950943664431814e-03
3.401099477504063273e+00  6.099950970184547100e-03  6.099950970184547100e-03
3.501099477504063806e+00  5.137626239942055979e-03  5.137626239942055979e-03
3.601099477504063451e+00  4.350244867025784140e-03  4.350244867025784140e-03
3.701099477504063984e+00  3.692299115658752556e-03  3.692299115658752556e-03
3.801099477504063628e+00  3.133381855572052628e-03  3.133381855572052628e-03
3.901099477504063273e+00  2.654093970562334225e-03  2.654093970562334225e-03
4.001099477504063806e+00  2.242121167890936961e-03  2.242121167890936961e-03
4.101099477504063451e+00  1.889109537751905866e-03  1.889109537751905866e-03
4.201099477504063984e+00  1.588544287385742267e-03  1.588544287385742267e-03
4.301099477504063628e+00  1.334551378664590579e-03  1.334551378664590579e-03
4.401099477504063273e+00  1.121397612282927373e-03  1.121397612282927373e-03
4.501099477504063806e+00  9.434298914544965615e-04  9.434298914544965615e-04
4.601099477504063451e+00  7.952277000521368322e-04  7.952277000521368322e-04
4.701099477504063984e+00  6.718068436257956843e-04  6.718068436257956843e-04
4.801099477504063628e+00  5.687802302961968929e-04  5.687802302961968929e-04
4.901099477504063273e+00  4.824373806502517729e-04  4.824373806502517729e-04
5.001099477504063806e+00  4.097423909349754128e-04  4.097423909349754128e-04
5.101099477504063451e+00  3.482705531177081272e-04  3.482705531177081272e-04
5.201099477504063984e+00  2.961104902701139309e-04  2.961104902701139309e-04
5.301099477504063628e+00  2.517563502562571100e-04  2.517563502562571100e-04
5.401099477504063273e+00  2.140078221500112099e-04  2.140078221500112099e-04
5.501099477504063806e+00  1.818879152796294739e-04  1.818879152796294739e-04
5.601099477504063451e+00  1.545816943870049435e-04  1.545816943870049435e-04
5.701099477504063984e+00  1.313944656698380945e-04  1.313944656698380945e-04
5.801099477504063628e+00  1.117253786312203491e-04  1.117253786312203491e-04
5.901099477504063273e+00  9.505166374382394991e-05  9.505166374382394991e-05
6.001099477504063806e+00  8.091917432539959048e-05  8.091917432539959048e-05
6.101099477504063451e+00  6.893595537751752498e-05  6.893595537751752498e-05
6.201099477504063984e+00  5.876675941954421676e-05  5.876675941954421676e-05
6.301099477504063628e+00  5.012747360280942518e-05  5.012747360280942518e-05
6.401099477504063273e+00  4.277917453617136181e-05  4.277917453617136181e-05
6.501099477504062918e+00  3.652196671553479624e-05  3.652196671553479624e-05
6.601099477504064339e+00  3.118893869056514465e-05  3.118893869056514465e-05
6.701099477504063984e+00  2.664057021126935816e-05  2.664057021126935816e-05
6.801099477504063628e+00  2.275982633550224194e-05  2.275982633550224194e-05
6.901099477504063273e+00  1.944804705108329603e-05  1.944804705108329603e-05
7.001099477504062918e+00  1.662162660431609805e-05  1.662162660431609805e-05
7.101099477504064339e+00  1.420939674827055452e-05  1.420939674827055452e-05
7.201099477504063984e+00  1.215058704010725869e-05  1.215058704010725869e-05
7.301099477504063628e+00  1.039322719530984248e-05  1.039322719530984248e-05
7.401099477504063273e+00  8.892870749323919481e-06  8.892870749323919481e-06
7.501099477504062918e+00  7.611544871364251826e-06  7.611544871364251826e-06
7.601099477504064339e+00  6.516859203914018587e-06  6.516859203914018587e-06
7.701099477504063984e+00  5.581231238418270005e-06  5.581231238418270005e-06
7.801099477504063628e+00  4.781204172038296429e-06  4.781204172038296429e-06
7.901099477504063273e+00  4.096844953787064931e-06  4.096844953787064931e-06
8.001099477504064694e+00  3.511216319127070988e-06  3.511216319127070988e-06
8.101099477504064339e+00  3.009918683981381990e-06  3.009918683981381990e-06
8.201099477504063984e+00  2.580697526156128759e-06  2.580697526156128759e-06
8.301099477504063628e+00  2.213110717396957600e-06  2.213110717396957600e-06
8.401099477504063273e+00  1.898249118833510673e-06  1.898249118833510673e-06
8.501099477504064694e+00  1.628503104514713322e-06  1.628503104514713322e-06
8.601099477504064339e+00  1.397367668570847038e-06  1.397367668570847038e-06
8.701099477504063984e+00  1.199279313223460340e-06  1.199279313223460340e-06
8.801099477504063628e+00  1.029478813633541218e-06  1.029478813633541218e-06
8.901099477504063273e+00  8.838950014609772386e-07  8.838950014609772386e-07
9.001099477504064694e+00  7.590457301091545215e-07  7.590457301091545215e-07
9.101099477504064339e+00  6.519530699419899731e-07  6.519530699419899731e-07
9.201099477504063984e+00  5.600704811987470791e-07  5.600704811987470791e-07
9.301099477504063628e+00  4.812202236677536912e-07  4.812202236677536912e-07
9.401099477504063273e+00  4.135396132070643590e-07  4.135396132070643590e-07
9.501099477504064694e+00  3.554349668833642171e-07  3.554349668833642171e-07
9.601099477504064339e+00  3.055422322407601868e-07  3.055422322407601868e-07
9.701099477504063984e+00  2.626934061725483924e-07  2.626934061725483924e-07
9.801099477504063628e+00  2.258879388606424416e-07  2.258879388606424416e-07
9.901099477504063273e+00  1.942684019183967718e-07  1.942684019183967718e-07
1.000109947750406469e+01  1.670997828111232608e-07  1.670997828111232608e-07
1.010109947750406434e+01  1.437518501468245728e-07  1.437518501468245728e-07
1.020109947750406398e+01  1.236841141874681386e-07  1.236841141874681386e-07
1.030109947750406363e+01  1.064329809350352941e-07  1.064329809350352941e-07
1.040109947750406327e+01  9.160076398337260264e-08  9.160076398337260264e-08
