-1.559267365339233713e+00  0.000000000000000000e+00  0.000000000000000000e+00
-1.459267365339233180e+00  0.000000000000000000e+00  0.000000000000000000e+00
-1.359267365339233535e+00  0.000000000000000000e+00  0.000000000000000000e+00
-1.259267365339233447e+00  0.000000000000000000e+00  0.000000000000000000e+00
-1.159267365339233358e+00  0.000000000000000000e+00  0.000000000000000000e+00
-1.059267365339233713e+00  0.000000000000000000e+00  0.000000000000000000e+00
-9.592673653392334021e-01  0.000000000000000000e+00  0.000000000000000000e+00
-8.592673653392335353e-01  0.000000000000000000e+00  0.000000000000000000e+00
-7.592673653392334465e-01  0.000000000000000000e+00  0.000000000000000000e+00
-6.592673653392333577e-01  0.000000000000000000e+00  0.000000000000000000e+00
-5.592673653392334909e-01  4.068973087022764339e-305  4.068973087022764339e-305
-4.592673653392334021e-01  9.277313655186350349e-266  9.277313655186350349e-266
-3.592673653392333133e-01  4.083373917693512882e-229  4.083373917693512882e-229
-2.592673653392334465e-01  3.469569162205513175e-195  3.469569162205513175e-195
-1.592673653392333577e-01  5.691037350532009708e-164  5.691037350532009708e-164
-5.926736533923349093e-02  1.802049892076405546e-135  1.802049892076405546e-135
4.073263466076659789e-02  1.101543555001958575e-109  1.101543555001958575e-109
1.407326346607666867e-01  1.299858339808175924e-86  1.299858339808175924e-86
2.407326346607665535e-01  2.961078112657766009e-66  2.961078112657766009e-66
3.407326346607666423e-01  1.302156524899868270e-48  1.302156524899868270e-48
4.407326346607665091e-01  1.105442116597598260e-33  1.105442116597598260e-33
5.407326346607665979e-01  1.811625021699594707e-21  1.811625021699594707e-21
6.407326346607666867e-01  5.731391853456747122e-12  5.731391853456747122e-12
7.407326346607667755e-01  3.500349275910984582e-05  3.500349275910984582e-05
8.407326346607668643e-01  4.126882934712624573e-01  4.126882934712624573e-01
9.407326346607665091e-01  9.392742265732296758e+00  9.392742265732296758e+00
1.040732634660766598e+00  4.126882934712511330e-01  4.126882934712511330e-01
1.140732634660766687e+00  3.500349275910792136e-05  3.500349275910792136e-05
1.240732634660766776e+00  5.731391853456278602e-12  5.731391853456278602e-12
1.340732634660766864e+00  1.811764757079987308e-21  1.811764757079987308e-21
1.440732634660766509e+00  4.071390789956147711e-18  4.071390789956147711e-18
1.540732634660766598e+00  5.212054420284892713e-12  5.212054420284892713e-12
1.640732634660766687e+00  2.931600839939569489e-07  2.931600839939569489e-07
1.740732634660766776e+00  7.244868003294582933e-04  7.244868003294582933e-04
1.840732634660766864e+00  7.866578145516966991e-02  7.866578145516966991e-02
1.940732634660766509e+00  3.752934538735854808e-01  3.752934538735854808e-01
2.040732634660766820e+00  7.866578145516857357e-02  7.866578145516857357e-02
2.140732634660766465e+00  7.244868003294383440e-04  7.244868003294383440e-04
2.240732634660766998e+00  2.931600839939449846e-07  2.931600839939449846e-07
2.340732634660766642e+00  5.212055764494617896e-12  5.212055764494617896e-12
2.440732634660766287e+00  1.272834561375648440e-13  1.272834561375648440e-13
2.540732634660766820e+00  1.500613451540525368e-09  1.500613451540525368e-09
2.640732634660766465e+00  2.202923583797168339e-06  2.202923583797168339e-06
2.740732634660766109e+00  4.026705417030875434e-04  4.026705417030875434e-04
2.840732634660766642e+00  9.164739286415979347e-03  9.164739286415979347e-03
2.940732634660766287e+00  2.597228741432519930e-02  2.597228741432519930e-02
3.040732634660766820e+00  9.164739286415809344e-03  9.164739286415809344e-03
3.140732634660766465e+00  4.026705417030875434e-04  4.026705417030875434e-04
3.240732634660766998e+00  2.202923583797100576e-06  2.202923583797100576e-06
3.340732634660766642e+00  1.500614830271553531e-09  1.500614830271553531e-09
3.440732634660766287e+00  7.569418550252157450e-12  7.569418550252157450e-12
3.540732634660766820e+00  8.420363942890177167e-09  8.420363942890177167e-09
3.640732634660766465e+00  1.997003429582455165e-06  1.997003429582455165e-06
3.740732634660766998e+00  9.927539658279316292e-05  9.927539658279316292e-05
3.840732634660766642e+00  1.034473387430371585e-03  1.034473387430371585e-03
3.940732634660766287e+00  2.259497611592583936e-03  2.259497611592583936e-03
4.040732634660766820e+00  1.034473387430357274e-03  1.034473387430357274e-03
4.140732634660766465e+00  9.927539658279042531e-05  9.927539658279042531e-05
4.240732634660766998e+00  1.997003429593545367e-06  1.997003429593545367e-06
4.340732634660766642e+00  8.420401677440760711e-09  8.420401677440760711e-09
4.440732634660766287e+00  4.396200899247872359e-11  4.396200899247872359e-11
4.540732634660766820e+00  1.012594911614377247e-08  1.012594911614377247e-08
4.640732634660766465e+00  8.044036635746807556e-07  8.044036635746807556e-07
4.740732634660766998e+00  1.830814299580729471e-05  1.830814299580729471e-05
4.840732634660766642e+00  1.193840889047964419e-04  1.193840889047964419e-04
4.940732634660766287e+00  2.230388414781139968e-04  2.230388414781139968e-04
5.040732634660766820e+00  1.193840889047951274e-04  1.193840889047951274e-04
5.140732634660766465e+00  1.830814299580696945e-05  1.830814299580696945e-05
5.240732634660766998e+00  8.044036637714127338e-07  8.044036637714127338e-07
5.340732634660766642e+00  1.012611936492448890e-08  1.012611936492448890e-08
5.440732634660766287e+00  8.933184090489895423e-11  8.933184090489895423e-11
5.540732634660766820e+00  5.734434792051015064e-09  5.734434792051015064e-09
5.640732634660766465e+00  2.197116367156326256e-07  2.197116367156326256e-07
5.740732634660766998e+00  2.970491216829048409e-06  2.970491216829048409e-06
5.840732634660766642e+00  1.417142101486950109e-05  1.417142101486950109e-05
5.940732634660766287e+00  2.385659419645882770e-05  2.385659419645882770e-05
6.040732634660766820e+00  1.417142101486936726e-05  1.417142101486936726e-05
6.140732634660766465e+00  2.970491216830046637e-06  2.970491216830046637e-06
6.240732634660766998e+00  2.197116375571050928e-07  2.197116375571050928e-07
6.340732634660766642e+00  5.734679693688196887e-09  5.734679693688196887e-09
6.440732634660766287e+00  9.117615369831529312e-11  9.117615369831529312e-11
6.540732634660765932e+00  2.132524796182919512e-09  2.132524796182919512e-09
6.640732634660767353e+00  4.853213461810653425e-08  4.853213461810653425e-08
6.740732634660766998e+00  4.523105498353790821e-07  4.523105498353790821e-07
6.840732634660766642e+00  1.726160255694083379e-06  1.726160255694083379e-06
6.940732634660766287e+00  2.697506985606753246e-06  2.697506985606753246e-06
7.040732634660765932e+00  1.726160255694089097e-06  1.726160255694089097e-06
7.140732634660767353e+00  4.523105498396973620e-07  4.523105498396973620e-07
7.240732634660766998e+00  4.853213596777138674e-08  4.853213596777138674e-08
7.340732634660766642e+00  2.132601336633705397e-09  2.132601336633705397e-09
7.440732634660766287e+00  5.659704349197986977e-11  5.659704349197986977e-11
7.540732634660765932e+00  6.135803657593023135e-10  6.135803657593023135e-10
7.640732634660767353e+00  9.444856614527544948e-09  9.444856614527544948e-09
7.740732634660766998e+00  6.659271781688153755e-08  6.659271781688153755e-08
7.840732634660766642e+00  2.149639263138205334e-07  2.149639263138205334e-07
7.940732634660766287e+00  3.176960885613735637e-07  3.176960885613735637e-07
8.040732634660766820e+00  2.149639263138405446e-07  2.149639263138405446e-07
8.140732634660768241e+00  6.659271782444842697e-08  6.659271782444842697e-08
8.240732634660766109e+00  9.444857337886503629e-09  9.444857337886503629e-09
8.340732634660767530e+00  6.134415801992090905e-10  6.134415801992090905e-10
8.440732634660765399e+00  2.478947262091919582e-11  2.478947262091919582e-11
8.540732634660766820e+00  1.494759635468041635e-10  1.494759635468041635e-10
8.640732634660768241e+00  1.696004441723385171e-09  1.696004441723385171e-09
8.740732634660766109e+00  9.625206707424968268e-09  9.625206707424968268e-09
8.840732634660767530e+00  2.727722274473488360e-08  2.727722274473488360e-08
8.940732634660765399e+00  3.860084797407716599e-08  3.860084797407716599e-08
9.040732634660768596e+00  2.727722274477762899e-08  2.727722274477762899e-08
9.140732634660768241e+00  9.625206712920498178e-09  9.625206712920498178e-09
9.240732634660767886e+00  1.696003971058635922e-09  1.696003971058635922e-09
9.340732634660767530e+00  1.492903213012737389e-10  1.492903213012737389e-10
9.440732634660767175e+00  8.501729808684275063e-12  8.501729808684275063e-12
9.540732634660768596e+00  3.253297554153020371e-11  3.253297554153020371e-11
9.640732634660768241e+00  2.886826920257290474e-10  2.886826920257290474e-10
9.740732634660767886e+00  1.377220587808850120e-09  1.377220587808850120e-09
9.840732634660767530e+00  3.516855952462373730e-09  3.516855952462373730e-09
9.940732634660767175e+00  4.806972149436588115e-09  4.806972149436588115e-09
1.004073263466076860e+01  3.516855952500737126e-09  3.516855952500737126e-09
1.014073263466076824e+01  1.377220586941061143e-09  1.377220586941061143e-09
1.024073263466076789e+01  2.886816658438342431e-10  2.886816658438342431e-10
1.034073263466076753e+01  3.241121149306015423e-11  3.241121149306015423e-11
1.044073263466076718e+01  2.447836894224853191e-12  2.447836894224853191e-12
