-1.649421127272152621e+00  2.855277057400511905e-34  2.855277057400511905e-34
-1.549421127272152532e+00  1.001606774377246979e-31  1.001606774377246979e-31
-1.449421127272152887e+00  3.394066326034088090e-29  3.394066326034088090e-29
-1.349421127272152354e+00  9.325302645608151960e-27  9.325302645608151960e-27
-1.249421127272152710e+00  2.009971207460334073e-24  2.009971207460334073e-24
-1.149421127272152621e+00  3.378822364425570155e-22  3.378822364425570155e-22
-1.049421127272152532e+00  4.424904787264223995e-20  4.424904787264223995e-20
-9.494211272721524431e-01  4.513385226816863344e-18  4.513385226816863344e-18
-8.494211272721525763e-01  3.585390157509213639e-16  3.585390157509213639e-16
-7.494211272721527095e-01  2.218194407794605562e-14  2.218194407794605562e-14
-6.494211272721526207e-01  1.068784402507874223e-12  1.068784402507874223e-12
-5.494211272721525319e-01  4.010581406033980597e-11  4.010581406033980597e-11
-4.494211272721524431e-01  1.172063351775766747e-09  1.172063351775766747e-09
-3.494211272721525763e-01  2.667603514967448514e-08  2.667603514967448514e-08
-2.494211272721524875e-01  4.728440056819679447e-07  4.728440056819679447e-07
-1.494211272721526207e-01  6.527410028239194400e-06  6.527410028239194400e-06
-4.942112727215253187e-02  7.017627264597742340e-05  7.017627264597742340e-05
5.057887272784755694e-02  5.875787757653678015e-04  5.875787757653678015e-04
1.505788727278474237e-01  3.831495458592838917e-03  3.831495458592838917e-03
2.505788727278475125e-01  1.945794511565341126e-02  1.945794511565341126e-02
3.505788727278473793e-01  7.695771331594709885e-02  7.695771331594709885e-02
4.505788727278474681e-01  2.370467815577678994e-01  2.370467815577678994e-01
5.505788727278475569e-01  5.686477021601711312e-01  5.686477021601711312e-01
6.505788727278476458e-01  1.062384385952537702e+00  1.062384385952537702e+00
7.505788727278477346e-01  1.545808232418508732e+00  1.545808232418508732e+00
8.505788727278473793e-01  1.751819899295077532e+00  1.751819899295077532e+00
9.505788727278474681e-01  1.546629683052537452e+00  1.546629683052537452e+00
1.050578872727847557e+00  1.064956453355225152e+00  1.064956453355225152e+00
1.150578872727847646e+00  5.752566510810299683e-01  5.752566510810299683e-01
1.250578872727847735e+00  2.519480413323090806e-01  2.519480413323090806e-01
1.350578872727847379e+00  1.065944022318407874e-01  1.065944022318407874e-01
1.450578872727847468e+00  7.147480242104373160e-02  7.147480242104373160e-02
1.550578872727847557e+00  8.440539832037269319e-02  8.440539832037269319e-02
1.650578872727847646e+00  1.107444138501984948e-01  1.107444138501984948e-01
1.750578872727847735e+00  1.330133339807255954e-01  1.330133339807255954e-01
1.850578872727847379e+00  1.416942559365589605e-01  1.416942559365589605e-01
1.950578872727847468e+00  1.334922838412881674e-01  1.334922838412881674e-01
2.050578872727847557e+00  1.114814265947257216e-01  1.114814265947257216e-01
2.150578872727847646e+00  8.312292227445801374e-02  8.312292227445801374e-02
2.250578872727847735e+00  5.642285473871986451e-02  5.642285473871986451e-02
2.350578872727847379e+00  3.661300471232436377e-02  3.661300471232436377e-02
2.450578872727847912e+00  2.505736586175551922e-02  2.505736586175551922e-02
2.550578872727847557e+00  2.021523711553220928e-02  2.021523711553220928e-02
2.650578872727847202e+00  1.935978634741121127e-02  1.935978634741121127e-02
2.750578872727847735e+00  1.993360214982289186e-02  1.993360214982289186e-02
2.850578872727847379e+00  2.019176492617820451e-02  2.019176492617820451e-02
2.950578872727847912e+00  1.930942556396961218e-02  1.930942556396961218e-02
3.050578872727847557e+00  1.721950057376126636e-02  1.721950057376126636e-02
3.150578872727848090e+00  1.434052029444457012e-02  1.434052029444457012e-02
3.250578872727847735e+00  1.127792459748812488e-02  1.127792459748812488e-02
3.350578872727847379e+00  8.567882216838742029e-03  8.567882216838742029e-03
3.450578872727847912e+00  6.522623643365818916e-03  6.522623643365818916e-03
3.550578872727847557e+00  5.198253658554694186e-03  5.198253658554694186e-03
3.650578872727848090e+00  4.458051609150706640e-03  4.458051609150706640e-03
3.750578872727847735e+00  4.077021996289050508e-03  4.077021996289050508e-03
3.850578872727847379e+00  3.837239471841575461e-03  3.837239471841575461e-03
3.950578872727847912e+00  3.586274898237529034e-03  3.586274898237529034e-03
4.050578872727847113e+00  3.254729166398277578e-03  3.254729166398277578e-03
4.150578872727848534e+00  2.843380376818879871e-03  2.843380376818879871e-03
4.250578872727848179e+00  2.395005630368639195e-03  2.395005630368639195e-03
4.350578872727847823e+00  1.964318911716725173e-03  1.964318911716725173e-03
4.450578872727847468e+00  1.595153937841814386e-03  1.595153937841814386e-03
4.550578872727847113e+00  1.308998316367191578e-03  1.308998316367191578e-03
4.650578872727848534e+00  1.104450442112959617e-03  1.104450442112959617e-03
4.750578872727848179e+00  9.640784607163851213e-04  9.640784607163851213e-04
4.850578872727847823e+00  8.640476987384758823e-04  8.640476987384758823e-04
4.950578872727847468e+00  7.825737540115651567e-04  7.825737540115651567e-04
5.050578872727847113e+00  7.049796806166430153e-04  7.049796806166430153e-04
5.150578872727848534e+00  6.249687380924528763e-04  6.249687380924528763e-04
5.250578872727848179e+00  5.430253930897095856e-04  5.430253930897095856e-04
5.350578872727847823e+00  4.634078830844188938e-04  4.634078830844188938e-04
5.450578872727847468e+00  3.911077736430003783e-04  3.911077736430003783e-04
5.550578872727847113e+00  3.296882644802181270e-04  3.296882644802181270e-04
5.650578872727848534e+00  2.803424986477728604e-04  2.803424986477728604e-04
5.750578872727848179e+00  2.420357472833369993e-04  2.420357472833369993e-04
5.850578872727847823e+00  2.123172405745362649e-04  2.123172405745362649e-04
5.950578872727847468e+00  1.883248561921255747e-04  1.883248561921255747e-04
6.050578872727847113e+00  1.676076469612288486e-04  1.676076469612288486e-04
6.150578872727848534e+00  1.485729303038429939e-04  1.485729303038429939e-04
6.250578872727848179e+00  1.305444442811704898e-04  1.305444442811704898e-04
6.350578872727847823e+00  1.135414214005199096e-04  1.135414214005199096e-04
6.450578872727847468e+00  9.793664822611732035e-05  9.793664822611732035e-05
6.550578872727848889e+00  8.413550444230366305e-05  8.413550444230366305e-05
6.650578872727848534e+00  7.236433247123823047e-05  7.236433247123823047e-05
6.750578872727848179e+00  6.259416061746865664e-05  6.259416061746865664e-05
6.850578872727847823e+00  5.457642800287917820e-05  5.457642800287917820e-05
6.950578872727847468e+00  4.794142669218210323e-05  4.794142669218210323e-05
7.050578872727848889e+00  4.230769663813744181e-05  4.230769663813744181e-05
7.150578872727848534e+00  3.736458080145792953e-05  3.736458080145792953e-05
7.250578872727848179e+00  3.291092862321384239e-05  3.291092862321384239e-05
7.350578872727847823e+00  2.885199181667855896e-05  2.885199181667855896e-05
7.450578872727847468e+00  2.516867929179183991e-05  2.516867929179183991e-05
7.550578872727848889e+00  2.187714024522348575e-05  2.187714024522348575e-05
7.650578872727848534e+00  1.899372383304699709e-05  1.899372383304699709e-05
7.750578872727848179e+00  1.651382984195765154e-05  1.651382984195765154e-05
7.850578872727847823e+00  1.440619276312626924e-05  1.440619276312626924e-05
7.950578872727849244e+00  1.261898957238253668e-05  1.261898957238253668e-05
8.050578872727848889e+00  1.109179179942170451e-05  1.109179179942170451e-05
8.150578872727848534e+00  9.767599705070325304e-06  9.767599705070325304e-06
8.250578872727848179e+00  8.601087096097333721e-06  8.601087096097333721e-06
8.350578872727847823e+00  7.561628874337083617e-06  7.561628874337083617e-06
8.450578872727849244e+00  6.631758251516742656e-06  6.631758251516742656e-06
8.550578872727848889e+00  5.802897879760106605e-06  5.802897879760106605e-06
8.650578872727848534e+00  5.070452404570810126e-06  5.070452404570810126e-06
8.750578872727848179e+00  4.429877041849815212e-06  4.429877041849815212e-06
8.850578872727847823e+00  3.874525303315613702e-06  3.874525303315613702e-06
8.950578872727849244e+00  3.395286098108723976e-06  3.395286098108723976e-06
9.050578872727848889e+00  2.981481172567363900e-06  2.981481172567363900e-06
9.150578872727848534e+00  2.622289694349840237e-06  2.622289694349840237e-06
9.250578872727848179e+00  2.308050970219518113e-06  2.308050970219518113e-06
9.350578872727847823e+00  2.031049697045616832e-06  2.031049697045616832e-06
9.450578872727849244e+00  1.785678956220240012e-06  1.785678956220240012e-06
9.550578872727848889e+00  1.568103941125618449e-06  1.568103941125618449e-06
9.650578872727848534e+00  1.375665410285992319e-06  1.375665410285992319e-06
9.750578872727848179e+00  1.206267077011520177e-06  1.206267077011520177e-06
9.850578872727847823e+00  1.057919906296923869e-06  1.057919906296923869e-06
9.950578872727849244e+00  9.285150442814824163e-07  9.285150442814824163e-07
1.005057887272784889e+01  8.158064036991935362e-07  8.158064036991935362e-07
1.015057887272784853e+01  7.175280064315784934e-07  7.175280064315784934e-07
1.025057887272784818e+01  6.315558713530522554e-07  6.315558713530522554e-07
1.035057887272784782e+01  5.560411269574463948e-07  5.560411269574463948e-07
