-1.662774300231698366e+00  3.226879704356081000e-09  3.226879704356081000e-09
-1.562774300231698277e+00  1.429259341110867540e-08  1.429259341110867540e-08
-1.462774300231698632e+00  6.045121558723204939e-08  6.045121558723204939e-08
-1.362774300231698099e+00  2.425848122179264674e-07  2.425848122179264674e-07
-1.262774300231698454e+00  9.200324491650420968e-07  9.200324491650420968e-07
-1.162774300231698366e+00  3.290169311619669421e-06  3.290169311619669421e-06
-1.062774300231698277e+00  1.107912864372224655e-05  1.107912864372224655e-05
-9.627743002316981880e-01  3.509935817056538120e-05  3.509935817056538120e-05
-8.627743002316983212e-01  1.045619566057952185e-04  1.045619566057952185e-04
-7.627743002316984544e-01  2.928117128195072225e-04  2.928117128195072225e-04
-6.627743002316983656e-01  7.706446943610597688e-04  7.706446943610597688e-04
-5.627743002316982768e-01  1.905959796733410188e-03  1.905959796733410188e-03
-4.627743002316981880e-01  4.429250062743726908e-03  4.429250062743726908e-03
-3.627743002316983212e-01  9.671192384649055993e-03  9.671192384649055993e-03
-2.627743002316982324e-01  1.984032277110233181e-02  1.984032277110233181e-02
-1.627743002316983656e-01  3.824093454793739411e-02  3.824093454793739411e-02
-6.277430023169827678e-02  6.924953085788680684e-02  6.924953085788680684e-02
3.722569976830181204e-02  1.178192428187885971e-01  1.178192428187885971e-01
1.372256997683016788e-01  1.883365051167088244e-01  1.883365051167088244e-01
2.372256997683017676e-01  2.828695145557099666e-01  2.828695145557099666e-01
3.372256997683016344e-01  3.992038349416430210e-01  3.992038349416430210e-01
4.372256997683017232e-01  5.294159962271973718e-01  5.294159962271973718e-01
5.372256997683018120e-01  6.598578961107104401e-01  6.598578961107104401e-01
6.372256997683019009e-01  7.731148121636254311e-01  7.731148121636254311e-01
7.372256997683019897e-01  8.517625211919082062e-01  8.517625211919082062e-01
8.372256997683016344e-01  8.828751052742739303e-01  8.828751052742739303e-01
9.372256997683017232e-01  8.616924171101206786e-01  8.616924171101206786e-01
1.037225699768301812e+00  7.930139654382863945e-01  7.930139654382863945e-01
1.137225699768301901e+00  6.897478719637302191e-01  6.897478719637302191e-01
1.237225699768301990e+00  5.691994510796191120e-01  5.691994510796191120e-01
1.337225699768301634e+00  4.485432352659899924e-01  4.485432352659899924e-01
1.437225699768301723e+00  3.410752296308480758e-01  3.410752296308480758e-01
1.537225699768301812e+00  2.542933639178475147e-01  2.542933639178475147e-01
1.637225699768301901e+00  1.899738030900027519e-01  1.899738030900027519e-01
1.737225699768301990e+00  1.456682969166404051e-01  1.456682969166404051e-01
1.837225699768301634e+00  1.167350938523568360e-01  1.167350938523568360e-01
1.937225699768301723e+00  9.813856266112092053e-02  9.813856266112092053e-02
2.037225699768301812e+00  8.561210665606155956e-02  8.561210665606155956e-02
2.137225699768301901e+00  7.614112784930533728e-02  7.614112784930533728e-02
2.237225699768301990e+00  6.794512593283617841e-02  6.794512593283617841e-02
2.337225699768301634e+00  6.019890663255873103e-02  6.019890663255873103e-02
2.437225699768302167e+00  5.268737936427114049e-02  5.268737936427114049e-02
2.537225699768301812e+00  4.550676133413576741e-02  4.550676133413576741e-02
2.637225699768301457e+00  3.885429063172737840e-02  3.885429063172737840e-02
2.737225699768301990e+00  3.290548938279468788e-02  3.290548938279468788e-02
2.837225699768301634e+00  2.775953073810696892e-02  2.775953073810696892e-02
2.937225699768302167e+00  2.342970125768035344e-02  2.342970125768035344e-02
3.037225699768301812e+00  1.985903158208759609e-02  1.985903158208759609e-02
3.137225699768302345e+00  1.694618258680746087e-02  1.694618258680746087e-02
3.237225699768301990e+00  1.457165106158832615e-02  1.457165106158832615e-02
3.337225699768301634e+00  1.261865693823104040e-02  1.261865693823104040e-02
3.437225699768302167e+00  1.098648068167721974e-02  1.098648068167721974e-02
3.537225699768301812e+00  9.596435115214621211e-03  9.596435115214621211e-03
3.637225699768302345e+00  8.392074836794173251e-03  8.392074836794173251e-03
3.737225699768301990e+00  7.335787755339049851e-03  7.335787755339049851e-03
3.837225699768301634e+00  6.403804352348280680e-03  6.403804352348280680e-03
3.937225699768302167e+00  5.581174261292904358e-03  5.581174261292904358e-03
4.037225699768301368e+00  4.857646795860795855e-03  4.857646795860795855e-03
4.137225699768302789e+00  4.224832836873483252e-03  4.224832836873483252e-03
4.237225699768302434e+00  3.674616902054415012e-03  3.674616902054415012e-03
4.337225699768302078e+00  3.198554704368445235e-03  3.198554704368445235e-03
4.437225699768301723e+00  2.787909306299489551e-03  2.787909306299489551e-03
4.537225699768301368e+00  2.434001793263008539e-03  2.434001793263008539e-03
4.637225699768302789e+00  2.128631236329316546e-03  2.128631236329316546e-03
4.737225699768302434e+00  1.864413719163306692e-03  1.864413719163306692e-03
4.837225699768302078e+00  1.634975145564688875e-03  1.634975145564688875e-03
4.937225699768301723e+00  1.434994422720277819e-03  1.434994422720277819e-03
5.037225699768301368e+00  1.260129627348651350e-03  1.260129627348651350e-03
5.137225699768302789e+00  1.106873507162979987e-03  1.106873507162979987e-03
5.237225699768302434e+00  9.723827169378870296e-04  9.723827169378870296e-04
5.337225699768302078e+00  8.543145195543391194e-04  8.543145195543391194e-04
5.437225699768301723e+00  7.506911347564171246e-04  7.506911347564171246e-04
5.537225699768301368e+00  6.597994958541555629e-04  6.597994958541555629e-04
5.637225699768302789e+00  5.801250019679568505e-04  5.801250019679568505e-04
5.737225699768302434e+00  5.103125188773725623e-04  5.103125188773725623e-04
5.837225699768302078e+00  4.491459451184729281e-04  4.491459451184729281e-04
5.937225699768301723e+00  3.955381614398893633e-04  3.955381614398893633e-04
6.037225699768301368e+00  3.485250479429257537e-04  3.485250479429257537e-04
6.137225699768302789e+00  3.072595636702050146e-04  3.072595636702050146e-04
6.237225699768302434e+00  2.710039971797608771e-04  2.710039971797608771e-04
6.337225699768302078e+00  2.391200709365014655e-04  2.391200709365014655e-04
6.437225699768301723e+00  2.110575223255128203e-04  2.110575223255128203e-04
6.537225699768303144e+00  1.863421621550260187e-04  1.863421621550260187e-04
6.637225699768302789e+00  1.645643849725318176e-04  1.645643849725318176e-04
6.737225699768302434e+00  1.453688500924294412e-04  1.453688500924294412e-04
6.837225699768302078e+00  1.284457187129445536e-04  1.284457187129445536e-04
6.937225699768301723e+00  1.135235259911626573e-04  1.135235259911626573e-04
7.037225699768303144e+00  1.003635438633350516e-04  1.003635438633350516e-04
7.137225699768302789e+00  8.875536662904277157e-05  8.875536662904277157e-05
7.237225699768302434e+00  7.851341537898386602e-05  7.851341537898386602e-05
7.337225699768302078e+00  6.947408383894035345e-05  6.947408383894035345e-05
7.437225699768301723e+00  6.149330869611757981e-05  6.149330869611757981e-05
7.537225699768303144e+00  5.444441762635023226e-05  5.444441762635023226e-05
7.637225699768302789e+00  4.821617121338257658e-05  4.821617121338257658e-05
7.737225699768302434e+00  4.271096190880812888e-05  4.271096190880812888e-05
7.837225699768302078e+00  3.784316193927559800e-05  3.784316193927559800e-05
7.937225699768303500e+00  3.353762491172092243e-05  3.353762491172092243e-05
8.037225699768303144e+00  2.972834731972203868e-05  2.972834731972203868e-05
8.137225699768302789e+00  2.635729116840449654e-05  2.635729116840449654e-05
8.237225699768302434e+00  2.337336172082461682e-05  2.337336172082461682e-05
8.337225699768302078e+00  2.073152783323705753e-05  2.073152783323705753e-05
8.437225699768303500e+00  1.839206802743927871e-05  1.839206802743927871e-05
8.537225699768303144e+00  1.631992375101007597e-05  1.631992375101007597e-05
8.637225699768302789e+00  1.448414184977897176e-05  1.448414184977897176e-05
8.737225699768302434e+00  1.285739039445610227e-05  1.285739039445610227e-05
8.837225699768302078e+00  1.141553486802510275e-05  1.141553486802510275e-05
8.937225699768303500e+00  1.013726466296725513e-05  1.013726466296725513e-05
9.037225699768303144e+00  9.003762408271004901e-06  9.003762408271004901e-06
9.137225699768302789e+00  7.998410625691164746e-06  7.998410625691164746e-06
9.237225699768302434e+00  7.106531570548458512e-06  7.106531570548458512e-06
9.337225699768302078e+00  6.315156935105176362e-06  6.315156935105176362e-06
9.437225699768303500e+00  5.612824530954861629e-06  5.612824530954861629e-06
9.537225699768303144e+00  4.989399276276488022e-06  4.989399276276488022e-06
9.637225699768302789e+00  4.435915923381548122e-06  4.435915923381548122e-06
9.737225699768302434e+00  3.944441059970394672e-06  3.944441059970394672e-06
9.837225699768302078e+00  3.507952050558928706e-06  3.507952050558928706e-06
9.937225699768303500e+00  3.120230765671378965e-06  3.120230765671378965e-06
1.003722569976830314e+01  2.775770166639196208e-06  2.775770166639196208e-06
1.013722569976830279e+01  2.469692053643287765e-06  2.469692053643287765e-06
1.023722569976830243e+01  2.197674522844675499e-06  2.197674522844675499e-06
1.033722569976830208e+01  1.955887898010934055e-06  1.955887898010934055e-06
