-1.520408163327193307e+00  1.222620581437911800e-09  1.222620581437911800e-09
-1.420408163327193218e+00  6.073620079328849129e-09  6.073620079328849129e-09
-1.320408163327193130e+00  2.834279983955041689e-08  2.834279983955041689e-08
-1.220408163327193485e+00  1.240727657714583349e-07  1.240727657714583349e-07
-1.120408163327193396e+00  5.091167872697851159e-07  5.091167872697851159e-07
-1.020408163327193307e+00  1.957398653818755787e-06  1.957398653818755787e-06
-9.204081633271932184e-01  7.049447646619597872e-06  7.049447646619597872e-06
-8.204081633271931295e-01  2.377837051620680504e-05  2.377837051620680504e-05
-7.204081633271932628e-01  7.511431498103097613e-05  7.511431498103097613e-05
-6.204081633271933960e-01  2.222050855694617856e-04  2.222050855694617856e-04
-5.204081633271933072e-01  6.155476219153063972e-04  6.155476219153063972e-04
-4.204081633271932184e-01  1.596749125656684231e-03  1.596749125656684231e-03
-3.204081633271931295e-01  3.878585314225183132e-03  3.878585314225183132e-03
-2.204081633271932628e-01  8.822019609932750528e-03  8.822019609932750528e-03
-1.204081633271931739e-01  1.878964133731847105e-02  1.878964133731847105e-02
-2.040816332719330717e-02  3.747344106892336324e-02  3.747344106892336324e-02
7.959183667280678165e-02  6.998144371599034075e-02  6.998144371599034075e-02
1.795918366728068705e-01  1.223761634697973638e-01  1.223761634697973638e-01
2.795918366728067372e-01  2.003856285777980417e-01  2.003856285777980417e-01
3.795918366728068261e-01  3.072517159426734756e-01  3.072517159426734756e-01
4.795918366728066928e-01  4.411473708967234009e-01  4.411473708967234009e-01
5.795918366728067816e-01  5.931170919369140870e-01  5.931170919369140870e-01
6.795918366728068705e-01  7.467471322793025612e-01  7.467471322793025612e-01
7.795918366728069593e-01  8.804351038078199743e-01  8.804351038078199743e-01
8.795918366728070481e-01  9.721533051803324943e-01  9.721533051803324943e-01
9.795918366728066928e-01  1.005364070163493828e+00  1.005364070163493828e+00
1.079591836672806782e+00  9.739258653362375950e-01  9.739258653362375950e-01
1.179591836672806870e+00  8.839940735056098786e-01  8.839940735056098786e-01
1.279591836672806959e+00  7.521077212665661094e-01  7.521077212665661094e-01
1.379591836672807048e+00  6.002737156185223855e-01  6.002737156185223855e-01
1.479591836672806693e+00  4.500469417723338972e-01  4.500469417723338972e-01
1.579591836672806782e+00  3.177687798203706615e-01  3.177687798203706615e-01
1.679591836672806870e+00  2.123057124759023251e-01  2.123057124759023251e-01
1.779591836672806959e+00  1.353922745544322848e-01  1.353922745544322848e-01
1.879591836672807048e+00  8.370606328365255699e-02  8.370606328365255699e-02
1.979591836672806693e+00  5.146512640892225710e-02  5.146512640892225710e-02
2.079591836672806782e+00  3.259021927299646931e-02  3.259021927299646931e-02
2.179591836672806870e+00  2.199808759125207805e-02  2.199808759125207805e-02
2.279591836672806959e+00  1.606018974219466933e-02  1.606018974219466933e-02
2.379591836672807048e+00  1.250687328223215253e-02  1.250687328223215253e-02
2.479591836672806693e+00  1.008616572546018608e-02  1.008616572546018608e-02
2.579591836672807226e+00  8.195543407725627144e-03  8.195543407725627144e-03
2.679591836672806870e+00  6.591644355726586878e-03  6.591644355726586878e-03
2.779591836672806515e+00  5.200665596329117311e-03  5.200665596329117311e-03
2.879591836672807048e+00  4.011874476775094574e-03  4.011874476775094574e-03
2.979591836672806693e+00  3.026444875519312093e-03  3.026444875519312093e-03
3.079591836672807226e+00  2.237985543724557626e-03  2.237985543724557626e-03
3.179591836672806870e+00  1.628908099670364719e-03  1.628908099670364719e-03
3.279591836672807403e+00  1.173392035272001997e-03  1.173392035272001997e-03
3.379591836672807048e+00  8.420873472577984067e-04  8.420873472577984067e-04
3.479591836672806693e+00  6.062791064826806783e-04  6.062791064826806783e-04
3.579591836672807226e+00  4.406784663660455654e-04  4.406784663660455654e-04
3.679591836672806870e+00  3.247715824807087515e-04  3.247715824807087515e-04
3.779591836672807403e+00  2.430222097917351096e-04  2.430222097917351096e-04
3.879591836672807048e+00  1.843404803684971097e-04  1.843404803684971097e-04
3.979591836672806693e+00  1.412020961008006784e-04  1.412020961008006784e-04
4.079591836672807226e+00  1.087044246082249585e-04  1.087044246082249585e-04
4.179591836672806870e+00  8.373237225174957085e-05  8.373237225174957085e-05
4.279591836672807403e+00  6.430961883555019688e-05  6.430961883555019688e-05
4.379591836672807048e+00  4.914337532358605345e-05  4.914337532358605345e-05
4.479591836672806693e+00  3.733361608722904693e-05  3.733361608722904693e-05
4.579591836672807226e+00  2.820405401437563723e-05  2.820405401437563723e-05
4.679591836672806870e+00  2.121326684418267731e-05  2.121326684418267731e-05
4.779591836672807403e+00  1.591270193925249424e-05  1.591270193925249424e-05
4.879591836672807048e+00  1.192845874729601660e-05  1.192845874729601660e-05
4.979591836672806693e+00  8.952798405319916828e-06  8.952798405319916828e-06
5.079591836672807226e+00  6.738073528278652264e-06  6.738073528278652264e-06
5.179591836672806870e+00  5.090124866700709670e-06  5.090124866700709670e-06
5.279591836672807403e+00  3.860601159309618080e-06  3.860601159309618080e-06
5.379591836672807048e+00  2.938720207764331671e-06  2.938720207764331671e-06
5.479591836672806693e+00  2.243245180377101145e-06  2.243245180377101145e-06
5.579591836672807226e+00  1.715308184204577464e-06  1.715308184204577464e-06
5.679591836672806870e+00  1.312437694990286618e-06  1.312437694990286618e-06
5.779591836672807403e+00  1.003883373444473094e-06  1.003883373444473094e-06
5.879591836672807048e+00  7.671432048451418946e-07  7.671432048451418946e-07
5.979591836672806693e+00  5.854946821234584673e-07  5.854946821234584673e-07
6.079591836672807226e+00  4.462989883338693134e-07  4.462989883338693134e-07
6.179591836672806870e+00  3.398611515059779040e-07  3.398611515059779040e-07
6.279591836672807403e+00  2.586673650641035030e-07  2.586673650641035030e-07
6.379591836672807048e+00  1.968660414331317010e-07  1.968660414331317010e-07
6.479591836672806693e+00  1.499011183097131151e-07  1.499011183097131151e-07
6.579591836672806338e+00  1.142396249111365547e-07  1.142396249111365547e-07
6.679591836672807759e+00  8.715938383216415022e-08  8.715938383216415022e-08
6.779591836672807403e+00  6.657805776025489559e-08  6.657805776025489559e-08
6.879591836672807048e+00  5.091358115230462758e-08  5.091358115230462758e-08
6.979591836672806693e+00  3.897047868999027048e-08  3.897047868999027048e-08
7.079591836672806338e+00  2.984845372010185641e-08  2.984845372010185641e-08
7.179591836672807759e+00  2.287021866479580612e-08  2.287021866479580612e-08
7.279591836672807403e+00  1.752564167289356347e-08  1.752564167289356347e-08
7.379591836672807048e+00  1.342932662002732863e-08  1.342932662002732863e-08
7.479591836672806693e+00  1.028889786750207805e-08  1.028889786750207805e-08
7.579591836672806338e+00  7.881550323432914645e-09  7.881550323432914645e-09
7.679591836672807759e+00  6.036805262047958101e-09  6.036805262047958101e-09
7.779591836672807403e+00  4.623822121824615465e-09  4.623822121824615465e-09
7.879591836672807048e+00  3.542004664338257546e-09  3.542004664338257546e-09
7.979591836672806693e+00  2.713974039132639598e-09  2.713974039132639598e-09
8.079591836672808114e+00  2.080247925034820052e-09  2.080247925034820052e-09
8.179591836672807759e+00  1.595164620685557784e-09  1.595164620685557784e-09
8.279591836672807403e+00  1.223732766895821537e-09  1.223732766895821537e-09
8.379591836672807048e+00  9.391838091761792627e-10  9.391838091761792627e-10
8.479591836672806693e+00  7.210679083821975404e-10  7.210679083821975404e-10
8.579591836672808114e+00  5.537754764842863042e-10  5.537754764842863042e-10
8.679591836672807759e+00  4.253939649038672909e-10  4.253939649038672909e-10
8.779591836672807403e+00  3.268285439335236658e-10  3.268285439335236658e-10
8.879591836672807048e+00  2.511293798411785504e-10  2.511293798411785504e-10
8.979591836672806693e+00  1.929793305015098632e-10  1.929793305015098632e-10
9.079591836672808114e+00  1.483050592881110144e-10  1.483050592881110144e-10
9.179591836672807759e+00  1.139822786000687663e-10  1.139822786000687663e-10
9.279591836672807403e+00  8.761228347660912715e-11  8.761228347660912715e-11
9.379591836672807048e+00  6.735223384729638669e-11  6.735223384729638669e-11
9.479591836672806693e+00  5.178589347288130446e-11  5.178589347288130446e-11
9.579591836672808114e+00  3.982485658814527727e-11  3.982485658814527727e-11
9.679591836672807759e+00  3.063283058801414726e-11  3.063283058801414726e-11
9.779591836672807403e+00  2.356744212724875028e-11  2.356744212724875028e-11
9.879591836672807048e+00  1.813543475169310413e-11  1.813543475169310413e-11
9.979591836672806693e+00  1.395815137942971802e-11  1.395815137942971802e-11
1.007959183667280811e+01  1.074494509747185470e-11  1.074494509747185470e-11
1.017959183667280776e+01  8.272714488147693287e-12  8.272714488147693287e-12
1.027959183667280740e+01  6.370172184209828689e-12  6.370172184209828689e-12
1.037959183667280705e+01  4.905767966218910373e-12  4.905767966218910373e-12
1.047959183667280669e+01  3.778428206322112601e-12  3.778428206322112601e-12
