-1.611110808107027559e+00  2.364617097870547782e-134  2.364617097870547782e-134
-1.511110808107027914e+00  3.095805056846932431e-125  3.095805056846932431e-125
-1.411110808107027825e+00  4.859617899652794324e-115  4.859617899652794324e-115
-1.311110808107027736e+00  2.872208877186541347e-105  2.872208877186541347e-105
-1.211110808107028092e+00  6.245214480773838609e-96  6.245214480773838609e-96
-1.111110808107027559e+00  4.995560661131080928e-87  4.995560661131080928e-87
-1.011110808107027914e+00  1.470031476762458821e-78  1.470031476762458821e-78
-9.111108081070278253e-01  1.591382395093769461e-70  1.591382395093769461e-70
-8.111108081070277365e-01  6.337646077870782432e-63  6.337646077870782432e-63
-7.111108081070276477e-01  9.285107452688723861e-56  9.285107452688723861e-56
-6.111108081070277809e-01  5.004392948988188367e-49  5.004392948988188367e-49
-5.111108081070276921e-01  9.922506477988421135e-43  9.922506477988421135e-43
-4.111108081070276032e-01  7.237638654964716731e-37  7.237638654964716731e-37
-3.111108081070277365e-01  1.942128317491768853e-31  1.942128317491768853e-31
-2.111108081070276477e-01  1.917186942630323570e-26  1.917186942630323570e-26
-1.111108081070277809e-01  6.962360754212125423e-22  6.962360754212125423e-22
-1.111080810702769206e-02  9.301523776583327258e-18  9.301523776583327258e-18
8.888919189297239676e-02  4.571483922445358493e-14  4.571483922445358493e-14
1.888891918929722635e-01  8.265436828785062800e-11  8.265436828785062800e-11
2.888891918929723523e-01  5.497686150123147712e-08  5.497686150123147712e-08
3.888891918929722191e-01  1.345239447055859006e-05  1.345239447055859006e-05
4.888891918929723079e-01  1.210945959362690581e-03  1.210945959362690581e-03
5.888891918929723968e-01  4.010102274184779159e-02  4.010102274184779159e-02
6.888891918929724856e-01  4.885304673705930800e-01  4.885304673705930800e-01
7.888891918929725744e-01  2.189441656141946080e+00  2.189441656141946080e+00
8.888891918929722191e-01  3.609779029441309017e+00  3.609779029441309017e+00
9.888891918929723079e-01  2.189441656512662426e+00  2.189441656512662426e+00
1.088889191892972397e+00  4.885304933616768097e-01  4.885304933616768097e-01
1.188889191892972486e+00  4.010212791103516528e-02  4.010212791103516528e-02
1.288889191892972574e+00  1.239448648384861625e-03  1.239448648384861625e-03
1.388889191892972219e+00  4.593094665542025827e-04  4.593094665542025827e-04
1.488889191892972308e+00  4.230229097563534789e-03  4.230229097563534789e-03
1.588889191892972397e+00  2.434297139763050288e-02  2.434297139763050288e-02
1.688889191892972486e+00  8.496531849388218316e-02  8.496531849388218316e-02
1.788889191892972574e+00  1.798715807055633054e-01  1.798715807055633054e-01
1.888889191892972219e+00  2.309596827872089919e-01  2.309596827872089919e-01
1.988889191892972308e+00  1.798716157503800206e-01  1.798716157503800206e-01
2.088889191892972619e+00  8.496591508549342087e-02  8.496591508549342087e-02
2.188889191892972264e+00  2.435023930099437101e-02  2.435023930099437101e-02
2.288889191892972796e+00  4.293617376412850115e-03  4.293617376412850115e-03
2.388889191892972441e+00  8.426756639751959831e-04  8.426756639751959831e-04
2.488889191892972974e+00  1.806920235281409427e-03  1.806920235281409427e-03
2.588889191892972619e+00  5.712085051041307024e-03  5.712085051041307024e-03
2.688889191892972264e+00  1.314085306142048770e-02  1.314085306142048770e-02
2.788889191892972796e+00  2.166556234921836535e-02  2.166556234921836535e-02
2.888889191892972441e+00  2.559484939764263695e-02  2.559484939764263695e-02
2.988889191892972974e+00  2.166570387222835695e-02  2.166570387222835695e-02
3.088889191892972619e+00  1.314202313713658428e-02  1.314202313713658428e-02
3.188889191892973152e+00  5.718779568858463162e-03  5.718779568858463162e-03
3.288889191892972796e+00  1.818027637268694466e-03  1.818027637268694466e-03
3.388889191892972441e+00  5.534795412350725519e-04  5.534795412350725519e-04
3.488889191892972974e+00  5.459929528923872016e-04  5.459929528923872016e-04
3.588889191892972619e+00  1.164844554342804464e-03  1.164844554342804464e-03
3.688889191892973152e+00  2.163234602758815940e-03  2.163234602758815940e-03
3.788889191892972796e+00  3.146657503444565303e-03  3.146657503444565303e-03
3.888889191892972441e+00  3.565613836726197906e-03  3.565613836726197906e-03
3.988889191892972974e+00  3.146790402113275840e-03  3.146790402113275840e-03
4.088889191892972619e+00  2.163574162727342591e-03  2.163574162727342591e-03
4.188889191892973152e+00  1.161773490969072098e-03  1.161773490969072098e-03
4.288889191892972796e+00  4.979495443830058224e-04  4.979495443830058224e-04
4.388889191892972441e+00  2.029246527300560649e-04  2.029246527300560649e-04
4.488889191892972974e+00  1.534004461750886441e-04  1.534004461750886441e-04
4.588889191892972619e+00  2.369453832116531268e-04  2.369453832116531268e-04
4.688889191892973152e+00  3.789939719637496060e-04  3.789939719637496060e-04
4.788889191892972796e+00  5.101198443492779540e-04  5.101198443492779540e-04
4.888889191892972441e+00  5.636437713775840517e-04  5.636437713775840517e-04
4.988889191892972974e+00  5.100869483883885280e-04  5.100869483883885280e-04
5.088889191892972619e+00  3.782633746518822651e-04  3.782633746518822651e-04
5.188889191892973152e+00  2.307723407483295284e-04  2.307723407483295284e-04
5.288889191892972796e+00  1.185965057779165248e-04  1.185965057779165248e-04
5.388889191892972441e+00  5.828361795321715199e-05  5.828361795321715199e-05
5.488889191892972974e+00  4.084602014485944212e-05  4.084602014485944212e-05
5.588889191892972619e+00  4.979660773221157604e-05  4.979660773221157604e-05
5.688889191892973152e+00  7.010688754041934198e-05  7.010688754041934198e-05
5.788889191892972796e+00  8.898997375709080074e-05  8.898997375709080074e-05
5.888889191892972441e+00  9.657367240956080969e-05  9.657367240956080969e-05
5.988889191892972974e+00  8.887262685971935065e-05  8.887262685971935065e-05
6.088889191892972619e+00  6.935092626574569587e-05  6.935092626574569587e-05
6.188889191892973152e+00  4.612740038738885303e-05  4.612740038738885303e-05
6.288889191892972796e+00  2.678200169084854360e-05  2.678200169084854360e-05
6.388889191892972441e+00  1.495071984266459607e-05  1.495071984266459607e-05
6.488889191892972086e+00  1.038029072757605555e-05  1.038029072757605555e-05
6.588889191892973507e+00  1.081696851083193062e-05  1.081696851083193062e-05
6.688889191892973152e+00  1.360142095255351793e-05  1.360142095255351793e-05
6.788889191892972796e+00  1.638864028147324662e-05  1.638864028147324662e-05
6.888889191892972441e+00  1.750840763620825841e-05  1.750840763620825841e-05
6.988889191892972086e+00  1.629879500990974019e-05  1.629879500990974019e-05
7.088889191892973507e+00  1.319592019290060156e-05  1.319592019290060156e-05
7.188889191892973152e+00  9.344413097707275290e-06  9.344413097707275290e-06
7.288889191892972796e+00  5.921562146025360897e-06  5.921562146025360897e-06
7.388889191892972441e+00  3.621768255364642954e-06  3.621768255364642954e-06
7.488889191892972086e+00  2.548529786273523121e-06  2.548529786273523121e-06
7.588889191892973507e+00  2.406096526800211960e-06  2.406096526800211960e-06
7.688889191892973152e+00  2.748234617573494991e-06  2.748234617573494991e-06
7.788889191892972796e+00  3.151125504023990908e-06  3.151125504023990908e-06
7.888889191892972441e+00  3.312688452930600049e-06  3.312688452930600049e-06
7.988889191892973862e+00  3.106881660947752177e-06  3.106881660947752177e-06
8.088889191892974395e+00  2.586149856947038859e-06  2.586149856947038859e-06
8.188889191892972264e+00  1.920483240482020883e-06  1.920483240482020883e-06
8.288889191892973685e+00  1.299488219531415285e-06  1.299488219531415285e-06
8.388889191892971553e+00  8.508889735617129676e-07  8.508889735617129676e-07
8.488889191892972974e+00  6.111148101415374078e-07  6.111148101415374078e-07
8.588889191892974395e+00  5.432052514360756792e-07  5.432052514360756792e-07
8.688889191892972264e+00  5.740307127605148325e-07  5.740307127605148325e-07
8.788889191892973685e+00  6.278658798807213037e-07  6.278658798807213037e-07
8.888889191892971553e+00  6.485837304753094474e-07  6.485837304753094474e-07
8.988889191892972974e+00  6.106400506131758756e-07  6.106400506131758756e-07
9.088889191892972619e+00  5.191797858823466857e-07  5.191797858823466857e-07
9.188889191892972264e+00  4.001253780681883618e-07  4.001253780681883618e-07
9.288889191892971908e+00  2.848271962907940701e-07  2.848271962907940701e-07
9.388889191892971553e+00  1.965701071245470466e-07  1.965701071245470466e-07
9.488889191892972974e+00  1.442691081290741373e-07  1.442691081290741373e-07
9.588889191892972619e+00  1.237168535931310277e-07  1.237168535931310277e-07
9.688889191892972264e+00  1.230694326016166722e-07  1.230694326016166722e-07
9.788889191892971908e+00  1.288883786640214772e-07  1.288883786640214772e-07
9.888889191892971553e+00  1.306503237584941044e-07  1.306503237584941044e-07
9.988889191892972974e+00  1.230843498963778452e-07  1.230843498963778452e-07
1.008888919189297262e+01  1.063450802745143812e-07  1.063450802745143812e-07
1.018888919189297226e+01  8.440817337588850194e-08  8.440817337588850194e-08
1.028888919189297191e+01  6.254409691740104140e-08  6.254409691740104140e-08
1.038888919189297155e+01  4.499640693433839843e-08  4.499640693433839843e-08
