-1.649421775720417926e+00  4.226277989196421021e-69  4.226277989196421021e-69
-1.549421775720417394e+00  4.019542220265809392e-64  4.019542220265809392e-64
-1.449421775720417749e+00  6.185834317203795986e-59  6.185834317203795986e-59
-1.349421775720417660e+00  5.974171304910176209e-54  5.974171304910176209e-54
-1.249421775720417571e+00  3.468933765217201106e-49  3.468933765217201106e-49
-1.149421775720417926e+00  1.209373336163153572e-44  1.209373336163153572e-44
-1.049421775720417394e+00  2.531321070947594185e-40  2.531321070947594185e-40
-9.494217757204177488e-01  3.180939040088092679e-36  3.180939040088092679e-36
-8.494217757204176600e-01  2.399853043029050555e-32  2.399853043029050555e-32
-7.494217757204175712e-01  1.087013989724786560e-28  1.087013989724786560e-28
-6.494217757204177044e-01  2.956016143576556498e-25  2.956016143576556498e-25
-5.494217757204176156e-01  4.826137069224020451e-22  4.826137069224020451e-22
-4.494217757204175268e-01  4.730572315401698519e-19  4.730572315401698519e-19
-3.494217757204176600e-01  2.783869686935420898e-16  2.783869686935420898e-16
-2.494217757204175712e-01  9.835700615956754594e-14  9.835700615956754594e-14
-1.494217757204177044e-01  2.086329421871401589e-11  2.086329421871401589e-11
-4.942177572041761557e-02  2.656939387122213937e-09  2.656939387122213937e-09
5.057822427958247324e-02  2.031428747274991556e-07  2.031428747274991556e-07
1.505782242795823400e-01  9.324868663938534324e-06  9.324868663938534324e-06
2.505782242795824288e-01  2.569833795390984621e-04  2.569833795390984621e-04
3.505782242795822956e-01  4.251953743928889133e-03  4.251953743928889133e-03
4.505782242795823844e-01  4.223701414969242840e-02  4.223701414969242840e-02
5.505782242795824732e-01  2.518947232020350979e-01  2.518947232020350979e-01
6.505782242795825621e-01  9.019160468155448251e-01  9.019160468155448251e-01
7.505782242795826509e-01  1.938805967667700303e+00  1.938805967667700303e+00
8.505782242795822956e-01  2.502210537647366007e+00  2.502210537647366007e+00
9.505782242795823844e-01  1.938812509091885072e+00  1.938812509091885072e+00
1.050578224279582473e+00  9.019735930174797023e-01  9.019735930174797023e-01
1.150578224279582562e+00  2.522846231796693206e-01  2.522846231796693206e-01
1.250578224279582651e+00  4.428385683447347981e-02  4.428385683447347981e-02
1.350578224279582296e+00  1.257775842658648800e-02  1.257775842658648800e-02
1.450578224279582384e+00  2.649787437152033992e-02  2.649787437152033992e-02
1.550578224279582473e+00  6.409214123429579635e-02  6.409214123429579635e-02
1.650578224279582562e+00  1.212596236507947067e-01  1.212596236507947067e-01
1.750578224279582651e+00  1.777875997896922744e-01  1.777875997896922744e-01
1.850578224279582296e+00  2.019789598609944559e-01  2.019789598609944559e-01
1.950578224279582384e+00  1.778154448551302336e-01  1.778154448551302336e-01
2.050578224279582251e+00  1.213815539206635347e-01  1.213815539206635347e-01
2.150578224279582784e+00  6.452058853499478830e-02  6.452058853499478830e-02
2.250578224279582429e+00  2.756325558184802987e-02  2.756325558184802987e-02
2.350578224279582074e+00  1.169541596451159973e-02  1.169541596451159973e-02
2.450578224279582606e+00  9.290347961113354716e-03  9.290347961113354716e-03
2.550578224279582251e+00  1.352579644262023352e-02  1.352579644262023352e-02
2.650578224279581896e+00  2.015385834436075885e-02  2.015385834436075885e-02
2.750578224279582429e+00  2.594429660460461501e-02  2.594429660460461501e-02
2.850578224279582074e+00  2.824640403136704364e-02  2.824640403136704364e-02
2.950578224279582606e+00  2.596387452616260444e-02  2.596387452616260444e-02
3.050578224279582251e+00  2.017957226384598651e-02  2.017957226384598651e-02
3.150578224279582784e+00  1.335383902931863188e-02  1.335383902931863188e-02
3.250578224279582429e+00  7.743078066071605245e-03  7.743078066071605245e-03
3.350578224279582074e+00  4.377208836549862855e-03  4.377208836549862855e-03
3.450578224279582606e+00  3.111203631874039956e-03  3.111203631874039956e-03
3.550578224279582251e+00  3.233350793406308387e-03  3.233350793406308387e-03
3.650578224279582784e+00  3.968189895602609873e-03  3.968189895602609873e-03
3.750578224279582429e+00  4.686949238740532701e-03  4.686949238740532701e-03
3.850578224279582074e+00  4.974443442148013782e-03  4.974443442148013782e-03
3.950578224279582606e+00  4.672913265475094058e-03  4.672913265475094058e-03
4.050578224279582251e+00  3.883208517880610763e-03  3.883208517880610763e-03
4.150578224279582784e+00  2.876636206510315482e-03  2.876636206510315482e-03
4.250578224279582429e+00  1.946484857406243938e-03  1.946484857406243938e-03
4.350578224279582074e+00  1.284000574253626407e-03  1.284000574253626407e-03
4.450578224279582606e+00  9.371140179428784790e-04  9.371140179428784790e-04
4.550578224279582251e+00  8.434622095176444543e-04  8.434622095176444543e-04
4.650578224279582784e+00  8.911880510739589789e-04  8.911880510739589789e-04
4.750578224279582429e+00  9.699917935358084780e-04  9.699917935358084780e-04
4.850578224279582074e+00  1.001119432738888960e-03  1.001119432738888960e-03
4.950578224279582606e+00  9.494559176879150070e-04  9.494559176879150070e-04
5.050578224279582251e+00  8.215309827234505789e-04  8.215309827234505789e-04
5.150578224279582784e+00  6.519860153818052197e-04  6.519860153818052197e-04
5.250578224279582429e+00  4.837727956213385490e-04  4.837727956213385490e-04
5.350578224279582074e+00  3.502828131916720317e-04  3.502828131916720317e-04
5.450578224279582606e+00  2.660329170071551908e-04  2.660329170071551908e-04
5.550578224279582251e+00  2.271902874895126087e-04  2.271902874895126087e-04
5.650578224279582784e+00  2.184470417692133094e-04  2.184470417692133094e-04
5.750578224279582429e+00  2.214107342489949476e-04  2.214107342489949476e-04
5.850578224279582074e+00  2.211422433959082370e-04  2.211422433959082370e-04
5.950578224279582606e+00  2.095569876873247875e-04  2.095569876873247875e-04
6.050578224279582251e+00  1.857801652504727837e-04  1.857801652504727837e-04
6.150578224279582784e+00  1.542221774825799311e-04  1.542221774825799311e-04
6.250578224279582429e+00  1.215101393320488897e-04  1.215101393320488897e-04
6.350578224279582074e+00  9.353137816291906602e-05  9.353137816291906602e-05
6.450578224279581718e+00  7.356634593540641249e-05  7.356634593540641249e-05
6.550578224279583139e+00  6.186852891723415928e-05  6.186852891723415928e-05
6.650578224279582784e+00  5.641104414911861842e-05  5.641104414911861842e-05
6.750578224279582429e+00  5.417501385374927250e-05  5.417501385374927250e-05
6.850578224279582074e+00  5.237181994858035701e-05  5.237181994858035701e-05
6.950578224279581718e+00  4.922457761212379571e-05  4.922457761212379571e-05
7.050578224279583139e+00  4.420083305832282864e-05  4.420083305832282864e-05
7.150578224279582784e+00  3.778729837836125333e-05  3.778729837836125333e-05
7.250578224279582429e+00  3.100618571142514792e-05  3.100618571142514792e-05
7.350578224279582074e+00  2.489776231061342608e-05  2.489776231061342608e-05
7.450578224279581718e+00  2.014694834901031698e-05  2.014694834901031698e-05
7.550578224279583139e+00  1.693790958137626981e-05  1.693790958137626981e-05
7.650578224279582784e+00  1.502014173122369320e-05  1.502014173122369320e-05
7.750578224279582429e+00  1.390161860904349437e-05  1.390161860904349437e-05
7.850578224279582074e+00  1.306654784015306570e-05  1.306654784015306570e-05
7.950578224279583495e+00  1.213854847814753938e-05  1.213854847814753938e-05
8.050578224279583139e+00  1.095235680747811121e-05  1.095235680747811121e-05
8.150578224279582784e+00  9.537669015143729752e-06  9.537669015143729752e-06
8.250578224279582429e+00  8.045498621277940587e-06  8.045498621277940587e-06
8.350578224279582074e+00  6.657004306300699359e-06  6.657004306300699359e-06
8.450578224279583495e+00  5.509262435674161278e-06  5.509262435674161278e-06
8.550578224279583139e+00  4.657450638007627284e-06  4.657450638007627284e-06
8.650578224279582784e+00  4.075506470574589197e-06  4.075506470574589197e-06
8.750578224279582429e+00  3.683958987225217371e-06  3.683958987225217371e-06
8.850578224279582074e+00  3.387834976007093286e-06  3.387834976007093286e-06
8.950578224279583495e+00  3.109184330443998931e-06  3.109184330443998931e-06
9.050578224279583139e+00  2.805072613740653775e-06  2.805072613740653775e-06
9.150578224279582784e+00  2.469313111738043136e-06  2.469313111738043136e-06
9.250578224279582429e+00  2.121992254990006426e-06  2.121992254990006426e-06
9.350578224279582074e+00  1.793638237998935994e-06  1.793638237998935994e-06
9.450578224279583495e+00  1.510684919552833657e-06  1.510684919552833657e-06
9.550578224279583139e+00  1.286595085500581177e-06  1.286595085500581177e-06
9.650578224279582784e+00  1.119932777314581114e-06  1.119932777314581114e-06
9.750578224279582429e+00  9.980292165002901756e-07  9.980292165002901756e-07
9.850578224279582074e+00  9.034294643424841652e-07  9.034294643424841652e-07
9.950578224279583495e+00  8.201931259358437640e-07  8.201931259358437640e-07
1.005057822427958314e+01  7.380080816389884761e-07  7.380080816389884761e-07
1.015057822427958278e+01  6.533785047796190949e-07  6.533785047796190949e-07
1.025057822427958243e+01  5.683176996269994771e-07  5.683176996269994771e-07
1.035057822427958207e+01  4.876702770961499632e-07  4.876702770961499632e-07
