-1.662783137517296339e+00  6.896946087796795041e-38  6.896946087796795041e-38
-1.562783137517296694e+00  4.380127200440896172e-35  4.380127200440896172e-35
-1.462783137517296606e+00  2.789393754956000139e-32  2.789393754956000139e-32
-1.362783137517296517e+00  1.408504238510300926e-29  1.408504238510300926e-29
-1.262783137517296872e+00  5.428266326161915384e-27  5.428266326161915384e-27
-1.162783137517296339e+00  1.587653952869086619e-24  1.587653952869086619e-24
-1.062783137517296694e+00  3.520797079584811831e-22  3.520797079584811831e-22
-9.627831375172966055e-01  5.918927479719396574e-20  5.918927479719396574e-20
-8.627831375172965167e-01  7.543045329219327728e-18  7.543045329219327728e-18
-7.627831375172964279e-01  7.286996476156862077e-16  7.286996476156862077e-16
-6.627831375172965611e-01  5.336390787081395713e-14  5.336390787081395713e-14
-5.627831375172964723e-01  2.962399662837095674e-12  2.962399662837095674e-12
-4.627831375172963835e-01  1.246627047897687289e-10  1.246627047897687289e-10
-3.627831375172965167e-01  3.976731625284686490e-09  3.976731625284686490e-09
-2.627831375172964279e-01  9.616407330490139444e-08  9.616407330490139444e-08
-1.627831375172965611e-01  1.762772409293565372e-06  1.762772409293565372e-06
-6.278313751729647230e-02  2.449494465270820559e-05  2.449494465270820559e-05
3.721686248270361652e-02  2.580200804875815786e-04  2.580200804875815786e-04
1.372168624827034833e-01  2.060285378568366133e-03  2.060285378568366133e-03
2.372168624827035721e-01  1.247090859866403778e-02  1.247090859866403778e-02
3.372168624827034389e-01  5.722234928775307705e-02  5.722234928775307705e-02
4.372168624827035277e-01  1.990353557647174532e-01  1.990353557647174532e-01
5.372168624827036165e-01  5.247977919914011968e-01  5.247977919914011968e-01
6.372168624827037053e-01  1.048943055647701739e+00  1.048943055647701739e+00
7.372168624827037942e-01  1.589327873904697874e+00  1.589327873904697874e+00
8.372168624827034389e-01  1.825542573271675018e+00  1.825542573271675018e+00
9.372168624827035277e-01  1.589867294268304310e+00  1.589867294268304310e+00
1.037216862482703617e+00  1.050803469478300833e+00  1.050803469478300833e+00
1.137216862482703705e+00  5.300743332272630504e-01  5.300743332272630504e-01
1.237216862482703794e+00  2.120202224758591936e-01  2.120202224758591936e-01
1.337216862482703439e+00  8.503760221400515074e-02  8.503760221400515074e-02
1.437216862482703528e+00  6.434820537191941747e-02  6.434820537191941747e-02
1.537216862482703617e+00  8.630336576711405971e-02  8.630336576711405971e-02
1.637216862482703705e+00  1.193752438811008093e-01  1.193752438811008093e-01
1.737216862482703794e+00  1.466978629603781226e-01  1.466978629603781226e-01
1.837216862482703439e+00  1.573299273786859520e-01  1.573299273786859520e-01
1.937216862482703528e+00  1.471421696332329276e-01  1.471421696332329276e-01
2.037216862482703839e+00  1.203067767108452618e-01  1.203067767108452618e-01
2.137216862482703483e+00  8.667187403787880717e-02  8.667187403787880717e-02
2.237216862482704016e+00  5.631861932022666495e-02  5.631861932022666495e-02
2.337216862482703661e+00  3.520011011887452107e-02  3.520011011887452107e-02
2.437216862482704194e+00  2.417729461171833419e-02  2.417729461171833419e-02
2.537216862482703839e+00  2.074597570419557321e-02  2.074597570419557321e-02
2.637216862482703483e+00  2.136643775612639268e-02  2.136643775612639268e-02
2.737216862482704016e+00  2.300284416047238684e-02  2.300284416047238684e-02
2.837216862482703661e+00  2.370939449094354098e-02  2.370939449094354098e-02
2.937216862482704194e+00  2.266256890032489202e-02  2.266256890032489202e-02
3.037216862482703839e+00  1.995463268936214021e-02  1.995463268936214021e-02
3.137216862482704371e+00  1.626146721043822407e-02  1.626146721043822407e-02
3.237216862482704016e+00  1.244999027466491166e-02  1.244999027466491166e-02
3.337216862482703661e+00  9.232001722825270221e-03  9.232001722825270221e-03
3.437216862482704194e+00  6.969099183506245222e-03  6.969099183506245222e-03
3.537216862482703839e+00  5.659980652988624329e-03  5.659980652988624329e-03
3.637216862482704371e+00  5.057652187577859650e-03  5.057652187577859650e-03
3.737216862482704016e+00  4.827895998126306015e-03  4.827895998126306015e-03
3.837216862482703661e+00  4.678023282130412686e-03  4.678023282130412686e-03
3.937216862482704194e+00  4.425526048378521614e-03  4.425526048378521614e-03
4.037216862482703839e+00  4.009467524589336446e-03  4.009467524589336446e-03
4.137216862482704371e+00  3.463110593573862951e-03  3.463110593573862951e-03
4.237216862482704016e+00  2.869067234884627692e-03  2.869067234884627692e-03
4.337216862482703661e+00  2.315106112823575070e-03  2.315106112823575070e-03
4.437216862482704194e+00  1.863020294061648683e-03  1.863020294061648683e-03
4.537216862482703839e+00  1.535799098041865877e-03  1.535799098041865877e-03
4.637216862482704371e+00  1.321345705819261356e-03  1.321345705819261356e-03
4.737216862482704016e+00  1.186254809921921281e-03  1.186254809921921281e-03
4.837216862482703661e+00  1.091935674843024819e-03  1.091935674843024819e-03
4.937216862482704194e+00  1.007154897230393836e-03  1.007154897230393836e-03
5.037216862482703839e+00  9.142559694659374266e-04  9.142559694659374266e-04
5.137216862482704371e+00  8.092604463426142499e-04  8.092604463426142499e-04
5.237216862482704016e+00  6.978668731059728316e-04  6.978668731059728316e-04
5.337216862482703661e+00  5.899110249591686672e-04  5.899110249591686672e-04
5.437216862482704194e+00  4.944540404058374956e-04  4.944540404058374956e-04
5.537216862482703839e+00  4.167728232799789529e-04  4.167728232799789529e-04
5.637216862482704371e+00  3.575494984817911381e-04  3.575494984817911381e-04
5.737216862482704016e+00  3.137958081445825715e-04  3.137958081445825715e-04
5.837216862482703661e+00  2.806632986290307982e-04  2.806632986290307982e-04
5.937216862482704194e+00  2.532870570592573190e-04  2.532870570592573190e-04
6.037216862482703839e+00  2.280746305369349327e-04  2.280746305369349327e-04
6.137216862482704371e+00  2.032151821557779000e-04  2.032151821557779000e-04
6.237216862482704016e+00  1.784994303022541555e-04  1.784994303022541555e-04
6.337216862482703661e+00  1.547249707133944497e-04  1.547249707133944497e-04
6.437216862482703306e+00  1.330006827502085089e-04  1.330006827502085089e-04
6.537216862482704727e+00  1.141941520395920958e-04  1.141941520395920958e-04
6.637216862482704371e+00  9.864432220694341726e-05  9.864432220694341726e-05
6.737216862482704016e+00  8.614151811353420009e-05  8.614151811353420009e-05
6.837216862482703661e+00  7.609436802899588958e-05  7.609436802899588958e-05
6.937216862482703306e+00  6.777130149402130286e-05  6.777130149402130286e-05
7.037216862482704727e+00  6.051704034179892214e-05  6.051704034179892214e-05
7.137216862482704371e+00  5.388393156630732177e-05  5.388393156630732177e-05
7.237216862482704016e+00  4.766351085334894936e-05  4.766351085334894936e-05
7.337216862482703661e+00  4.183930210292994265e-05  4.183930210292994265e-05
7.437216862482703306e+00  3.649967007157077069e-05  3.649967007157077069e-05
7.537216862482704727e+00  3.174970235891708993e-05  3.174970235891708993e-05
7.637216862482704371e+00  2.764916532617751112e-05  2.764916532617751112e-05
7.737216862482704016e+00  2.418706703348465976e-05  2.418706703348465976e-05
7.837216862482703661e+00  2.128879738563553765e-05  2.128879738563553765e-05
7.937216862482705082e+00  1.884306711773741936e-05  1.884306711773741936e-05
8.037216862482704727e+00  1.673379995776141013e-05  1.673379995776141013e-05
8.137216862482704371e+00  1.486529071317845066e-05  1.486529071317845066e-05
8.237216862482704016e+00  1.317471796594245554e-05  1.317471796594245554e-05
8.337216862482703661e+00  1.163189241499265165e-05  1.163189241499265165e-05
8.437216862482705082e+00  1.023013616729959228e-05  1.023013616729959228e-05
8.537216862482704727e+00  8.973739706325426654e-06  8.973739706325426654e-06
8.637216862482704371e+00  7.866822263912133127e-06  7.866822263912133127e-06
8.737216862482704016e+00  6.906498755871759216e-06  6.906498755871759216e-06
8.837216862482703661e+00  6.081032995104453810e-06  6.081032995104453810e-06
8.937216862482705082e+00  5.371913698463609619e-06  5.371913698463609619e-06
9.037216862482704727e+00  4.757916229826805916e-06  4.757916229826805916e-06
9.137216862482704371e+00  4.219208861677448525e-06  4.219208861677448525e-06
9.237216862482704016e+00  3.740159056130964759e-06  3.740159056130964759e-06
9.337216862482703661e+00  3.310322089405321643e-06  3.310322089405321643e-06
9.437216862482705082e+00  2.923824327222901496e-06  2.923824327222901496e-06
9.537216862482704727e+00  2.577790849090824232e-06  2.577790849090824232e-06
9.637216862482704371e+00  2.270567223882492414e-06  2.270567223882492414e-06
9.737216862482704016e+00  2.000321500932727478e-06  2.000321500932727478e-06
9.837216862482703661e+00  1.764317233851481068e-06  1.764317233851481068e-06
9.937216862482705082e+00  1.558853701371938829e-06  1.558853701371938829e-06
1.003721686248270473e+01  1.379666535884638824e-06  1.379666535884638824e-06
1.013721686248270437e+01  1.222505323505772565e-06  1.222505323505772565e-06
1.023721686248270402e+01  1.083639247906542149e-06  1.083639247906542149e-06
1.033721686248270366e+01  9.601426295145296091e-07  9.601426295145296091e-07
