-1.559723455274604653e+00  0.000000000000000000e+00  0.000000000000000000e+00
-1.459723455274604564e+00  0.000000000000000000e+00  0.000000000000000000e+00
-1.359723455274604476e+00  0.000000000000000000e+00  0.000000000000000000e+00
-1.259723455274604831e+00  0.000000000000000000e+00  0.000000000000000000e+00
-1.159723455274604742e+00  0.000000000000000000e+00  0.000000000000000000e+00
-1.059723455274604653e+00  0.000000000000000000e+00  0.000000000000000000e+00
-9.597234552746045644e-01  0.000000000000000000e+00  0.000000000000000000e+00
-8.597234552746044756e-01  0.000000000000000000e+00  0.000000000000000000e+00
-7.597234552746046088e-01  0.000000000000000000e+00  0.000000000000000000e+00
-6.597234552746047420e-01  0.000000000000000000e+00  0.000000000000000000e+00
-5.597234552746046532e-01  0.000000000000000000e+00  0.000000000000000000e+00
-4.597234552746045644e-01  0.000000000000000000e+00  0.000000000000000000e+00
-3.597234552746044756e-01  0.000000000000000000e+00  0.000000000000000000e+00
-2.597234552746046088e-01  0.000000000000000000e+00  0.000000000000000000e+00
-1.597234552746045200e-01  1.415749684498403188e-291  1.415749684498403188e-291
-5.972345527460465320e-02  6.586823539704648076e-241  6.586823539704648076e-241
4.027654472539543562e-02  4.580061829630411945e-195  4.580061829630411945e-195
1.402765447253955244e-01  4.759621411318709168e-154  4.759621411318709168e-154
2.402765447253953912e-01  7.392294065900722231e-118  7.392294065900722231e-118
3.402765447253954800e-01  1.715899377632690014e-86  1.715899377632690014e-86
4.402765447253953468e-01  5.952647358879877261e-60  5.952647358879877261e-60
5.402765447253954356e-01  3.086272367131504698e-38  3.086272367131504698e-38
6.402765447253955244e-01  2.391465402066090510e-21  2.391465402066090510e-21
7.402765447253956133e-01  2.769489421495468534e-09  2.769489421495468534e-09
8.402765447253957021e-01  4.793371349042110235e-02  4.793371349042110235e-02
9.402765447253953468e-01  1.239904389151605990e+01  1.239904389151605990e+01
1.040276544725395436e+00  4.793371349041876395e-02  4.793371349041876395e-02
1.140276544725395524e+00  2.769489421495203009e-09  2.769489421495203009e-09
1.240276544725395613e+00  2.391465402065733536e-21  2.391465402065733536e-21
1.340276544725395702e+00  3.086274495869982956e-38  3.086274495869982956e-38
1.440276544725395347e+00  3.964894215951502307e-31  3.964894215951502307e-31
1.540276544725395436e+00  2.854918089029774818e-20  2.854918089029774818e-20
1.640276544725395524e+00  7.947098176835925845e-12  7.947098176835925845e-12
1.740276544725395613e+00  8.552171127514411600e-06  8.552171127514411600e-06
1.840276544725395702e+00  3.557927260526336927e-02  3.557927260526336927e-02
1.940276544725395347e+00  5.722300042473754678e-01  5.722300042473754678e-01
2.040276544725395436e+00  3.557927260526248803e-02  3.557927260526248803e-02
2.140276544725395524e+00  8.552171127513984695e-06  8.552171127513984695e-06
2.240276544725395613e+00  7.947098176835332925e-12  7.947098176835332925e-12
2.340276544725395702e+00  2.854918089080464692e-20  2.854918089080464692e-20
2.440276544725395347e+00  3.581687308863999591e-22  3.581687308863999591e-22
2.540276544725395880e+00  6.199105573496727604e-15  6.199105573496727604e-15
2.640276544725395524e+00  2.642848794810503610e-09  2.642848794810503610e-09
2.740276544725395169e+00  2.775348463054275145e-05  2.775348463054275145e-05
2.840276544725395702e+00  7.179011368384912752e-03  7.179011368384912752e-03
2.940276544725395347e+00  4.574184539060115184e-02  4.574184539060115184e-02
3.040276544725395880e+00  7.179011368384676829e-03  7.179011368384676829e-03
3.140276544725395524e+00  2.775348463054275145e-05  2.775348463054275145e-05
3.240276544725396057e+00  2.642848794810240566e-09  2.642848794810240566e-09
3.340276544725395702e+00  6.199105574382466939e-15  6.199105574382466939e-15
3.440276544725395347e+00  3.826399896925920259e-18  3.826399896925920259e-18
3.540276544725395880e+00  1.026669655459657309e-12  1.026669655459657309e-12
3.640276544725395524e+00  1.712924373368944903e-08  1.712924373368944903e-08
3.740276544725396057e+00  1.776937248149481133e-05  1.776937248149481133e-05
3.840276544725395702e+00  1.146126178760468366e-03  1.146126178760468366e-03
3.940276544725395347e+00  4.596414783652853601e-03  4.596414783652853601e-03
4.040276544725395880e+00  1.146126178760440177e-03  1.146126178760440177e-03
4.140276544725395524e+00  1.776937248149394058e-05  1.776937248149394058e-05
4.240276544725396057e+00  1.712924373368817186e-08  1.712924373368817186e-08
4.340276544725395702e+00  1.026669657686005849e-12  1.026669657686005849e-12
4.440276544725395347e+00  4.563650942069850065e-16  4.563650942069850065e-16
4.540276544725395880e+00  9.967835960239647951e-12  9.967835960239647951e-12
4.640276544725395524e+00  2.379287114456631457e-08  2.379287114456631457e-08
4.740276544725396057e+00  6.154516980739130565e-06  6.154516980739130565e-06
4.840276544725395702e+00  1.725211114110667028e-04  1.725211114110667028e-04
4.940276544725395347e+00  5.240728624260271784e-04  5.240728624260271784e-04
5.040276544725395880e+00  1.725211114110633418e-04  1.725211114110633418e-04
5.140276544725395524e+00  6.154516980738890007e-06  6.154516980738890007e-06
5.240276544725396057e+00  2.379287114456491829e-08  2.379287114456491829e-08
5.340276544725395702e+00  9.967836176380761017e-12  9.967836176380761017e-12
5.440276544725395347e+00  6.181956312482887485e-15  6.181956312482887485e-15
5.540276544725395880e+00  2.383587694196240702e-11  2.383587694196240702e-11
5.640276544725395524e+00  1.556333897139958578e-08  1.556333897139958578e-08
5.740276544725396057e+00  1.594870326972685949e-06  1.594870326972685949e-06
5.840276544725395702e+00  2.565068330943292470e-05  2.565068330943292470e-05
5.940276544725395347e+00  6.474756779948591791e-05  6.474756779948591791e-05
6.040276544725395880e+00  2.565068330943250118e-05  2.565068330943250118e-05
6.140276544725395524e+00  1.594870326972633433e-06  1.594870326972633433e-06
6.240276544725396057e+00  1.556333897139891742e-08  1.556333897139891742e-08
6.340276544725395702e+00  2.383588024166297601e-11  2.383588024166297601e-11
6.440276544725395347e+00  2.615749174293412027e-14  2.615749174293412027e-14
6.540276544725394992e+00  2.584228301892589336e-11  2.584228301892589336e-11
6.640276544725396413e+00  6.684639586556261222e-09  6.684639586556261222e-09
6.740276544725396057e+00  3.535646180215578559e-07  3.535646180215578559e-07
6.840276544725395702e+00  3.823871402502285619e-06  3.823871402502285619e-06
6.940276544725395347e+00  8.456320578565060483e-06  8.456320578565060483e-06
7.040276544725394992e+00  3.823871402502285619e-06  3.823871402502285619e-06
7.140276544725396413e+00  3.535646180215380036e-07  3.535646180215380036e-07
7.240276544725396057e+00  6.684639586557606218e-09  6.684639586557606218e-09
7.340276544725395702e+00  2.584229877894769156e-11  2.584229877894769156e-11
7.440276544725395347e+00  5.361750633563888079e-14  5.361750633563888079e-14
7.540276544725394992e+00  1.719255464508736196e-11  1.719255464508736196e-11
7.640276544725396413e+00  2.220721317063463999e-09  2.220721317063463999e-09
7.740276544725396057e+00  7.152551812840631690e-08  7.152551812840631690e-08
7.840276544725395702e+00  5.744353832839660830e-07  5.744353832839660830e-07
7.940276544725395347e+00  1.150362122253137127e-06  1.150362122253137127e-06
8.040276544725397656e+00  5.744353832839518952e-07  5.744353832839518952e-07
8.140276544725395524e+00  7.152551812840278318e-08  7.152551812840278318e-08
8.240276544725396946e+00  2.220721317074990761e-09  2.220721317074990761e-09
8.340276544725394814e+00  1.719258740392158742e-11  1.719258740392158742e-11
8.440276544725396235e+00  6.524829056557090234e-14  6.524829056557090234e-14
8.540276544725397656e+00  8.292701173028514235e-12  8.292701173028514235e-12
8.640276544725395524e+00  6.241317469204580033e-10  6.241317469204580033e-10
8.740276544725396946e+00  1.366757108872761866e-08  1.366757108872761866e-08
8.840276544725394814e+00  8.708440362120197953e-08  8.708440362120197953e-08
8.940276544725396235e+00  1.614445525001528551e-07  1.614445525001528551e-07
9.040276544725397656e+00  8.708440362120006047e-08  8.708440362120006047e-08
9.140276544725395524e+00  1.366757108872702640e-08  1.366757108872702640e-08
9.240276544725396946e+00  6.241317469534488613e-10  6.241317469534488613e-10
9.340276544725394814e+00  8.292733061234971138e-12  8.292733061234971138e-12
9.440276544725396235e+00  5.363800190214347623e-14  5.363800190214347623e-14
9.540276544725397656e+00  3.202664872211073721e-12  3.202664872211073721e-12
9.640276544725395524e+00  1.564694628056498152e-10  1.564694628056498152e-10
9.740276544725396946e+00  2.516536027941804209e-09  2.516536027941804209e-09
9.840276544725394814e+00  1.332377496158708741e-08  1.332377496158708741e-08
9.940276544725396235e+00  2.322212727631720063e-08  2.322212727631720063e-08
1.004027654472539766e+01  1.332377496158682602e-08  1.332377496158682602e-08
1.014027654472539552e+01  2.516536027941736380e-09  2.516536027941736380e-09
1.024027654472539695e+01  1.564694628547565038e-10  1.564694628547565038e-10
1.034027654472539481e+01  3.202672080157692970e-12  3.202672080157692970e-12
1.044027654472539623e+01  3.277148759237613819e-14  3.277148759237613819e-14
