-1.552631570553901330e+00  3.281396591088709241e-09  3.281396591088709241e-09
-1.452631570553901241e+00  1.490864681657490079e-08  1.490864681657490079e-08
-1.352631570553901597e+00  6.407163069447907168e-08  6.407163069447907168e-08
-1.252631570553901064e+00  2.597229362969031088e-07  2.597229362969031088e-07
-1.152631570553901419e+00  9.914360351958576343e-07  9.914360351958576343e-07
-1.052631570553901330e+00  3.560559729953888884e-06  3.560559729953888884e-06
-9.526315705539012413e-01  1.202344154682566960e-05  1.202344154682566960e-05
-8.526315705539011525e-01  3.816373465851579175e-05  3.816373465851579175e-05
-7.526315705539012857e-01  1.138401938126161917e-04  1.138401938126161917e-04
-6.526315705539014189e-01  3.190860324595113707e-04  3.190860324595113707e-04
-5.526315705539013301e-01  8.403349541800195915e-04  8.403349541800195915e-04
-4.526315705539012413e-01  2.079252177557180514e-03  2.079252177557180514e-03
-3.526315705539011525e-01  4.833454167849205070e-03  4.833454167849205070e-03
-2.526315705539012857e-01  1.055588267332491226e-02  1.055588267332491226e-02
-1.526315705539011969e-01  2.165770184848719165e-02  2.165770184848719165e-02
-5.263157055390133010e-02  4.174533965994123297e-02  4.174533965994123297e-02
4.736842944609875872e-02  7.559280712167552874e-02  7.559280712167552874e-02
1.473684294460988475e-01  1.285969769176752431e-01  1.285969769176752431e-01
2.473684294460987143e-01  2.055237010146608312e-01  2.055237010146608312e-01
3.473684294460988031e-01  3.085883842421723866e-01  3.085883842421723866e-01
4.473684294460986699e-01  4.353042832823330044e-01  4.353042832823330044e-01
5.473684294460987587e-01  5.769210805473009573e-01  5.769210805473009573e-01
6.473684294460988475e-01  7.184099573158245766e-01  7.184099573158245766e-01
7.473684294460989364e-01  8.406121960578749608e-01  8.406121960578749608e-01
8.473684294460990252e-01  9.243612214152493456e-01  9.243612214152493456e-01
9.473684294460986699e-01  9.554309364313223751e-01  9.554309364313223751e-01
1.047368429446098759e+00  9.285682416455076638e-01  9.285682416455076638e-01
1.147368429446098848e+00  8.490387907840436510e-01  8.490387907840436510e-01
1.247368429446098936e+00  7.310567785190584811e-01  7.310567785190584811e-01
1.347368429446099025e+00  5.937336451297040574e-01  5.937336451297040574e-01
1.447368429446098670e+00  4.561212000468503613e-01  4.561212000468503613e-01
1.547368429446098759e+00  3.330937588045549957e-01  3.330937588045549957e-01
1.647368429446098848e+00  2.332162505568465272e-01  2.332162505568465272e-01
1.747368429446098936e+00  1.587854508084436955e-01  1.587854508084436955e-01
1.847368429446099025e+00  1.074221439186743149e-01  1.074221439186743149e-01
1.947368429446098670e+00  7.425167166870655366e-02  7.425167166870655366e-02
2.047368429446098759e+00  5.384426598191818097e-02  5.384426598191818097e-02
2.147368429446098848e+00  4.147752931144305794e-02  4.147752931144305794e-02
2.247368429446098936e+00  3.367579176480130915e-02  3.367579176480130915e-02
2.347368429446099025e+00  2.821986180785034451e-02  2.821986180785034451e-02
2.447368429446098670e+00  2.388348392604788123e-02  2.388348392604788123e-02
2.547368429446099203e+00  2.010086671852234080e-02  2.010086671852234080e-02
2.647368429446098848e+00  1.668025836515114532e-02  1.668025836515114532e-02
2.747368429446098492e+00  1.360310874533353885e-02  1.360310874533353885e-02
2.847368429446099025e+00  1.090443496652594019e-02  1.090443496652594019e-02
2.947368429446098670e+00  8.613252793503677757e-03  8.613252793503677757e-03
3.047368429446099203e+00  6.730880266135217012e-03  6.730880266135217012e-03
3.147368429446098848e+00  5.229915293271571002e-03  5.229915293271571002e-03
3.247368429446099380e+00  4.062436748790942444e-03  4.062436748790942444e-03
3.347368429446099025e+00  3.170568823904160085e-03  3.170568823904160085e-03
3.447368429446098670e+00  2.495758004108320285e-03  2.495758004108320285e-03
3.547368429446099203e+00  1.985227780685692306e-03  1.985227780685692306e-03
3.647368429446098848e+00  1.595394912114966000e-03  1.595394912114966000e-03
3.747368429446099380e+00  1.292761163950047676e-03  1.292761163950047676e-03
3.847368429446099025e+00  1.053091445989298150e-03  1.053091445989298150e-03
3.947368429446098670e+00  8.596915909580192744e-04  8.596915909580192744e-04
4.047368429446098759e+00  7.014343477825843269e-04  7.014343477825843269e-04
4.147368429446098403e+00  5.709565237812404530e-04  5.709565237812404530e-04
4.247368429446099825e+00  4.632372833875367680e-04  4.632372833875367680e-04
4.347368429446099469e+00  3.746064812051282458e-04  3.746064812051282458e-04
4.447368429446099114e+00  3.021331124907960857e-04  3.021331124907960857e-04
4.547368429446098759e+00  2.432997054414702835e-04  2.432997054414702835e-04
4.647368429446098403e+00  1.958627329456029084e-04  1.958627329456029084e-04
4.747368429446099825e+00  1.578150944734612595e-04  1.578150944734612595e-04
4.847368429446099469e+00  1.273909705764496802e-04  1.273909705764496802e-04
4.947368429446099114e+00  1.030771374862635874e-04  1.030771374862635874e-04
5.047368429446098759e+00  8.361370253222362588e-05  8.361370253222362588e-05
5.147368429446098403e+00  6.797987515428482303e-05  6.797987515428482303e-05
5.247368429446099825e+00  5.536738723923350443e-05  5.536738723923350443e-05
5.347368429446099469e+00  4.514692637459482281e-05  4.514692637459482281e-05
5.447368429446099114e+00  3.683300445215875263e-05  3.683300445215875263e-05
5.547368429446098759e+00  3.005138249567799449e-05  3.005138249567799449e-05
5.647368429446098403e+00  2.451146448757816722e-05  2.451146448757816722e-05
5.747368429446099825e+00  1.998453087102300087e-05  1.998453087102300087e-05
5.847368429446099469e+00  1.628756809368536306e-05  1.628756809368536306e-05
5.947368429446099114e+00  1.327181157141830666e-05  1.327181157141830666e-05
6.047368429446098759e+00  1.081488130167037261e-05  1.081488130167037261e-05
6.147368429446098403e+00  8.815428223496046963e-06  8.815428223496046963e-06
6.247368429446099825e+00  7.189400518307276993e-06  7.189400518307276993e-06
6.347368429446099469e+00  5.867282619712473589e-06  5.867282619712473589e-06
6.447368429446099114e+00  4.791889887920819758e-06  4.791889887920819758e-06
6.547368429446098759e+00  3.916484614950365028e-06  3.916484614950365028e-06
6.647368429446100180e+00  3.203104358979383766e-06  3.203104358979383766e-06
6.747368429446099825e+00  2.621066848920611952e-06  2.621066848920611952e-06
6.847368429446099469e+00  2.145649405868175113e-06  2.145649405868175113e-06
6.947368429446099114e+00  1.756949063527627472e-06  1.756949063527627472e-06
7.047368429446098759e+00  1.438924504204519549e-06  1.438924504204519549e-06
7.147368429446100180e+00  1.178611362564065664e-06  1.178611362564065664e-06
7.247368429446099825e+00  9.654936927713205871e-07  9.654936927713205871e-07
7.347368429446099469e+00  7.910088748007029239e-07  7.910088748007029239e-07
7.447368429446099114e+00  6.481614006030483342e-07  6.481614006030483342e-07
7.547368429446098759e+00  5.312221655340082490e-07  5.312221655340082490e-07
7.647368429446100180e+00  4.354929983775681788e-07  4.354929983775681788e-07
7.747368429446099825e+00  3.571201121301916046e-07  3.571201121301916046e-07
7.847368429446099469e+00  2.929441111551179492e-07  2.929441111551179492e-07
7.947368429446099114e+00  2.403776293073935648e-07  2.403776293073935648e-07
8.047368429446100535e+00  1.973043677127694229e-07  1.973043677127694229e-07
8.147368429446100180e+00  1.619952322192665323e-07  1.619952322192665323e-07
8.247368429446099825e+00  1.330385481193161637e-07  1.330385481193161637e-07
8.347368429446099469e+00  1.092821159224990754e-07  1.092821159224990754e-07
8.447368429446099114e+00  8.978533073224873219e-08  8.978533073224873219e-08
8.547368429446100535e+00  7.377985540108735188e-08  7.377985540108735188e-08
8.647368429446100180e+00  6.063751147381050050e-08  6.063751147381050050e-08
8.747368429446099825e+00  4.984419154598985836e-08  4.984419154598985836e-08
8.847368429446099469e+00  4.097873147910043279e-08  4.097873147910043279e-08
8.947368429446099114e+00  3.369581993665657496e-08  3.369581993665657496e-08
9.047368429446100535e+00  2.771216358198797950e-08  2.771216358198797950e-08
9.147368429446100180e+00  2.279526217495948345e-08  2.279526217495948345e-08
9.247368429446099825e+00  1.875427181770743982e-08  1.875427181770743982e-08
9.347368429446099469e+00  1.543254196874417608e-08  1.543254196874417608e-08
9.447368429446099114e+00  1.270150057574632309e-08  1.270150057574632309e-08
9.547368429446100535e+00  1.045563219830860723e-08  1.045563219830860723e-08
9.647368429446100180e+00  8.608348382657771608e-09  8.608348382657771608e-09
9.747368429446099825e+00  7.088590710768918024e-09  7.088590710768918024e-09
9.847368429446099469e+00  5.838037915410209776e-09  5.838037915410209776e-09
9.947368429446099114e+00  4.808811957556058181e-09  4.808811957556058181e-09
1.004736842944610054e+01  3.961596194184185424e-09  3.961596194184185424e-09
1.014736842944610018e+01  3.264093328566610348e-09  3.264093328566610348e-09
1.024736842944609982e+01  2.689762816167160377e-09  2.689762816167160377e-09
1.034736842944609947e+01  2.216787477068309054e-09  2.216787477068309054e-09
1.044736842944609911e+01  1.827227642728768068e-09  1.827227642728768068e-09
