-1.563829392537588792e+00  2.865951975842080949e-209  2.865951975842080949e-209
-1.463829392537588703e+00  1.749313691012085643e-195  1.749313691012085643e-195
-1.363829392537589058e+00  1.534603401195767362e-179  1.534603401195767362e-179
-1.263829392537588525e+00  2.845518675301457282e-164  2.845518675301457282e-164
-1.163829392537588880e+00  1.105965785441802175e-149  1.105965785441802175e-149
-1.063829392537588792e+00  9.010249460382027729e-136  9.010249460382027729e-136
-9.638293925375887028e-01  1.538674692125923592e-122  1.538674692125923592e-122
-8.638293925375886140e-01  5.507717775009792875e-110  5.507717775009792875e-110
-7.638293925375887472e-01  4.132486254530478204e-98  4.132486254530478204e-98
-6.638293925375888804e-01  6.499291699039955407e-87  6.499291699039955407e-87
-5.638293925375887916e-01  2.142572433067364593e-76  2.142572433067364593e-76
-4.638293925375887028e-01  1.480539056328883005e-66  1.480539056328883005e-66
-3.638293925375886140e-01  2.144465659944914188e-57  2.144465659944914188e-57
-2.638293925375887472e-01  6.510782624499064837e-49  6.510782624499064837e-49
-1.638293925375886584e-01  4.143450620350623861e-41  4.143450620350623861e-41
-6.382939253758879161e-02  5.527210582987991302e-34  5.527210582987991302e-34
3.617060746241129721e-02  1.545484760444883050e-27  1.545484760444883050e-27
1.361706074624113860e-01  9.058125108497973535e-22  9.058125108497973535e-22
2.361706074624112528e-01  1.112824746032969415e-16  1.112824746032969415e-16
3.361706074624113416e-01  2.865695926728322266e-12  2.865695926728322266e-12
4.361706074624112084e-01  1.546850386755538574e-08  1.546850386755538574e-08
5.361706074624112972e-01  1.750174637955445874e-05  1.750174637955445874e-05
6.361706074624113860e-01  4.150776354357497457e-03  4.150776354357497457e-03
7.361706074624114748e-01  2.063441467356283976e-01  2.063441467356283976e-01
8.361706074624115637e-01  2.150155383887284888e+00  2.150155383887284888e+00
9.361706074624112084e-01  4.696371132866148379e+00  4.696371132866148379e+00
1.036170607462411297e+00  2.150155383887273786e+00  2.150155383887273786e+00
1.136170607462411386e+00  2.063441467382315930e-01  2.063441467382315930e-01
1.236170607462411475e+00  4.150777267783005431e-03  4.150777267783005431e-03
1.336170607462411564e+00  1.764832642155093998e-05  1.764832642155093998e-05
1.436170607462411208e+00  1.078468093182249930e-05  1.078468093182249930e-05
1.536170607462411297e+00  3.622434030304202295e-04  3.622434030304202295e-04
1.636170607462411386e+00  5.578590149258487972e-03  5.578590149258487972e-03
1.736170607462411475e+00  3.933289072758455740e-02  3.933289072758455740e-02
1.836170607462411564e+00  1.269681265669024006e-01  1.269681265669024006e-01
1.936170607462411208e+00  1.876467269368563839e-01  1.876467269368563839e-01
2.036170607462411297e+00  1.269681265758673128e-01  1.269681265758673128e-01
2.136170607462411386e+00  3.933289147789101325e-02  3.933289147789101325e-02
2.236170607462411475e+00  5.578627448642316071e-03  5.578627448642316071e-03
2.336170607462411564e+00  3.633448619566177719e-04  3.633448619566177719e-04
2.436170607462411208e+00  3.009077168965825478e-05  3.009077168965825478e-05
2.536170607462411741e+00  2.014818508935443356e-04  2.014818508935443356e-04
2.636170607462411386e+00  1.246243283963590015e-03  1.246243283963590015e-03
2.736170607462411031e+00  4.582369645814665833e-03  4.582369645814665833e-03
2.836170607462411564e+00  1.000881549021668572e-02  1.000881549021668572e-02
2.936170607462411208e+00  1.298614371088367171e-02  1.298614371088367171e-02
3.036170607462411741e+00  1.000881564231410545e-02  1.000881564231410545e-02
3.136170607462411386e+00  4.582373853389919323e-03  4.582373853389919323e-03
3.236170607462411919e+00  1.246321192634492880e-03  1.246321192634492880e-03
3.336170607462411564e+00  2.023337725663350046e-04  2.023337725663350046e-04
3.436170607462411208e+00  2.788017180745393873e-05  2.788017180745393873e-05
3.536170607462411741e+00  5.073916008330002633e-05  5.073916008330002633e-05
3.636170607462411386e+00  1.948304230717996831e-04  1.948304230717996831e-04
3.736170607462411919e+00  5.172374440407795501e-04  5.172374440407795501e-04
3.836170607462411564e+00  9.293060284465819729e-04  9.293060284465819729e-04
3.936170607462411208e+00  1.129748824119866614e-03  1.129748824119866614e-03
4.036170607462411297e+00  9.293063742715421127e-04  9.293063742715421127e-04
4.136170607462410942e+00  5.172417566890515767e-04  5.172417566890515767e-04
4.236170607462412363e+00  1.948458810866247979e-04  1.948458810866247979e-04
4.336170607462412008e+00  5.003990012318256675e-05  5.003990012318256675e-05
4.436170607462411652e+00  1.080191424332114997e-05  1.080191424332114997e-05
4.536170607462411297e+00  1.015257321279315808e-05  1.015257321279315808e-05
4.636170607462410942e+00  2.740783148249020088e-05  2.740783148249020088e-05
4.736170607462412363e+00  5.969625472018275049e-05  5.969625472018275049e-05
4.836170607462412008e+00  9.538776931028677985e-05  9.538776931028677985e-05
4.936170607462411652e+00  1.115194508661121188e-04  1.115194508661121188e-04
5.036170607462411297e+00  9.538792891628983576e-05  9.538792891628983576e-05
5.136170607462410942e+00  5.969491165161533132e-05  5.969491165161533132e-05
5.236170607462412363e+00  2.734922510086497884e-05  2.734922510086497884e-05
5.336170607462412008e+00  9.263927316256229084e-06  9.263927316256229084e-06
5.436170607462411652e+00  2.703409323010349755e-06  2.703409323010349755e-06
5.536170607462411297e+00  1.887447440628142119e-06  1.887447440628142119e-06
5.636170607462410942e+00  3.747971466847999823e-06  3.747971466847999823e-06
5.736170607462412363e+00  7.090773622622222961e-06  7.090773622622222961e-06
5.836170607462412008e+00  1.047235860381986242e-05  1.047235860381986242e-05
5.936170607462411652e+00  1.192833454025563723e-05  1.192833454025563723e-05
6.036170607462411297e+00  1.047216186691670800e-05  1.047216186691670800e-05
6.136170607462410942e+00  7.086776702887002780e-06  7.086776702887002780e-06
6.236170607462412363e+00  3.700901077761410194e-06  3.700901077761410194e-06
6.336170607462412008e+00  1.509511675632935215e-06  1.509511675632935215e-06
6.436170607462411652e+00  5.429349103636927884e-07  5.429349103636927884e-07
6.536170607462411297e+00  3.360110940431167304e-07  3.360110940431167304e-07
6.636170607462412718e+00  5.141842638433574279e-07  5.141842638433574279e-07
6.736170607462412363e+00  8.659474504591009725e-07  8.659474504591009725e-07
6.836170607462412008e+00  1.206633727256511930e-06  1.206633727256511930e-06
6.936170607462411652e+00  1.348789015219351222e-06  1.348789015219351222e-06
7.036170607462411297e+00  1.206379144489126533e-06  1.206379144489126533e-06
7.136170607462412718e+00  8.633868625249162201e-07  8.633868625249162201e-07
7.236170607462412363e+00  4.952953670415007733e-07  4.952953670415007733e-07
7.336170607462412008e+00  2.308777029013018077e-07  2.308777029013018077e-07
7.436170607462411652e+00  9.665315943822438652e-08  9.665315943822438652e-08
7.536170607462411297e+00  5.756242690660488661e-08  5.756242690660488661e-08
7.636170607462412718e+00  7.164658477461252296e-08  7.164658477461252296e-08
7.736170607462412363e+00  1.085482116672315808e-07  1.085482116672315808e-07
7.836170607462412008e+00  1.442293442887105889e-07  1.442293442887105889e-07
7.936170607462411652e+00  1.588705046778716741e-07  1.588705046778716741e-07
8.036170607462413074e+00  1.440878194628771068e-07  1.440878194628771068e-07
8.136170607462412718e+00  1.075567183734918701e-07  1.075567183734918701e-07
8.236170607462412363e+00  6.623391832539845643e-08  6.623391832539845643e-08
8.336170607462412008e+00  3.414436078681474807e-08  3.414436078681474807e-08
8.436170607462411652e+00  1.602924492343730349e-08  1.602924492343730349e-08
8.536170607462413074e+00  9.535031770878841071e-09  9.535031770878841071e-09
8.636170607462412718e+00  1.016321131746153055e-08  1.016321131746153055e-08
8.736170607462412363e+00  1.394529149933693905e-08  1.394529149933693905e-08
8.836170607462412008e+00  1.775418243226937442e-08  1.775418243226937442e-08
8.936170607462411652e+00  1.931051297650412688e-08  1.931051297650412688e-08
9.036170607462413074e+00  1.770116091837379980e-08  1.770116091837379980e-08
9.136170607462412718e+00  1.365493001816148955e-08  1.365493001816148955e-08
9.236170607462412363e+00  8.888665483847098537e-09  8.888665483847098537e-09
9.336170607462412008e+00  4.956944686631214366e-09  4.956944686631214366e-09
9.436170607462411652e+00  2.544257264224253662e-09  2.544257264224253662e-09
9.536170607462413074e+00  1.536612014335338160e-09  1.536612014335338160e-09
9.636170607462412718e+00  1.464165252718464415e-09  1.464165252718464415e-09
9.736170607462412363e+00  1.833052917976187005e-09  1.833052917976187005e-09
9.836170607462412008e+00  2.239976032153947553e-09  2.239976032153947553e-09
9.936170607462411652e+00  2.407015740010431858e-09  2.407015740010431858e-09
1.003617060746241307e+01  2.224359916251142205e-09  2.224359916251142205e-09
1.013617060746241272e+01  1.761741112371657449e-09  1.761741112371657449e-09
1.023617060746241236e+01  1.199225530788417839e-09  1.199225530788417839e-09
1.033617060746241201e+01  7.122899506824776818e-10  7.122899506824776818e-10
1.043617060746241165e+01  3.926063018697772660e-10  3.926063018697772660e-10
