-1.623593760428698296e+00  7.031911286714678552e-14  7.031911286714678552e-14
-1.523593760428698651e+00  7.247455839108002072e-13  7.247455839108002072e-13
-1.423593760428698562e+00  6.984689940493686758e-12  6.984689940493686758e-12
-1.323593760428698474e+00  6.195176458760907433e-11  6.195176458760907433e-11
-1.223593760428698829e+00  5.019067257784339978e-10  5.019067257784339978e-10
-1.123593760428698296e+00  3.700879603123838506e-09  3.700879603123838506e-09
-1.023593760428698651e+00  2.479449769965697320e-08  2.479449769965697320e-08
-9.235937604286985625e-01  1.508020604715682113e-07  1.508020604715682113e-07
-8.235937604286984737e-01  8.322895646563369293e-07  8.322895646563369293e-07
-7.235937604286983849e-01  4.167341524707276073e-06  4.167341524707276073e-06
-6.235937604286985181e-01  1.892815791309717204e-05  1.892815791309717204e-05
-5.235937604286984293e-01  7.798172134848024048e-05  7.798172134848024048e-05
-4.235937604286983404e-01  2.914041690039033644e-04  2.914041690039033644e-04
-3.235937604286984737e-01  9.876601978485320590e-04  9.876601978485320590e-04
-2.235937604286983849e-01  3.036146681473772362e-03  3.036146681473772362e-03
-1.235937604286985181e-01  8.465226245214235376e-03  8.465226245214235376e-03
-2.359376042869842927e-02  2.140691867661260323e-02  2.140691867661260323e-02
7.640623957130165955e-02  4.909874283538541440e-02  4.909874283538541440e-02
1.764062395713015263e-01  1.021386211464052479e-01  1.021386211464052479e-01
2.764062395713016151e-01  1.927163037144864199e-01  1.927163037144864199e-01
3.764062395713014819e-01  3.298112005029805172e-01  3.298112005029805172e-01
4.764062395713015707e-01  5.119735837512769949e-01  5.119735837512769949e-01
5.764062395713016596e-01  7.209320269384096314e-01  7.209320269384096314e-01
6.764062395713017484e-01  9.209977204039370147e-01  9.209977204039370147e-01
7.764062395713018372e-01  1.067672370904803492e+00  1.067672370904803492e+00
8.764062395713014819e-01  1.123618953917017604e+00  1.123618953917017604e+00
9.764062395713015707e-01  1.074406247708012296e+00  1.074406247708012296e+00
1.076406239571301660e+00  9.350408842324823278e-01  9.350408842324823278e-01
1.176406239571301748e+00  7.432851592054191547e-01  7.432851592054191547e-01
1.276406239571301837e+00  5.437826130329985741e-01  5.437826130329985741e-01
1.376406239571301482e+00  3.720013642904567708e-01  3.720013642904567708e-01
1.476406239571301571e+00  2.456096872168348488e-01  2.456096872168348488e-01
1.576406239571301660e+00  1.651430416584100946e-01  1.651430416584100946e-01
1.676406239571301748e+00  1.205553250018683159e-01  1.205553250018683159e-01
1.776406239571301837e+00  9.865587610143576602e-02  9.865587610143576602e-02
1.876406239571301482e+00  8.813649200507098214e-02  8.813649200507098214e-02
1.976406239571301571e+00  8.150841661491679824e-02  8.150841661491679824e-02
2.076406239571301882e+00  7.490858502937249030e-02  7.490858502937249030e-02
2.176406239571301526e+00  6.703316354874708227e-02  6.703316354874708227e-02
2.276406239571302059e+00  5.802416616520967435e-02  5.802416616520967435e-02
2.376406239571301704e+00  4.863209771654270624e-02  4.863209771654270624e-02
2.476406239571302237e+00  3.968785296363891435e-02  3.968785296363891435e-02
2.576406239571301882e+00  3.182173108980602960e-02  3.182173108980602960e-02
2.676406239571301526e+00  2.536008118978755679e-02  2.536008118978755679e-02
2.776406239571302059e+00  2.034012679246397295e-02  2.034012679246397295e-02
2.876406239571301704e+00  1.659071995432916113e-02  1.659071995432916113e-02
2.976406239571302237e+00  1.383419693211871380e-02  1.383419693211871380e-02
3.076406239571301882e+00  1.177638827344281054e-02  1.177638827344281054e-02
3.176406239571302415e+00  1.016704377288169328e-02  1.016704377288169328e-02
3.276406239571302059e+00  8.827250742205585213e-03  8.827250742205585213e-03
3.376406239571301704e+00  7.650263803966658033e-03  7.650263803966658033e-03
3.476406239571302237e+00  6.586372238174939032e-03  6.586372238174939032e-03
3.576406239571301882e+00  5.622049018976568203e-03  5.622049018976568203e-03
3.676406239571302415e+00  4.760698991959484878e-03  4.760698991959484878e-03
3.776406239571302059e+00  4.008778265538484598e-03  4.008778265538484598e-03
3.876406239571301704e+00  3.368123450467825578e-03  3.368123450467825578e-03
3.976406239571302237e+00  2.833490001658938318e-03  2.833490001658938318e-03
4.076406239571301882e+00  2.393513619278803042e-03  2.393513619278803042e-03
4.176406239571302415e+00  2.033288987927518287e-03  2.033288987927518287e-03
4.276406239571302059e+00  1.737168922879337926e-03  1.737168922879337926e-03
4.376406239571301704e+00  1.490943130558289005e-03  1.490943130558289005e-03
4.476406239571302237e+00  1.283069936544363292e-03  1.283069936544363292e-03
4.576406239571301882e+00  1.105007400342973697e-03  1.105007400342973697e-03
4.676406239571302415e+00  9.508954155649533210e-04  9.508954155649533210e-04
4.776406239571302059e+00  8.168993826181143291e-04  8.168993826181143291e-04
4.876406239571301704e+00  7.004851460505637185e-04  7.004851460505637185e-04
4.976406239571302237e+00  5.998049810040527365e-04  5.998049810040527365e-04
5.076406239571301882e+00  5.132773457848262538e-04  5.132773457848262538e-04
5.176406239571302415e+00  4.393653901859771076e-04  4.393653901859771076e-04
5.276406239571302059e+00  3.765117749618547257e-04  3.765117749618547257e-04
5.376406239571301704e+00  3.231693010870571371e-04  3.231693010870571371e-04
5.476406239571302237e+00  2.778704897090918482e-04  2.778704897090918482e-04
5.576406239571301882e+00  2.392948231022398796e-04  2.392948231022398796e-04
5.676406239571302415e+00  2.063112303698805175e-04  2.063112303698805175e-04
5.776406239571302059e+00  1.779897135365538505e-04  1.779897135365538505e-04
5.876406239571301704e+00  1.535869215735082504e-04  1.535869215735082504e-04
5.976406239571302237e+00  1.325156108381916474e-04  1.325156108381916474e-04
6.076406239571301882e+00  1.143084368444246651e-04  1.143084368444246651e-04
6.176406239571302415e+00  9.858419209648179127e-05  9.858419209648179127e-05
6.276406239571302059e+00  8.502117307569170227e-05  8.502117307569170227e-05
6.376406239571301704e+00  7.333911646313925968e-05  7.333911646313925968e-05
6.476406239571301349e+00  6.328880826148604170e-05  6.328880826148604170e-05
6.576406239571302770e+00  5.464724603251405765e-05  5.464724603251405765e-05
6.676406239571302415e+00  4.721597693795108290e-05  4.721597693795108290e-05
6.776406239571302059e+00  4.082062085638152944e-05  4.082062085638152944e-05
6.876406239571301704e+00  3.531027035203321952e-05  3.531027035203321952e-05
6.976406239571301349e+00  3.055615783445699452e-05  3.055615783445699452e-05
7.076406239571302770e+00  2.644952336416679035e-05  2.644952336416679035e-05
7.176406239571302415e+00  2.289893882374987758e-05  2.289893882374987758e-05
7.276406239571302059e+00  1.982745937249619350e-05  1.982745937249619350e-05
7.376406239571301704e+00  1.716993905914296058e-05  1.716993905914296058e-05
7.476406239571301349e+00  1.487073443379643083e-05  1.487073443379643083e-05
7.576406239571302770e+00  1.288188876624195367e-05  1.288188876624195367e-05
7.676406239571302415e+00  1.116178055450806983e-05  1.116178055450806983e-05
7.776406239571302059e+00  9.674152032985938000e-06  9.674152032985938000e-06
7.876406239571301704e+00  8.387407438690405999e-06  8.387407438690405999e-06
7.976406239571303125e+00  7.274077187811155905e-06  7.274077187811155905e-06
8.076406239571301882e+00  6.310369087449211174e-06  6.310369087449211174e-06
8.176406239571303303e+00  5.475758389997458254e-06  5.475758389997458254e-06
8.276406239571301171e+00  4.752595686303364693e-06  4.752595686303364693e-06
8.376406239571302592e+00  4.125730566245361166e-06  4.125730566245361166e-06
8.476406239571304013e+00  3.582158722226272741e-06  3.582158722226272741e-06
8.576406239571301882e+00  3.110702342422742657e-06  3.110702342422742657e-06
8.676406239571303303e+00  2.701730993212211388e-06  2.701730993212211388e-06
8.776406239571301171e+00  2.346925511114561452e-06  2.346925511114561452e-06
8.876406239571302592e+00  2.039082850794582477e-06  2.039082850794582477e-06
8.976406239571304013e+00  1.771956600470210695e-06  1.771956600470210695e-06
9.076406239571301882e+00  1.540126374010530356e-06  1.540126374010530356e-06
9.176406239571301526e+00  1.338889317154164977e-06  1.338889317154164977e-06
9.276406239571301171e+00  1.164168012607530374e-06  1.164168012607530374e-06
9.376406239571300816e+00  1.012430564772870715e-06  1.012430564772870715e-06
9.476406239571302237e+00  8.806201234967910999e-07  8.806201234967910999e-07
9.576406239571301882e+00  7.660922793945488020e-07  7.660922793945488020e-07
9.676406239571301526e+00  6.665595217340795327e-07  6.665595217340795327e-07
9.776406239571301171e+00  5.800423202233419910e-07  5.800423202233419910e-07
9.876406239571300816e+00  5.048264778691617161e-07  5.048264778691617161e-07
9.976406239571302237e+00  4.394263292786393587e-07  4.394263292786393587e-07
1.007640623957130188e+01  3.825532371259790884e-07  3.825532371259790884e-07
1.017640623957130153e+01  3.330887431149126915e-07  3.330887431149126915e-07
1.027640623957130117e+01  2.900616937883700840e-07  2.900616937883700840e-07
1.037640623957130082e+01  2.526286895385358868e-07  2.526286895385358868e-07
