-1.649411253501886776e+00  1.042222754235243822e-06  1.042222754235243822e-06
-1.549411253501887131e+00  2.936979094336957516e-06  2.936979094336957516e-06
-1.449411253501887042e+00  7.990184011448353050e-06  7.990184011448353050e-06
-1.349411253501886954e+00  2.093145300327503512e-05  2.093145300327503512e-05
-1.249411253501887309e+00  5.270693147733052992e-05  5.270693147733052992e-05
-1.149411253501886776e+00  1.274235279048075852e-04  1.274235279048075852e-04
-1.049411253501887131e+00  2.955282652184401259e-04  2.955282652184401259e-04
-9.494112535018870425e-01  6.571745067616859524e-04  6.571745067616859524e-04
-8.494112535018869536e-01  1.400662724664996197e-03  1.400662724664996197e-03
-7.494112535018868648e-01  2.860529645423253147e-03  2.860529645423253147e-03
-6.494112535018869981e-01  5.596831142980176338e-03  5.596831142980176338e-03
-5.494112535018869092e-01  1.048979906473997484e-02  1.048979906473997484e-02
-4.494112535018868204e-01  1.883147031966467266e-02  1.883147031966467266e-02
-3.494112535018869536e-01  3.237935740358769549e-02  3.237935740358769549e-02
-2.494112535018868648e-01  5.332157592109604966e-02  5.332157592109604966e-02
-1.494112535018869981e-01  8.409679444569814755e-02  8.409679444569814755e-02
-4.941125350188690923e-02  1.270266118125440991e-01  1.270266118125440991e-01
5.058874649811317958e-02  1.837603041800063564e-01  1.837603041800063564e-01
1.505887464981130464e-01  2.546006120731083566e-01  2.546006120731083566e-01
2.505887464981131352e-01  3.378579326471213284e-01  3.378579326471213284e-01
3.505887464981130019e-01  4.294384169527971085e-01  4.294384169527971085e-01
4.505887464981130908e-01  5.228737984160595209e-01  5.228737984160595209e-01
5.505887464981131796e-01  6.099240177017658526e-01  6.099240177017658526e-01
6.505887464981132684e-01  6.817334598972105697e-01  6.817334598972105697e-01
7.505887464981133572e-01  7.303392888898081470e-01  7.303392888898081470e-01
8.505887464981130019e-01  7.501826274031588859e-01  7.501826274031588859e-01
9.505887464981130908e-01  7.392253444859774314e-01  7.392253444859774314e-01
1.050588746498113180e+00  6.993590996842243834e-01  6.993590996842243834e-01
1.150588746498113268e+00  6.359886599869051249e-01  6.359886599869051249e-01
1.250588746498113357e+00  5.569102149529229218e-01  5.569102149529229218e-01
1.350588746498113002e+00  4.708001766004621391e-01  4.708001766004621391e-01
1.450588746498113091e+00  3.857127548545668527e-01  3.857127548545668527e-01
1.550588746498113180e+00  3.079352813056394633e-01  3.079352813056394633e-01
1.650588746498113268e+00  2.414012202047696731e-01  2.414012202047696731e-01
1.750588746498113357e+00  1.876774856939177338e-01  1.876774856939177338e-01
1.850588746498113002e+00  1.463919625941625668e-01  1.463919625941625668e-01
1.950588746498113091e+00  1.158905071976332884e-01  1.158905071976332884e-01
2.050588746498113402e+00  9.391574804612627669e-02  9.391574804612627669e-02
2.150588746498113046e+00  7.815927759880322845e-02  7.815927759880322845e-02
2.250588746498113579e+00  6.661883447546655679e-02  6.661883447546655679e-02
2.350588746498113224e+00  5.776202541443656302e-02  5.776202541443656302e-02
2.450588746498113757e+00  5.054136662295201365e-02  5.054136662295201365e-02
2.550588746498113402e+00  4.432007681615497685e-02  4.432007681615497685e-02
2.650588746498113046e+00  3.876189594236679331e-02  3.876189594236679331e-02
2.750588746498113579e+00  3.372199143026575335e-02  3.372199143026575335e-02
2.850588746498113224e+00  2.915863045912744228e-02  2.915863045912744228e-02
2.950588746498113757e+00  2.507176070229876277e-02  2.507176070229876277e-02
3.050588746498113402e+00  2.146641124799683956e-02  2.146641124799683956e-02
3.150588746498113935e+00  1.833516211437210414e-02  1.833516211437210414e-02
3.250588746498113579e+00  1.565328563532612099e-02  1.565328563532612099e-02
3.350588746498113224e+00  1.338107147087909746e-02  1.338107147087909746e-02
3.450588746498113757e+00  1.146929172975813538e-02  1.146929172975813538e-02
3.550588746498113402e+00  9.865183996147370779e-03  9.865183996147370779e-03
3.650588746498113935e+00  8.517491760358772770e-03  8.517491760358772770e-03
3.750588746498113579e+00  7.379947665765231556e-03  7.379947665765231556e-03
3.850588746498113224e+00  6.413139670635850664e-03  6.413139670635850664e-03
3.950588746498113757e+00  5.585016505487757493e-03  5.585016505487757493e-03
4.050588746498113402e+00  4.870425332008004697e-03  4.870425332008004697e-03
4.150588746498113935e+00  4.250087267828729296e-03  4.250087267828729296e-03
4.250588746498113579e+00  3.709354904902093138e-03  3.709354904902093138e-03
4.350588746498113224e+00  3.237000485488467430e-03  3.237000485488467430e-03
4.450588746498113757e+00  2.824183640481280934e-03  2.824183640481280934e-03
4.550588746498113402e+00  2.463662181904009794e-03  2.463662181904009794e-03
4.650588746498113935e+00  2.149247238248110006e-03  2.149247238248110006e-03
4.750588746498113579e+00  1.875466387891463202e-03  1.875466387891463202e-03
4.850588746498113224e+00  1.637381934689830561e-03  1.637381934689830561e-03
4.950588746498113757e+00  1.430510340448513636e-03  1.430510340448513636e-03
5.050588746498113402e+00  1.250796990309035930e-03  1.250796990309035930e-03
5.150588746498113935e+00  1.094612705620187946e-03  1.094612705620187946e-03
5.250588746498113579e+00  9.587509654739637642e-04  9.587509654739637642e-04
5.350588746498113224e+00  8.404153971255831331e-04  8.404153971255831331e-04
5.450588746498113757e+00  7.371947706889486838e-04  7.371947706889486838e-04
5.550588746498113402e+00  6.470274222114875571e-04  6.470274222114875571e-04
5.650588746498113935e+00  5.681592087948010485e-04  5.681592087948010485e-04
5.750588746498113579e+00  4.990994765049390491e-04  4.990994765049390491e-04
5.850588746498113224e+00  4.385788135997203789e-04  4.385788135997203789e-04
5.950588746498113757e+00  3.855111679770774542e-04  3.855111679770774542e-04
6.050588746498113402e+00  3.389616577873655746e-04  3.389616577873655746e-04
6.150588746498113935e+00  2.981203544437651624e-04  2.981203544437651624e-04
6.250588746498113579e+00  2.622815803897594238e-04  2.622815803897594238e-04
6.350588746498113224e+00  2.308278495779945885e-04  2.308278495779945885e-04
6.450588746498112869e+00  2.032174348088591949e-04  2.032174348088591949e-04
6.550588746498114290e+00  1.789745941551212460e-04  1.789745941551212460e-04
6.650588746498113935e+00  1.576816479631083638e-04  1.576816479631083638e-04
6.750588746498113579e+00  1.389723005982021020e-04  1.389723005982021020e-04
6.850588746498113224e+00  1.225257988768937382e-04  1.225257988768937382e-04
6.950588746498112869e+00  1.080616836284296705e-04  1.080616836284296705e-04
7.050588746498114290e+00  9.533501047065455697e-05  9.533501047065455697e-05
7.150588746498113935e+00  8.413199109359332790e-05  8.413199109359332790e-05
7.250588746498113579e+00  7.426604465252191110e-05  7.426604465252191110e-05
7.350588746498113224e+00  6.557426077611973911e-05  6.557426077611973911e-05
7.450588746498112869e+00  5.791427168257842019e-05  5.791427168257842019e-05
7.550588746498114290e+00  5.116151967940225383e-05  5.116151967940225383e-05
7.650588746498113935e+00  4.520689409073138363e-05  4.520689409073138363e-05
7.750588746498113579e+00  3.995470206462892995e-05  3.995470206462892995e-05
7.850588746498113224e+00  3.532093230927570019e-05  3.532093230927570019e-05
7.950588746498114645e+00  3.123176964438151054e-05  3.123176964438151054e-05
8.050588746498114290e+00  2.762232050997636849e-05  2.762232050997636849e-05
8.150588746498113935e+00  2.443551406713296000e-05  2.443551406713296000e-05
8.250588746498113579e+00  2.162114907846029541e-05  2.162114907846029541e-05
8.350588746498113224e+00  1.913506241500173441e-05  1.913506241500173441e-05
8.450588746498114645e+00  1.693840015242610672e-05  1.693840015242610672e-05
8.550588746498114290e+00  1.499697644929864196e-05  1.499697644929864196e-05
8.650588746498113935e+00  1.328070864825417743e-05  1.328070864825417743e-05
8.750588746498113579e+00  1.176311938240898169e-05  1.176311938240898169e-05
8.850588746498113224e+00  1.042089807380598376e-05  1.042089807380598376e-05
8.950588746498114645e+00  9.233515278876512582e-06  9.233515278876512582e-06
9.050588746498114290e+00  8.182884056346395618e-06  8.182884056346395618e-06
9.150588746498113935e+00  7.253063057575138961e-06  7.253063057575138961e-06
9.250588746498113579e+00  6.429996474486539933e-06  6.429996474486539933e-06
9.350588746498113224e+00  5.701286389419518072e-06  5.701286389419518072e-06
9.450588746498114645e+00  5.055993483182313394e-06  5.055993483182313394e-06
9.550588746498114290e+00  4.484462477269697992e-06  4.484462477269697992e-06
9.650588746498113935e+00  3.978169105022932923e-06  3.978169105022932923e-06
9.750588746498113579e+00  3.529585810674075633e-06  3.529585810674075633e-06
9.850588746498113224e+00  3.132063751372309471e-06  3.132063751372309471e-06
9.950588746498114645e+00  2.779729015708111230e-06  2.779729015708111230e-06
1.005058874649811429e+01  2.467391267930885037e-06  2.467391267930885037e-06
1.015058874649811393e+01  2.190463279461629910e-06  2.190463279461629910e-06
1.025058874649811358e+01  1.944890021321604345e-06  1.944890021321604345e-06
1.035058874649811322e+01  1.727086167732961811e-06  1.727086167732961811e-06
