-1.586956480035641714e+00  2.334041510452257697e-111  2.334041510452257697e-111
-1.486956480035641626e+00  1.463258977588208195e-103  1.463258977588208195e-103
-1.386956480035641981e+00  3.892163702179197394e-95  3.892163702179197394e-95
-1.286956480035641448e+00  4.633163812498579789e-87  4.633163812498579789e-87
-1.186956480035641803e+00  2.413682940520843154e-79  2.413682940520843154e-79
-1.086956480035641714e+00  5.502523896563681189e-72  5.502523896563681189e-72
-9.869564800356416256e-01  5.489371156898773825e-65  5.489371156898773825e-65
-8.869564800356415368e-01  2.396415916344861783e-58  2.396415916344861783e-58
-7.869564800356416701e-01  4.578052147559190984e-52  4.578052147559190984e-52
-6.869564800356418033e-01  3.827174072472130968e-46  3.827174072472130968e-46
-5.869564800356417145e-01  1.400085754803847647e-40  1.400085754803847647e-40
-4.869564800356416256e-01  2.241351646689034302e-35  2.241351646689034302e-35
-3.869564800356415368e-01  1.570161414729078633e-30  1.570161414729078633e-30
-2.869564800356416701e-01  4.813461955157988927e-26  4.813461955157988927e-26
-1.869564800356415812e-01  6.457281610179004444e-22  6.457281610179004444e-22
-8.695648003564171447e-02  3.790712530866234653e-18  3.790712530866234653e-18
1.304351996435837435e-02  9.738025678847135187e-15  9.738025678847135187e-15
1.130435199643584632e-01  1.094712105320453213e-11  1.094712105320453213e-11
2.130435199643583299e-01  5.385274760617148353e-09  5.385274760617148353e-09
3.130435199643584188e-01  1.159297108018314708e-06  1.159297108018314708e-06
4.130435199643582855e-01  1.092095403735351749e-04  1.092095403735351749e-04
5.130435199643583744e-01  4.501998507806782845e-03  4.501998507806782845e-03
6.130435199643584632e-01  8.121365471171350381e-02  8.121365471171350381e-02
7.130435199643585520e-01  6.411087485042256118e-01  6.411087485042256118e-01
8.130435199643586408e-01  2.214691773172432043e+00  2.214691773172432043e+00
9.130435199643582855e-01  3.347910366579876396e+00  3.347910366579876396e+00
1.013043519964358374e+00  2.214691782598739778e+00  2.214691782598739778e+00
1.113043519964358463e+00  6.411090646360858569e-01  6.411090646360858569e-01
1.213043519964358552e+00  8.122066639473628225e-02  8.122066639473628225e-02
1.313043519964358641e+00  4.604874898216827425e-03  4.604874898216827425e-03
1.413043519964358286e+00  1.107710832740337872e-03  1.107710832740337872e-03
1.513043519964358374e+00  6.412089003516806794e-03  6.412089003516806794e-03
1.613043519964358463e+00  2.722907918638267644e-02  2.722907918638267644e-02
1.713043519964358552e+00  7.650400894987123557e-02  7.650400894987123557e-02
1.813043519964358641e+00  1.421919436294274142e-01  1.421919436294274142e-01
1.913043519964358286e+00  1.748257071789077743e-01  1.748257071789077743e-01
2.013043519964358374e+00  1.421921684321623969e-01  1.421921684321623969e-01
2.113043519964358463e+00  7.650635586221610218e-02  7.650635586221610218e-02
2.213043519964358552e+00  2.724760095163050733e-02  2.724760095163050733e-02
2.313043519964358641e+00  6.521967533397474669e-03  6.521967533397474669e-03
2.413043519964358286e+00  1.503735673466028572e-03  1.503735673466028572e-03
2.513043519964358818e+00  1.848194063096363689e-03  1.848194063096363689e-03
2.613043519964358463e+00  4.584378595744151123e-03  4.584378595744151123e-03
2.713043519964358108e+00  9.114475831170219811e-03  9.114475831170219811e-03
2.813043519964358641e+00  1.377772913760909324e-02  1.377772913760909324e-02
2.913043519964358286e+00  1.581244130825341238e-02  1.581244130825341238e-02
3.013043519964358818e+00  1.377813053023404545e-02  1.377813053023404545e-02
3.113043519964358463e+00  9.116576670755199147e-03  9.116576670755199147e-03
3.213043519964358996e+00  4.588752581899369597e-03  4.588752581899369597e-03
3.313043519964358641e+00  1.788929777717411171e-03  1.788929777717411171e-03
3.413043519964358286e+00  6.411043697432287436e-04  6.411043697432287436e-04
3.513043519964358818e+00  4.553162081726139557e-04  4.553162081726139557e-04
3.613043519964358463e+00  7.280490016499500689e-04  7.280490016499500689e-04
3.713043519964358996e+00  1.191648249071559831e-03  1.191648249071559831e-03
3.813043519964358641e+00  1.621623339728500311e-03  1.621623339728500311e-03
3.913043519964358286e+00  1.797919540254478343e-03  1.797919540254478343e-03
4.013043519964359263e+00  1.621675159561948880e-03  1.621675159561948880e-03
4.113043519964358907e+00  1.190470001791884029e-03  1.190470001791884029e-03
4.213043519964358552e+00  7.135642457315853355e-04  7.135642457315853355e-04
4.313043519964358197e+00  3.561157923312073732e-04  3.561157923312073732e-04
4.413043519964357841e+00  1.652512691238385511e-04  1.652512691238385511e-04
4.513043519964359263e+00  1.054279687678766884e-04  1.054279687678766884e-04
4.613043519964358907e+00  1.216273085034190113e-04  1.216273085034190113e-04
4.713043519964358552e+00  1.690690252244905366e-04  1.690690252244905366e-04
4.813043519964358197e+00  2.139662764450284127e-04  2.139662764450284127e-04
4.913043519964357841e+00  2.320304934627845633e-04  2.320304934627845633e-04
5.013043519964359263e+00  2.136701642331062599e-04  2.136701642331062599e-04
5.113043519964358907e+00  1.670454652942993980e-04  1.670454652942993980e-04
5.213043519964358552e+00  1.113511921845325686e-04  1.113511921845325686e-04
5.313043519964358197e+00  6.453282868003003042e-05  6.453282868003003042e-05
5.413043519964357841e+00  3.517693104484869040e-05  3.517693104484869040e-05
5.513043519964359263e+00  2.260938623562654015e-05  2.260938623562654015e-05
5.613043519964358907e+00  2.148750836186453925e-05  2.148750836186453925e-05
5.713043519964358552e+00  2.578701189823397373e-05  2.578701189823397373e-05
5.813043519964358197e+00  3.055617205085568266e-05  3.055617205085568266e-05
5.913043519964357841e+00  3.249587692699273147e-05  3.249587692699273147e-05
6.013043519964359263e+00  3.031592680613550301e-05  3.031592680613550301e-05
6.113043519964358907e+00  2.472692844045284519e-05  2.472692844045284519e-05
6.213043519964358552e+00  1.771049703371136010e-05  1.771049703371136010e-05
6.313043519964358197e+00  1.134409678796451286e-05  1.134409678796451286e-05
6.413043519964357841e+00  6.890948810941975373e-06  6.890948810941975373e-06
6.513043519964357486e+00  4.580263912897573249e-06  4.580263912897573249e-06
6.613043519964358907e+00  3.926563831607717767e-06  3.926563831607717767e-06
6.713043519964358552e+00  4.179105164846052115e-06  4.179105164846052115e-06
6.813043519964358197e+00  4.640651122818049843e-06  4.640651122818049843e-06
6.913043519964357841e+00  4.828698576701629527e-06  4.828698576701629527e-06
7.013043519964357486e+00  4.535759630672141965e-06  4.535759630672141965e-06
7.113043519964358907e+00  3.812304226674621285e-06  3.812304226674621285e-06
7.213043519964358552e+00  2.875582509344005511e-06  2.875582509344005511e-06
7.313043519964358197e+00  1.978137444548955749e-06  1.978137444548955749e-06
7.413043519964357841e+00  1.298048108938551600e-06  1.298048108938551600e-06
7.513043519964357486e+00  8.949121691120807670e-07  8.949121691120807670e-07
7.613043519964358907e+00  7.289640715533262131e-07  7.289640715533262131e-07
7.713043519964358552e+00  7.095608995921975672e-07  7.095608995921975672e-07
7.813043519964358197e+00  7.409926354780439510e-07  7.409926354780439510e-07
7.913043519964357841e+00  7.517733749381966926e-07  7.517733749381966926e-07
8.013043519964359263e+00  7.070034705519551025e-07  7.070034705519551025e-07
8.113043519964358907e+00  6.070115818952882537e-07  6.070115818952882537e-07
8.213043519964358552e+00  4.758775271818614408e-07  4.758775271818614408e-07
8.313043519964358197e+00  3.452041889083556369e-07  3.452041889083556369e-07
8.413043519964357841e+00  2.399164449406577869e-07  2.399164449406577869e-07
8.513043519964359263e+00  1.710501246024186328e-07  1.710501246024186328e-07
8.613043519964358907e+00  1.361795512008166407e-07  1.361795512008166407e-07
8.713043519964358552e+00  1.245574027859734893e-07  1.245574027859734893e-07
8.813043519964358197e+00  1.232238060410974065e-07  1.232238060410974065e-07
8.913043519964357841e+00  1.216299413370114958e-07  1.216299413370114958e-07
9.013043519964359263e+00  1.139508079513222647e-07  1.139508079513222647e-07
9.113043519964358907e+00  9.925111416967317629e-08  9.925111416967317629e-08
9.213043519964358552e+00  8.010696215168663212e-08  8.010696215168663212e-08
9.313043519964358197e+00  6.051295780173735431e-08  6.051295780173735431e-08
9.413043519964357841e+00  4.395319754059869117e-08  4.395319754059869117e-08
9.513043519964359263e+00  3.226963297925492822e-08  3.226963297925492822e-08
9.613043519964358907e+00  2.549268457215752815e-08  2.549268457215752815e-08
9.713043519964358552e+00  2.237124278316997506e-08  2.237124278316997506e-08
9.813043519964358197e+00  2.116319073550233568e-08  2.116319073550233568e-08
9.913043519964357841e+00  2.032158406019520505e-08  2.032158406019520505e-08
1.001304351996435926e+01  1.889238642495928373e-08  1.889238642495928373e-08
1.011304351996435891e+01  1.659976094039903918e-08  1.659976094039903918e-08
1.021304351996435855e+01  1.369279127442092706e-08  1.369279127442092706e-08
1.031304351996435820e+01  1.067291181009322212e-08  1.067291181009322212e-08
1.041304351996435784e+01  8.025140909915931133e-09  8.025140909915931133e-09
