-1.530927835041396179e+00  3.178234167776856334e-42  3.178234167776856334e-42
-1.430927835041395646e+00  5.434654432728894126e-39  5.434654432728894126e-39
-1.330927835041396001e+00  7.576123026288993156e-36  7.576123026288993156e-36
-1.230927835041395912e+00  7.846624397358139318e-33  7.846624397358139318e-33
-1.130927835041395824e+00  5.976908734532415850e-30  5.976908734532415850e-30
-1.030927835041396179e+00  3.344347199906240729e-27  3.344347199906240729e-27
-9.309278350413958680e-01  1.374414333524664375e-24  1.374414333524664375e-24
-8.309278350413960013e-01  4.148440627160998237e-22  4.148440627160998237e-22
-7.309278350413959124e-01  9.196256526362621095e-20  9.196256526362621095e-20
-6.309278350413958236e-01  1.497255404879176583e-17  1.497255404879176583e-17
-5.309278350413959568e-01  1.790355307046376801e-15  1.790355307046376801e-15
-4.309278350413958680e-01  1.572320474810352820e-13  1.572320474810352820e-13
-3.309278350413957792e-01  1.014148163584222126e-11  1.014148163584222126e-11
-2.309278350413959124e-01  4.804190741580423190e-10  4.804190741580423190e-10
-1.309278350413958236e-01  1.671466085951043601e-08  1.671466085951043601e-08
-3.092783504139595685e-02  4.271037553539342742e-07  4.271037553539342742e-07
6.907216495860413197e-02  8.015446217135454749e-06  8.015446217135454749e-06
1.690721649586042208e-01  1.104791978562384838e-04  1.104791978562384838e-04
2.690721649586040876e-01  1.118386237609788258e-03  1.118386237609788258e-03
3.690721649586041764e-01  8.314987691469950121e-03  8.314987691469950121e-03
4.690721649586040432e-01  4.540355975379087305e-02  4.540355975379087305e-02
5.690721649586041320e-01  1.820860608538500680e-01  1.820860608538500680e-01
6.690721649586042208e-01  5.363175685441060603e-01  5.363175685441060603e-01
7.690721649586043096e-01  1.160181565267482950e+00  1.160181565267482950e+00
8.690721649586043984e-01  1.843269735666716702e+00  1.843269735666716702e+00
9.690721649586040432e-01  2.150862809636173711e+00  2.150862809636173711e+00
1.069072164958604132e+00  1.843351308677011469e+00  1.843351308677011469e+00
1.169072164958604221e+00  1.160498241582726742e+00  1.160498241582726742e+00
1.269072164958604310e+00  5.373271388546213556e-01  5.373271388546213556e-01
1.369072164958604398e+00  1.848390923175325107e-01  1.848390923175325107e-01
1.469072164958604043e+00  5.183676856041726649e-02  5.183676856041726649e-02
1.569072164958604132e+00  2.119814598861176347e-02  2.119814598861176347e-02
1.669072164958604221e+00  2.322885542102266429e-02  2.322885542102266429e-02
1.769072164958604310e+00  3.263099570079432826e-02  3.263099570079432826e-02
1.869072164958604398e+00  4.100094006067242502e-02  4.100094006067242502e-02
1.969072164958604043e+00  4.428744962148364883e-02  4.428744962148364883e-02
2.069072164958604354e+00  4.101429152234975506e-02  4.101429152234975506e-02
2.169072164958603999e+00  3.257824716989797531e-02  3.257824716989797531e-02
2.269072164958604532e+00  2.223716108791981214e-02  2.223716108791981214e-02
2.369072164958604176e+00  1.313088111832799894e-02  1.313088111832799894e-02
2.469072164958603821e+00  6.869540112384979295e-03  6.869540112384979295e-03
2.569072164958604354e+00  3.446311737333190676e-03  3.446311737333190676e-03
2.669072164958603999e+00  2.003485396730844519e-03  2.003485396730844519e-03
2.769072164958603643e+00  1.602789285653441736e-03  1.602789285653441736e-03
2.869072164958604176e+00  1.585770119876863012e-03  1.585770119876863012e-03
2.969072164958603821e+00  1.600014221485294812e-03  1.600014221485294812e-03
3.069072164958604354e+00  1.506641985799631565e-03  1.506641985799631565e-03
3.169072164958603999e+00  1.291830556341547372e-03  1.291830556341547372e-03
3.269072164958604532e+00  1.004497971035018264e-03  1.004497971035018264e-03
3.369072164958604176e+00  7.108934856769806056e-04  7.108934856769806056e-04
3.469072164958603821e+00  4.633115855248275670e-04  4.633115855248275670e-04
3.569072164958604354e+00  2.859654097034012004e-04  2.859654097034012004e-04
3.669072164958603999e+00  1.769818376558770264e-04  1.769818376558770264e-04
3.769072164958604532e+00  1.193763603861071500e-04  1.193763603861071500e-04
3.869072164958604176e+00  9.265111724432376474e-05  9.265111724432376474e-05
3.969072164958603821e+00  8.014120863072233484e-05  8.014120863072233484e-05
4.069072164958604354e+00  7.151047266413059801e-05  7.151047266413059801e-05
4.169072164958603999e+00  6.210347731470118972e-05  6.210347731470118972e-05
4.269072164958604532e+00  5.106475047591893529e-05  5.106475047591893529e-05
4.369072164958604176e+00  3.942279995598871496e-05  3.942279995598871496e-05
4.469072164958603821e+00  2.865319005915768704e-05  2.865319005915768704e-05
4.569072164958604354e+00  1.984643107047462358e-05  1.984643107047462358e-05
4.669072164958603999e+00  1.341543345777882821e-05  1.341543345777882821e-05
4.769072164958604532e+00  9.176972582344428413e-06  9.176972582344428413e-06
4.869072164958604176e+00  6.607782752476814940e-06  6.607782752476814940e-06
4.969072164958603821e+00  5.108085134255642934e-06  5.108085134255642934e-06
5.069072164958604354e+00  4.178826892760330073e-06  4.178826892760330073e-06
5.169072164958603999e+00  3.492913255794903955e-06  3.492913255794903955e-06
5.269072164958604532e+00  2.886725705561830389e-06  2.886725705561830389e-06
5.369072164958604176e+00  2.311886806567410052e-06  2.311886806567410052e-06
5.469072164958603821e+00  1.780123946797578878e-06  1.780123946797578878e-06
5.569072164958604354e+00  1.320012955501751135e-06  1.320012955501751135e-06
5.669072164958603999e+00  9.518647978716095407e-07  9.518647978716095407e-07
5.769072164958604532e+00  6.789594144792698016e-07  6.789594144792698016e-07
5.869072164958604176e+00  4.896040833463710732e-07  4.896040833463710732e-07
5.969072164958603821e+00  3.639855941125798081e-07  3.639855941125798081e-07
6.069072164958604354e+00  2.812073496794041014e-07  2.812073496794041014e-07
6.169072164958603999e+00  2.240394629645467186e-07  2.240394629645467186e-07
6.269072164958604532e+00  1.808219464533478545e-07  1.808219464533478545e-07
6.369072164958604176e+00  1.451522572816443917e-07  1.451522572816443917e-07
6.469072164958603821e+00  1.144091674584254270e-07  1.144091674584254270e-07
6.569072164958603466e+00  8.804597942102385054e-08  8.804597942102385054e-08
6.669072164958604887e+00  6.622855616775336087e-08  6.622855616775336087e-08
6.769072164958604532e+00  4.902787767293867020e-08  4.902787767293867020e-08
6.869072164958604176e+00  3.611990971411443542e-08  3.611990971411443542e-08
6.969072164958603821e+00  2.682240545126533944e-08  2.682240545126533944e-08
7.069072164958603466e+00  2.028199606061260033e-08  2.028199606061260033e-08
7.169072164958604887e+00  1.567070988271291484e-08  1.567070988271291484e-08
7.269072164958604532e+00  1.231700641135423754e-08  1.231700641135423754e-08
7.369072164958604176e+00  9.753769892066041201e-09  9.753769892066041201e-09
7.469072164958603821e+00  7.701213831665389635e-09  7.701213831665389635e-09
7.569072164958603466e+00  6.015656308548859877e-09  6.015656308548859877e-09
7.669072164958604887e+00  4.632200795002827422e-09  4.632200795002827422e-09
7.769072164958604532e+00  3.518943383085298084e-09  3.518943383085298084e-09
7.869072164958604176e+00  2.649211736071296677e-09  2.649211736071296677e-09
7.969072164958603821e+00  1.990302210595955677e-09  1.990302210595955677e-09
8.069072164958605242e+00  1.503253555089438046e-09  1.503253555089438046e-09
8.169072164958604887e+00  1.147668162690165578e-09  1.147668162690165578e-09
8.269072164958604532e+00  8.870580556584133880e-10  8.870580556584133880e-10
8.369072164958604176e+00  6.922990515427743382e-10  6.922990515427743382e-10
8.469072164958603821e+00  5.426012278036396046e-10  5.426012278036396046e-10
8.569072164958605242e+00  4.245329510838627603e-10  4.245329510838627603e-10
8.669072164958604887e+00  3.300548155751444259e-10  3.300548155751444259e-10
8.769072164958604532e+00  2.544353569400280912e-10  2.544353569400280912e-10
8.869072164958604176e+00  1.945957771871752987e-10  1.945957771871752987e-10
8.969072164958603821e+00  1.480798220541449243e-10  1.480798220541449243e-10
9.069072164958605242e+00  1.125891478586559991e-10  1.125891478586559991e-10
9.169072164958604887e+00  8.589949747684837084e-11  8.589949747684837084e-11
9.269072164958604532e+00  6.595752546813344265e-11  6.595752546813344265e-11
9.369072164958604176e+00  5.100718446789198946e-11  5.100718446789198946e-11
9.469072164958603821e+00  3.966424475368669042e-11  3.966424475368669042e-11
9.569072164958605242e+00  3.091771230025139430e-11  3.091771230025139430e-11
9.669072164958604887e+00  2.407419363744433183e-11  2.407419363744433183e-11
9.769072164958604532e+00  1.867523194728684042e-11  1.867523194728684042e-11
9.869072164958604176e+00  1.441509191181147111e-11  1.441509191181147111e-11
9.969072164958603821e+00  1.107601653385059901e-11  1.107601653385059901e-11
1.006907216495860524e+01  8.486615325922508098e-12  8.486615325922508098e-12
1.016907216495860489e+01  6.500777067305689960e-12  6.500777067305689960e-12
1.026907216495860453e+01  4.990517048543746853e-12  4.990517048543746853e-12
1.036907216495860418e+01  3.845780582057603260e-12  3.845780582057603260e-12
1.046907216495860382e+01  2.975949983904079522e-12  2.975949983904079522e-12
