-1.552631578081667740e+00  3.156680991594671708e-47  3.156680991594671708e-47
-1.452631578081667652e+00  1.201671258896623465e-43  1.201671258896623465e-43
-1.352631578081667563e+00  3.999742793549042582e-40  3.999742793549042582e-40
-1.252631578081667918e+00  9.601384213046319198e-37  9.601384213046319198e-37
-1.152631578081667829e+00  1.633597651383711909e-33  1.633597651383711909e-33
-1.052631578081667740e+00  1.966833198846445687e-30  1.966833198846445687e-30
-9.526315780816676515e-01  1.675429503673660436e-27  1.675429503673660436e-27
-8.526315780816675627e-01  1.009744653162209405e-24  1.009744653162209405e-24
-7.526315780816676959e-01  4.305487733084632022e-22  4.305487733084632022e-22
-6.526315780816678291e-01  1.298847924162583626e-19  1.298847924162583626e-19
-5.526315780816677403e-01  2.772166815990193255e-17  2.772166815990193255e-17
-4.526315780816676515e-01  4.186060620627331293e-15  4.186060620627331293e-15
-3.526315780816675627e-01  4.472154102328015548e-13  4.472154102328015548e-13
-2.526315780816676959e-01  3.380283302971033334e-11  3.380283302971033334e-11
-1.526315780816676071e-01  1.807650781400992514e-09  1.807650781400992514e-09
-5.263157808166774032e-02  6.839133151908978491e-08  6.839133151908978491e-08
4.736842191833234850e-02  1.830681015721674567e-06  1.830681015721674567e-06
1.473684219183324373e-01  3.466964458541362600e-05  3.466964458541362600e-05
2.473684219183323041e-01  4.645272484449152004e-04  4.645272484449152004e-04
3.473684219183323929e-01  4.403500925334914023e-03  4.403500925334914023e-03
4.473684219183322597e-01  2.953317125937875154e-02  2.953317125937875154e-02
5.473684219183323485e-01  1.401351789867232855e-01  1.401351789867232855e-01
6.473684219183324373e-01  4.704455543052240563e-01  4.704455543052240563e-01
7.473684219183325261e-01  1.117369260353044069e+00  1.117369260353044069e+00
8.473684219183326150e-01  1.877627601557926074e+00  1.877627601557926074e+00
9.473684219183322597e-01  2.232281586419362807e+00  2.232281586419362807e+00
1.047368421918332348e+00  1.877693451273392267e+00  1.877693451273392267e+00
1.147368421918332437e+00  1.117664829564871898e+00  1.117664829564871898e+00
1.247368421918332526e+00  4.715284975959538882e-01  4.715284975959538882e-01
1.347368421918332615e+00  1.434695378162804957e-01  1.434695378162804957e-01
1.447368421918332260e+00  3.816830421017759073e-02  3.816830421017759073e-02
1.547368421918332348e+00  2.321348026376375204e-02  2.321348026376375204e-02
1.647368421918332437e+00  3.492897992558343517e-02  3.492897992558343517e-02
1.747368421918332526e+00  5.315009231340189766e-02  5.315009231340189766e-02
1.847368421918332615e+00  6.885813124014021624e-02  6.885813124014021624e-02
1.947368421918332260e+00  7.508725894656494149e-02  7.508725894656494149e-02
2.047368421918332348e+00  6.889315959209779683e-02  6.889315959209779683e-02
2.147368421918332437e+00  5.322344872504070762e-02  5.322344872504070762e-02
2.247368421918332526e+00  3.472334280992687289e-02  3.472334280992687289e-02
2.347368421918332615e+00  1.935838182770461061e-02  1.935838182770461061e-02
2.447368421918332260e+00  9.669431716760061926e-03  9.669431716760061926e-03
2.547368421918332793e+00  5.072446050032855015e-03  5.072446050032855015e-03
2.647368421918332437e+00  3.685598076552437131e-03  3.685598076552437131e-03
2.747368421918332082e+00  3.768689875341347563e-03  3.768689875341347563e-03
2.847368421918332615e+00  4.197714294711032447e-03  4.197714294711032447e-03
2.947368421918332260e+00  4.390459078631863375e-03  4.390459078631863375e-03
3.047368421918332793e+00  4.139792920829028257e-03  4.139792920829028257e-03
3.147368421918332437e+00  3.492591944665684404e-03  3.492591944665684404e-03
3.247368421918332970e+00  2.640902710127821656e-03  2.640902710127821656e-03
3.347368421918332615e+00  1.805512097230272664e-03  1.805512097230272664e-03
3.447368421918332260e+00  1.142903967144186152e-03  1.142903967144186152e-03
3.547368421918332793e+00  7.087696783079501083e-04  7.087696783079501083e-04
3.647368421918332437e+00  4.761876420773775262e-04  4.761876420773775262e-04
3.747368421918332970e+00  3.786379371090793818e-04  3.786379371090793818e-04
3.847368421918332615e+00  3.480042348634223410e-04  3.480042348634223410e-04
3.947368421918332260e+00  3.347417214465939249e-04  3.347417214465939249e-04
4.047368421918332793e+00  3.123563178052218251e-04  3.123563178052218251e-04
4.147368421918332437e+00  2.733354926029179675e-04  2.733354926029179675e-04
4.247368421918332970e+00  2.221048930399525750e-04  2.221048930399525750e-04
4.347368421918332615e+00  1.679993009400924280e-04  1.679993009400924280e-04
4.447368421918332260e+00  1.198187553981725048e-04  1.198187553981725048e-04
4.547368421918332793e+00  8.279085918162561056e-05  8.279085918162561056e-05
4.647368421918332437e+00  5.796577918000737190e-05  5.796577918000737190e-05
4.747368421918332970e+00  4.330737153408768575e-05  4.330737153408768575e-05
4.847368421918332615e+00  3.541082438667772546e-05  3.541082438667772546e-05
4.947368421918332260e+00  3.097668262117008229e-05  3.097668262117008229e-05
5.047368421918332793e+00  2.764121980169020721e-05  2.764121980169020721e-05
5.147368421918332437e+00  2.417720618094472244e-05  2.417720618094472244e-05
5.247368421918332970e+00  2.028402632463886389e-05  2.028402632463886389e-05
5.347368421918332615e+00  1.621005558923207916e-05  1.621005558923207916e-05
5.447368421918332260e+00  1.238677231616871508e-05  1.238677231616871508e-05
5.547368421918332793e+00  9.172682643565586031e-06  9.172682643565586031e-06
5.647368421918332437e+00  6.734943816055207285e-06  6.734943816055207285e-06
5.747368421918332970e+00  5.046676692629198144e-06  5.046676692629198144e-06
5.847368421918332615e+00  3.952235217948766891e-06  3.952235217948766891e-06
5.947368421918332260e+00  3.250677448074352971e-06  3.250677448074352971e-06
6.047368421918332793e+00  2.762334325617067002e-06  2.762334325617067002e-06
6.147368421918332437e+00  2.363709275149682367e-06  2.363709275149682367e-06
6.247368421918332970e+00  1.992589403791871603e-06  1.992589403791871603e-06
6.347368421918332615e+00  1.633996699133193744e-06  1.633996699133193744e-06
6.447368421918332260e+00  1.299057161159031612e-06  1.299057161159031612e-06
6.547368421918331904e+00  1.005916260559206158e-06  1.005916260559206158e-06
6.647368421918333325e+00  7.674075882073878111e-07  7.674075882073878111e-07
6.747368421918332970e+00  5.862381465741739740e-07  5.862381465741739740e-07
6.847368421918332615e+00  4.559080048718624176e-07  4.559080048718624176e-07
6.947368421918332260e+00  3.645935738969484418e-07  3.645935738969484418e-07
7.047368421918331904e+00  2.994687546575047203e-07  2.994687546575047203e-07
7.147368421918333325e+00  2.498597379116307379e-07  2.498597379116307379e-07
7.247368421918332970e+00  2.086723232132994772e-07  2.086723232132994772e-07
7.347368421918332615e+00  1.723159437453953969e-07  1.723159437453953969e-07
7.447368421918332260e+00  1.397331637628789868e-07  1.397331637628789868e-07
7.547368421918331904e+00  1.111744696959672887e-07  1.111744696959672887e-07
7.647368421918333325e+00  8.717646393846727987e-08  8.717646393846727987e-08
7.747368421918332970e+00  6.795391224794917462e-08  6.795391224794917462e-08
7.847368421918332615e+00  5.320613207782727565e-08  5.320613207782727565e-08
7.947368421918332260e+00  4.221402065289763104e-08  4.221402065289763104e-08
8.047368421918333681e+00  3.406799651743924200e-08  3.406799651743924200e-08
8.147368421918333325e+00  2.789433865613522285e-08  2.789433865613522285e-08
8.247368421918332970e+00  2.300391917211223375e-08  2.300391917211223375e-08
8.347368421918332615e+00  1.894388178695089775e-08  1.894388178695089775e-08
8.447368421918332260e+00  1.547193257808764431e-08  1.547193257808764431e-08
8.547368421918333681e+00  1.248962726553120519e-08  1.248962726553120519e-08
8.647368421918333325e+00  9.969431139356854754e-09  9.969431139356854754e-09
8.747368421918332970e+00  7.898493705287382346e-09  7.898493705287382346e-09
8.847368421918332615e+00  6.247929369944198642e-09  6.247929369944198642e-09
8.947368421918332260e+00  4.965264323862029856e-09  4.965264323862029856e-09
9.047368421918333681e+00  3.981794723243821129e-09  3.981794723243821129e-09
9.147368421918333325e+00  3.225594448051009031e-09  3.225594448051009031e-09
9.247368421918332970e+00  2.633126356375808134e-09  2.633126356375808134e-09
9.347368421918332615e+00  2.155861359521690976e-09  2.155861359521690976e-09
9.447368421918332260e+00  1.761434585211561616e-09  1.761434585211561616e-09
9.547368421918333681e+00  1.430840503839421625e-09  1.430840503839421625e-09
9.647368421918333325e+00  1.153853856884597860e-09  1.153853856884597860e-09
9.747368421918332970e+00  9.245779865153773510e-10  9.245779865153773510e-10
9.847368421918332615e+00  7.382540572575128723e-10  7.382540572575128723e-10
9.947368421918332260e+00  5.896505055604871414e-10  5.896505055604871414e-10
1.004736842191833368e+01  4.727638110840035909e-10  4.727638110840035909e-10
1.014736842191833333e+01  3.812901605324533406e-10  3.812901605324533406e-10
1.024736842191833297e+01  3.093286602762085651e-10  3.093286602762085651e-10
1.034736842191833261e+01  2.519401200553649847e-10  2.519401200553649847e-10
1.044736842191833226e+01  2.053954505451033448e-10  2.053954505451033448e-10
