-1.563829783357135739e+00  1.975237827294978621e-60  1.975237827294978621e-60
-1.463829783357135206e+00  6.607747335984715098e-56  6.607747335984715098e-56
-1.363829783357135561e+00  2.216080979092936943e-51  2.216080979092936943e-51
-1.263829783357135472e+00  4.875411781719404304e-47  4.875411781719404304e-47
-1.163829783357135383e+00  6.885010163669148977e-43  6.885010163669148977e-43
-1.063829783357135739e+00  6.234583563163688918e-39  6.234583563163688918e-39
-9.638297833571354278e-01  3.619867983649530627e-35  3.619867983649530627e-35
-8.638297833571355611e-01  1.347592066545271432e-31  1.347592066545271432e-31
-7.638297833571354722e-01  3.216654471261871897e-28  3.216654471261871897e-28
-6.638297833571353834e-01  4.923008799154832720e-25  4.923008799154832720e-25
-5.638297833571355167e-01  4.831000058558875276e-22  4.831000058558875276e-22
-4.638297833571354278e-01  3.039650868897137744e-19  3.039650868897137744e-19
-3.638297833571353390e-01  1.226282682643321373e-16  1.226282682643321373e-16
-2.638297833571354722e-01  3.172033147063023812e-14  3.172033147063023812e-14
-1.638297833571353834e-01  5.260960837167984636e-12  5.260960837167984636e-12
-6.382978335713551665e-02  5.594646505888278812e-10  5.594646505888278812e-10
3.617021664286457217e-02  3.814700652155634775e-08  3.814700652155634775e-08
1.361702166428646610e-01  1.667740618648614734e-06  1.667740618648614734e-06
2.361702166428645278e-01  4.674947944380611732e-05  4.674947944380611732e-05
3.361702166428646166e-01  8.402437343573180770e-04  8.402437343573180770e-04
4.361702166428644833e-01  9.683091065382396986e-03  9.683091065382396986e-03
5.361702166428645722e-01  7.154890311775836953e-02  7.154890311775836953e-02
6.361702166428646610e-01  3.389785166739551214e-01  3.389785166739551214e-01
7.361702166428647498e-01  1.029725821131359131e+00  1.029725821131359131e+00
8.361702166428648386e-01  2.005632157875814947e+00  2.005632157875814947e+00
9.361702166428644833e-01  2.504732766565337165e+00  2.504732766565337165e+00
1.036170216642864572e+00  2.005644363472291136e+00  2.005644363472291136e+00
1.136170216642864661e+00  1.029807472507411115e+00  1.029807472507411115e+00
1.236170216642864750e+00  3.394108780022070948e-01  3.394108780022070948e-01
1.336170216642864839e+00  7.338190029075095100e-02  7.338190029075095100e-02
1.436170216642864483e+00  1.590560945085316494e-02  1.590560945085316494e-02
1.536170216642864572e+00  1.775480473380301738e-02  1.775480473380301738e-02
1.636170216642864661e+00  3.686350710614007264e-02  3.686350710614007264e-02
1.736170216642864750e+00  6.417004318610235181e-02  6.417004318610235181e-02
1.836170216642864839e+00  8.955488189161268930e-02  8.955488189161268930e-02
1.936170216642864483e+00  1.000824571844459859e-01  1.000824571844459859e-01
2.036170216642864794e+00  8.957112446859724630e-02  8.957112446859724630e-02
2.136170216642864439e+00  6.422869256974436669e-02  6.422869256974436669e-02
2.236170216642864972e+00  3.700044997481656550e-02  3.700044997481656550e-02
2.336170216642864617e+00  1.739579641587228609e-02  1.739579641587228609e-02
2.436170216642864261e+00  7.309521102734908501e-03  7.309521102734908501e-03
2.536170216642864794e+00  3.950197011879311680e-03  3.950197011879311680e-03
2.636170216642864439e+00  3.988310286932685196e-03  3.988310286932685196e-03
2.736170216642864084e+00  5.231768203471232406e-03  5.231768203471232406e-03
2.836170216642864617e+00  6.444527087125771249e-03  6.444527087125771249e-03
2.936170216642864261e+00  6.929768358294240843e-03  6.929768358294240843e-03
3.036170216642864794e+00  6.438289665511563210e-03  6.438289665511563210e-03
3.136170216642864439e+00  5.167126381812492397e-03  5.167126381812492397e-03
3.236170216642864972e+00  3.595502305949086364e-03  3.595502305949086364e-03
3.336170216642864617e+00  2.198733247168623266e-03  2.198733247168623266e-03
3.436170216642864261e+00  1.237246430964619465e-03  1.237246430964619465e-03
3.536170216642864794e+00  7.289568397150293947e-04  7.289568397150293947e-04
3.636170216642864439e+00  5.492047071990304244e-04  5.492047071990304244e-04
3.736170216642864972e+00  5.430478436612669931e-04  5.430478436612669931e-04
3.836170216642864617e+00  5.874138763138978111e-04  5.874138763138978111e-04
3.936170216642864261e+00  6.074334334001982132e-04  6.074334334001982132e-04
4.036170216642864794e+00  5.724836326313805911e-04  5.724836326313805911e-04
4.136170216642864439e+00  4.860915177618608022e-04  4.860915177618608022e-04
4.236170216642864972e+00  3.722183650889405852e-04  3.722183650889405852e-04
4.336170216642864617e+00  2.597207151404355447e-04  2.597207151404355447e-04
4.436170216642864261e+00  1.698242074181478757e-04  1.698242074181478757e-04
4.536170216642864794e+00  1.107575111010763481e-04  1.107575111010763481e-04
4.636170216642864439e+00  7.948440073422659096e-05  7.948440073422659096e-05
4.736170216642864972e+00  6.703227101141679041e-05  6.703227101141679041e-05
4.836170216642864617e+00  6.365701110368011310e-05  6.365701110368011310e-05
4.936170216642864261e+00  6.196307352268874029e-05  6.196307352268874029e-05
5.036170216642864794e+00  5.793358904312208177e-05  5.793358904312208177e-05
5.136170216642864439e+00  5.058654145782657966e-05  5.058654145782657966e-05
5.236170216642864972e+00  4.095524444274247237e-05  4.095524444274247237e-05
5.336170216642864617e+00  3.089746118424096903e-05  3.089746118424096903e-05
5.436170216642864261e+00  2.210253583946156331e-05  2.210253583946156331e-05
5.536170216642864794e+00  1.552739844361697980e-05  1.552739844361697980e-05
5.636170216642864439e+00  1.130015901273564875e-05  1.130015901273564875e-05
5.736170216642864972e+00  8.952789829873465796e-06  8.952789829873465796e-06
5.836170216642864617e+00  7.771024511576249522e-06  7.771024511576249522e-06
5.936170216642864261e+00  7.090311831917251070e-06  7.090311831917251070e-06
6.036170216642864794e+00  6.460096850133354748e-06  6.460096850133354748e-06
6.136170216642864439e+00  5.678910059512858250e-06  5.678910059512858250e-06
6.236170216642864972e+00  4.742790671494781881e-06  4.742790671494781881e-06
6.336170216642864617e+00  3.756633752077524897e-06  3.756633752077524897e-06
6.436170216642864261e+00  2.848443059582904080e-06  2.848443059582904080e-06
6.536170216642863906e+00  2.110838037774436712e-06  2.110838037774436712e-06
6.636170216642865327e+00  1.577623285170245171e-06  1.577623285170245171e-06
6.736170216642864972e+00  1.229619267040951035e-06  1.229619267040951035e-06
6.836170216642864617e+00  1.016537193942419926e-06  1.016537193942419926e-06
6.936170216642864261e+00  8.813080299277225155e-07  8.813080299277225155e-07
7.036170216642863906e+00  7.777824103043597178e-07  7.777824103043597178e-07
7.136170216642865327e+00  6.785891491212285998e-07  6.785891491212285998e-07
7.236170216642864972e+00  5.744600450826734610e-07  5.744600450826734610e-07
7.336170216642864617e+00  4.685110573027800538e-07  4.685110573027800538e-07
7.436170216642864261e+00  3.691503764154644006e-07  3.691503764154644006e-07
7.536170216642863906e+00  2.842873699115649977e-07  2.842873699115649977e-07
7.636170216642865327e+00  2.181122847235592198e-07  2.181122847235592198e-07
7.736170216642864972e+00  1.704524613025213918e-07  1.704524613025213918e-07
7.836170216642864617e+00  1.379030072603465742e-07  1.379030072603465742e-07
7.936170216642864261e+00  1.156688103397938981e-07  1.156688103397938981e-07
8.036170216642865682e+00  9.923353541546053623e-08  9.923353541546053623e-08
8.136170216642865327e+00  8.537081693170258385e-08  8.537081693170258385e-08
8.236170216642864972e+00  7.241557801537486151e-08  7.241557801537486151e-08
8.336170216642864617e+00  5.998404093293405493e-08  5.998404093293405493e-08
8.436170216642864261e+00  4.843425163897423874e-08  4.843425163897423874e-08
8.536170216642865682e+00  3.832948789728105103e-08  3.832948789728105103e-08
8.636170216642865327e+00  3.006685862700350144e-08  3.006685862700350144e-08
8.736170216642864972e+00  2.372093763236042168e-08  2.372093763236042168e-08
8.836170216642864617e+00  1.906653646676390359e-08  1.906653646676390359e-08
8.936170216642864261e+00  1.570225093065672251e-08  1.570225093065672251e-08
9.036170216642865682e+00  1.319457549716233577e-08  1.319457549716233577e-08
9.136170216642865327e+00  1.118672772016390922e-08  1.118672772016390922e-08
9.236170216642864972e+00  9.449245603945690875e-09  9.449245603945690875e-09
9.336170216642864617e+00  7.877052580256737550e-09  7.877052580256737550e-09
9.436170216642864261e+00  6.453171014369424949e-09  6.453171014369424949e-09
9.536170216642865682e+00  5.202351306970801911e-09  5.202351306970801911e-09
9.636170216642865327e+00  4.152389003210361226e-09  4.152389003210361226e-09
9.736170216642864972e+00  3.311864002090460988e-09  3.311864002090460988e-09
9.836170216642864617e+00  2.664646958293464770e-09  2.664646958293464770e-09
9.936170216642864261e+00  2.176167976140463812e-09  2.176167976140463812e-09
1.003617021664286568e+01  1.804675236909476741e-09  1.804675236909476741e-09
1.013617021664286533e+01  1.511744232375525218e-09  1.511744232375525218e-09
1.023617021664286497e+01  1.268755336925547087e-09  1.268755336925547087e-09
1.033617021664286462e+01  1.058621900622969154e-09  1.058621900622969154e-09
1.043617021664286426e+01  8.738660634998843321e-10  8.738660634998843321e-10
