-1.500000000000000000e+00  1.276852598503994234e-60  1.276852598503994234e-60
-1.399999999999999911e+00  6.841087151946024551e-56  6.841087151946024551e-56
-1.299999999999999822e+00  2.350118233039097528e-51  2.350118233039097528e-51
-1.200000000000000178e+00  5.176479887378580492e-47  5.176479887378580492e-47
-1.100000000000000089e+00  7.310710395926475918e-43  7.310710395926475918e-43
-1.000000000000000000e+00  6.620104726654428682e-39  6.620104726654428682e-39
-8.999999999999999112e-01  3.843707840743091066e-35  3.843707840743091066e-35
-7.999999999999998224e-01  1.430922490442060786e-31  1.430922490442060786e-31
-6.999999999999999556e-01  3.415561268138626896e-28  3.415561268138626896e-28
-6.000000000000000888e-01  5.227430659359824616e-25  5.227430659359824616e-25
-5.000000000000000000e-01  5.129732417804279958e-22  5.129732417804279958e-22
-3.999999999999999112e-01  3.227612381162906677e-19  3.227612381162906677e-19
-2.999999999999998224e-01  1.302111768794774856e-16  1.302111768794774856e-16
-1.999999999999999556e-01  3.368180722357928383e-14  3.368180722357928383e-14
-9.999999999999986677e-02  5.586280486793122247e-12  5.586280486793122247e-12
0.000000000000000000e+00  5.940600124901456090e-10  5.940600124901456090e-10
1.000000000000000888e-01  4.050588566548871840e-08  4.050588566548871840e-08
2.000000000000001776e-01  1.770867939014617793e-06  1.770867939014617793e-06
3.000000000000000444e-01  4.964030580420011071e-05  4.964030580420011071e-05
4.000000000000001332e-01  8.922015050992390369e-04  8.922015050992390369e-04
5.000000000000000000e-01  1.028185997527404465e-02  1.028185997527404465e-02
6.000000000000000888e-01  7.597324015864971580e-02  7.597324015864971580e-02
7.000000000000001776e-01  3.599397767545878257e-01  3.599397767545878257e-01
8.000000000000002665e-01  1.093400497839960073e+00  1.093400497839960073e+00
9.000000000000003553e-01  2.129653370149018343e+00  2.129653370149018343e+00
1.000000000000000000e+00  2.659615202676218093e+00  2.659615202676218093e+00
1.100000000000000089e+00  2.129653370149014346e+00  2.129653370149014346e+00
1.200000000000000178e+00  1.093400497839955854e+00  1.093400497839955854e+00
1.300000000000000266e+00  3.599397767545857718e-01  3.599397767545857718e-01
1.400000000000000355e+00  7.597324015864911906e-02  7.597324015864911906e-02
1.500000000000000000e+00  1.028185997527404465e-02  1.028185997527404465e-02
1.600000000000000089e+00  8.922015050992342664e-04  8.922015050992342664e-04
1.700000000000000178e+00  4.964030580419975835e-05  4.964030580419975835e-05
1.800000000000000266e+00  1.770867939014589629e-06  1.770867939014589629e-06
1.900000000000000355e+00  4.050588566548799709e-08  4.050588566548799709e-08
2.000000000000000000e+00  5.940600124901456090e-10  5.940600124901456090e-10
2.100000000000000089e+00  5.586280486793082665e-12  5.586280486793082665e-12
2.200000000000000178e+00  3.368180722357904402e-14  3.368180722357904402e-14
2.300000000000000266e+00  1.302111768794737631e-16  1.302111768794737631e-16
2.400000000000000355e+00  3.227612381162815195e-19  3.227612381162815195e-19
2.500000000000000000e+00  5.129732417804279958e-22  5.129732417804279958e-22
2.600000000000000533e+00  5.227430659359676761e-25  5.227430659359676761e-25
2.700000000000000178e+00  3.415561268138529590e-28  3.415561268138529590e-28
2.799999999999999822e+00  1.430922490442060786e-31  1.430922490442060786e-31
2.900000000000000355e+00  3.843707840742981483e-35  3.843707840742981483e-35
3.000000000000000000e+00  6.620104726654428682e-39  6.620104726654428682e-39
3.100000000000000533e+00  7.310710395926163672e-43  7.310710395926163672e-43
3.200000000000000178e+00  5.176479887378580492e-47  5.176479887378580492e-47
3.300000000000000711e+00  2.350118233038863403e-51  2.350118233038863403e-51
3.400000000000000355e+00  6.841087151945829853e-56  6.841087151945829853e-56
3.500000000000000000e+00  1.276852598503994234e-60  1.276852598503994234e-60
3.600000000000000533e+00  1.528046732039124744e-65  1.528046732039124744e-65
3.700000000000000178e+00  1.172499695063369384e-70  1.172499695063369384e-70
3.800000000000000711e+00  5.768582003393522581e-76  5.768582003393522581e-76
3.900000000000000355e+00  1.819724462342220816e-81  1.819724462342220816e-81
4.000000000000000000e+00  3.680632241439842652e-87  3.680632241439842652e-87
4.100000000000000533e+00  4.773307899684602670e-93  4.773307899684602670e-93
4.200000000000000178e+00  3.969142603711792781e-99  3.969142603711792781e-99
4.300000000000000711e+00  2.116187701883267980e-105  2.116187701883267980e-105
4.400000000000000355e+00  7.234223133244680976e-112  7.234223133244680976e-112
4.500000000000000000e+00  1.585659172783013887e-118  1.585659172783013887e-118
4.600000000000000533e+00  2.228476294529385363e-125  2.228476294529385363e-125
4.700000000000000178e+00  2.008105026856267141e-132  2.008105026856267141e-132
4.800000000000000711e+00  1.160232584575604874e-139  1.160232584575604874e-139
4.900000000000000355e+00  4.298173314264991072e-147  4.298173314264991072e-147
5.000000000000000000e+00  1.020946580662237051e-154  1.020946580662237051e-154
5.100000000000000533e+00  1.554899574391683622e-162  1.554899574391683622e-162
5.200000000000000178e+00  1.518384985824440868e-170  1.518384985824440868e-170
5.300000000000000711e+00  9.506960444777650827e-179  9.506960444777650827e-179
5.400000000000000355e+00  3.816644446148883191e-187  3.816644446148883191e-187
5.500000000000000000e+00  9.824307565856985261e-196  9.824307565856985261e-196
5.600000000000000533e+00  1.621445767373069314e-204  1.621445767373069314e-204
5.700000000000000178e+00  1.715865075294938618e-213  1.715865075294938618e-213
5.800000000000000711e+00  1.164244171172385615e-222  1.164244171172385615e-222
5.900000000000000355e+00  5.065067532315553099e-232  5.065067532315553099e-232
6.000000000000000000e+00  1.412884426962218236e-241  1.412884426962218236e-241
6.100000000000000533e+00  2.527017600061624973e-251  2.527017600061624973e-251
6.200000000000000178e+00  2.897944910527818097e-261  2.897944910527818097e-261
6.300000000000000711e+00  2.130846739151380975e-271  2.130846739151380975e-271
6.400000000000000355e+00  1.004603145080149067e-281  1.004603145080149067e-281
6.500000000000000000e+00  3.036806238464535667e-292  3.036806238464535667e-292
6.599999999999999645e+00  5.885994644784078144e-303  5.885994644784078144e-303
6.700000000000001066e+00  7.314807013793873794e-314  7.314807013793873794e-314
6.800000000000000711e+00  0.000000000000000000e+00  0.000000000000000000e+00
6.900000000000000355e+00  0.000000000000000000e+00  0.000000000000000000e+00
7.000000000000000000e+00  0.000000000000000000e+00  0.000000000000000000e+00
7.099999999999999645e+00  0.000000000000000000e+00  0.000000000000000000e+00
7.200000000000001066e+00  0.000000000000000000e+00  0.000000000000000000e+00
7.300000000000000711e+00  0.000000000000000000e+00  0.000000000000000000e+00
7.400000000000000355e+00  0.000000000000000000e+00  0.000000000000000000e+00
7.500000000000000000e+00  0.000000000000000000e+00  0.000000000000000000e+00
7.599999999999999645e+00  0.000000000000000000e+00  0.000000000000000000e+00
7.700000000000001066e+00  0.000000000000000000e+00  0.000000000000000000e+00
7.800000000000000711e+00  0.000000000000000000e+00  0.000000000000000000e+00
7.900000000000000355e+00  0.000000000000000000e+00  0.000000000000000000e+00
8.000000000000000000e+00  0.000000000000000000e+00  0.000000000000000000e+00
8.100000000000001421e+00  0.000000000000000000e+00  0.000000000000000000e+00
8.200000000000001066e+00  0.000000000000000000e+00  0.000000000000000000e+00
8.300000000000000711e+00  0.000000000000000000e+00  0.000000000000000000e+00
8.400000000000000355e+00  0.000000000000000000e+00  0.000000000000000000e+00
8.500000000000000000e+00  0.000000000000000000e+00  0.000000000000000000e+00
8.600000000000001421e+00  0.000000000000000000e+00  0.000000000000000000e+00
8.700000000000001066e+00  0.000000000000000000e+00  0.000000000000000000e+00
8.800000000000000711e+00  0.000000000000000000e+00  0.000000000000000000e+00
8.900000000000000355e+00  0.000000000000000000e+00  0.000000000000000000e+00
9.000000000000000000e+00  0.000000000000000000e+00  0.000000000000000000e+00
9.100000000000001421e+00  0.000000000000000000e+00  0.000000000000000000e+00
9.200000000000001066e+00  0.000000000000000000e+00  0.000000000000000000e+00
9.300000000000000711e+00  0.000000000000000000e+00  0.000000000000000000e+00
9.400000000000000355e+00  0.000000000000000000e+00  0.000000000000000000e+00
9.500000000000000000e+00  0.000000000000000000e+00  0.000000000000000000e+00
9.600000000000001421e+00  0.000000000000000000e+00  0.000000000000000000e+00
9.700000000000001066e+00  0.000000000000000000e+00  0.000000000000000000e+00
9.800000000000000711e+00  0.000000000000000000e+00  0.000000000000000000e+00
9.900000000000000355e+00  0.000000000000000000e+00  0.000000000000000000e+00
1.000000000000000000e+01  0.000000000000000000e+00  0.000000000000000000e+00
1.010000000000000142e+01  0.000000000000000000e+00  0.000000000000000000e+00
1.020000000000000107e+01  0.000000000000000000e+00  0.000000000000000000e+00
1.030000000000000071e+01  0.000000000000000000e+00  0.000000000000000000e+00
1.040000000000000036e+01  0.000000000000000000e+00  0.000000000000000000e+00
1.050000000000000000e+01  0.000000000000000000e+00  0.000000000000000000e+00
