-1.537001208968399091e+00  0.000000000000000000e+00  0.000000000000000000e+00
-1.437001208968398558e+00  0.000000000000000000e+00  0.000000000000000000e+00
-1.337001208968398913e+00  0.000000000000000000e+00  0.000000000000000000e+00
-1.237001208968398824e+00  0.000000000000000000e+00  0.000000000000000000e+00
-1.137001208968398736e+00  0.000000000000000000e+00  0.000000000000000000e+00
-1.037001208968399091e+00  0.000000000000000000e+00  0.000000000000000000e+00
-9.370012089683987799e-01  0.000000000000000000e+00  0.000000000000000000e+00
-8.370012089683989132e-01  0.000000000000000000e+00  0.000000000000000000e+00
-7.370012089683988243e-01  0.000000000000000000e+00  0.000000000000000000e+00
-6.370012089683987355e-01  0.000000000000000000e+00  0.000000000000000000e+00
-5.370012089683988687e-01  0.000000000000000000e+00  0.000000000000000000e+00
-4.370012089683987799e-01  0.000000000000000000e+00  0.000000000000000000e+00
-3.370012089683986911e-01  0.000000000000000000e+00  0.000000000000000000e+00
-2.370012089683988243e-01  0.000000000000000000e+00  0.000000000000000000e+00
-1.370012089683987355e-01  0.000000000000000000e+00  0.000000000000000000e+00
-3.700120896839886875e-02  0.000000000000000000e+00  0.000000000000000000e+00
6.299879103160122007e-02  0.000000000000000000e+00  0.000000000000000000e+00
1.629987910316013089e-01  0.000000000000000000e+00  0.000000000000000000e+00
2.629987910316011757e-01  1.874110441502641501e-265  1.874110441502641501e-265
3.629987910316012645e-01  7.008877823992705447e-195  7.008877823992705447e-195
4.629987910316011313e-01  3.640321589171560607e-135  3.640321589171560607e-135
5.629987910316012201e-01  2.625844266617994558e-86  2.625844266617994558e-86
6.629987910316013089e-01  2.630486831089890282e-48  2.630486831089890282e-48
7.629987910316013977e-01  3.659664311723460498e-21  3.659664311723460498e-21
8.629987910316014865e-01  7.071056741974063450e-05  7.071056741974063450e-05
9.629987910316011313e-01  1.897428178976286617e+01  1.897428178976286617e+01
1.062998791031601220e+00  7.071056741973284179e-05  7.071056741973284179e-05
1.162998791031601309e+00  3.659664311722654015e-21  3.659664311722654015e-21
1.262998791031601398e+00  2.630486831089030667e-48  2.630486831089030667e-48
1.362998791031601487e+00  2.625844266618027061e-86  2.625844266618027061e-86
1.462998791031601131e+00  8.838790314004995183e-69  8.838790314004995183e-69
1.562998791031601220e+00  2.373872766363439733e-44  2.373872766363439733e-44
1.662998791031601309e+00  2.375970375599676863e-25  2.375970375599676863e-25
1.762998791031601398e+00  8.862241506445512974e-12  8.862241506445512974e-12
1.862998791031601487e+00  1.231870674213050767e-03  1.231870674213050767e-03
1.962998791031601131e+00  6.381248075751689841e-01  6.381248075751689841e-01
2.062998791031601442e+00  1.231870674212982896e-03  1.231870674212982896e-03
2.162998791031601087e+00  8.862241506444535544e-12  8.862241506444535544e-12
2.262998791031601620e+00  2.375970375599288858e-25  2.375970375599288858e-25
2.362998791031601264e+00  2.373872766362900073e-44  2.373872766362900073e-44
2.462998791031600909e+00  2.143867825905170010e-47  2.143867825905170010e-47
2.562998791031601442e+00  4.142295509374801150e-31  4.142295509374801150e-31
2.662998791031601087e+00  1.923815709903607789e-18  1.923815709903607789e-18
2.762998791031600732e+00  2.147658242849251354e-09  2.147658242849251354e-09
2.862998791031601264e+00  5.762967852603896038e-04  5.762967852603896038e-04
2.962998791031600909e+00  3.717119628227120998e-02  3.717119628227120998e-02
3.062998791031601442e+00  5.762967852603471030e-04  5.762967852603471030e-04
3.162998791031601087e+00  2.147658242849251354e-09  2.147658242849251354e-09
3.262998791031601620e+00  1.923815709903183699e-18  1.923815709903183699e-18
3.362998791031601264e+00  4.142295509373624060e-31  4.142295509373624060e-31
3.462998791031600909e+00  3.203417359617084145e-37  3.203417359617084145e-37
3.562998791031601442e+00  5.249837106897503635e-25  5.249837106897503635e-25
3.662998791031601087e+00  1.660877569366749920e-15  1.660877569366749920e-15
3.762998791031601620e+00  1.014352489928543057e-08  1.014352489928543057e-08
3.862998791031601264e+00  1.195913221939737720e-04  1.195913221939737720e-04
3.962998791031600909e+00  2.721885947230937627e-03  2.721885947230937627e-03
4.062998791031601442e+00  1.195913221939671719e-04  1.195913221939671719e-04
4.162998791031601087e+00  1.014352489928431387e-08  1.014352489928431387e-08
4.262998791031601620e+00  1.660877569366478355e-15  1.660877569366478355e-15
4.362998791031601264e+00  5.249837106896346508e-25  5.249837106896346508e-25
4.462998791031600909e+00  1.625533683125930129e-31  1.625533683125930129e-31
4.562998791031601442e+00  9.607733764435364804e-22  9.607733764435364804e-22
4.662998791031601087e+00  3.826259257179205642e-14  3.826259257179205642e-14
4.762998791031601620e+00  1.026728026596892295e-08  1.026728026596892295e-08
4.862998791031601264e+00  1.856367820197855328e-05  1.856367820197855328e-05
4.962998791031600909e+00  2.261518975840423943e-04  2.261518975840423943e-04
5.062998791031601442e+00  1.856367820197772658e-05  1.856367820197772658e-05
5.162998791031601087e+00  1.026728026596800974e-08  1.026728026596800974e-08
5.262998791031601620e+00  3.826259257178702664e-14  3.826259257178702664e-14
5.362998791031601264e+00  9.607733764433657046e-22  9.607733764433657046e-22
5.462998791031600909e+00  4.891363780591443049e-28  4.891363780591443049e-28
5.562998791031601442e+00  6.796841578409058981e-20  6.796841578409058981e-20
5.662998791031601087e+00  1.464766307810965310e-13  1.464766307810965310e-13
5.762998791031601620e+00  4.894058936654883863e-09  4.894058936654883863e-09
5.862998791031601264e+00  2.535185293869825125e-06  2.535185293869825125e-06
5.962998791031600909e+00  2.036056744623033558e-05  2.036056744623033558e-05
6.062998791031601442e+00  2.535185293869731528e-06  2.535185293869731528e-06
6.162998791031601087e+00  4.894058936654528176e-09  4.894058936654528176e-09
6.262998791031601620e+00  1.464766307810804004e-13  1.464766307810804004e-13
6.362998791031601264e+00  6.796841578408115276e-20  6.796841578408115276e-20
6.462998791031600909e+00  7.976816260438531875e-26  7.976816260438531875e-26
6.562998791031600554e+00  7.566446096080055941e-19  7.566446096080055941e-19
6.662998791031601975e+00  2.030359614028924942e-13  2.030359614028924942e-13
6.762998791031601620e+00  1.531800718773267707e-09  1.531800718773267707e-09
6.862998791031601264e+00  3.249225482560871821e-07  3.249225482560871821e-07
6.962998791031600909e+00  1.937785541418604808e-06  1.937785541418604808e-06
7.062998791031600554e+00  3.249225482560871821e-07  3.249225482560871821e-07
7.162998791031601975e+00  1.531800718773074354e-09  1.531800718773074354e-09
7.262998791031601620e+00  2.030359614028535182e-13  2.030359614028535182e-13
7.362998791031601264e+00  7.566446096080771424e-19  7.566446096080771424e-19
7.462998791031600909e+00  2.163234974031566352e-24  2.163234974031566352e-24
7.562998791031600554e+00  2.667808501457640330e-18  2.667808501457640330e-18
7.662998791031601975e+00  1.500550265406621849e-13  1.500550265406621849e-13
7.762998791031601620e+00  3.708311328428701169e-10  3.708311328428701169e-10
7.862998791031601264e+00  4.026535865073546241e-08  4.026535865073546241e-08
7.962998791031600909e+00  1.920952825988878074e-07  1.920952825988878074e-07
8.062998791031603218e+00  4.026535865073323233e-08  4.026535865073323233e-08
8.162998791031601087e+00  3.708311328428293265e-10  3.708311328428293265e-10
8.262998791031602508e+00  1.500550265406371433e-13  1.500550265406371433e-13
8.362998791031600376e+00  2.667808501461429019e-18  2.667808501461429019e-18
8.462998791031601797e+00  1.843682130881229124e-23  1.843682130881229124e-23
8.562998791031603218e+00  4.388083561433618570e-18  4.388083561433618570e-18
8.662998791031601087e+00  7.321201366756764201e-14  7.321201366756764201e-14
8.762998791031602508e+00  7.594798469827082736e-11  7.594798469827082736e-11
8.862998791031600376e+00  4.898652081126562087e-09  4.898652081126562087e-09
8.962998791031601797e+00  1.964551308828246186e-08  1.964551308828246186e-08
9.062998791031603218e+00  4.898652081126320551e-09  4.898652081126320551e-09
9.162998791031602863e+00  7.594798469826340858e-11  7.594798469826340858e-11
9.262998791031602508e+00  7.321201366755672418e-14  7.321201366755672418e-14
9.362998791031602153e+00  4.388083561491633743e-18  4.388083561491633743e-18
9.462998791031601797e+00  7.156026316065137857e-23  7.156026316065137857e-23
9.562998791031603218e+00  4.244340300760646059e-18  4.244340300760646059e-18
9.662998791031602863e+00  2.678470786266767054e-14  2.678470786266767054e-14
9.762998791031602508e+00  1.387482217785622607e-11  1.387482217785622607e-11
9.862998791031602153e+00  5.899724515608989521e-10  5.899724515608989521e-10
9.962998791031601797e+00  2.059206191402063436e-09  2.059206191402063436e-09
1.006299879103160322e+01  5.899724515608727925e-10  5.899724515608727925e-10
1.016299879103160286e+01  1.387482217785499337e-11  1.387482217785499337e-11
1.026299879103160251e+01  2.678470786266409857e-14  2.678470786266409857e-14
1.036299879103160215e+01  4.244340301132979932e-18  4.244340301132979932e-18
1.046299879103160180e+01  1.563377503029254724e-22  1.563377503029254724e-22
