-1.530927834971846480e+00  4.192274134963832166e-13  4.192274134963832166e-13
-1.430927834971845947e+00  3.908290288684029746e-12  3.908290288684029746e-12
-1.330927834971846302e+00  3.353112370090190992e-11  3.353112370090190992e-11
-1.230927834971846213e+00  2.635399294625819454e-10  2.635399294625819454e-10
-1.130927834971846124e+00  1.893468683091813763e-09  1.893468683091813763e-09
-1.030927834971846480e+00  1.242349405644384546e-08  1.242349405644384546e-08
-9.309278349718461687e-01  7.440258973677776475e-08  7.440258973677776475e-08
-8.309278349718463019e-01  4.066139016422112507e-07  4.066139016422112507e-07
-7.309278349718462131e-01  2.027540420273117883e-06  2.027540420273117883e-06
-6.309278349718461243e-01  9.224002660422973550e-06  9.224002660422973550e-06
-5.309278349718462575e-01  3.828379729427060230e-05  3.828379729427060230e-05
-4.309278349718461687e-01  1.449594959509287954e-04  1.449594959509287954e-04
-3.309278349718460799e-01  5.007360107600441123e-04  5.007360107600441123e-04
-2.309278349718462131e-01  1.577968056517576548e-03  1.577968056517576548e-03
-1.309278349718461243e-01  4.536416759542719231e-03  4.536416759542719231e-03
-3.092783497184625752e-02  1.189740036886063022e-02  1.189740036886063022e-02
6.907216502815383130e-02  2.846526953922681735e-02  2.846526953922681735e-02
1.690721650281539201e-01  6.213022350131375965e-02  6.213022350131375965e-02
2.690721650281537869e-01  1.237131565011666268e-01  1.237131565011666268e-01
3.690721650281538757e-01  2.247274311013006676e-01  2.247274311013006676e-01
4.690721650281537425e-01  3.724146693515607009e-01  3.724146693515607009e-01
5.690721650281538313e-01  5.630326047387543831e-01  5.630326047387543831e-01
6.690721650281539201e-01  7.765796410723587728e-01  7.765796410723587728e-01
7.690721650281540089e-01  9.772395988761694019e-01  9.772395988761694019e-01
8.690721650281540978e-01  1.122042328597445460e+00  1.122042328597445460e+00
9.690721650281537425e-01  1.175620902770900811e+00  1.175620902770900811e+00
1.069072165028153831e+00  1.124304693241106712e+00  1.124304693241106712e+00
1.169072165028153920e+00  9.819167684960583564e-01  9.819167684960583564e-01
1.269072165028154009e+00  7.839325789963895730e-01  7.839325789963895730e-01
1.369072165028154098e+00  5.733499426162503854e-01  5.733499426162503854e-01
1.469072165028153742e+00  3.859090716812603183e-01  3.859090716812603183e-01
1.569072165028153831e+00  2.414298768464167855e-01  2.414298768464167855e-01
1.669072165028153920e+00  1.433896258548552904e-01  1.433896258548552904e-01
1.769072165028154009e+00  8.424374876657485245e-02  8.424374876657485245e-02
1.869072165028154098e+00  5.219799593906633561e-02  5.219799593906633561e-02
1.969072165028153742e+00  3.623322858809894381e-02  3.623322858809894381e-02
2.069072165028154053e+00  2.838875528706839499e-02  2.838875528706839499e-02
2.169072165028153698e+00  2.393445261929333379e-02  2.393445261929333379e-02
2.269072165028154231e+00  2.055212251309984986e-02  2.055212251309984986e-02
2.369072165028153876e+00  1.737056777628485232e-02  1.737056777628485232e-02
2.469072165028153520e+00  1.423342516510378575e-02  1.423342516510378575e-02
2.569072165028154053e+00  1.125616733127492684e-02  1.125616733127492684e-02
2.669072165028153698e+00  8.599692048159140664e-03  8.599692048159140664e-03
2.769072165028153343e+00  6.375128561426502381e-03  6.375128561426502381e-03
2.869072165028153876e+00  4.619409603418086867e-03  4.619409603418086867e-03
2.969072165028153520e+00  3.305346612944809297e-03  3.305346612944809297e-03
3.069072165028154053e+00  2.365043759034465322e-03  2.365043759034465322e-03
3.169072165028153698e+00  1.714283666964599257e-03  1.714283666964599257e-03
3.269072165028154231e+00  1.271376720326264191e-03  1.271376720326264191e-03
3.369072165028153876e+00  9.682622244807100693e-04  9.682622244807100693e-04
3.469072165028153520e+00  7.545347459121177266e-04  7.545347459121177266e-04
3.569072165028154053e+00  5.965198808922545382e-04  5.965198808922545382e-04
3.669072165028153698e+00  4.737821558354352253e-04  4.737821558354352253e-04
3.769072165028154231e+00  3.749717067052475835e-04  3.749717067052475835e-04
3.869072165028153876e+00  2.941750126327128366e-04  2.941750126327128366e-04
3.969072165028153520e+00  2.282575411104780059e-04  2.282575411104780059e-04
4.069072165028154053e+00  1.752231938007935684e-04  1.752231938007935684e-04
4.169072165028153698e+00  1.333799595563470435e-04  1.333799595563470435e-04
4.269072165028154231e+00  1.010358165824814267e-04  1.010358165824814267e-04
4.369072165028153876e+00  7.648069675439720608e-05  7.648069675439720608e-05
4.469072165028153520e+00  5.808026393233239632e-05  5.808026393233239632e-05
4.569072165028154053e+00  4.437888614599264515e-05  4.437888614599264515e-05
4.669072165028153698e+00  3.416542168333333443e-05  3.416542168333333443e-05
4.769072165028154231e+00  2.649193736158606029e-05  2.649193736158606029e-05
4.869072165028153876e+00  2.065455850937281959e-05  2.065455850937281959e-05
4.969072165028153520e+00  1.615219080609704797e-05  1.615219080609704797e-05
5.069072165028154053e+00  1.263791466231938117e-05  1.263791466231938117e-05
5.169072165028153698e+00  9.873538307013424349e-06  9.873538307013424349e-06
5.269072165028154231e+00  7.692879651809799549e-06  7.692879651809799549e-06
5.369072165028153876e+00  5.975338788618275481e-06  5.975338788618275481e-06
5.469072165028153520e+00  4.628759510432375936e-06  4.628759510432375936e-06
5.569072165028154053e+00  3.579382690109907267e-06  3.579382690109907267e-06
5.669072165028153698e+00  2.766498516948972324e-06  2.766498516948972324e-06
5.769072165028154231e+00  2.139781225269233033e-06  2.139781225269233033e-06
5.869072165028153876e+00  1.657884500257344212e-06  1.657884500257344212e-06
5.969072165028153520e+00  1.287455228711938991e-06  1.287455228711938991e-06
6.069072165028154053e+00  1.002171443774672590e-06  1.002171443774672590e-06
6.169072165028153698e+00  7.816972679078064006e-07  7.816972679078064006e-07
6.269072165028154231e+00  6.105940159739079176e-07  6.105940159739079176e-07
6.369072165028153876e+00  4.772738058215114443e-07  4.772738058215114443e-07
6.469072165028153520e+00  3.730725477847577808e-07  3.730725477847577808e-07
6.569072165028153165e+00  2.914865282728197070e-07  2.914865282728197070e-07
6.669072165028154586e+00  2.275824104528142160e-07  2.275824104528142160e-07
6.769072165028154231e+00  1.775649756826015423e-07  1.775649756826015423e-07
6.869072165028153876e+00  1.384731947559307033e-07  1.384731947559307033e-07
6.969072165028153520e+00  1.079716513094488365e-07  1.079716513094488365e-07
7.069072165028153165e+00  8.420753496084387977e-08  8.420753496084387977e-08
7.169072165028154586e+00  6.570990453947617741e-08  6.570990453947617741e-08
7.269072165028154231e+00  5.131503112938424948e-08  5.131503112938424948e-08
7.369072165028153876e+00  4.010776669412001735e-08  4.010776669412001735e-08
7.469072165028153520e+00  3.137338009673494225e-08  3.137338009673494225e-08
7.569072165028153165e+00  2.455713796073218828e-08  2.455713796073218828e-08
7.669072165028154586e+00  1.923040931744025346e-08  1.923040931744025346e-08
7.769072165028154231e+00  1.506267775321057876e-08  1.506267775321057876e-08
7.869072165028153876e+00  1.179895363172604958e-08  1.179895363172604958e-08
7.969072165028153520e+00  9.241987836895576008e-09  9.241987836895576008e-09
8.069072165028154942e+00  7.238576534961345447e-09  7.238576534961345447e-09
8.169072165028154586e+00  5.669196022074100254e-09  5.669196022074100254e-09
8.269072165028154231e+00  4.440234932043731186e-09  4.440234932043731186e-09
8.369072165028153876e+00  3.478180323262787308e-09  3.478180323262787308e-09
8.469072165028153520e+00  2.725235095681942750e-09  2.725235095681942750e-09
8.569072165028154942e+00  2.135969705798638173e-09  2.135969705798638173e-09
8.669072165028154586e+00  1.674722666570562829e-09  1.674722666570562829e-09
8.769072165028154231e+00  1.313552746310746267e-09  1.313552746310746267e-09
8.869072165028153876e+00  1.030609615807511976e-09  1.030609615807511976e-09
8.969072165028153520e+00  8.088321560622422561e-10  8.088321560622422561e-10
9.069072165028154942e+00  6.349099976342157121e-10  6.349099976342157121e-10
9.169072165028154586e+00  4.984595063550101662e-10  4.984595063550101662e-10
9.269072165028154231e+00  3.913747927720899591e-10  3.913747927720899591e-10
9.369072165028153876e+00  3.073205006661515882e-10  3.073205006661515882e-10
9.469072165028153520e+00  2.413379579215928820e-10  2.413379579215928820e-10
9.569072165028154942e+00  1.895406232017300192e-10  1.895406232017300192e-10
9.669072165028154586e+00  1.488788963958499864e-10  1.488788963958499864e-10
9.769072165028154231e+00  1.169582343098590956e-10  1.169582343098590956e-10
9.869072165028153876e+00  9.189798430012778994e-11  9.189798430012778994e-11
9.969072165028153520e+00  7.222129948413165244e-11  7.222129948413165244e-11
1.006907216502815494e+01  5.676888184265117294e-11  5.676888184265117294e-11
1.016907216502815459e+01  4.463113694559350291e-11  4.463113694559350291e-11
1.026907216502815423e+01  3.509468881870613126e-11  3.509468881870613126e-11
1.036907216502815388e+01  2.760019134000644583e-11  2.760019134000644583e-11
1.046907216502815352e+01  2.170908014302001322e-11  2.170908014302001322e-11
