-1.563829780565097138e+00  4.082306525824240687e-26  4.082306525824240687e-26
-1.463829780565097494e+00  3.830433050760432651e-24  3.830433050760432651e-24
-1.363829780565097405e+00  3.179743244811213937e-22  3.179743244811213937e-22
-1.263829780565097316e+00  2.222374849132351223e-20  2.222374849132351223e-20
-1.163829780565097671e+00  1.291500046398991560e-18  1.291500046398991560e-18
-1.063829780565097138e+00  6.220527541302042020e-17  6.220527541302042020e-17
-9.638297805650972716e-01  2.481033259879740730e-15  2.481033259879740730e-15
-8.638297805650974048e-01  8.192137214584400959e-14  8.192137214584400959e-14
-7.638297805650973160e-01  2.239159047368520953e-12  2.239159047368520953e-12
-6.638297805650972272e-01  5.066211546446591632e-11  5.066211546446591632e-11
-5.638297805650973604e-01  9.488285693892302663e-10  9.488285693892302663e-10
-4.638297805650972716e-01  1.470944949580428904e-08  1.470944949580428904e-08
-3.638297805650971828e-01  1.887593841628923697e-07  1.887593841628923697e-07
-2.638297805650973160e-01  2.005043537544120127e-06  2.005043537544120127e-06
-1.638297805650972272e-01  1.762958254227991743e-05  1.762958254227991743e-05
-6.382978056509736042e-02  1.283107802770639587e-04  1.283107802770639587e-04
3.617021943490272839e-02  7.730136089385715708e-04  7.730136089385715708e-04
1.361702194349028172e-01  3.854908105524564119e-03  3.854908105524564119e-03
2.361702194349026840e-01  1.591270037013368249e-02  1.591270037013368249e-02
3.361702194349027728e-01  5.437219479374077319e-02  5.437219479374077319e-02
4.361702194349026396e-01  1.537847633686250659e-01  1.537847633686250659e-01
5.361702194349027284e-01  3.600426813548193161e-01  3.600426813548193161e-01
6.361702194349028172e-01  6.977514067491499272e-01  6.977514067491499272e-01
7.361702194349029060e-01  1.119329905885786181e+00  1.119329905885786181e+00
8.361702194349029948e-01  1.486409891762294100e+00  1.486409891762294100e+00
9.361702194349026396e-01  1.634098867133936928e+00  1.634098867133936928e+00
1.036170219434902728e+00  1.487615342950252995e+00  1.487615342950252995e+00
1.136170219434902817e+00  1.122428401668810860e+00  1.122428401668810860e+00
1.236170219434902906e+00  7.041715886314188211e-01  7.041715886314188211e-01
1.336170219434902995e+00  3.719456058634194595e-01  3.719456058634194595e-01
1.436170219434902640e+00  1.738130092781111358e-01  1.738130092781111358e-01
1.536170219434902728e+00  8.502301832430195216e-02  8.502301832430195216e-02
1.636170219434902817e+00  5.859103782600610932e-02  5.859103782600610932e-02
1.736170219434902906e+00  5.792964266734986628e-02  5.792964266734986628e-02
1.836170219434902995e+00  6.312850046981237362e-02  6.312850046981237362e-02
1.936170219434902640e+00  6.559021178270205144e-02  6.559021178270205144e-02
2.036170219434902506e+00  6.262535477981005794e-02  6.262535477981005794e-02
2.136170219434903039e+00  5.462993870374202587e-02  5.462993870374202587e-02
2.236170219434902684e+00  4.362170161554583536e-02  4.362170161554583536e-02
2.336170219434903217e+00  3.209570874448439137e-02  3.209570874448439137e-02
2.436170219434902862e+00  2.208278466532321779e-02  2.208278466532321779e-02
2.536170219434903395e+00  1.463997972514949342e-02  1.463997972514949342e-02
2.636170219434903039e+00  9.850817548961117442e-03  9.850817548961117442e-03
2.736170219434902684e+00  7.165812565245438699e-03  7.165812565245438699e-03
2.836170219434903217e+00  5.819181531034461723e-03  5.819181531034461723e-03
2.936170219434902862e+00  5.132391376391088472e-03  5.132391376391088472e-03
3.036170219434903395e+00  4.649245592115434575e-03  4.649245592115434575e-03
3.136170219434903039e+00  4.141093065734981898e-03  4.141093065734981898e-03
3.236170219434903572e+00  3.547506972319600885e-03  3.547506972319600885e-03
3.336170219434903217e+00  2.902796901815017216e-03  2.902796901815017216e-03
3.436170219434902862e+00  2.274594726851217243e-03  2.274594726851217243e-03
3.536170219434903395e+00  1.723541525778340012e-03  1.723541525778340012e-03
3.636170219434903039e+00  1.284019020689016865e-03  1.284019020689016865e-03
3.736170219434903572e+00  9.614476267699478308e-04  9.614476267699478308e-04
3.836170219434903217e+00  7.397139326716433913e-04  7.397139326716433913e-04
3.936170219434902862e+00  5.922657730513580842e-04  5.922657730513580842e-04
4.036170219434903395e+00  4.920022780083013400e-04  4.920022780083013400e-04
4.136170219434903039e+00  4.174724508925514352e-04  4.174724508925514352e-04
4.236170219434903572e+00  3.550821967998023655e-04  3.550821967998023655e-04
4.336170219434903217e+00  2.983579169226386360e-04  2.983579169226386360e-04
4.436170219434902862e+00  2.457351742937159255e-04  2.457351742937159255e-04
4.536170219434903395e+00  1.981181394081242076e-04  1.981181394081242076e-04
4.636170219434903039e+00  1.569646390624732384e-04  1.569646390624732384e-04
4.736170219434903572e+00  1.231706316195621011e-04  1.231706316195621011e-04
4.836170219434903217e+00  9.669036161080233455e-05  9.669036161080233455e-05
4.936170219434902862e+00  7.665903731778343820e-05  7.665903731778343820e-05
5.036170219434903395e+00  6.175179085158037564e-05  6.175179085158037564e-05
5.136170219434903039e+00  5.056490560901440683e-05  5.056490560901440683e-05
5.236170219434903572e+00  4.189304465360512743e-05  4.189304465360512743e-05
5.336170219434903217e+00  3.486126082116741557e-05  3.486126082116741557e-05
5.436170219434902862e+00  2.893075171567390907e-05  2.893075171567390907e-05
5.536170219434903395e+00  2.382621440699724471e-05  2.382621440699724471e-05
5.636170219434903039e+00  1.943531477632557945e-05  1.943531477632557945e-05
5.736170219434903572e+00  1.571771293562703679e-05  1.571771293562703679e-05
5.836170219434903217e+00  1.264285128475249687e-05  1.264285128475249687e-05
5.936170219434902862e+00  1.015979079538738149e-05  1.015979079538738149e-05
6.036170219434903395e+00  8.192309803632817880e-06  8.192309803632817880e-06
6.136170219434903039e+00  6.648578360752751855e-06  6.648578360752751855e-06
6.236170219434903572e+00  5.435433757600892833e-06  5.435433757600892833e-06
6.336170219434903217e+00  4.470440105480399511e-06  4.470440105480399511e-06
6.436170219434902862e+00  3.688600659003865107e-06  3.688600659003865107e-06
6.536170219434902506e+00  3.043559060869761914e-06  3.043559060869761914e-06
6.636170219434903927e+00  2.504854787430174510e-06  2.504854787430174510e-06
6.736170219434903572e+00  2.053332631309950735e-06  2.053332631309950735e-06
6.836170219434903217e+00  1.676505148240346019e-06  1.676505148240346019e-06
6.936170219434902862e+00  1.364972342532219492e-06  1.364972342532219492e-06
7.036170219434902506e+00  1.110279908400912708e-06  1.110279908400912708e-06
7.136170219434903927e+00  9.040643228462183314e-07  9.040643228462183314e-07
7.236170219434903572e+00  7.380617123617401332e-07  7.380617123617401332e-07
7.336170219434903217e+00  6.045148305094088992e-07  6.045148305094088992e-07
7.436170219434902862e+00  4.966149842707940760e-07  4.966149842707940760e-07
7.536170219434902506e+00  4.087739898749041871e-07  4.087739898749041871e-07
7.636170219434903927e+00  3.366677858488030560e-07  3.366677858488030560e-07
7.736170219434903572e+00  2.770923551591320480e-07  2.770923551591320480e-07
7.836170219434903217e+00  2.277166364383641968e-07  2.277166364383641968e-07
7.936170219434902862e+00  1.868171982070837546e-07  1.868171982070837546e-07
8.036170219434904283e+00  1.530543258009473434e-07  1.530543258009473434e-07
8.136170219434903927e+00  1.253167371037264722e-07  1.253167371037264722e-07
8.236170219434903572e+00  1.026348111927271219e-07  1.026348111927271219e-07
8.336170219434903217e+00  8.414571517595582474e-08  8.414571517595582474e-08
8.436170219434902862e+00  6.908839252461834825e-08  6.908839252461834825e-08
8.536170219434904283e+00  5.680902362901698329e-08  5.680902362901698329e-08
8.636170219434903927e+00  4.676424203519785734e-08  4.676424203519785734e-08
8.736170219434903572e+00  3.851658503202629932e-08  3.851658503202629932e-08
8.836170219434903217e+00  3.172217728545268860e-08  3.172217728545268860e-08
8.936170219434902862e+00  2.611367454651560367e-08  2.611367454651560367e-08
9.036170219434904283e+00  2.148225059893020785e-08  2.148225059893020785e-08
9.136170219434903927e+00  1.766165712476496811e-08  1.766165712476496811e-08
9.236170219434903572e+00  1.451598833738559278e-08  1.451598833738559278e-08
9.336170219434903217e+00  1.193142226158556035e-08  1.193142226158556035e-08
9.436170219434902862e+00  9.811272266144754928e-09  9.811272266144754928e-09
9.536170219434904283e+00  8.073267993682361710e-09  8.073267993682361710e-09
9.636170219434903927e+00  6.648003580732201275e-09  6.648003580732201275e-09
9.736170219434903572e+00  5.477765868818630372e-09  5.477765868818630372e-09
9.836170219434903217e+00  4.515308815730684191e-09  4.515308815730684191e-09
9.936170219434902862e+00  3.722445384202323390e-09  3.722445384202323390e-09
1.003617021943490428e+01  3.068523143928664123e-09  3.068523143928664123e-09
1.013617021943490393e+01  2.528928883318255549e-09  2.528928883318255549e-09
1.023617021943490357e+01  2.083759374624582483e-09  2.083759374624582483e-09
1.033617021943490322e+01  1.716740954104466168e-09  1.716740954104466168e-09
1.043617021943490286e+01  1.414416350896928727e-09  1.414416350896928727e-09
