-1.636358421517722483e+00  3.243661382088377816e-09  3.243661382088377816e-09
-1.536358421517722839e+00  1.443983392479407936e-08  1.443983392479407936e-08
-1.436358421517722750e+00  6.127113728822391166e-08  6.127113728822391166e-08
-1.336358421517722661e+00  2.463813886226183101e-07  2.463813886226183101e-07
-1.236358421517723016e+00  9.356726385680429002e-07  9.356726385680429002e-07
-1.136358421517722483e+00  3.349012832768705692e-06  3.349012832768705692e-06
-1.036358421517722839e+00  1.128381677344232064e-05  1.128381677344232064e-05
-9.363584215177227499e-01  3.576188507769066785e-05  3.576188507769066785e-05
-8.363584215177226611e-01  1.065645076966511092e-04  1.065645076966511092e-04
-7.363584215177225722e-01  2.984759647044955724e-04  2.984759647044955724e-04
-6.363584215177227055e-01  7.856564825162240528e-04  7.856564825162240528e-04
-5.363584215177226167e-01  1.943267345226104472e-03  1.943267345226104472e-03
-4.363584215177225278e-01  4.516236631193971084e-03  4.516236631193971084e-03
-3.363584215177226611e-01  9.861534723305670491e-03  9.861534723305670491e-03
-2.363584215177225722e-01  2.023128006994058536e-02  2.023128006994058536e-02
-1.363584215177227055e-01  3.899477360873970094e-02  3.899477360873970094e-02
-3.635842151772261666e-02  7.061410591255520841e-02  7.061410591255520841e-02
6.364157848227747216e-02  1.201380872099389596e-01  1.201380872099389596e-01
1.636415784822773389e-01  1.920352681266857264e-01  1.920352681266857264e-01
2.636415784822774278e-01  2.884064456858832504e-01  2.884064456858832504e-01
3.636415784822772945e-01  4.069801337272223596e-01  4.069801337272223596e-01
4.636415784822773833e-01  5.396572038814190231e-01  5.396572038814190231e-01
5.636415784822774722e-01  6.724953714656155546e-01  6.724953714656155546e-01
6.636415784822775610e-01  7.877079384215596169e-01  7.877079384215596169e-01
7.636415784822776498e-01  8.674989281815693731e-01  8.674989281815693731e-01
8.636415784822772945e-01  8.986650160687399413e-01  8.986650160687399413e-01
9.636415784822773833e-01  8.763408489376748323e-01  8.763408489376748323e-01
1.063641578482277472e+00  8.054250396611415397e-01  8.054250396611415397e-01
1.163641578482277561e+00  6.991031718190314770e-01  6.991031718190314770e-01
1.263641578482277650e+00  5.750632727917285303e-01  5.750632727917285303e-01
1.363641578482277295e+00  4.508759246479568383e-01  4.508759246479568383e-01
1.463641578482277383e+00  3.401675633301954327e-01  3.401675633301954327e-01
1.563641578482277472e+00  2.506561622330313877e-01  2.506561622330313877e-01
1.663641578482277561e+00  1.842210569188954816e-01  1.842210569188954816e-01
1.763641578482277650e+00  1.384217705461450731e-01  1.384217705461450731e-01
1.863641578482277295e+00  1.085620607785571096e-01  1.085620607785571096e-01
1.963641578482277383e+00  8.952045793425526810e-02  8.952045793425526810e-02
2.063641578482277694e+00  7.693481832609196103e-02  7.693481832609196103e-02
2.163641578482277339e+00  6.769715450000471368e-02  6.769715450000471368e-02
2.263641578482277872e+00  5.994096668826361801e-02  5.994096668826361801e-02
2.363641578482277517e+00  5.276469079996919109e-02  5.276469079996919109e-02
2.463641578482278049e+00  4.588805615607568361e-02  4.588805615607568361e-02
2.563641578482277694e+00  3.935483652413562100e-02  3.935483652413562100e-02
2.663641578482277339e+00  3.332371497500658669e-02  3.332371497500658669e-02
2.763641578482277872e+00  2.794567056029700555e-02  2.794567056029700555e-02
2.863641578482277517e+00  2.330810246677224307e-02  2.330810246677224307e-02
2.963641578482278049e+00  1.942281528582364206e-02  1.942281528582364206e-02
3.063641578482277694e+00  1.623843658738213444e-02  1.623843658738213444e-02
3.163641578482278227e+00  1.366299283633106397e-02  1.366299283633106397e-02
3.263641578482277872e+00  1.158727093663337870e-02  1.158727093663337870e-02
3.363641578482277517e+00  9.903680169891808729e-03  9.903680169891808729e-03
3.463641578482278049e+00  8.518487883125666280e-03  8.518487883125666280e-03
3.563641578482277694e+00  7.357509567425014885e-03  7.357509567425014885e-03
3.663641578482278227e+00  6.366625498662571193e-03  6.366625498662571193e-03
3.763641578482277872e+00  5.508997604069992664e-03  5.508997604069992664e-03
3.863641578482277517e+00  4.760780842989897552e-03  4.760780842989897552e-03
3.963641578482278049e+00  4.106707147737965330e-03  4.106707147737965330e-03
4.063641578482277694e+00  3.536388109736613578e-03  3.536388109736613578e-03
4.163641578482278227e+00  3.041694344739811953e-03  3.041694344739811953e-03
4.263641578482277872e+00  2.615210199386943345e-03  2.615210199386943345e-03
4.363641578482277517e+00  2.249554050551891195e-03  2.249554050551891195e-03
4.463641578482278049e+00  1.937276790855529214e-03  1.937276790855529214e-03
4.563641578482277694e+00  1.671064551062007974e-03  1.671064551062007974e-03
4.663641578482278227e+00  1.444034390776719867e-03  1.444034390776719867e-03
4.763641578482277872e+00  1.249989561943142154e-03  1.249989561943142154e-03
4.863641578482277517e+00  1.083571644245055494e-03  1.083571644245055494e-03
4.963641578482278049e+00  9.402991906850122856e-04  9.402991906850122856e-04
5.063641578482277694e+00  8.165138907205908656e-04  8.165138907205908656e-04
5.163641578482278227e+00  7.092683870966745791e-04  7.092683870966745791e-04
5.263641578482277872e+00  6.161899792840026899e-04  6.161899792840026899e-04
5.363641578482277517e+00  5.353470986468637175e-04  5.353470986468637175e-04
5.463641578482278049e+00  4.651353484906386743e-04  4.651353484906386743e-04
5.563641578482277694e+00  4.041903256045791784e-04  4.041903256045791784e-04
5.663641578482278227e+00  3.513271575679923647e-04  3.513271575679923647e-04
5.763641578482277872e+00  3.055022656728572251e-04  3.055022656728572251e-04
5.863641578482277517e+00  2.657910399239788129e-04  2.657910399239788129e-04
5.963641578482278049e+00  2.313752064084744051e-04  2.313752064084744051e-04
6.063641578482277694e+00  2.015348839578699129e-04  2.015348839578699129e-04
6.163641578482278227e+00  1.756419692262117208e-04  1.756419692262117208e-04
6.263641578482277872e+00  1.531530592417606963e-04  1.531530592417606963e-04
6.363641578482277517e+00  1.336013390963352774e-04  1.336013390963352774e-04
6.463641578482277161e+00  1.165876361590226907e-04  1.165876361590226907e-04
6.563641578482278582e+00  1.017712055887228564e-04  1.017712055887228564e-04
6.663641578482278227e+00  8.886086778931061108e-05  8.886086778931061108e-05
6.763641578482277872e+00  7.760698884248887772e-05  7.760698884248887772e-05
6.863641578482277517e+00  6.779458842821970560e-05  6.779458842821970560e-05
6.963641578482277161e+00  5.923765493048999684e-05  5.923765493048999684e-05
7.063641578482278582e+00  5.177458945322439973e-05  5.177458945322439973e-05
7.163641578482278227e+00  4.526460567399438956e-05  4.526460567399438956e-05
7.263641578482277872e+00  3.958487700988990061e-05  3.958487700988990061e-05
7.363641578482277517e+00  3.462823162557749750e-05  3.462823162557749750e-05
7.463641578482277161e+00  3.030123116441828569e-05  3.030123116441828569e-05
7.563641578482278582e+00  2.652251430575877918e-05  2.652251430575877918e-05
7.663641578482278227e+00  2.322132938358462329e-05  2.322132938358462329e-05
7.763641578482277872e+00  2.033621450239911227e-05  2.033621450239911227e-05
7.863641578482277517e+00  1.781380647105483087e-05  1.781380647105483087e-05
7.963641578482278938e+00  1.560777220905256281e-05  1.560777220905256281e-05
8.063641578482279471e+00  1.367786055542850646e-05  1.367786055542850646e-05
8.163641578482277339e+00  1.198907165139928613e-05  1.198907165139928613e-05
8.263641578482278760e+00  1.051093800860977165e-05  1.051093800860977165e-05
8.363641578482276628e+00  9.216908030937090673e-06  9.216908030937090673e-06
8.463641578482278049e+00  8.083820317626493003e-06  8.083820317626493003e-06
8.563641578482279471e+00  7.091456002750336569e-06  7.091456002750336569e-06
8.663641578482277339e+00  6.222156627604184166e-06  6.222156627604184166e-06
8.763641578482278760e+00  5.460496256936292046e-06  5.460496256936292046e-06
8.863641578482276628e+00  4.792998299689458953e-06  4.792998299689458953e-06
8.963641578482278049e+00  4.207889381116020961e-06  4.207889381116020961e-06
9.063641578482277694e+00  3.694884345377897656e-06  3.694884345377897656e-06
9.163641578482277339e+00  3.244997883612447917e-06  3.244997883612447917e-06
9.263641578482276984e+00  2.850379331959916121e-06  2.850379331959916121e-06
9.363641578482276628e+00  2.504167897043360891e-06  2.504167897043360891e-06
9.463641578482278049e+00  2.200366016320499165e-06  2.200366016320499165e-06
9.563641578482277694e+00  1.933728833840956856e-06  1.933728833840956856e-06
9.663641578482277339e+00  1.699667946041961998e-06  1.699667946041961998e-06
9.763641578482276984e+00  1.494167705482085921e-06  1.494167705482085921e-06
9.863641578482276628e+00  1.313712498577183323e-06  1.313712498577183323e-06
9.963641578482278049e+00  1.155223552494641259e-06  1.155223552494641259e-06
1.006364157848227769e+01  1.016003978241029918e-06  1.016003978241029918e-06
1.016364157848227734e+01  8.936909154205668811e-07  8.936909154205668811e-07
1.026364157848227698e+01  7.862138000238866112e-07  7.862138000238866112e-07
1.036364157848227663e+01  6.917579215034765136e-07  6.917579215034765136e-07
