-1.569005932492860911e+00  0.000000000000000000e+00  0.000000000000000000e+00
-1.469005932492860822e+00  0.000000000000000000e+00  0.000000000000000000e+00
-1.369005932492861177e+00  0.000000000000000000e+00  0.000000000000000000e+00
-1.269005932492860644e+00  0.000000000000000000e+00  0.000000000000000000e+00
-1.169005932492861000e+00  0.000000000000000000e+00  0.000000000000000000e+00
-1.069005932492860911e+00  0.000000000000000000e+00  0.000000000000000000e+00
-9.690059324928608220e-01  0.000000000000000000e+00  0.000000000000000000e+00
-8.690059324928607332e-01  0.000000000000000000e+00  0.000000000000000000e+00
-7.690059324928608664e-01  0.000000000000000000e+00  0.000000000000000000e+00
-6.690059324928609996e-01  0.000000000000000000e+00  0.000000000000000000e+00
-5.690059324928609108e-01  0.000000000000000000e+00  0.000000000000000000e+00
-4.690059324928608220e-01  0.000000000000000000e+00  0.000000000000000000e+00
-3.690059324928607332e-01  0.000000000000000000e+00  0.000000000000000000e+00
-2.690059324928608664e-01  0.000000000000000000e+00  0.000000000000000000e+00
-1.690059324928607776e-01  0.000000000000000000e+00  0.000000000000000000e+00
-6.900593249286091080e-02  0.000000000000000000e+00  0.000000000000000000e+00
3.099406750713917802e-02  0.000000000000000000e+00  0.000000000000000000e+00
1.309940675071392668e-01  0.000000000000000000e+00  0.000000000000000000e+00
2.309940675071391336e-01  1.800625520000835573e-265  1.800625520000835573e-265
3.309940675071392224e-01  6.734055793601107229e-195  6.734055793601107229e-195
4.309940675071390892e-01  3.497582537994237558e-135  3.497582537994237558e-135
5.309940675071391780e-01  2.522883440225246481e-86  2.522883440225246481e-86
6.309940675071392668e-01  2.527343967140427583e-48  2.527343967140427583e-48
7.309940675071393557e-01  3.516166821546556315e-21  3.516166821546556315e-21
8.309940675071394445e-01  6.793796641335514050e-05  6.793796641335514050e-05
9.309940675071390892e-01  1.823028955910440629e+01  1.823028955910440629e+01
1.030994067507139178e+00  6.793796641334765951e-05  6.793796641334765951e-05
1.130994067507139267e+00  3.516166821545781429e-21  3.516166821545781429e-21
1.230994067507139356e+00  2.527343967139601697e-48  2.527343967139601697e-48
1.330994067507139444e+00  2.522883440226136940e-86  2.522883440226136940e-86
1.430994067507139089e+00  1.468661727805537513e-68  1.468661727805537513e-68
1.530994067507139178e+00  3.944449358769877486e-44  3.944449358769877486e-44
1.630994067507139267e+00  3.947934766043621616e-25  3.947934766043621616e-25
1.730994067507139356e+00  1.472558400040675701e-11  1.472558400040675701e-11
1.830994067507139444e+00  2.046887920800707656e-03  2.046887920800707656e-03
1.930994067507139089e+00  1.060314193633437041e+00  1.060314193633437041e+00
2.030994067507139178e+00  2.046887920800594899e-03  2.046887920800594899e-03
2.130994067507139267e+00  1.472558400040513496e-11  1.472558400040513496e-11
2.230994067507139356e+00  3.947934766042976472e-25  3.947934766042976472e-25
2.330994067507139444e+00  3.944449358768980874e-44  3.944449358768980874e-44
2.430994067507139089e+00  6.160666210466789968e-47  6.160666210466789968e-47
2.530994067507139622e+00  1.190339239668334844e-30  1.190339239668334844e-30
2.630994067507139267e+00  5.528319561474956400e-18  5.528319561474956400e-18
2.730994067507138912e+00  6.171558436801276664e-09  6.171558436801276664e-09
2.830994067507139444e+00  1.656059244536356966e-03  1.656059244536356966e-03
2.930994067507139089e+00  1.068159753935065542e-01  1.068159753935065542e-01
3.030994067507139622e+00  1.656059244536234884e-03  1.656059244536234884e-03
3.130994067507139267e+00  6.171558436801276664e-09  6.171558436801276664e-09
3.230994067507139800e+00  5.528319561473738441e-18  5.528319561473738441e-18
3.330994067507139444e+00  1.190339239667996431e-30  1.190339239667996431e-30
3.430994067507139089e+00  1.592003150765006427e-36  1.592003150765006427e-36
3.530994067507139622e+00  2.609012900029615900e-24  2.609012900029615900e-24
3.630994067507139267e+00  8.254067536980219239e-15  8.254067536980219239e-15
3.730994067507139800e+00  5.041030183438792268e-08  5.041030183438792268e-08
3.830994067507139444e+00  5.943333021242394208e-04  5.943333021242394208e-04
3.930994067507139089e+00  1.352696360693671565e-02  1.352696360693671565e-02
4.030994067507139178e+00  5.943333021242065695e-04  5.943333021242065695e-04
4.130994067507138823e+00  5.041030183438237726e-08  5.041030183438237726e-08
4.230994067507140244e+00  8.254067536978870287e-15  8.254067536978870287e-15
4.330994067507139889e+00  2.609012900029041010e-24  2.609012900029041010e-24
4.430994067507139533e+00  1.397097566265799341e-30  1.397097566265799341e-30
4.530994067507139178e+00  8.257566580041283978e-21  8.257566580041283978e-21
4.630994067507138823e+00  3.288558086987481721e-13  3.288558086987481721e-13
4.730994067507140244e+00  8.824427536285394353e-08  8.824427536285394353e-08
4.830994067507139889e+00  1.595493926889716312e-04  1.595493926889716312e-04
4.930994067507139533e+00  1.943709512867269115e-03  1.943709512867269115e-03
5.030994067507139178e+00  1.595493926889645297e-04  1.595493926889645297e-04
5.130994067507138823e+00  8.824427536284609524e-08  8.824427536284609524e-08
5.230994067507140244e+00  3.288558086987049046e-13  3.288558086987049046e-13
5.330994067507139889e+00  8.257566580039818466e-21  8.257566580039818466e-21
5.430994067507139533e+00  7.269439653525742557e-27  7.269439653525742557e-27
5.530994067507139178e+00  1.010273583615310651e-18  1.010273583615310651e-18
5.630994067507138823e+00  2.177209355080381559e-12  2.177209355080381559e-12
5.730994067507140244e+00  7.274464769143833897e-08  7.274464769143833897e-08
5.830994067507139889e+00  3.768266043014366768e-05  3.768266043014366768e-05
5.930994067507139533e+00  3.026367938850669593e-04  3.026367938850669593e-04
6.030994067507139178e+00  3.768266043014227177e-05  3.768266043014227177e-05
6.130994067507138823e+00  7.274464769143304501e-08  7.274464769143304501e-08
6.230994067507140244e+00  2.177209355080142049e-12  2.177209355080142049e-12
6.330994067507139889e+00  1.010273583615173140e-18  1.010273583615173140e-18
6.430994067507139533e+00  2.045209824353547627e-24  2.045209824353547627e-24
6.530994067507139178e+00  1.945022000896220348e-17  1.945022000896220348e-17
6.630994067507140599e+00  5.219219259439807789e-12  5.219219259439807789e-12
6.730994067507140244e+00  3.937629451356533614e-08  3.937629451356533614e-08
6.830994067507139889e+00  8.352421955041268274e-06  8.352421955041268274e-06
6.930994067507139533e+00  4.981249404565774041e-05  4.981249404565774041e-05
7.030994067507139178e+00  8.352421955041268274e-06  8.352421955041268274e-06
7.130994067507140599e+00  3.937629451356037305e-08  3.937629451356037305e-08
7.230994067507140244e+00  5.219219259438806125e-12  5.219219259438806125e-12
7.330994067507139889e+00  1.945022000896538357e-17  1.945022000896538357e-17
7.430994067507139533e+00  9.468290258896434608e-23  9.468290258896434608e-23
7.530994067507139178e+00  1.186008915389072722e-16  1.186008915389072722e-16
7.630994067507140599e+00  6.670891077036891341e-12  6.670891077036891341e-12
7.730994067507140244e+00  1.648577959831713288e-08  1.648577959831713288e-08
7.830994067507139889e+00  1.790048810288231802e-06  1.790048810288231802e-06
7.930994067507139533e+00  8.539845256583603807e-06  8.539845256583603807e-06
8.030994067507140954e+00  1.790048810288132699e-06  1.790048810288132699e-06
8.130994067507140599e+00  1.648577959831531639e-08  1.648577959831531639e-08
8.230994067507140244e+00  6.670891077035777393e-12  6.670891077035777393e-12
8.330994067507139889e+00  1.186008915391985838e-16  1.186008915391985838e-16
8.430994067507139533e+00  1.349913049661248912e-21  1.349913049661248912e-21
8.530994067507140954e+00  3.373719073924443861e-16  3.373719073924443861e-16
8.630994067507140599e+00  5.628807279822997494e-12  5.628807279822997494e-12
8.730994067507140244e+00  5.839158735595468894e-09  5.839158735595468894e-09
8.830994067507139889e+00  3.766262818663618824e-07  3.766262818663618824e-07
8.930994067507139533e+00  1.510418871816508132e-06  1.510418871816508132e-06
9.030994067507140954e+00  3.766262818663433006e-07  3.766262818663433006e-07
9.130994067507140599e+00  5.839158735594898139e-09  5.839158735594898139e-09
9.230994067507140244e+00  5.628807279822157389e-12  5.628807279822157389e-12
9.330994067507139889e+00  3.373719074002128418e-16  3.373719074002128418e-16
9.430994067507139533e+00  8.597876027355116481e-21  8.597876027355116481e-21
9.530994067507140954e+00  5.643453493362898449e-16  5.643453493362898449e-16
9.630994067507140599e+00  3.561407484909816826e-12  3.561407484909816826e-12
9.730994067507140244e+00  1.844854751053029621e-09  1.844854751053029621e-09
9.830994067507139889e+00  7.844522014772925871e-08  7.844522014772925871e-08
9.930994067507139533e+00  2.738007216891681858e-07  2.738007216891681858e-07
1.003099406750714095e+01  7.844522014772577794e-08  7.844522014772577794e-08
1.013099406750714060e+01  1.844854751052865839e-09  1.844854751052865839e-09
1.023099406750714024e+01  3.561407484909342247e-12  3.561407484909342247e-12
1.033099406750713989e+01  5.643453494225617443e-16  5.643453494225617443e-16
1.043099406750713953e+01  3.059564311225885224e-20  3.059564311225885224e-20
