-1.530927835038756513e+00  2.501965996149705066e-34  2.501965996149705066e-34
-1.430927835038756424e+00  1.058171920605284347e-31  1.058171920605284347e-31
-1.330927835038756335e+00  3.718901883004441298e-29  3.718901883004441298e-29
-1.230927835038756690e+00  1.028738461317196220e-26  1.028738461317196220e-26
-1.130927835038756601e+00  2.220404209183341459e-24  2.220404209183341459e-24
-1.030927835038756513e+00  3.733742811160200269e-22  3.733742811160200269e-22
-9.309278350387564238e-01  4.890102964075846268e-20  4.890102964075846268e-20
-8.309278350387563350e-01  4.988001067184009458e-18  4.988001067184009458e-18
-7.309278350387564682e-01  3.962449946927108144e-16  3.962449946927108144e-16
-6.309278350387566014e-01  2.451478738025575561e-14  2.451478738025575561e-14
-5.309278350387565126e-01  1.181188176566971790e-12  1.181188176566971790e-12
-4.309278350387564238e-01  4.432375234586670588e-11  4.432375234586670588e-11
-3.309278350387563350e-01  1.295329821084165091e-09  1.295329821084165091e-09
-2.309278350387564682e-01  2.948156977403574098e-08  2.948156977403574098e-08
-1.309278350387563794e-01  5.225733192100980218e-07  5.225733192100980218e-07
-3.092783503875651263e-02  7.213902117001597114e-06  7.213902117001597114e-06
6.907216496124357619e-02  7.755675716668968542e-05  7.755675716668968542e-05
1.690721649612436650e-01  6.493747882050071021e-04  6.493747882050071021e-04
2.690721649612435318e-01  4.234455688205288580e-03  4.234455688205288580e-03
3.690721649612436206e-01  2.150434196817749624e-02  2.150434196817749624e-02
4.690721649612434874e-01  8.505133575221460185e-02  8.505133575221460185e-02
5.690721649612435762e-01  2.619766522105800854e-01  2.619766522105800854e-01
6.690721649612436650e-01  6.284498919944951911e-01  6.284498919944951911e-01
7.690721649612437538e-01  1.174101962182433567e+00  1.174101962182433567e+00
8.690721649612438426e-01  1.708321824460358185e+00  1.708321824460358185e+00
9.690721649612434874e-01  1.935835699534439236e+00  1.935835699534439236e+00
1.069072164961243576e+00  1.708553359148316630e+00  1.708553359148316630e+00
1.169072164961243665e+00  1.174826925011853707e+00  1.174826925011853707e+00
1.269072164961243754e+00  6.303126802521374916e-01  6.303126802521374916e-01
1.369072164961243843e+00  2.661766569571291097e-01  2.661766569571291097e-01
1.469072164961243487e+00  9.340444531388986116e-02  9.340444531388986116e-02
1.569072164961243576e+00  3.616474792167353319e-02  3.616474792167353319e-02
1.669072164961243665e+00  2.694156089058981698e-02  2.694156089058981698e-02
1.769072164961243754e+00  3.168813178528947366e-02  3.168813178528947366e-02
1.869072164961243843e+00  3.752237932053517633e-02  3.752237932053517633e-02
1.969072164961243487e+00  3.987927422671012218e-02  3.987927422671012218e-02
2.069072164961243576e+00  3.748478346349121137e-02  3.748478346349121137e-02
2.169072164961243665e+00  3.113399675417061543e-02  3.113399675417061543e-02
2.269072164961243754e+00  2.289032333595914306e-02  2.289032333595914306e-02
2.369072164961243843e+00  1.497707633699220560e-02  1.497707633699220560e-02
2.469072164961243487e+00  8.854467565456351427e-03  8.854467565456351427e-03
2.569072164961244020e+00  4.929821384412231243e-03  4.929821384412231243e-03
2.669072164961243665e+00  2.840711180758578782e-03  2.840711180758578782e-03
2.769072164961243310e+00  1.933361039492260567e-03  1.933361039492260567e-03
2.869072164961243843e+00  1.616613475633312718e-03  1.616613475633312718e-03
2.969072164961243487e+00  1.500637569582562083e-03  1.500637569582562083e-03
3.069072164961244020e+00  1.388694877137307661e-03  1.388694877137307661e-03
3.169072164961243665e+00  1.216313019865645269e-03  1.216313019865645269e-03
3.269072164961244198e+00  9.913835219983668182e-04  9.913835219983668182e-04
3.369072164961243843e+00  7.503927428119248249e-04  7.503927428119248249e-04
3.469072164961243487e+00  5.305930508880245819e-04  5.305930508880245819e-04
3.569072164961244020e+00  3.557061629641864288e-04  3.557061629641864288e-04
3.669072164961243665e+00  2.325747153101624339e-04  2.325747153101624339e-04
3.769072164961244198e+00  1.550240476726164767e-04  1.550240476726164767e-04
3.869072164961243843e+00  1.105080877312221687e-04  1.105080877312221687e-04
3.969072164961243487e+00  8.598492996334139600e-05  8.598492996334139600e-05
4.069072164961244020e+00  7.134084044124432687e-05  7.134084044124432687e-05
4.169072164961243665e+00  6.038198046506767233e-05  6.038198046506767233e-05
4.269072164961244198e+00  5.027008057738749320e-05  5.027008057738749320e-05
4.369072164961243843e+00  4.035087949347870769e-05  4.035087949347870769e-05
4.469072164961243487e+00  3.101510699663044844e-05  3.101510699663044844e-05
4.569072164961244020e+00  2.288433835749650416e-05  2.288433835749650416e-05
4.669072164961243665e+00  1.637399080351523918e-05  1.637399080351523918e-05
4.769072164961244198e+00  1.156119039232303828e-05  1.156119039232303828e-05
4.869072164961243843e+00  8.241071452589097818e-06  8.241071452589097818e-06
4.969072164961243487e+00  6.059811811509423140e-06  6.059811811509423140e-06
5.069072164961244020e+00  4.644001751354803493e-06  4.644001751354803493e-06
5.169072164961243665e+00  3.685543068064064137e-06  3.685543068064064137e-06
5.269072164961244198e+00  2.974840237814647530e-06  2.974840237814647530e-06
5.369072164961243843e+00  2.395034903446213593e-06  2.395034903446213593e-06
5.469072164961243487e+00  1.896323250585318626e-06  1.896323250585318626e-06
5.569072164961244020e+00  1.466538328880889885e-06  1.466538328880889885e-06
5.669072164961243665e+00  1.107649654020818916e-06  1.107649654020818916e-06
5.769072164961244198e+00  8.215621471946589830e-07  8.215621471946589830e-07
5.869072164961243843e+00  6.043825579262560718e-07  6.043825579262560718e-07
5.969072164961243487e+00  4.463797323550289213e-07  4.463797323550289213e-07
6.069072164961244020e+00  3.346327601601081057e-07  3.346327601601081057e-07
6.169072164961243665e+00  2.560807659405270376e-07  2.560807659405270376e-07
6.269072164961244198e+00  1.997099604021722162e-07  1.997099604021722162e-07
6.369072164961243843e+00  1.575089751719627758e-07  1.575089751719627758e-07
6.469072164961243487e+00  1.243952380520686369e-07  1.243952380520686369e-07
6.569072164961243132e+00  9.754861545374000073e-08  9.754861545374000073e-08
6.669072164961244553e+00  7.557525821837133699e-08  7.557525821837133699e-08
6.769072164961244198e+00  5.778701740558263086e-08  5.778701740558263086e-08
6.869072164961243843e+00  4.372167403882449761e-08  4.372167403882449761e-08
6.969072164961243487e+00  3.290605644162484852e-08  3.290605644162484852e-08
7.069072164961243132e+00  2.479735604000167815e-08  2.479735604000167815e-08
7.169072164961244553e+00  1.882069590000425925e-08  1.882069590000425925e-08
7.269072164961244198e+00  1.443498773975554194e-08  1.443498773975554194e-08
7.369072164961243843e+00  1.118561915690199692e-08  1.118561915690199692e-08
7.469072164961243487e+00  8.728040739722846074e-09  8.728040739722846074e-09
7.569072164961243132e+00  6.824000256741654017e-09  6.824000256741654017e-09
7.669072164961244553e+00  5.320619323274916454e-09  5.320619323274916454e-09
7.769072164961244198e+00  4.123674337332309424e-09  4.123674337332309424e-09
7.869072164961243843e+00  3.173483784303287579e-09  3.173483784303287579e-09
7.969072164961243487e+00  2.427592170074790195e-09  2.427592170074790195e-09
8.069072164961244908e+00  1.850854005322052668e-09  1.850854005322052668e-09
8.169072164961244553e+00  1.411355092414750126e-09  1.411355092414750126e-09
8.269072164961244198e+00  1.079854411901442502e-09  1.079854411901442502e-09
8.369072164961243843e+00  8.306608730555881759e-10  8.306608730555881759e-10
8.469072164961243487e+00  6.425551257224148783e-10  6.425551257224148783e-10
8.569072164961244908e+00  4.991130256210279499e-10  4.991130256210279499e-10
8.669072164961244553e+00  3.883479259269064567e-10  3.883479259269064567e-10
8.769072164961244198e+00  3.018915841627648080e-10  3.018915841627648080e-10
8.869072164961243843e+00  2.340144881999195318e-10  2.340144881999195318e-10
8.969072164961243487e+00  1.807293637920311555e-10  1.807293637920311555e-10
9.069072164961244908e+00  1.391107801160791951e-10  1.391107801160791951e-10
9.169072164961244553e+00  1.068591059968515769e-10  1.068591059968515769e-10
9.269072164961244198e+00  8.206813552462938710e-11  8.206813552462938710e-11
9.369072164961243843e+00  6.312727175761681769e-11  6.312727175761681769e-11
9.469072164961243487e+00  4.869153025048567616e-11  4.869153025048567616e-11
9.569072164961244908e+00  3.767134535400837545e-11  3.767134535400837545e-11
9.669072164961244553e+00  2.921656820213927642e-11  2.921656820213927642e-11
9.769072164961244198e+00  2.268719690881536267e-11  2.268719690881536267e-11
9.869072164961243843e+00  1.761421720915437153e-11  1.761421720915437153e-11
9.969072164961243487e+00  1.365791412918272749e-11  1.365791412918272749e-11
1.006907216496124491e+01  1.057035397335355067e-11  1.057035397335355067e-11
1.016907216496124455e+01  8.165936732855723338e-12  8.165936732855723338e-12
1.026907216496124420e+01  6.300915236523154477e-12  6.300915236523154477e-12
1.036907216496124384e+01  4.860634615371392602e-12  4.860634615371392602e-12
1.046907216496124349e+01  3.752258566773865708e-12  3.752258566773865708e-12
