-1.530927834923082376e+00  1.222571093137399019e-09  1.222571093137399019e-09
-1.430927834923082287e+00  6.050805582893980990e-09  6.050805582893980990e-09
-1.330927834923082642e+00  2.817383798631502072e-08  2.817383798631502072e-08
-1.230927834923082109e+00  1.231670440100682384e-07  1.231670440100682384e-07
-1.130927834923082465e+00  5.049765898825045967e-07  5.049765898825045967e-07
-1.030927834923082376e+00  1.940443691251062550e-06  1.940443691251062550e-06
-9.309278349230822869e-01  6.985951840537590115e-06  6.985951840537590115e-06
-8.309278349230821981e-01  2.355873072772793719e-05  2.355873072772793719e-05
-7.309278349230823313e-01  7.440878450937389588e-05  7.440878450937389588e-05
-6.309278349230824645e-01  2.200941403423084639e-04  2.200941403423084639e-04
-5.309278349230823757e-01  6.096540937078985924e-04  6.096540937078985924e-04
-4.309278349230822869e-01  1.581378632534532818e-03  1.581378632534532818e-03
-3.309278349230821981e-01  3.841112979945683886e-03  3.841112979945683886e-03
-2.309278349230823313e-01  8.736586005161282170e-03  8.736586005161282170e-03
-1.309278349230822425e-01  1.860743941009673774e-02  1.860743941009673774e-02
-3.092783492308237570e-02  3.710990882030049121e-02  3.710990882030049121e-02
6.907216507691771312e-02  6.930283821810420686e-02  6.930283821810420686e-02
1.690721650769178019e-01  1.211910565163333425e-01  1.211910565163333425e-01
2.690721650769176687e-01  1.984496347422789742e-01  1.984496347422789742e-01
3.690721650769177575e-01  3.042940751268540800e-01  3.042940751268540800e-01
4.690721650769176243e-01  4.369236286850098905e-01  4.369236286850098905e-01
5.690721650769177131e-01  5.874824878001161377e-01  5.874824878001161377e-01
6.690721650769178019e-01  7.397331182850506170e-01  7.397331182850506170e-01
7.690721650769178908e-01  8.723025625204380296e-01  8.723025625204380296e-01
8.690721650769179796e-01  9.633969230008982976e-01  9.633969230008982976e-01
9.690721650769176243e-01  9.966556192083092514e-01  9.966556192083092514e-01
1.069072165076917713e+00  9.660057860461920276e-01  9.660057860461920276e-01
1.169072165076917802e+00  8.775409839469499040e-01  8.775409839469499040e-01
1.269072165076917891e+00  7.476241305437991702e-01  7.476241305437991702e-01
1.369072165076917980e+00  5.980188919110710488e-01  5.980188919110710488e-01
1.469072165076917624e+00  4.500287251165392965e-01  4.500287251165392965e-01
1.569072165076917713e+00  3.197850937297197493e-01  3.197850937297197493e-01
1.669072165076917802e+00  2.160132157864557978e-01  2.160132157864557978e-01
1.769072165076917891e+00  1.403780365587914414e-01  1.403780365587914414e-01
1.869072165076917980e+00  8.954578106744934263e-02  8.954578106744934263e-02
1.969072165076917624e+00  5.776207540731546908e-02  5.776207540731546908e-02
2.069072165076917713e+00  3.899729566848833540e-02  3.899729566848833540e-02
2.169072165076917802e+00  2.822862013758114033e-02  2.822862013758114033e-02
2.269072165076917891e+00  2.189249595858380748e-02  2.189249595858380748e-02
2.369072165076917980e+00  1.778512834159315728e-02  1.778512834159315728e-02
2.469072165076917624e+00  1.471808908355395906e-02  1.471808908355395906e-02
2.569072165076918157e+00  1.214660263295165750e-02  1.214660263295165750e-02
2.669072165076917802e+00  9.875793612863441318e-03  9.875793612863441318e-03
2.769072165076917447e+00  7.868442254853289311e-03  7.868442254853289311e-03
2.869072165076917980e+00  6.137354965256060224e-03  6.137354965256060224e-03
2.969072165076917624e+00  4.694778740588244521e-03  4.694778740588244521e-03
3.069072165076918157e+00  3.534959551747412360e-03  3.534959551747412360e-03
3.169072165076917802e+00  2.633411032019645180e-03  2.633411032019645180e-03
3.269072165076918335e+00  1.952987203343010828e-03  1.952987203343010828e-03
3.369072165076917980e+00  1.451345891120220735e-03  1.451345891120220735e-03
3.469072165076917624e+00  1.087187868886335803e-03  1.087187868886335803e-03
3.569072165076918157e+00  8.243274490046749361e-04  8.243274490046749361e-04
3.669072165076917802e+00  6.335998754039169883e-04  6.335998754039169883e-04
3.769072165076918335e+00  4.930813428748456262e-04  4.930813428748456262e-04
3.869072165076917980e+00  3.872455467527598032e-04  3.872455467527598032e-04
3.969072165076917624e+00  3.056291294365689093e-04  3.056291294365689093e-04
4.069072165076917713e+00  2.414288996344113390e-04  2.414288996344113390e-04
4.169072165076917358e+00  1.902825935026489690e-04  1.902825935026489690e-04
4.269072165076918779e+00  1.493391864801896761e-04  1.493391864801896761e-04
4.369072165076918424e+00  1.166242920178113535e-04  1.166242920178113535e-04
4.469072165076918068e+00  9.065142817599101098e-05  9.065142817599101098e-05
4.569072165076917713e+00  7.021078858755934135e-05  7.021078858755934135e-05
4.669072165076917358e+00  5.427042307676246003e-05  5.427042307676246003e-05
4.769072165076918779e+00  4.193875321060647237e-05  4.193875321060647237e-05
4.869072165076918424e+00  3.245393508986467321e-05  3.245393508986467321e-05
4.969072165076918068e+00  2.518013039618363023e-05  2.518013039618363023e-05
5.069072165076917713e+00  1.960142002248757256e-05  1.960142002248757256e-05
5.169072165076917358e+00  1.531079126334321879e-05  1.531079126334321879e-05
5.269072165076918779e+00  1.199510391222497655e-05  1.199510391222497655e-05
5.369072165076918424e+00  9.418201713185559993e-06  9.418201713185559993e-06
5.469072165076918068e+00  7.404310354654269067e-06  7.404310354654269067e-06
5.569072165076917713e+00  5.823253809043121867e-06  5.823253809043121867e-06
5.669072165076917358e+00  4.578281611731800215e-06  4.578281611731800215e-06
5.769072165076918779e+00  3.596674366224455460e-06  3.596674366224455460e-06
5.869072165076918424e+00  2.822875697757702673e-06  2.822875697757702673e-06
5.969072165076918068e+00  2.213685626583182853e-06  2.213685626583182853e-06
6.069072165076917713e+00  1.734997001980110861e-06  1.734997001980110861e-06
6.169072165076917358e+00  1.359604511428813848e-06  1.359604511428813848e-06
6.269072165076918779e+00  1.065712238745429595e-06  1.065712238745429595e-06
6.369072165076918424e+00  8.358725137637422290e-07  8.358725137637422290e-07
6.469072165076918068e+00  6.561831003949823281e-07  6.561831003949823281e-07
6.569072165076917713e+00  5.156416688339006999e-07  5.156416688339006999e-07
6.669072165076919134e+00  4.056048229259963240e-07  4.056048229259963240e-07
6.769072165076918779e+00  3.193273901748385024e-07  3.193273901748385024e-07
6.869072165076918424e+00  2.515717418633791325e-07  2.515717418633791325e-07
6.969072165076918068e+00  1.982819960122221432e-07  1.982819960122221432e-07
7.069072165076917713e+00  1.563183778114447272e-07  1.563183778114447272e-07
7.169072165076919134e+00  1.232457039500473194e-07  1.232457039500473194e-07
7.269072165076918779e+00  9.716859861236782836e-08  9.716859861236782836e-08
7.369072165076918424e+00  7.660537618715186763e-08  7.660537618715186763e-08
7.469072165076918068e+00  6.039267444438418793e-08  6.039267444438418793e-08
7.569072165076917713e+00  4.761371698044494526e-08  4.761371698044494526e-08
7.669072165076919134e+00  3.754424525637537693e-08  3.754424525637537693e-08
7.769072165076918779e+00  2.961142600487462802e-08  2.961142600487462802e-08
7.869072165076918424e+00  2.336221939918911300e-08  2.336221939918911300e-08
7.969072165076918068e+00  1.843868120169343872e-08  1.843868120169343872e-08
8.069072165076919489e+00  1.455843264686561761e-08  1.455843264686561761e-08
8.169072165076919134e+00  1.149907743533172859e-08  1.149907743533172859e-08
8.269072165076918779e+00  9.085713779701862119e-09  9.085713779701862119e-09
8.369072165076918424e+00  7.180926835674382983e-09  7.180926835674382983e-09
8.469072165076918068e+00  5.676795807524427334e-09  5.676795807524427334e-09
8.569072165076919489e+00  4.488544569851833527e-09  4.488544569851833527e-09
8.669072165076919134e+00  3.549528707920859700e-09  3.549528707920859700e-09
8.769072165076918779e+00  2.807300293475519144e-09  2.807300293475519144e-09
8.869072165076918424e+00  2.220532440220673688e-09  2.220532440220673688e-09
8.969072165076918068e+00  1.756622145670181960e-09  1.756622145670181960e-09
9.069072165076919489e+00  1.389823007734644951e-09  1.389823007734644951e-09
9.169072165076919134e+00  1.099788887825535732e-09  1.099788887825535732e-09
9.269072165076918779e+00  8.704350374626596351e-10  8.704350374626596351e-10
9.369072165076918424e+00  6.890443809732658798e-10  6.890443809732658798e-10
9.469072165076918068e+00  5.455636573775304649e-10  5.455636573775304649e-10
9.569072165076919489e+00  4.320473672042911826e-10  4.320473672042911826e-10
9.669072165076919134e+00  3.422175215682538931e-10  3.422175215682538931e-10
9.769072165076918779e+00  2.711146886455621229e-10  2.711146886455621229e-10
9.869072165076918424e+00  2.148213820645586785e-10  2.148213820645586785e-10
9.969072165076918068e+00  1.702429544695256140e-10  1.702429544695256140e-10
1.006907216507691949e+01  1.349342557009721349e-10  1.349342557009721349e-10
1.016907216507691913e+01  1.069626891803405531e-10  1.069626891803405531e-10
1.026907216507691878e+01  8.480016126396402521e-11  8.480016126396402521e-11
1.036907216507691842e+01  6.723790572415684826e-11  6.723790572415684826e-11
1.046907216507691807e+01  5.331936952941724802e-11  5.331936952941724802e-11
