-1.598900972024141165e+00  9.378143277861286236e-94  9.378143277861286236e-94
-1.498900972024141076e+00  4.326927634059687882e-87  4.326927634059687882e-87
-1.398900972024141431e+00  5.144068646253405803e-80  5.144068646253405803e-80
-1.298900972024140898e+00  3.140822543199546987e-73  3.140822543199546987e-73
-1.198900972024141254e+00  9.578550712234513923e-67  9.578550712234513923e-67
-1.098900972024141165e+00  1.458694263407023628e-60  1.458694263407023628e-60
-9.989009720241410761e-01  1.109265187108349159e-54  1.109265187108349159e-54
-8.989009720241409873e-01  4.212239945247212906e-49  4.212239945247212906e-49
-7.989009720241411205e-01  7.987252813127197823e-44  7.987252813127197823e-44
-6.989009720241412538e-01  7.562900199313652150e-39  7.562900199313652150e-39
-5.989009720241411650e-01  3.575904548828508855e-34  3.575904548828508855e-34
-4.989009720241410761e-01  8.442869485517080705e-30  8.442869485517080705e-30
-3.989009720241409873e-01  9.954073509055398008e-26  9.954073509055398008e-26
-2.989009720241411205e-01  5.860278035910138200e-22  5.860278035910138200e-22
-1.989009720241410317e-01  1.722829139343727673e-18  1.722829139343727673e-18
-9.890097202414116495e-02  2.529139624876190235e-15  2.529139624876190235e-15
1.099027975858923867e-03  1.854001208401082442e-12  1.854001208401082442e-12
1.010990279758590127e-01  6.786624641717066552e-10  6.786624641717066552e-10
2.010990279758588795e-01  1.240521387539593547e-07  1.240521387539593547e-07
3.010990279758589683e-01  1.132299440222492163e-05  1.132299440222492163e-05
4.010990279758588350e-01  5.160893995436118030e-04  5.160893995436118030e-04
5.010990279758589239e-01  1.174614059249408718e-02  1.174614059249408718e-02
6.010990279758590127e-01  1.334971703823437106e-01  1.334971703823437106e-01
7.010990279758591015e-01  7.576271613711844655e-01  7.576271613711844655e-01
8.010990279758591903e-01  2.147067120431181753e+00  2.147067120431181753e+00
9.010990279758588350e-01  3.038381598282639651e+00  3.038381598282639651e+00
1.001099027975858924e+00  2.147067258341989415e+00  2.147067258341989415e+00
1.101099027975859013e+00  7.576298024944867482e-01  7.576298024944867482e-01
1.201099027975859102e+00  1.335328782810523141e-01  1.335328782810523141e-01
1.301099027975859190e+00  1.208728857929616471e-02  1.208728857929616471e-02
1.401099027975858835e+00  2.819252191625089016e-03  2.819252191625089016e-03
1.501099027975858924e+00  1.099909815214513385e-02  1.099909815214513385e-02
1.601099027975859013e+00  3.704244559968708495e-02  3.704244559968708495e-02
1.701099027975859102e+00  8.824496655193170280e-02  8.824496655193170280e-02
1.801099027975859190e+00  1.485542291640446211e-01  1.485542291640446211e-01
1.901099027975858835e+00  1.767191997389397917e-01  1.767191997389397917e-01
2.001099027975858924e+00  1.485557244175627067e-01  1.485557244175627067e-01
2.101099027975859013e+00  8.825576646227002720e-02  8.825576646227002720e-02
2.201099027975859102e+00  3.710362315604511657e-02  3.710362315604511657e-02
2.301099027975859190e+00  1.126378502983294873e-02  1.126378502983294873e-02
2.401099027975858835e+00  3.289092238173385932e-03  3.289092238173385932e-03
2.501099027975859368e+00  3.135209312155457645e-03  3.135209312155457645e-03
2.601099027975859013e+00  6.317664636948482418e-03  6.317664636948482418e-03
2.701099027975858657e+00  1.120792918795826369e-02  1.120792918795826369e-02
2.801099027975859190e+00  1.585714035860292040e-02  1.585714035860292040e-02
2.901099027975858835e+00  1.780305060500389502e-02  1.780305060500389502e-02
3.001099027975859368e+00  1.585893316326761338e-02  1.585893316326761338e-02
3.101099027975859013e+00  1.121399535649494558e-02  1.121399535649494558e-02
3.201099027975859546e+00  6.314002940262409581e-03  6.314002940262409581e-03
3.301099027975859190e+00  2.893116789823919205e-03  2.893116789823919205e-03
3.401099027975858835e+00  1.243306487289065664e-03  1.243306487289065664e-03
3.501099027975859368e+00  8.381733137492941230e-04  8.381733137492941230e-04
3.601099027975859013e+00  1.093486794057383716e-03  1.093486794057383716e-03
3.701099027975859546e+00  1.603950581219670303e-03  1.603950581219670303e-03
3.801099027975859190e+00  2.068627472780568567e-03  2.068627472780568567e-03
3.901099027975858835e+00  2.254973682656420501e-03  2.254973682656420501e-03
4.001099027975859812e+00  2.068227925239930851e-03  2.068227925239930851e-03
4.101099027975859457e+00  1.596939652261494293e-03  1.596939652261494293e-03
4.201099027975859102e+00  1.042963930769163832e-03  1.042963930769163832e-03
4.301099027975858746e+00  5.887546287595254915e-04  5.887546287595254915e-04
4.401099027975858391e+00  3.144587724791337636e-04  3.144587724791337636e-04
4.501099027975859812e+00  2.056987387455021981e-04  2.056987387455021981e-04
4.601099027975859457e+00  2.054488021565568652e-04  2.054488021565568652e-04
4.701099027975859102e+00  2.541098469023247205e-04  2.541098469023247205e-04
4.801099027975858746e+00  3.042567782221184563e-04  3.042567782221184563e-04
4.901099027975858391e+00  3.244892270259002115e-04  3.244892270259002115e-04
5.001099027975859812e+00  3.027447058100273675e-04  3.027447058100273675e-04
5.101099027975859457e+00  2.466328632097877132e-04  2.466328632097877132e-04
5.201099027975859102e+00  1.763595645535240568e-04  1.763595645535240568e-04
5.301099027975858746e+00  1.129231511518206634e-04  1.129231511518206634e-04
5.401099027975858391e+00  6.895179607246081088e-05  6.895179607246081088e-05
5.501099027975859812e+00  4.657438572281555686e-05  4.657438572281555686e-05
5.601099027975859457e+00  4.074555270754303332e-05  4.074555270754303332e-05
5.701099027975859102e+00  4.382745245250341368e-05  4.382745245250341368e-05
5.801099027975858746e+00  4.879225938144505007e-05  4.879225938144505007e-05
5.901099027975858391e+00  5.080995057739758574e-05  5.080995057739758574e-05
6.001099027975859812e+00  4.782538051605303740e-05  4.782538051605303740e-05
6.101099027975859457e+00  4.037834697795239091e-05  4.037834697795239091e-05
6.201099027975859102e+00  3.069539942873425231e-05  3.069539942873425231e-05
6.301099027975858746e+00  2.137481118958000807e-05  2.137481118958000807e-05
6.401099027975858391e+00  1.427244100072901712e-05  1.427244100072901712e-05
6.501099027975858036e+00  1.003486343211738158e-05  1.003486343211738158e-05
6.601099027975859457e+00  8.273322116556020613e-06  8.273322116556020613e-06
6.701099027975859102e+00  8.053146874646827837e-06  8.053146874646827837e-06
6.801099027975858746e+00  8.372306743183324058e-06  8.372306743183324058e-06
6.901099027975858391e+00  8.475332907613198518e-06  8.475332907613198518e-06
7.001099027975858036e+00  7.988521968462595086e-06  7.988521968462595086e-06
7.101099027975859457e+00  6.908589215112026635e-06  6.908589215112026635e-06
7.201099027975859102e+00  5.485132866801403927e-06  5.485132866801403927e-06
7.301099027975858746e+00  4.053078731003321457e-06  4.053078731003321457e-06
7.401099027975858391e+00  2.883360120695007438e-06  2.883360120695007438e-06
7.501099027975858036e+00  2.102950958559735679e-06  2.102950958559735679e-06
7.601099027975859457e+00  1.693914857629212068e-06  1.693914857629212068e-06
7.701099027975859102e+00  1.544555483321548087e-06  1.544555483321548087e-06
7.801099027975858746e+00  1.514583813456132445e-06  1.514583813456132445e-06
7.901099027975858391e+00  1.486825084319476093e-06  1.486825084319476093e-06
8.001099027975859812e+00  1.394452176944540946e-06  1.394452176944540946e-06
8.101099027975859457e+00  1.224340927813581913e-06  1.224340927813581913e-06
8.201099027975859102e+00  1.002972909522733312e-06  1.002972909522733312e-06
8.301099027975858746e+00  7.740061067117184180e-07  7.740061067117184180e-07
8.401099027975858391e+00  5.769960440632038926e-07  5.769960440632038926e-07
8.501099027975859812e+00  4.342059296714568057e-07  4.342059296714568057e-07
8.601099027975859457e+00  3.477181338319109176e-07  3.477181338319109176e-07
8.701099027975859102e+00  3.045420428925692748e-07  3.045420428925692748e-07
8.801099027975858746e+00  2.852066981700108255e-07  2.852066981700108255e-07
8.901099027975858391e+00  2.717031874582233818e-07  2.717031874582233818e-07
9.001099027975859812e+00  2.524058601484490741e-07  2.524058601484490741e-07
9.101099027975859457e+00  2.234305222885251742e-07  2.234305222885251742e-07
9.201099027975859102e+00  1.871433448149161056e-07  1.871433448149161056e-07
9.301099027975858746e+00  1.491529548415080996e-07  1.491529548415080996e-07
9.401099027975858391e+00  1.151987909655538775e-07  1.151987909655538775e-07
9.501099027975859812e+00  8.899202118176075406e-08  8.899202118176075406e-08
9.601099027975859457e+00  7.144577335937359386e-08  7.144577335937359386e-08
9.701099027975859102e+00  6.111812013708981118e-08  6.111812013708981118e-08
9.801099027975858746e+00  5.532205396168204398e-08  5.532205396168204398e-08
9.901099027975858391e+00  5.130683129585608811e-08  5.130683129585608811e-08
1.000109902797585981e+01  4.709420705199012247e-08  4.709420705199012247e-08
1.010109902797585946e+01  4.180846948227795514e-08  4.180846948227795514e-08
1.020109902797585910e+01  3.555446505528850855e-08  3.555446505528850855e-08
1.030109902797585875e+01  2.902290833451818420e-08  2.902290833451818420e-08
1.040109902797585839e+01  2.303370014040391331e-08  2.303370014040391331e-08
