-1.611109924991150244e+00  4.172193654367201341e-10  4.172193654367201341e-10
-1.511109924991150599e+00  2.194404247783286965e-09  2.194404247783286965e-09
-1.411109924991150510e+00  1.093312251724402449e-08  1.093312251724402449e-08
-1.311109924991150422e+00  5.126841087380849042e-08  5.126841087380849042e-08
-1.211109924991150777e+00  2.254514223141449263e-07  2.254514223141449263e-07
-1.111109924991150244e+00  9.278128393822587920e-07  9.278128393822587920e-07
-1.011109924991150599e+00  3.569126058936905822e-06  3.569126058936905822e-06
-9.111099249911505105e-01  1.282511899890251352e-05  1.282511899890251352e-05
-8.111099249911504216e-01  4.303123899053770918e-05  4.303123899053770918e-05
-7.111099249911503328e-01  1.347794603091607068e-04  1.347794603091607068e-04
-6.111099249911504661e-01  3.940181537516848262e-04  3.940181537516848262e-04
-5.111099249911503772e-01  1.075031163073144561e-03  1.075031163073144561e-03
-4.111099249911502884e-01  2.737239568281542735e-03  2.737239568281542735e-03
-3.111099249911504216e-01  6.503926427743246357e-03  6.503926427743246357e-03
-2.111099249911503328e-01  1.442114992066940472e-02  1.442114992066940472e-02
-1.111099249911504661e-01  2.983874057951104233e-02  2.983874057951104233e-02
-1.110992499115037724e-02  5.761237709668543677e-02  5.761237709668543677e-02
8.889007500884971158e-02  1.038024073673999570e-01  1.038024073673999570e-01
1.888900750088495784e-01  1.745261538978132021e-01  1.745261538978132021e-01
2.888900750088496672e-01  2.738322944778069923e-01  2.738322944778069923e-01
3.888900750088495339e-01  4.009551040241019493e-01  4.009551040241019493e-01
4.888900750088496228e-01  5.479224946208681724e-01  5.479224946208681724e-01
5.888900750088497116e-01  6.988680255961104981e-01  6.988680255961104981e-01
6.888900750088498004e-01  8.321251088003018825e-01  8.321251088003018825e-01
7.888900750088498892e-01  9.251347907640520285e-01  9.251347907640520285e-01
8.888900750088495339e-01  9.607699413434366287e-01  9.607699413434366287e-01
9.888900750088496228e-01  9.326697937317769416e-01  9.326697937317769416e-01
1.088890075008849712e+00  8.473067986441814581e-01  8.473067986441814581e-01
1.188890075008849800e+00  7.218566350891576500e-01  7.218566350891576500e-01
1.288890075008849889e+00  5.788143319062940551e-01  5.788143319062940551e-01
1.388890075008849534e+00  4.396458741720974950e-01  4.396458741720974950e-01
1.488890075008849623e+00  3.198879728565885983e-01  3.198879728565885983e-01
1.588890075008849712e+00  2.270933856890475500e-01  2.270933856890475500e-01
1.688890075008849800e+00  1.615835996936292873e-01  1.615835996936292873e-01
1.788890075008849889e+00  1.189177416355864658e-01  1.189177416355864658e-01
1.888890075008849534e+00  9.271113674768127755e-02  9.271113674768127755e-02
1.988890075008849623e+00  7.681351258079173461e-02  7.681351258079173461e-02
2.088890075008849934e+00  6.647742011175671040e-02  6.647742011175671040e-02
2.188890075008849578e+00  5.864413030862072884e-02  5.864413030862072884e-02
2.288890075008850111e+00  5.169462316586603823e-02  5.169462316586603823e-02
2.388890075008849756e+00  4.500145748510642890e-02  4.500145748510642890e-02
2.488890075008850289e+00  3.849771726183934956e-02  3.849771726183934956e-02
2.588890075008849934e+00  3.235588309980125254e-02  3.235588309980125254e-02
2.688890075008849578e+00  2.678901534137461890e-02  2.678901534137461890e-02
2.788890075008850111e+00  2.195065349779193667e-02  2.195065349779193667e-02
2.888890075008849756e+00  1.790178260584955605e-02  1.790178260584955605e-02
2.988890075008850289e+00  1.461719213186466262e-02  1.461719213186466262e-02
3.088890075008849934e+00  1.201053952769092110e-02  1.201053952769092110e-02
3.188890075008850467e+00  9.964060828073509346e-03  9.964060828073509346e-03
3.288890075008850111e+00  8.354436870648256422e-03  8.354436870648256422e-03
3.388890075008849756e+00  7.070788562276922665e-03  7.070788562276922665e-03
3.488890075008850289e+00  6.024087740082281067e-03  6.024087740082281067e-03
3.588890075008849934e+00  5.149373646682692263e-03  5.149373646682692263e-03
3.688890075008850467e+00  4.403131784753016274e-03  4.403131784753016274e-03
3.788890075008850111e+00  3.758262981520090525e-03  3.758262981520090525e-03
3.888890075008849756e+00  3.198585399526519824e-03  3.198585399526519824e-03
3.988890075008850289e+00  2.714105063267885799e-03  2.714105063267885799e-03
4.088890075008849934e+00  2.297612443941664338e-03  2.297612443941664338e-03
4.188890075008850467e+00  1.942653442976336950e-03  1.942653442976336950e-03
4.288890075008850111e+00  1.642623252915697673e-03  1.642623252915697673e-03
4.388890075008849756e+00  1.390615624586258358e-03  1.390615624586258358e-03
4.488890075008850289e+00  1.179672183669644046e-03  1.179672183669644046e-03
4.588890075008849934e+00  1.003157266938341837e-03  1.003157266938341837e-03
4.688890075008850467e+00  8.550856240032271311e-04  8.550856240032271311e-04
4.788890075008850111e+00  7.303225159513723839e-04  7.303225159513723839e-04
4.888890075008849756e+00  6.246433219454703128e-04  6.246433219454703128e-04
4.988890075008850289e+00  5.346795942832643445e-04  5.346795942832643445e-04
5.088890075008849934e+00  4.577945585789147589e-04  4.577945585789147589e-04
5.188890075008850467e+00  3.919304583863012707e-04  3.919304583863012707e-04
5.288890075008850111e+00  3.354603323869474914e-04  3.354603323869474914e-04
5.388890075008849756e+00  2.870639017683065649e-04  2.870639017683065649e-04
5.488890075008850289e+00  2.456353528679476052e-04  2.456353528679476052e-04
5.588890075008849934e+00  2.102220573557438057e-04  2.102220573557438057e-04
5.688890075008850467e+00  1.799882316913995850e-04  1.799882316913995850e-04
5.788890075008850111e+00  1.541957292571270808e-04  1.541957292571270808e-04
5.888890075008849756e+00  1.321946229359998500e-04  1.321946229359998500e-04
5.988890075008850289e+00  1.134179345691129366e-04  1.134179345691129366e-04
6.088890075008849934e+00  9.737693712352955768e-05  9.737693712352955768e-05
6.188890075008850467e+00  8.365531633063128338e-05  8.365531633063128338e-05
6.288890075008850111e+00  7.190183893846160284e-05  7.190183893846160284e-05
6.388890075008849756e+00  6.182197022017674474e-05  6.182197022017674474e-05
6.488890075008849401e+00  5.316919478730185351e-05  5.316919478730185351e-05
6.588890075008850822e+00  4.573676962849985034e-05  4.573676962849985034e-05
6.688890075008850467e+00  3.935043165473927685e-05  3.935043165473927685e-05
6.788890075008850111e+00  3.386232060510722958e-05  3.386232060510722958e-05
6.888890075008849756e+00  2.914614572362153613e-05  2.914614572362153613e-05
6.988890075008849401e+00  2.509346256197556808e-05  2.509346256197556808e-05
7.088890075008850822e+00  2.161084289914309660e-05  2.161084289914309660e-05
7.188890075008850467e+00  1.861770361433050065e-05  1.861770361433050065e-05
7.288890075008850111e+00  1.604458763344880550e-05  1.604458763344880550e-05
7.388890075008849756e+00  1.383173933212867957e-05  1.383173933212867957e-05
7.488890075008849401e+00  1.192786999095569325e-05  1.192786999095569325e-05
7.588890075008850822e+00  1.028905448138344571e-05  1.028905448138344571e-05
7.688890075008850467e+00  8.877732982040985527e-06  8.877732982040985527e-06
7.788890075008850111e+00  7.661810653361620873e-06  7.661810653361620873e-06
7.888890075008849756e+00  6.613856237157548837e-06  6.613856237157548837e-06
7.988890075008851177e+00  5.710401123340780351e-06  5.710401123340780351e-06
8.088890075008851710e+00  4.931337127639964109e-06  4.931337127639964109e-06
8.188890075008849578e+00  4.259406874499732060e-06  4.259406874499732060e-06
8.288890075008850999e+00  3.679777069240659472e-06  3.679777069240659472e-06
8.388890075008848868e+00  3.179682894088055657e-06  3.179682894088055657e-06
8.488890075008850289e+00  2.748131365129644911e-06  2.748131365129644911e-06
8.588890075008851710e+00  2.375652396364140818e-06  2.375652396364140818e-06
8.688890075008849578e+00  2.054088013384627905e-06  2.054088013384627905e-06
8.788890075008850999e+00  1.776412138480427806e-06  1.776412138480427806e-06
8.888890075008848868e+00  1.536575247844674307e-06  1.536575247844674307e-06
8.988890075008850289e+00  1.329369753715402124e-06  1.329369753715402124e-06
9.088890075008849934e+00  1.150313106771118386e-06  1.150313106771118386e-06
9.188890075008849578e+00  9.955463687877706026e-07  9.955463687877706026e-07
9.288890075008849223e+00  8.617464535427842132e-07  8.617464535427842132e-07
9.388890075008848868e+00  7.460504759575803449e-07  7.460504759575803449e-07
9.488890075008850289e+00  6.459907781450611083e-07  6.459907781450611083e-07
9.588890075008849934e+00  5.594392861068020562e-07  5.594392861068020562e-07
9.688890075008849578e+00  4.845599350773663169e-07  4.845599350773663169e-07
9.788890075008849223e+00  4.197680039017957066e-07  4.197680039017957066e-07
9.888890075008848868e+00  3.636953212517893067e-07  3.636953212517893067e-07
9.988890075008850289e+00  3.151604412096093500e-07  3.151604412096093500e-07
1.008889007500884993e+01  2.731430217232493220e-07  2.731430217232493220e-07
1.018889007500884958e+01  2.367617665859366139e-07  2.367617665859366139e-07
1.028889007500884922e+01  2.052554030519391339e-07  2.052554030519391339e-07
1.038889007500884887e+01  1.779662598692327081e-07  1.779662598692327081e-07
