-1.541666665864688035e+00  2.146349748670994491e-12  2.146349748670994491e-12
-1.441666665864687946e+00  1.749784024476437307e-11  1.749784024476437307e-11
-1.341666665864687857e+00  1.321718039205294775e-10  1.321718039205294775e-10
-1.241666665864688213e+00  9.203118968221629431e-10  9.203118968221629431e-10
-1.141666665864688124e+00  5.892381762034253700e-09  5.892381762034253700e-09
-1.041666665864688035e+00  3.464743781079332039e-08  3.464743781079332039e-08
-9.416666658646879462e-01  1.869839574475388887e-07  1.869839574475388887e-07
-8.416666658646878574e-01  9.258678112452531145e-07  9.258678112452531145e-07
-7.416666658646879906e-01  4.205610579141154189e-06  4.205610579141154189e-06
-6.416666658646881238e-01  1.752276374195890296e-05  1.752276374195890296e-05
-5.416666658646880350e-01  6.696468629724898871e-05  6.696468629724898871e-05
-4.416666658646879462e-01  2.347172116895048562e-04  2.347172116895048562e-04
-3.416666658646878574e-01  7.545564427628140194e-04  7.545564427628140194e-04
-2.416666658646879906e-01  2.224750772317543417e-03  2.224750772317543417e-03
-1.416666658646879018e-01  6.016044285047633840e-03  6.016044285047633840e-03
-4.166666586468803501e-02  1.492035789945293442e-02  1.492035789945293442e-02
5.833333413531205380e-02  3.393794649710959316e-02  3.393794649710959316e-02
1.583333341353121426e-01  7.079954041460989611e-02  7.079954041460989611e-02
2.583333341353120094e-01  1.354613315098301130e-01  1.354613315098301130e-01
3.583333341353120982e-01  2.377076080868208985e-01  2.377076080868208985e-01
4.583333341353119650e-01  3.825767024368913471e-01  3.825767024368913471e-01
5.583333341353120538e-01  5.647416552795430089e-01  5.647416552795430089e-01
6.583333341353121426e-01  7.646290778040406577e-01  7.646290778040406577e-01
7.583333341353122314e-01  9.496099904032977435e-01  9.496099904032977435e-01
8.583333341353123203e-01  1.081870235740799213e+00  1.081870235740799213e+00
9.583333341353119650e-01  1.130879901246575558e+00  1.130879901246575558e+00
1.058333334135312054e+00  1.084952623814421591e+00  1.084952623814421591e+00
1.158333334135312143e+00  9.559374372170678091e-01  9.559374372170678091e-01
1.258333334135312231e+00  7.744756852090745047e-01  7.744756852090745047e-01
1.358333334135312320e+00  5.783995593372366351e-01  5.783995593372366351e-01
1.458333334135311965e+00  4.002381978201737800e-01  4.002381978201737800e-01
1.558333334135312054e+00  2.593473374414019261e-01  2.593473374414019261e-01
1.658333334135312143e+00  1.607461033564093755e-01  1.607461033564093755e-01
1.758333334135312231e+00  9.905033682831755615e-02  9.905033682831755615e-02
1.858333334135312320e+00  6.415876571001102868e-02  6.415876571001102868e-02
1.958333334135311965e+00  4.589321253995180122e-02  4.589321253995180122e-02
2.058333334135312054e+00  3.644469109142046970e-02  3.644469109142046970e-02
2.158333334135312143e+00  3.089680906777573025e-02  3.089680906777573025e-02
2.258333334135312231e+00  2.668700707102777958e-02  2.668700707102777958e-02
2.358333334135312320e+00  2.277303134835876458e-02  2.277303134835876458e-02
2.458333334135311965e+00  1.892141301489699834e-02  1.892141301489699834e-02
2.558333334135312498e+00  1.523690519328346239e-02  1.523690519328346239e-02
2.658333334135312143e+00  1.190184521906103438e-02  1.190184521906103438e-02
2.758333334135311787e+00  9.056153598887511577e-03  9.056153598887511577e-03
2.858333334135312320e+00  6.759277167451138192e-03  6.759277167451138192e-03
2.958333334135311965e+00  4.994981713491448982e-03  4.994981713491448982e-03
3.058333334135312498e+00  3.694738972601318422e-03  3.694738972601318422e-03
3.158333334135312143e+00  2.764941514959266128e-03  2.764941514959266128e-03
3.258333334135312676e+00  2.109642401467972262e-03  2.109642401467972262e-03
3.358333334135312320e+00  1.645321648669811811e-03  1.645321648669811811e-03
3.458333334135311965e+00  1.307588917941849421e-03  1.307588917941849421e-03
3.558333334135312498e+00  1.051692027073394646e-03  1.051692027073394646e-03
3.658333334135312143e+00  8.493562455680234938e-04  8.493562455680234938e-04
3.758333334135312676e+00  6.842193292009416967e-04  6.842193292009416967e-04
3.858333334135312320e+00  5.474242368278557430e-04  5.474242368278557430e-04
3.958333334135311965e+00  4.341722624981342619e-04  4.341722624981342619e-04
4.058333334135312498e+00  3.414471390234334841e-04  3.414471390234334841e-04
4.158333334135312143e+00  2.667652864161334028e-04  2.667652864161334028e-04
4.258333334135312676e+00  2.076600658431112373e-04  2.076600658431112373e-04
4.358333334135312320e+00  1.615998928345145007e-04  1.615998928345145007e-04
4.458333334135311965e+00  1.261026535294048072e-04  1.261026535294048072e-04
4.558333334135312498e+00  9.889177762618359168e-05  9.889177762618359168e-05
4.658333334135312143e+00  7.801366195162849377e-05  7.801366195162849377e-05
4.758333334135312676e+00  6.188992860505568695e-05  6.188992860505568695e-05
4.858333334135312320e+00  4.930992357715730309e-05  4.930992357715730309e-05
4.958333334135311965e+00  3.938297273427881031e-05  3.938297273427881031e-05
5.058333334135312498e+00  3.147204361354344034e-05  3.147204361354344034e-05
5.158333334135312143e+00  2.512612956762220507e-05  2.512612956762220507e-05
5.258333334135312676e+00  2.002209191095277209e-05  2.002209191095277209e-05
5.358333334135312320e+00  1.592052168388839639e-05  1.592052168388839639e-05
5.458333334135311965e+00  1.263568830967873411e-05  1.263568830967873411e-05
5.558333334135312498e+00  1.001709815348883855e-05  1.001709815348883855e-05
5.658333334135312143e+00  7.939278256855235037e-06  7.939278256855235037e-06
5.758333334135312676e+00  6.296583332632935294e-06  6.296583332632935294e-06
5.858333334135312320e+00  5.000556873305908249e-06  5.000556873305908249e-06
5.958333334135311965e+00  3.978247850743874520e-06  3.978247850743874520e-06
6.058333334135312498e+00  3.170643499117326883e-06  3.170643499117326883e-06
6.158333334135312143e+00  2.530919031747677557e-06  2.530919031747677557e-06
6.258333334135312676e+00  2.022518683932023619e-06  2.022518683932023619e-06
6.358333334135312320e+00  1.617214554972485531e-06  1.617214554972485531e-06
6.458333334135311965e+00  1.293303479681735514e-06  1.293303479681735514e-06
6.558333334135311610e+00  1.034055938045326022e-06  1.034055938045326022e-06
6.658333334135313031e+00  8.264677273662771386e-07  8.264677273662771386e-07
6.758333334135312676e+00  6.603101842389159598e-07  6.603101842389159598e-07
6.858333334135312320e+00  5.274388829211774843e-07  5.274388829211774843e-07
6.958333334135311965e+00  4.213047387837550619e-07  4.213047387837550619e-07
7.058333334135311610e+00  3.366108355275781301e-07  3.366108355275781301e-07
7.158333334135313031e+00  2.690669433942773611e-07  2.690669433942773611e-07
7.258333334135312676e+00  2.152060608129276760e-07  2.152060608129276760e-07
7.358333334135312320e+00  1.722394665579384659e-07  1.722394665579384659e-07
7.458333334135311965e+00  1.379365626461739588e-07  1.379365626461739588e-07
7.558333334135311610e+00  1.105225191829841226e-07  1.105225191829841226e-07
7.658333334135313031e+00  8.859064404932255116e-08  8.859064404932255116e-08
7.758333334135312676e+00  7.102819400502859120e-08  7.102819400502859120e-08
7.858333334135312320e+00  5.695481646297098082e-08  5.695481646297098082e-08
7.958333334135311965e+00  4.567264025638707846e-08  4.567264025638707846e-08
8.058333334135312498e+00  3.662668861038575321e-08  3.662668861038575321e-08
8.158333334135313919e+00  2.937402861403964856e-08  2.937402861403964856e-08
8.258333334135311787e+00  2.355999549750916140e-08  2.355999549750916140e-08
8.358333334135313208e+00  1.889992989992453762e-08  1.889992989992453762e-08
8.458333334135311077e+00  1.516508539962101023e-08  1.516508539962101023e-08
8.558333334135312498e+00  1.217163464259005312e-08  1.217163464259005312e-08
8.658333334135313919e+00  9.771970074086827074e-09  9.771970074086827074e-09
8.758333334135311787e+00  7.847724706549196002e-09  7.847724706549196002e-09
8.858333334135313208e+00  6.304114787652480545e-09  6.304114787652480545e-09
8.958333334135311077e+00  5.065329924589720793e-09  5.065329924589720793e-09
9.058333334135312498e+00  4.070776139559974292e-09  4.070776139559974292e-09
9.158333334135313919e+00  3.272025662484467186e-09  3.272025662484467186e-09
9.258333334135311787e+00  2.630355647694448553e-09  2.630355647694448553e-09
9.358333334135313208e+00  2.114775544506226029e-09  2.114775544506226029e-09
9.458333334135311077e+00  1.700455587418357665e-09  1.700455587418357665e-09
9.558333334135312498e+00  1.367480085378702706e-09  1.367480085378702706e-09
9.658333334135313919e+00  1.099860170512079494e-09  1.099860170512079494e-09
9.758333334135311787e+00  8.847515163455475060e-10  8.847515163455475060e-10
9.858333334135313208e+00  7.118328321494061819e-10  7.118328321494061819e-10
9.958333334135311077e+00  5.728101831888728566e-10  5.728101831888728566e-10
1.005833333413531250e+01  4.610200301337042909e-10  4.610200301337042909e-10
1.015833333413531392e+01  3.711102039395871871e-10  3.711102039395871871e-10
1.025833333413531179e+01  2.987829136258018342e-10  2.987829136258018342e-10
1.035833333413531321e+01  2.405875311176154633e-10  2.405875311176154633e-10
1.045833333413531108e+01  1.937535715428695400e-10  1.937535715428695400e-10
