-1.500000001524786075e+00  1.922878490838220720e-08  1.922878490838220720e-08
-1.400000001524785986e+00  7.711495720319075218e-08  7.711495720319075218e-08
-1.300000001524786342e+00  2.922170376180759750e-07  2.922170376180759750e-07
-1.200000001524785809e+00  1.046291210469731997e-06  1.046291210469731997e-06
-1.100000001524786164e+00  3.539808368414988804e-06  3.539808368414988804e-06
-1.000000001524786075e+00  1.131584676315331768e-05  1.131584676315331768e-05
-9.000000015247859864e-01  3.418019178185213280e-05  3.418019178185213280e-05
-8.000000015247858975e-01  9.755332222009720851e-05  9.755332222009720851e-05
-7.000000015247860308e-01  2.630811698422549222e-04  2.630811698422549222e-04
-6.000000015247861640e-01  6.703746698382713866e-04  6.703746698382713866e-04
-5.000000015247860752e-01  1.614081869363514837e-03  1.614081869363514837e-03
-4.000000015247859864e-01  3.672092848312158864e-03  3.672092848312158864e-03
-3.000000015247858975e-01  7.893722950209163675e-03  7.893722950209163675e-03
-2.000000015247860308e-01  1.603357017911962584e-02  1.603357017911962584e-02
-1.000000015247859420e-01  3.077221271113887366e-02  3.077221271113887366e-02
-1.524786075179918043e-09  5.580425903690531403e-02  5.580425903690531403e-02
9.999999847521401364e-02  9.562162009738839341e-02  9.562162009738839341e-02
1.999999984752141025e-01  1.548192576072936200e-01  1.548192576072936200e-01
2.999999984752139692e-01  2.368503304589254788e-01  2.368503304589254788e-01
3.999999984752140580e-01  3.423758636877817230e-01  3.423758636877817230e-01
4.999999984752139248e-01  4.676408250571464364e-01  4.676408250571464364e-01
5.999999984752140136e-01  6.035341190617800056e-01  6.035341190617800056e-01
6.999999984752141025e-01  7.359890733787298744e-01  7.359890733787298744e-01
7.999999984752141913e-01  8.480491793908216946e-01  8.480491793908216946e-01
8.999999984752142801e-01  9.233170198090708825e-01  9.233170198090708825e-01
9.999999984752139248e-01  9.498625723843636681e-01  9.498625723843636681e-01
1.099999998475214014e+00  9.233170198090706604e-01  9.233170198090706604e-01
1.199999998475214102e+00  8.480491793908212506e-01  8.480491793908212506e-01
1.299999998475214191e+00  7.359890733787292083e-01  7.359890733787292083e-01
1.399999998475214280e+00  6.035341190617793394e-01  6.035341190617793394e-01
1.499999998475213925e+00  4.676408250571464364e-01  4.676408250571464364e-01
1.599999998475214014e+00  3.423758636877813899e-01  3.423758636877813899e-01
1.699999998475214102e+00  2.368503304589252290e-01  2.368503304589252290e-01
1.799999998475214191e+00  1.548192576072932591e-01  1.548192576072932591e-01
1.899999998475214280e+00  9.562162009738818524e-02  9.562162009738818524e-02
1.999999998475213925e+00  5.580425903690531403e-02  5.580425903690531403e-02
2.099999998475214014e+00  3.077221271113884937e-02  3.077221271113884937e-02
2.199999998475214102e+00  1.603357017911960156e-02  1.603357017911960156e-02
2.299999998475214191e+00  7.893722950209142858e-03  7.893722950209142858e-03
2.399999998475214280e+00  3.672092848312142385e-03  3.672092848312142385e-03
2.499999998475213925e+00  1.614081869363514837e-03  1.614081869363514837e-03
2.599999998475214458e+00  6.703746698382684593e-04  6.703746698382684593e-04
2.699999998475214102e+00  2.630811698422544885e-04  2.630811698422544885e-04
2.799999998475213747e+00  9.755332222009720851e-05  9.755332222009720851e-05
2.899999998475214280e+00  3.418019178185194984e-05  3.418019178185194984e-05
2.999999998475213925e+00  1.131584676315331768e-05  1.131584676315331768e-05
3.099999998475214458e+00  3.539808368414970169e-06  3.539808368414970169e-06
3.199999998475214102e+00  1.046291210469731997e-06  1.046291210469731997e-06
3.299999998475214635e+00  2.922170376180723752e-07  2.922170376180723752e-07
3.399999998475214280e+00  7.711495720319020955e-08  7.711495720319020955e-08
3.499999998475213925e+00  1.922878490838220720e-08  1.922878490838220720e-08
3.599999998475214458e+00  4.530490170366803594e-09  4.530490170366803594e-09
3.699999998475214102e+00  1.008599328941848769e-09  1.008599328941848769e-09
3.799999998475214635e+00  2.121642901750482477e-10  2.121642901750482477e-10
3.899999998475214280e+00  4.217023623466117036e-11  4.217023623466117036e-11
3.999999998475213925e+00  7.919903875302617670e-12  7.919903875302617670e-12
4.099999998475214014e+00  1.405445206414914988e-12  1.405445206414914988e-12
4.199999998475213658e+00  2.356611854830555901e-13  2.356611854830555901e-13
4.299999998475215079e+00  3.733725010442045604e-14  3.733725010442045604e-14
4.399999998475214724e+00  5.589548530404039318e-15  5.589548530404039318e-15
4.499999998475214369e+00  7.906627249826715023e-16  7.906627249826715023e-16
4.599999998475214014e+00  1.056783271651821797e-16  1.056783271651821797e-16
4.699999998475213658e+00  1.334629519847399769e-17  1.334629519847399769e-17
4.799999998475215079e+00  1.592632795367310060e-18  1.592632795367310060e-18
4.899999998475214724e+00  1.795770007379170747e-19  1.795770007379170747e-19
4.999999998475214369e+00  1.913224371748943658e-20  1.913224371748943658e-20
5.099999998475214014e+00  1.926021925226563047e-21  1.926021925226563047e-21
5.199999998475213658e+00  1.832047292072944332e-22  1.832047292072944332e-22
5.299999998475215079e+00  1.646615750342267871e-23  1.646615750342267871e-23
5.399999998475214724e+00  1.398388943910117531e-24  1.398388943910117531e-24
5.499999998475214369e+00  1.122131695271921461e-25  1.122131695271921461e-25
5.599999998475214014e+00  8.508241502690370238e-27  8.508241502690370238e-27
5.699999998475213658e+00  6.095592405450900467e-28  6.095592405450900467e-28
5.799999998475215079e+00  4.126407948290931365e-29  4.126407948290931365e-29
5.899999998475214724e+00  2.639420191923379362e-30  2.639420191923379362e-30
5.999999998475214369e+00  1.595236359097877818e-31  1.595236359097877818e-31
6.099999998475214014e+00  9.110069200855025465e-33  9.110069200855025465e-33
6.199999998475213658e+00  4.915847974502954019e-34  4.915847974502954019e-34
6.299999998475215079e+00  2.506428630119261767e-35  2.506428630119261767e-35
6.399999998475214724e+00  1.207514551973612887e-36  1.207514551973612887e-36
6.499999998475214369e+00  5.496794932235892909e-38  5.496794932235892909e-38
6.599999998475214014e+00  2.364323116662295771e-39  2.364323116662295771e-39
6.699999998475215435e+00  9.609134077876852492e-41  9.609134077876852492e-41
6.799999998475215079e+00  3.690131216131532277e-42  3.690131216131532277e-42
6.899999998475214724e+00  1.338996669938217434e-43  1.338996669938217434e-43
6.999999998475214369e+00  4.590894534162698534e-45  4.590894534162698534e-45
7.099999998475214014e+00  1.487288658874508979e-46  1.487288658874508979e-46
7.199999998475215435e+00  4.552745230756288160e-48  4.552745230756288160e-48
7.299999998475215079e+00  1.316835607105738600e-49  1.316835607105738600e-49
7.399999998475214724e+00  3.598901048543490662e-51  3.598901048543490662e-51
7.499999998475214369e+00  9.293694277571917861e-53  9.293694277571917861e-53
7.599999998475214014e+00  2.267707254593362415e-54  2.267707254593362415e-54
7.699999998475215435e+00  5.228362947997528898e-56  5.228362947997528898e-56
7.799999998475215079e+00  1.139002293387190536e-57  1.139002293387190536e-57
7.899999998475214724e+00  2.344572140822665456e-59  2.344572140822665456e-59
7.999999998475214369e+00  4.560187851799849717e-61  4.560187851799849717e-61
8.099999998475215790e+00  8.380732865442392066e-63  8.380732865442392066e-63
8.199999998475215435e+00  1.455329704398962114e-64  1.455329704398962114e-64
8.299999998475215079e+00  2.387926312494449853e-66  2.387926312494449853e-66
8.399999998475214724e+00  3.702205995413752927e-68  3.702205995413752927e-68
8.499999998475214369e+00  5.423509059319015357e-70  5.423509059319015357e-70
8.599999998475215790e+00  7.507239850998023526e-72  7.507239850998023526e-72
8.699999998475215435e+00  9.818843646598047818e-74  9.818843646598047818e-74
8.799999998475215079e+00  1.213446207989800680e-75  1.213446207989800680e-75
8.899999998475214724e+00  1.416970617125484134e-77  1.416970617125484134e-77
8.999999998475214369e+00  1.563440262157604238e-79  1.563440262157604238e-79
9.099999998475215790e+00  1.629978479410044445e-81  1.629978479410044445e-81
9.199999998475215435e+00  1.605693245532006344e-83  1.605693245532006344e-83
9.299999998475215079e+00  1.494594645130926790e-85  1.494594645130926790e-85
9.399999998475214724e+00  1.314511514799906523e-87  1.314511514799906523e-87
9.499999998475214369e+00  1.092409577381632209e-89  1.092409577381632209e-89
9.599999998475215790e+00  8.578013683985657443e-92  8.578013683985657443e-92
9.699999998475215435e+00  6.364555849250002103e-94  6.364555849250002103e-94
9.799999998475215079e+00  4.462000352810202856e-96  4.462000352810202856e-96
9.899999998475214724e+00  2.955774037989488666e-98  2.955774037989488666e-98
9.999999998475214369e+00  1.850090578440220641e-100  1.850090578440220641e-100
1.009999999847521579e+01  1.094195398923599191e-102  1.094195398923599191e-102
1.019999999847521543e+01  6.114724694108016103e-105  6.114724694108016103e-105
1.029999999847521508e+01  3.228784531488902839e-107  3.228784531488902839e-107
1.039999999847521472e+01  1.610947365344918177e-109  1.610947365344918177e-109
1.049999999847521437e+01  7.594580140361146482e-112  7.594580140361146482e-112
