-1.500000000215636842e+00  3.285004545389721607e-09  3.285004545389721607e-09
-1.400000000215636753e+00  1.518970712455826774e-08  1.518970712455826774e-08
-1.300000000215637108e+00  6.598108008926480476e-08  6.598108008926480476e-08
-1.200000000215636575e+00  2.692440010635818953e-07  2.692440010635818953e-07
-1.100000000215636931e+00  1.032117747157501475e-06  1.032117747157501475e-06
-1.000000000215636842e+00  3.716798786835751077e-06  3.716798786835751077e-06
-9.000000002156367529e-01  1.257376822148113549e-05  1.257376822148113549e-05
-8.000000002156366641e-01  3.995935276726383391e-05  3.995935276726383391e-05
-7.000000002156367973e-01  1.192965913530127860e-04  1.192965913530127860e-04
-6.000000002156369305e-01  3.345755644122134055e-04  3.345755644122134055e-04
-5.000000002156368417e-01  8.814892059186151159e-04  8.814892059186151159e-04
-4.000000002156367529e-01  2.181706737614404288e-03  2.181706737614404288e-03
-3.000000002156366641e-01  5.072620143249433056e-03  5.072620143249433056e-03
-2.000000002156367973e-01  1.107962102984502879e-02  1.107962102984502879e-02
-1.000000002156367085e-01  2.273390625397766346e-02  2.273390625397766346e-02
-2.156368417161047546e-10  4.382075123392135951e-02  4.382075123392135951e-02
9.999999978436324710e-02  7.934912958916862102e-02  7.934912958916862102e-02
1.999999997843633359e-01  1.349774162829703028e-01  1.349774162829703028e-01
2.999999997843632027e-01  2.156932970662789051e-01  2.156932970662789051e-01
3.999999997843632915e-01  3.237939891647296231e-01  3.237939891647296231e-01
4.999999997843631583e-01  4.566227134725548420e-01  4.566227134725548420e-01
5.999999997843632471e-01  6.049268112978586354e-01  6.049268112978586354e-01
6.999999997843633359e-01  7.528435803870113796e-01  7.528435803870113796e-01
7.999999997843634247e-01  8.801633169107490051e-01  8.801633169107490051e-01
8.999999997843635136e-01  9.666702920071233995e-01  9.666702920071233995e-01
9.999999997843631583e-01  9.973557010035817294e-01  9.973557010035817294e-01
1.099999999784363247e+00  9.666702920071230665e-01  9.666702920071230665e-01
1.199999999784363336e+00  8.801633169107485610e-01  8.801633169107485610e-01
1.299999999784363425e+00  7.528435803870107135e-01  7.528435803870107135e-01
1.399999999784363514e+00  6.049268112978579692e-01  6.049268112978579692e-01
1.499999999784363158e+00  4.566227134725548420e-01  4.566227134725548420e-01
1.599999999784363247e+00  3.237939891647293456e-01  3.237939891647293456e-01
1.699999999784363336e+00  2.156932970662787108e-01  2.156932970662787108e-01
1.799999999784363425e+00  1.349774162829699975e-01  1.349774162829699975e-01
1.899999999784363514e+00  7.934912958916844061e-02  7.934912958916844061e-02
1.999999999784363158e+00  4.382075123392135951e-02  4.382075123392135951e-02
2.099999999784363247e+00  2.273390625397763223e-02  2.273390625397763223e-02
2.199999999784363336e+00  1.107962102984501838e-02  1.107962102984501838e-02
2.299999999784363425e+00  5.072620143249414841e-03  5.072620143249414841e-03
2.399999999784363514e+00  2.181706737614396482e-03  2.181706737614396482e-03
2.499999999784363158e+00  8.814892059186151159e-04  8.814892059186151159e-04
2.599999999784363691e+00  3.345755644122122129e-04  3.345755644122122129e-04
2.699999999784363336e+00  1.192965913530123659e-04  1.192965913530123659e-04
2.799999999784362981e+00  3.995935276726383391e-05  3.995935276726383391e-05
2.899999999784363514e+00  1.257376822148109145e-05  1.257376822148109145e-05
2.999999999784363158e+00  3.716798786835751077e-06  3.716798786835751077e-06
3.099999999784363691e+00  1.032117747157495969e-06  1.032117747157495969e-06
3.199999999784363336e+00  2.692440010635818953e-07  2.692440010635818953e-07
3.299999999784363869e+00  6.598108008926386508e-08  6.598108008926386508e-08
3.399999999784363514e+00  1.518970712455821480e-08  1.518970712455821480e-08
3.499999999784363158e+00  3.285004545389721607e-09  3.285004545389721607e-09
3.599999999784363691e+00  6.673891536907105756e-10  6.673891536907105756e-10
3.699999999784363336e+00  1.273734489710920951e-10  1.273734489710920951e-10
3.799999999784363869e+00  2.283680102091132012e-11  2.283680102091132012e-11
3.899999999784363514e+00  3.846344876403187442e-12  3.846344876403187442e-12
3.999999999784363158e+00  6.085801332572567428e-13  6.085801332572567428e-13
4.099999999784364135e+00  9.045736127781261696e-14  9.045736127781261696e-14
4.199999999784363780e+00  1.263067770884223144e-14  1.263067770884223144e-14
4.299999999784363425e+00  1.656784363992176232e-15  1.656784363992176232e-15
4.399999999784363069e+00  2.041558907917387672e-16  2.041558907917387672e-16
4.499999999784362714e+00  2.363275970475730053e-17  2.363275970475730053e-17
4.599999999784364135e+00  2.569943392917210449e-18  2.569943392917210449e-18
4.699999999784363780e+00  2.625362457492611187e-19  2.625362457492611187e-19
4.799999999784363425e+00  2.519483848574984561e-20  2.519483848574984561e-20
4.899999999784363069e+00  2.271383577994166438e-21  2.271383577994166438e-21
4.999999999784362714e+00  1.923649656676618503e-22  1.923649656676618503e-22
5.099999999784364135e+00  1.530446216311769482e-23  1.530446216311769482e-23
5.199999999784363780e+00  1.143843897630209468e-24  1.143843897630209468e-24
5.299999999784363425e+00  8.031044679053543700e-26  8.031044679053543700e-26
5.399999999784363069e+00  5.297048133773384396e-27  5.297048133773384396e-27
5.499999999784362714e+00  3.282104401538554337e-28  3.282104401538554337e-28
5.599999999784364135e+00  1.910413852896800805e-29  1.910413852896800805e-29
5.699999999784363780e+00  1.044621886135661628e-30  1.044621886135661628e-30
5.799999999784363425e+00  5.365959339157651040e-32  5.365959339157651040e-32
5.899999999784363069e+00  2.589358774052087925e-33  2.589358774052087925e-33
5.999999999784362714e+00  1.173798839493803267e-34  1.173798839493803267e-34
6.099999999784364135e+00  4.998638355546363634e-36  4.998638355546363634e-36
6.199999999784363780e+00  1.999706939251731513e-37  1.999706939251731513e-37
6.299999999784363425e+00  7.515148815249364035e-39  7.515148815249364035e-39
6.399999999784363069e+00  2.653172034788040327e-40  2.653172034788040327e-40
6.499999999784362714e+00  8.799334594988544435e-42  8.799334594988544435e-42
6.599999999784362359e+00  2.741516398472506332e-43  2.741516398472506332e-43
6.699999999784363780e+00  8.023954526049778311e-45  8.023954526049778311e-45
6.799999999784363425e+00  2.206188743648706094e-46  2.206188743648706094e-46
6.899999999784363069e+00  5.698407001637969478e-48  5.698407001637969478e-48
6.999999999784362714e+00  1.382677387461143503e-49  1.382677387461143503e-49
7.099999999784362359e+00  3.151699847347030384e-51  3.151699847347030384e-51
7.199999999784363780e+00  6.748782561471372060e-53  6.748782561471372060e-53
7.299999999784363425e+00  1.357571199378189285e-54  1.357571199378189285e-54
7.399999999784363069e+00  2.565407681979758980e-56  2.565407681979758980e-56
7.499999999784362714e+00  4.554144021081916437e-58  4.554144021081916437e-58
7.599999999784362359e+00  7.594754246975023181e-60  7.594754246975023181e-60
7.699999999784363780e+00  1.189809096691808815e-61  1.189809096691808815e-61
7.799999999784363425e+00  1.751045533579645646e-63  1.751045533579645646e-63
7.899999999784363069e+00  2.420885163379170460e-65  2.420885163379170460e-65
7.999999999784362714e+00  3.144180957195573436e-67  3.144180957195573436e-67
8.099999999784364135e+00  3.836166709421143937e-69  3.836166709421143937e-69
8.199999999784363780e+00  4.396873856487634988e-71  4.396873856487634988e-71
8.299999999784363425e+00  4.734205820535190127e-73  4.734205820535190127e-73
8.399999999784363069e+00  4.788581229179975075e-75  4.788581229179975075e-75
8.499999999784362714e+00  4.550123426103206693e-77  4.550123426103206693e-77
8.599999999784364135e+00  4.061590091933904690e-79  4.061590091933904690e-79
8.699999999784363780e+00  3.405850646587089327e-81  3.405850646587089327e-81
8.799999999784363425e+00  2.682944585170663223e-83  2.682944585170663223e-83
8.899999999784363069e+00  1.985429181603621120e-85  1.985429181603621120e-85
8.999999999784362714e+00  1.380237090539980173e-87  1.380237090539980173e-87
9.099999999784364135e+00  9.013834539318451349e-90  9.013834539318451349e-90
9.199999999784363780e+00  5.529960950526269346e-92  5.529960950526269346e-92
9.299999999784363425e+00  3.187066623894250918e-94  3.187066623894250918e-94
9.399999999784363069e+00  1.725507355031854143e-96  1.725507355031854143e-96
9.499999999784362714e+00  8.776049866313869222e-99  8.776049866313869222e-99
9.599999999784364135e+00  4.193126307135860485e-101  4.193126307135860485e-101
9.699999999784363780e+00  1.882059727898379958e-103  1.882059727898379958e-103
9.799999999784363425e+00  7.935703882063156270e-106  7.935703882063156270e-106
9.899999999784363069e+00  3.143359844473079906e-108  3.143359844473079906e-108
9.999999999784362714e+00  1.169659204312578216e-110  1.169659204312578216e-110
1.009999999978436414e+01  4.088661713090156533e-113  4.088661713090156533e-113
1.019999999978436378e+01  1.342640091255148079e-115  1.342640091255148079e-115
1.029999999978436342e+01  4.141852584674343020e-118  4.141852584674343020e-118
1.039999999978436307e+01  1.200290196476720498e-120  1.200290196476720498e-120
1.049999999978436271e+01  3.267642042687656259e-123  3.267642042687656259e-123
