-1.586956434746200628e+00  3.244749818536163722e-22  3.244749818536163722e-22
-1.486956434746200095e+00  1.495726570958804154e-20  1.495726570958804154e-20
-1.386956434746200451e+00  6.243090355345739708e-19  6.243090355345739708e-19
-1.286956434746200362e+00  2.263353020797456159e-17  2.263353020797456159e-17
-1.186956434746200273e+00  7.035231848807767492e-16  7.035231848807767492e-16
-1.086956434746200628e+00  1.867318068424068205e-14  1.867318068424068205e-14
-9.869564347462003173e-01  4.226648098807225330e-13  4.226648098807225330e-13
-8.869564347462004505e-01  8.154774135859189474e-12  8.154774135859189474e-12
-7.869564347462003617e-01  1.340886712445373504e-10  1.340886712445373504e-10
-6.869564347462002729e-01  1.878917104010079655e-09  1.878917104010079655e-09
-5.869564347462004061e-01  2.243605546137429773e-08  2.243605546137429773e-08
-4.869564347462003173e-01  2.282987064306174327e-07  2.282987064306174327e-07
-3.869564347462002285e-01  1.979593449267176980e-06  1.979593449267176980e-06
-2.869564347462003617e-01  1.462726047351554130e-05  1.462726047351554130e-05
-1.869564347462002729e-01  9.210089112340564611e-05  9.210089112340564611e-05
-8.695643474620040614e-02  4.941721330168265822e-04  4.941721330168265822e-04
1.304356525379968268e-02  2.259467892665627427e-03  2.259467892665627427e-03
1.130435652537997715e-01  8.803344133647786687e-03  8.803344133647786687e-03
2.130435652537996383e-01  2.922826486707744489e-02  2.922826486707744489e-02
3.130435652537997271e-01  8.269377519284518141e-02  8.269377519284518141e-02
4.130435652537995939e-01  1.993692684740163423e-01  1.993692684740163423e-01
5.130435652537996827e-01  4.096016263980098993e-01  4.096016263980098993e-01
6.130435652537997715e-01  7.171144633196592233e-01  7.171144633196592233e-01
7.130435652537998603e-01  1.069918442237721701e+00  1.069918442237721701e+00
8.130435652537999491e-01  1.360433036669178364e+00  1.360433036669178364e+00
9.130435652537995939e-01  1.474489622853699444e+00  1.474489622853699444e+00
1.013043565253799683e+00  1.362837820663889588e+00  1.362837820663889588e+00
1.113043565253799771e+00  1.075623797903666024e+00  1.075623797903666024e+00
1.213043565253799860e+00  7.278637114581500978e-01  7.278637114581500978e-01
1.313043565253799949e+00  4.278041547610885176e-01  4.278041547610885176e-01
1.413043565253799594e+00  2.276755257749493444e-01  2.276755257749493444e-01
1.513043565253799683e+00  1.232894824164393888e-01  1.232894824164393888e-01
1.613043565253799771e+00  8.297189586532616179e-02  8.297189586532616179e-02
1.713043565253799860e+00  7.450246889667221095e-02  7.450246889667221095e-02
1.813043565253799949e+00  7.644277979340562135e-02  7.644277979340562135e-02
1.913043565253799594e+00  7.790116032714264338e-02  7.790116032714264338e-02
2.013043565253799905e+00  7.480214483597383279e-02  7.480214483597383279e-02
2.113043565253799549e+00  6.682812224375399290e-02  6.682812224375399290e-02
2.213043565253800082e+00  5.555551887303650932e-02  5.555551887303650932e-02
2.313043565253799727e+00  4.322999051683946298e-02  4.322999051683946298e-02
2.413043565253799372e+00  3.187938996394940744e-02  3.187938996394940744e-02
2.513043565253799905e+00  2.278196817180451125e-02  2.278196817180451125e-02
2.613043565253799549e+00  1.633517272908545023e-02  1.633517272908545023e-02
2.713043565253799194e+00  1.224451582395810582e-02  1.224451582395810582e-02
2.813043565253799727e+00  9.857414028092252589e-03  9.857414028092252589e-03
2.913043565253799372e+00  8.473574520872178065e-03  8.473574520872178065e-03
3.013043565253799905e+00  7.539469618965040712e-03  7.539469618965040712e-03
3.113043565253799549e+00  6.716438161663343225e-03  6.716438161663343225e-03
3.213043565253800082e+00  5.859987000799917953e-03  5.859987000799917953e-03
3.313043565253799727e+00  4.958022861494650220e-03  4.958022861494650220e-03
3.413043565253799372e+00  4.064154771935510682e-03  4.064154771935510682e-03
3.513043565253799905e+00  3.245567015251824092e-03  3.245567015251824092e-03
3.613043565253799549e+00  2.551845803315715231e-03  2.551845803315715231e-03
3.713043565253800082e+00  2.003192450411176665e-03  2.003192450411176665e-03
3.813043565253799727e+00  1.592561079318778475e-03  1.592561079318778475e-03
3.913043565253799372e+00  1.295160345498328359e-03  1.295160345498328359e-03
4.013043565253799905e+00  1.079567232674600316e-03  1.079567232674600316e-03
4.113043565253799549e+00  9.166160078284095588e-04  9.166160078284095588e-04
4.213043565253800082e+00  7.844162110895817061e-04  7.844162110895817061e-04
4.313043565253799727e+00  6.696313002170971264e-04  6.696313002170971264e-04
4.413043565253799372e+00  5.661626583994936075e-04  5.661626583994936075e-04
4.513043565253799905e+00  4.726430465757310321e-04  4.726430465757310321e-04
4.613043565253799549e+00  3.898899529511403415e-04  3.898899529511403415e-04
4.713043565253800082e+00  3.189985317470579230e-04  3.189985317470579230e-04
4.813043565253799727e+00  2.602957961216804754e-04  2.602957961216804754e-04
4.913043565253799372e+00  2.130547021685595265e-04  2.130547021685595265e-04
5.013043565253799905e+00  1.757079212304959569e-04  1.757079212304959569e-04
5.113043565253799549e+00  1.462783735987392773e-04  1.462783735987392773e-04
5.213043565253800082e+00  1.228055159778622168e-04  1.228055159778622168e-04
5.313043565253799727e+00  1.036414404439381089e-04  1.036414404439381089e-04
5.413043565253799372e+00  8.758028239523768554e-05  8.758028239523768554e-05
5.513043565253799905e+00  7.384668753375404752e-05  7.384668753375404752e-05
5.613043565253799549e+00  6.199847916480478343e-05  6.199847916480478343e-05
5.713043565253800082e+00  5.180064980703597769e-05  5.180064980703597769e-05
5.813043565253799727e+00  4.311308635191697577e-05  4.311308635191697577e-05
5.913043565253799372e+00  3.581395550545887112e-05  3.581395550545887112e-05
6.013043565253799905e+00  2.976246049459646886e-05  2.976246049459646886e-05
6.113043565253799549e+00  2.479282709509194517e-05  2.479282709509194517e-05
6.213043565253800082e+00  2.072653772966900405e-05  2.072653772966900405e-05
6.313043565253799727e+00  1.739046271933854780e-05  1.739046271933854780e-05
6.413043565253799372e+00  1.463223327939843962e-05  1.463223327939843962e-05
6.513043565253799017e+00  1.232870810505519042e-05  1.232870810505519042e-05
6.613043565253800438e+00  1.038715139683325567e-05  1.038715139683325567e-05
6.713043565253800082e+00  8.741045956323731001e-06  8.741045956323731001e-06
6.813043565253799727e+00  7.343280246853880554e-06  7.343280246853880554e-06
6.913043565253799372e+00  6.159160088265246143e-06  6.159160088265246143e-06
7.013043565253799017e+00  5.160834259886066417e-06  5.160834259886066417e-06
7.113043565253800438e+00  4.323760124614540812e-06  4.323760124614540812e-06
7.213043565253800082e+00  3.625078270448153675e-06  3.625078270448153675e-06
7.313043565253799727e+00  3.043340439171227701e-06  3.043340439171227701e-06
7.413043565253799372e+00  2.558926466629845491e-06  2.558926466629845491e-06
7.513043565253799017e+00  2.154597000810196550e-06  2.154597000810196550e-06
7.613043565253800438e+00  1.815841421113364407e-06  1.815841421113364407e-06
7.713043565253800082e+00  1.530896279661941828e-06  1.530896279661941828e-06
7.813043565253799727e+00  1.290468982546336357e-06  1.290468982546336357e-06
7.913043565253799372e+00  1.087284002596220500e-06  1.087284002596220500e-06
8.013043565253800793e+00  9.155834571298608351e-07  9.155834571298608351e-07
8.113043565253800438e+00  7.706841956999161756e-07  7.706841956999161756e-07
8.213043565253800082e+00  6.486459049022352419e-07  6.486459049022352419e-07
8.313043565253799727e+00  5.460597354102307608e-07  5.460597354102307608e-07
8.413043565253799372e+00  4.599361421492543609e-07  4.599361421492543609e-07
8.513043565253800793e+00  3.876569880343806417e-07  3.876569880343806417e-07
8.613043565253800438e+00  3.269575376906129841e-07  3.269575376906129841e-07
8.713043565253800082e+00  2.759130563753900816e-07  2.759130563753900816e-07
8.813043565253799727e+00  2.329165486509003990e-07  2.329165486509003990e-07
8.913043565253799372e+00  1.966444812461333964e-07  1.966444812461333964e-07
9.013043565253800793e+00  1.660139868486898982e-07  1.660139868486898982e-07
9.113043565253800438e+00  1.401377401609099925e-07  1.401377401609099925e-07
9.213043565253800082e+00  1.182823291983795257e-07  1.182823291983795257e-07
9.313043565253799727e+00  9.983388290767832376e-08  9.983388290767832376e-08
9.413043565253799372e+00  8.427224149821824407e-08  8.427224149821824407e-08
9.513043565253800793e+00  7.115294583249463351e-08  7.115294583249463351e-08
9.613043565253800438e+00  6.009517186003889467e-08  6.009517186003889467e-08
9.713043565253800082e+00  5.077344261170518757e-08  5.077344261170518757e-08
9.813043565253799727e+00  4.291127282473692275e-08  4.291127282473692275e-08
9.913043565253799372e+00  3.627552230546786069e-08  3.627552230546786069e-08
1.001304356525380079e+01  3.067087760648525268e-08  3.067087760648525268e-08
1.011304356525380044e+01  2.593437268969777700e-08  2.593437268969777700e-08
1.021304356525380008e+01  2.193013257426025799e-08  2.193013257426025799e-08
1.031304356525379973e+01  1.854459840408874317e-08  1.854459840408874317e-08
1.041304356525379937e+01  1.568243270905026748e-08  1.568243270905026748e-08
