-1.612545253507317700e+00  0.000000000000000000e+00  0.000000000000000000e+00
-1.512545253507317611e+00  0.000000000000000000e+00  0.000000000000000000e+00
-1.412545253507317966e+00  0.000000000000000000e+00  0.000000000000000000e+00
-1.312545253507317433e+00  0.000000000000000000e+00  0.000000000000000000e+00
-1.212545253507317788e+00  0.000000000000000000e+00  0.000000000000000000e+00
-1.112545253507317700e+00  0.000000000000000000e+00  0.000000000000000000e+00
-1.012545253507317611e+00  0.000000000000000000e+00  0.000000000000000000e+00
-9.125452535073175220e-01  0.000000000000000000e+00  0.000000000000000000e+00
-8.125452535073176552e-01  0.000000000000000000e+00  0.000000000000000000e+00
-7.125452535073177884e-01  0.000000000000000000e+00  0.000000000000000000e+00
-6.125452535073176996e-01  0.000000000000000000e+00  0.000000000000000000e+00
-5.125452535073176108e-01  0.000000000000000000e+00  0.000000000000000000e+00
-4.125452535073175220e-01  0.000000000000000000e+00  0.000000000000000000e+00
-3.125452535073176552e-01  0.000000000000000000e+00  0.000000000000000000e+00
-2.125452535073175664e-01  0.000000000000000000e+00  0.000000000000000000e+00
-1.125452535073176996e-01  0.000000000000000000e+00  0.000000000000000000e+00
-1.254525350731761080e-02  0.000000000000000000e+00  0.000000000000000000e+00
8.745474649268247802e-02  0.000000000000000000e+00  0.000000000000000000e+00
1.874547464926823448e-01  1.712807977131693947e-265  1.712807977131693947e-265
2.874547464926824336e-01  6.405632017102880762e-195  6.405632017102880762e-195
3.874547464926823004e-01  3.327003424760005407e-135  3.327003424760005407e-135
4.874547464926823892e-01  2.399840962927842682e-86  2.399840962927842682e-86
5.874547464926824780e-01  2.404083947378340630e-48  2.404083947378340630e-48
6.874547464926825668e-01  3.344681342108235935e-21  3.344681342108235935e-21
7.874547464926826557e-01  6.462459269312465112e-05  6.462459269312465112e-05
8.874547464926823004e-01  1.734118784578825867e+01  1.734118784578825867e+01
9.874547464926823892e-01  6.462459269311753604e-05  6.462459269311753604e-05
1.087454746492682478e+00  3.344681342107498665e-21  3.344681342107498665e-21
1.187454746492682567e+00  2.404083947377554853e-48  2.404083947377554853e-48
1.287454746492682656e+00  2.399840962929619670e-86  2.399840962929619670e-86
1.387454746492682300e+00  2.067177911175679777e-68  2.067177911175679777e-68
1.487454746492682389e+00  5.551910580786784552e-44  5.551910580786784552e-44
1.587454746492682478e+00  5.556816378215372503e-25  5.556816378215372503e-25
1.687454746492682567e+00  2.072662574266618244e-11  2.072662574266618244e-11
1.787454746492682656e+00  2.881045659747587338e-03  2.881045659747587338e-03
1.887454746492682300e+00  1.492418600204248547e+00  1.492418600204248547e+00
1.987454746492682389e+00  2.881045659747428610e-03  2.881045659747428610e-03
2.087454746492682478e+00  2.072662574266389800e-11  2.072662574266389800e-11
2.187454746492682567e+00  5.556816378214465168e-25  5.556816378214465168e-25
2.287454746492682656e+00  5.551910580785522027e-44  5.551910580785522027e-44
2.387454746492682300e+00  1.283082433701797211e-46  1.283082433701797211e-46
2.487454746492682833e+00  2.479120465850836990e-30  2.479120465850836990e-30
2.587454746492682478e+00  1.151383547637631983e-17  1.151383547637631983e-17
2.687454746492682123e+00  1.285350958532754441e-08  1.285350958532754441e-08
2.787454746492682656e+00  3.449075884397036738e-03  3.449075884397036738e-03
2.887454746492682300e+00  2.224657155313519152e-01  2.224657155313519152e-01
2.987454746492682833e+00  3.449075884396782601e-03  3.449075884396782601e-03
3.087454746492682478e+00  1.285350958532754441e-08  1.285350958532754441e-08
3.187454746492683011e+00  1.151383547637378222e-17  1.151383547637378222e-17
3.287454746492682656e+00  2.479120465850132488e-30  2.479120465850132488e-30
3.387454746492682300e+00  4.906158846744765875e-36  4.906158846744765875e-36
3.487454746492682833e+00  8.040330645552550465e-24  8.040330645552550465e-24
3.587454746492682478e+00  2.543698889617953973e-14  2.543698889617953973e-14
3.687454746492683011e+00  1.553520470082698065e-07  1.553520470082698065e-07
3.787454746492682656e+00  1.831587824915591970e-03  1.831587824915591970e-03
3.887454746492682300e+00  4.168674674965874849e-02  4.168674674965874849e-02
3.987454746492682833e+00  1.831587824915490922e-03  1.831587824915490922e-03
4.087454746492682034e+00  1.553520470082526805e-07  1.553520470082526805e-07
4.187454746492683455e+00  2.543698889617538086e-14  2.543698889617538086e-14
4.287454746492683100e+00  8.040330645550779877e-24  8.040330645550779877e-24
4.387454746492682744e+00  6.370815971581221176e-30  6.370815971581221176e-30
4.487454746492682389e+00  3.765481936153587451e-20  3.765481936153587451e-20
4.587454746492682034e+00  1.499595062602722634e-12  1.499595062602722634e-12
4.687454746492683455e+00  4.023972699789340259e-07  4.023972699789340259e-07
4.787454746492683100e+00  7.275513315832014350e-04  7.275513315832014350e-04
4.887454746492682744e+00  8.863389703113963916e-03  8.863389703113963916e-03
4.987454746492682389e+00  7.275513315831691257e-04  7.275513315831691257e-04
5.087454746492682034e+00  4.023972699788982917e-07  4.023972699788982917e-07
5.187454746492683455e+00  1.499595062602525330e-12  1.499595062602525330e-12
5.287454746492683100e+00  3.765481936152918792e-20  3.765481936152918792e-20
5.387454746492682744e+00  4.904708070715055268e-26  4.904708070715055268e-26
5.487454746492682389e+00  6.816764395288260705e-18  6.816764395288260705e-18
5.587454746492682034e+00  1.469059812460837376e-11  1.469059812460837376e-11
5.687454746492683455e+00  4.908404340893924221e-07  4.908404340893924221e-07
5.787454746492683100e+00  2.542616397240699249e-04  2.542616397240699249e-04
5.887454746492682744e+00  2.042024808643775995e-03  2.042024808643775995e-03
5.987454746492682389e+00  2.542616397240605466e-04  2.542616397240605466e-04
6.087454746492682034e+00  4.908404340893567408e-07  4.908404340893567408e-07
6.187454746492683455e+00  1.469059812460675494e-11  1.469059812460675494e-11
6.287454746492683100e+00  6.816764395287351666e-18  6.816764395287351666e-18
6.387454746492682744e+00  2.039610990713849063e-23  2.039610990713849063e-23
6.487454746492682389e+00  1.941934632083415263e-16  1.941934632083415263e-16
6.587454746492683810e+00  5.210934697742633740e-11  5.210934697742633740e-11
6.687454746492683455e+00  3.931379180480986103e-07  3.931379180480986103e-07
6.787454746492683100e+00  8.339164003694958874e-05  8.339164003694958874e-05
6.887454746492682744e+00  4.973342576749238166e-04  4.973342576749238166e-04
6.987454746492682389e+00  8.339164003694958874e-05  8.339164003694958874e-05
7.087454746492683810e+00  3.931379180480490060e-07  3.931379180480490060e-07
7.187454746492683455e+00  5.210934697741633368e-11  5.210934697741633368e-11
7.287454746492683100e+00  1.941934632083885129e-16  1.941934632083885129e-16
7.387454746492682744e+00  1.389029501261504010e-21  1.389029501261504010e-21
7.487454746492682389e+00  1.752140162424261740e-15  1.752140162424261740e-15
7.587454746492683810e+00  9.855184074564560117e-11  9.855184074564560117e-11
7.687454746492683455e+00  2.435512597610621154e-07  2.435512597610621154e-07
7.787454746492683100e+00  2.644513352732150876e-05  2.644513352732150876e-05
7.887454746492682744e+00  1.261626760203552844e-04  1.261626760203552844e-04
7.987454746492684166e+00  2.644513352732004509e-05  2.644513352732004509e-05
8.087454746492683810e+00  2.435512597610352751e-07  2.435512597610352751e-07
8.187454746492683455e+00  9.855184074562914803e-11  9.855184074562914803e-11
8.287454746492683100e+00  1.752140162430630017e-15  1.752140162430630017e-15
8.387454746492682744e+00  2.885266002340360366e-20  2.885266002340360366e-20
8.487454746492684166e+00  7.374975969661693568e-15  7.374975969661693568e-15
8.587454746492683810e+00  1.230461621638898364e-10  1.230461621638898364e-10
8.687454746492683455e+00  1.276444612442597705e-07  1.276444612442597705e-07
8.787454746492683100e+00  8.233079629467882901e-06  8.233079629467882901e-06
8.887454746492682744e+00  3.301787327186263824e-05  3.301787327186263824e-05
8.987454746492684166e+00  8.233079629467476325e-06  8.233079629467476325e-06
9.087454746492683810e+00  1.276444612442473033e-07  1.276444612442473033e-07
9.187454746492683455e+00  1.230461621638714574e-10  1.230461621638714574e-10
9.287454746492683100e+00  7.374975969913720428e-15  7.374975969913720428e-15
9.387454746492682744e+00  2.649243278483142826e-19  2.649243278483142826e-19
9.487454746492684166e+00  1.825439507666224616e-14  1.825439507666224616e-14
9.587454746492683810e+00  1.151977939306041283e-10  1.151977939306041283e-10
9.687454746492683455e+00  5.967393462955123701e-08  5.967393462955123701e-08
9.787454746492683100e+00  2.537400267649468295e-06  2.537400267649468295e-06
9.887454746492682744e+00  8.856397154452037000e-06  8.856397154452037000e-06
9.987454746492684166e+00  2.537400267649355640e-06  2.537400267649355640e-06
1.008745474649268381e+01  5.967393462954592982e-08  5.967393462954592982e-08
1.018745474649268346e+01  1.151977939305887738e-10  1.151977939305887738e-10
1.028745474649268310e+01  1.825439508080054420e-14  1.825439508080054420e-14
1.038745474649268274e+01  1.350479135325740354e-18  1.350479135325740354e-18
