-1.636359183446812526e+00  1.307301221647766300e-10  1.307301221647766300e-10
-1.536359183446812438e+00  7.480227372310765640e-10  7.480227372310765640e-10
-1.436359183446812793e+00  4.055752775825514087e-09  4.055752775825514087e-09
-1.336359183446812260e+00  2.066340925785751774e-08  2.066340925785751774e-08
-1.236359183446812615e+00  9.846326367663370213e-08  9.846326367663370213e-08
-1.136359183446812526e+00  4.376837735864522747e-07  4.376837735864522747e-07
-1.036359183446812438e+00  1.812296155890221593e-06  1.812296155890221593e-06
-9.363591834468123487e-01  6.984272153547431762e-06  6.984272153547431762e-06
-8.363591834468124819e-01  2.503963875126021657e-05  2.503963875126021657e-05
-7.363591834468126152e-01  8.348848559417672364e-05  8.348848559417672364e-05
-6.363591834468125263e-01  2.588465106119712381e-04  2.588465106119712381e-04
-5.363591834468124375e-01  7.461559106067160900e-04  7.461559106067160900e-04
-4.363591834468123487e-01  1.999677953838523842e-03  1.999677953838523842e-03
-3.363591834468124819e-01  4.982143214490587259e-03  4.982143214490587259e-03
-2.363591834468123931e-01  1.153951433063286208e-02  1.153951433063286208e-02
-1.363591834468125263e-01  2.484668433239126811e-02  2.484668433239126811e-02
-3.635918344681243752e-02  4.973443519740396862e-02  4.973443519740396862e-02
6.364081655318765129e-02  9.254554692237659808e-02  9.254554692237659808e-02
1.636408165531875181e-01  1.600917813219736030e-01  1.600917813219736030e-01
2.636408165531876069e-01  2.574590849790501235e-01  2.574590849790501235e-01
3.636408165531874737e-01  3.849378463193174893e-01  3.849378463193174893e-01
4.636408165531875625e-01  5.351118151431506487e-01  5.351118151431506487e-01
5.636408165531876513e-01  6.916966546339928801e-01  6.916966546339928801e-01
6.636408165531877401e-01  8.315309714785713568e-01  8.315309714785713568e-01
7.636408165531878289e-01  9.299425176678641769e-01  9.299425176678641769e-01
8.636408165531874737e-01  9.679591751354174045e-01  9.679591751354174045e-01
9.636408165531875625e-01  9.385134068084070025e-01  9.385134068084070025e-01
1.063640816553187651e+00  8.488635606989216598e-01  8.488635606989216598e-01
1.163640816553187740e+00  7.180869713109009345e-01  7.180869713109009345e-01
1.263640816553187829e+00  5.708079741781191263e-01  5.708079741781191263e-01
1.363640816553187474e+00  4.299525796394092492e-01  4.299525796394092492e-01
1.463640816553187562e+00  3.113904330693413880e-01  3.113904330693413880e-01
1.563640816553187651e+00  2.219954588561619535e-01  2.219954588561619535e-01
1.663640816553187740e+00  1.608939314551269539e-01  1.608939314551269539e-01
1.763640816553187829e+00  1.224798292053081855e-01  1.224798292053081855e-01
1.863640816553187474e+00  9.958384349487529874e-02  9.958384349487529874e-02
1.963640816553187562e+00  8.573984977448526057e-02  8.573984977448526057e-02
2.063640816553187651e+00  7.625551323779013180e-02  7.625551323779013180e-02
2.163640816553187740e+00  6.833392021801142080e-02  6.833392021801142080e-02
2.263640816553187829e+00  6.068104184753782271e-02  6.068104184753782271e-02
2.363640816553187474e+00  5.296783536043461749e-02  5.296783536043461749e-02
2.463640816553188007e+00  4.535842594926838001e-02  4.535842594926838001e-02
2.563640816553187651e+00  3.817953835884867198e-02  3.817953835884867198e-02
2.663640816553187296e+00  3.172836173305920021e-02  3.172836173305920021e-02
2.763640816553187829e+00  2.618642262631823772e-02  2.618642262631823772e-02
2.863640816553187474e+00  2.160334769677208291e-02  2.160334769677208291e-02
2.963640816553188007e+00  1.792008482674669473e-02  1.792008482674669473e-02
3.063640816553187651e+00  1.500866483432989826e-02  1.500866483432989826e-02
3.163640816553188184e+00  1.271278394738370975e-02  1.271278394738370975e-02
3.263640816553187829e+00  1.087998689925741974e-02  1.087998689925741974e-02
3.363640816553187474e+00  9.381731030375449476e-03  9.381731030375449476e-03
3.463640816553188007e+00  8.121696486462420123e-03  8.121696486462420123e-03
3.563640816553187651e+00  7.035128538102586662e-03  7.035128538102586662e-03
3.663640816553188184e+00  6.082857015628257910e-03  6.082857015628257910e-03
3.763640816553187829e+00  5.243337889606195824e-03  5.243337889606195824e-03
3.863640816553187474e+00  4.505129794667115176e-03  4.505129794667115176e-03
3.963640816553188007e+00  3.861127714892485276e-03  3.861127714892485276e-03
4.063640816553187207e+00  3.304946285702058378e-03  3.304946285702058378e-03
4.163640816553188628e+00  2.829222148706815251e-03  2.829222148706815251e-03
4.263640816553188273e+00  2.425298513893208580e-03  2.425298513893208580e-03
4.363640816553187918e+00  2.083697097815322054e-03  2.083697097815322054e-03
4.463640816553187562e+00  1.794877827358263775e-03  1.794877827358263775e-03
4.563640816553187207e+00  1.549947777208918621e-03  1.549947777208918621e-03
4.663640816553188628e+00  1.341144480438029047e-03  1.341144480438029047e-03
4.763640816553188273e+00  1.162048915599425431e-03  1.162048915599425431e-03
4.863640816553187918e+00  1.007566828216372758e-03  1.007566828216372758e-03
4.963640816553187562e+00  8.737558707549906122e-04  8.737558707549906122e-04
5.063640816553187207e+00  7.575810076852829752e-04  7.575810076852829752e-04
5.163640816553188628e+00  6.566650166396667109e-04  6.566650166396667109e-04
5.263640816553188273e+00  5.690767851362397252e-04  5.690767851362397252e-04
5.363640816553187918e+00  4.931762930824867830e-04  4.931762930824867830e-04
5.463640816553187562e+00  4.275167754368122729e-04  4.275167754368122729e-04
5.563640816553187207e+00  3.707933854997952383e-04  3.707933854997952383e-04
5.663640816553188628e+00  3.218232176047027015e-04  3.218232176047027015e-04
5.763640816553188273e+00  2.795420349693018424e-04  2.795420349693018424e-04
5.863640816553187918e+00  2.430063659101755697e-04  2.430063659101755697e-04
5.963640816553187562e+00  2.113939138978225313e-04  2.113939138978225313e-04
6.063640816553187207e+00  1.839991638456372103e-04  1.839991638456372103e-04
6.163640816553188628e+00  1.602239607352600923e-04  1.602239607352600923e-04
6.263640816553188273e+00  1.395645015729121989e-04  1.395645015729121989e-04
6.363640816553187918e+00  1.215967739060793502e-04  1.215967739060793502e-04
6.463640816553187562e+00  1.059623171255213043e-04  1.059623171255213043e-04
6.563640816553188984e+00  9.235562830945489882e-05  9.235562830945489882e-05
6.663640816553188628e+00  8.051387472059507605e-05  8.051387472059507605e-05
6.763640816553188273e+00  7.020900420801030146e-05  7.020900420801030146e-05
6.863640816553187918e+00  6.124195673636551138e-05  6.124195673636551138e-05
6.963640816553187562e+00  5.343848985579548611e-05  5.343848985579548611e-05
7.063640816553188984e+00  4.664610302892166423e-05  4.664610302892166423e-05
7.163640816553188628e+00  4.073162348731168607e-05  4.073162348731168607e-05
7.263640816553188273e+00  3.557914243904151128e-05  3.557914243904151128e-05
7.363640816553187918e+00  3.108812005123139132e-05  3.108812005123139132e-05
7.463640816553187562e+00  2.717158291191192030e-05  2.717158291191192030e-05
7.563640816553188984e+00  2.375440715788423079e-05  2.375440715788423079e-05
7.663640816553188628e+00  2.077171489032026921e-05  2.077171489032026921e-05
7.763640816553188273e+00  1.816741877879821001e-05  1.816741877879821001e-05
7.863640816553187918e+00  1.589294032384044278e-05  1.589294032384044278e-05
7.963640816553189339e+00  1.390611082182899021e-05  1.390611082182899021e-05
8.063640816553188984e+00  1.217024783524022357e-05  1.217024783524022357e-05
8.163640816553188628e+00  1.065338803997022188e-05  1.065338803997022188e-05
8.263640816553188273e+00  9.327651120197119180e-06  9.327651120197119180e-06
8.363640816553187918e+00  8.168708422258652186e-06  8.168708422258652186e-06
8.463640816553189339e+00  7.155332856246028012e-06  7.155332856246028012e-06
8.563640816553188984e+00  6.269011273019656409e-06  6.269011273019656409e-06
8.663640816553188628e+00  5.493605707173336678e-06  5.493605707173336678e-06
8.763640816553188273e+00  4.815054409879427689e-06  4.815054409879427689e-06
8.863640816553187918e+00  4.221106972358917087e-06  4.221106972358917087e-06
8.963640816553189339e+00  3.701089968686086999e-06  3.701089968686086999e-06
9.063640816553188984e+00  3.245700618170938897e-06  3.245700618170938897e-06
9.163640816553188628e+00  2.846826307037482299e-06  2.846826307037482299e-06
9.263640816553188273e+00  2.497387752110257481e-06  2.497387752110257481e-06
9.363640816553187918e+00  2.191203407316283430e-06  2.191203407316283430e-06
9.463640816553189339e+00  1.922872583150006582e-06  1.922872583150006582e-06
9.563640816553188984e+00  1.687674752225589282e-06  1.687674752225589282e-06
9.663640816553188628e+00  1.481482660509878169e-06  1.481482660509878169e-06
9.763640816553188273e+00  1.300687119443162622e-06  1.300687119443162622e-06
9.863640816553187918e+00  1.142131666809295015e-06  1.142131666809295015e-06
9.963640816553189339e+00  1.003055603624202264e-06  1.003055603624202264e-06
1.006364081655318898e+01  8.810442031945292224e-07  8.810442031945292224e-07
1.016364081655318863e+01  7.739851263351596733e-07  7.739851263351596733e-07
1.026364081655318827e+01  6.800302582329429723e-07  6.800302582329429723e-07
1.036364081655318792e+01  5.975623131949133834e-07  5.975623131949133834e-07
