-1.598900384736910318e+00  1.905579881046086427e-08  1.905579881046086427e-08
-1.498900384736909785e+00  7.440954933353168471e-08  7.440954933353168471e-08
-1.398900384736910141e+00  2.772098877963784107e-07  2.772098877963784107e-07
-1.298900384736910052e+00  9.816846292058579076e-07  9.816846292058579076e-07
-1.198900384736909963e+00  3.297208956002843748e-06  3.297208956002843748e-06
-1.098900384736910318e+00  1.048909810137595967e-05  1.048909810137595967e-05
-9.989003847369100075e-01  3.157771377648182798e-05  3.157771377648182798e-05
-8.989003847369101408e-01  8.991772630513297966e-05  8.991772630513297966e-05
-7.989003847369100519e-01  2.420957594764684554e-04  2.420957594764684554e-04
-6.989003847369099631e-01  6.161880248938477692e-04  6.161880248938477692e-04
-5.989003847369100964e-01  1.482391893443025946e-03  1.482391893443025946e-03
-4.989003847369100075e-01  3.370519184560162931e-03  3.370519184560162931e-03
-3.989003847369099187e-01  7.242498978170477768e-03  7.242498978170477768e-03
-2.989003847369100519e-01  1.470689393934267175e-02  1.470689393934267175e-02
-1.989003847369099631e-01  2.822173965756749961e-02  2.822173965756749961e-02
-9.890038473691009635e-02  5.117656408993717654e-02  5.117656408993717654e-02
1.099615263089992467e-03  8.769627629171046490e-02  8.769627629171046490e-02
1.010996152630900813e-01  1.420089459778233754e-01  1.420089459778233754e-01
2.010996152630899481e-01  2.173104233766722237e-01  2.173104233766722237e-01
3.010996152630900369e-01  3.142579625731525828e-01  3.142579625731525828e-01
4.010996152630899036e-01  4.294868688296983317e-01  4.294868688296983317e-01
5.010996152630899925e-01  5.547502217982753780e-01  5.547502217982753780e-01
6.010996152630900813e-01  6.772808323486003701e-01  6.772808323486003701e-01
7.010996152630901701e-01  7.816715235357418745e-01  7.816715235357418745e-01
8.010996152630902589e-01  8.530157104608599994e-01  8.530157104608599994e-01
9.010996152630899036e-01  8.804645302379944249e-01  8.804645302379944249e-01
1.001099615263089992e+00  8.600378410618574332e-01  8.600378410618574332e-01
1.101099615263090081e+00  7.956836833646457885e-01  7.956836833646457885e-01
1.201099615263090170e+00  6.981914884693825041e-01  6.981914884693825041e-01
1.301099615263090259e+00  5.823604581464889574e-01  5.823604581464889574e-01
1.401099615263089904e+00  4.634338321586979337e-01  4.634338321586979337e-01
1.501099615263089992e+00  3.539645010586592866e-01  3.539645010586592866e-01
1.601099615263090081e+00  2.619553145790776139e-01  2.619553145790776139e-01
1.701099615263090170e+00  1.905285477042152342e-01  1.905285477042152342e-01
1.801099615263090259e+00  1.388224045521461447e-01  1.388224045521461447e-01
1.901099615263089904e+00  1.035081787518613711e-01  1.035081787518613711e-01
2.001099615263090215e+00  8.032117858411723377e-02  8.032117858411723377e-02
2.101099615263089859e+00  6.520645450609388605e-02  6.520645450609388605e-02
2.201099615263090392e+00  5.494519403967906834e-02  5.494519403967906834e-02
2.301099615263090037e+00  4.733018840492333318e-02  4.733018840492333318e-02
2.401099615263089682e+00  4.105258589825473009e-02  4.105258589825473009e-02
2.501099615263090215e+00  3.546326085425445529e-02  3.546326085425445529e-02
2.601099615263089859e+00  3.032429993077462999e-02  3.032429993077462999e-02
2.701099615263089504e+00  2.560961020041351358e-02  2.560961020041351358e-02
2.801099615263090037e+00  2.137092999768813034e-02  2.137092999768813034e-02
2.901099615263089682e+00  1.766196672005787560e-02  1.766196672005787560e-02
3.001099615263090215e+00  1.450485832681825196e-02  1.450485832681825196e-02
3.101099615263089859e+00  1.188311924845693833e-02  1.188311924845693833e-02
3.201099615263090392e+00  9.748572904363605324e-03  9.748572904363605324e-03
3.301099615263090037e+00  8.033671115130145909e-03  8.033671115130145909e-03
3.401099615263089682e+00  6.663938427486602867e-03  6.663938427486602867e-03
3.501099615263090215e+00  5.567805729484544275e-03  5.567805729484544275e-03
3.601099615263089859e+00  4.682866092340177110e-03  4.682866092340177110e-03
3.701099615263090392e+00  3.958712028013003890e-03  3.958712028013003890e-03
3.801099615263090037e+00  3.357116256205588262e-03  3.357116256205588262e-03
3.901099615263089682e+00  2.850521466180677352e-03  2.850521466180677352e-03
4.001099615263090215e+00  2.419737888591897475e-03  2.419737888591897475e-03
4.101099615263089859e+00  2.051534179483322558e-03  2.051534179483322558e-03
4.201099615263090392e+00  1.736548855164507651e-03  1.736548855164507651e-03
4.301099615263090037e+00  1.467715895633979603e-03  1.467715895633979603e-03
4.401099615263089682e+00  1.239225244605928877e-03  1.239225244605928877e-03
4.501099615263090215e+00  1.045935389870074166e-03  1.045935389870074166e-03
4.601099615263089859e+00  8.831117761146545404e-04  8.831117761146545404e-04
4.701099615263090392e+00  7.463639855727139316e-04  7.463639855727139316e-04
4.801099615263090037e+00  6.316779472093378509e-04  6.316779472093378509e-04
4.901099615263089682e+00  5.354717424294494444e-04  5.354717424294494444e-04
5.001099615263090215e+00  4.546346594273089118e-04  4.546346594273089118e-04
5.101099615263089859e+00  3.865336005033677825e-04  3.865336005033677825e-04
5.201099615263090392e+00  3.289870689418055382e-04  3.289870689418055382e-04
5.301099615263090037e+00  2.802154245130706917e-04  2.802154245130706917e-04
5.401099615263089682e+00  2.387787392551487782e-04  2.387787392551487782e-04
5.501099615263090215e+00  2.035125383089088813e-04  2.035125383089088813e-04
5.601099615263089859e+00  1.734688589992583073e-04  1.734688589992583073e-04
5.701099615263090392e+00  1.478667957001584556e-04  1.478667957001584556e-04
5.801099615263090037e+00  1.260538699094944219e-04  1.260538699094944219e-04
5.901099615263089682e+00  1.074775628254265379e-04  1.074775628254265379e-04
6.001099615263090215e+00  9.166522614172349507e-05  9.166522614172349507e-05
6.101099615263089859e+00  7.821020216582554171e-05  7.821020216582554171e-05
6.201099615263090392e+00  6.676210913908459240e-05  6.676210913908459240e-05
6.301099615263090037e+00  5.701965099343903683e-05  5.701965099343903683e-05
6.401099615263089682e+00  4.872480512411787071e-05  4.872480512411787071e-05
6.501099615263089326e+00  4.165770080587262051e-05  4.165770080587262051e-05
6.601099615263090747e+00  3.563185805454234062e-05  3.563185805454234062e-05
6.701099615263090392e+00  3.048969265881689203e-05  3.048969265881689203e-05
6.801099615263090037e+00  2.609831927142570668e-05  2.609831927142570668e-05
6.901099615263089682e+00  2.234572788150954539e-05  2.234572788150954539e-05
7.001099615263089326e+00  1.913740046354671956e-05  1.913740046354671956e-05
7.101099615263090747e+00  1.639340116060506402e-05  1.639340116060506402e-05
7.201099615263090392e+00  1.404593477774917429e-05  1.404593477774917429e-05
7.301099615263090037e+00  1.203733649114115577e-05  1.203733649114115577e-05
7.401099615263089682e+00  1.031843562743179530e-05  1.031843562743179530e-05
7.501099615263089326e+00  8.847228457499744324e-06  8.847228457499744324e-06
7.601099615263090747e+00  7.587796752101188760e-06  7.587796752101188760e-06
7.701099615263090392e+00  6.509416880748385925e-06  6.509416880748385925e-06
7.801099615263090037e+00  5.585815122408838623e-06  5.585815122408838623e-06
7.901099615263089682e+00  4.794535967353036694e-06  4.794535967353036694e-06
8.001099615263090215e+00  4.116399856669529988e-06  4.116399856669529988e-06
8.101099615263091636e+00  3.535034258556980495e-06  3.535034258556980495e-06
8.201099615263089504e+00  3.036467127514794794e-06  3.036467127514794794e-06
8.301099615263090925e+00  2.608774964334432471e-06  2.608774964334432471e-06
8.401099615263088793e+00  2.241779410299495529e-06  2.241779410299495529e-06
8.501099615263090215e+00  1.926787103599870676e-06  1.926787103599870676e-06
8.601099615263091636e+00  1.656367847729737810e-06  1.656367847729737810e-06
8.701099615263089504e+00  1.424166307455764630e-06  1.424166307455764630e-06
8.801099615263090925e+00  1.224742642729119816e-06  1.224742642729119816e-06
8.901099615263088793e+00  1.053437792001013501e-06  1.053437792001013501e-06
9.001099615263091991e+00  9.062595277876361861e-07  9.062595277876361861e-07
9.101099615263091636e+00  7.797858931040874329e-07  7.797858931040874329e-07
9.201099615263091280e+00  6.710831382531879407e-07  6.710831382531879407e-07
9.301099615263090925e+00  5.776357682191134777e-07  5.776357682191134777e-07
9.401099615263090570e+00  4.972867494167126690e-07  4.972867494167126690e-07
9.501099615263091991e+00  4.281862939810992286e-07  4.281862939810992286e-07
9.601099615263091636e+00  3.687479368011356666e-07  3.687479368011356666e-07
9.701099615263091280e+00  3.176108512885689975e-07  3.176108512885689975e-07
9.801099615263090925e+00  2.736075258469680382e-07  2.736075258469680382e-07
9.901099615263090570e+00  2.357360571567463411e-07  2.357360571567463411e-07
1.000109961526309199e+01  2.031364207592945894e-07  2.031364207592945894e-07
1.010109961526309164e+01  1.750701636923568176e-07  1.750701636923568176e-07
1.020109961526309128e+01  1.509030350103422782e-07  1.509030350103422782e-07
1.030109961526309093e+01  1.300901322685331856e-07  1.300901322685331856e-07
1.040109961526309057e+01  1.121631978158742545e-07  1.121631978158742545e-07
