-1.623594009541839078e+00  1.029679321798945944e-16  1.029679321798945944e-16
-1.523594009541839434e+00  1.755798461847355981e-15  1.755798461847355981e-15
-1.423594009541839345e+00  2.778378964203308571e-14  2.778378964203308571e-14
-1.323594009541839256e+00  3.976461371991515928e-13  3.976461371991515928e-13
-1.223594009541839611e+00  5.092712606659059095e-12  5.092712606659059095e-12
-1.123594009541839078e+00  5.810816030242975382e-11  5.810816030242975382e-11
-1.023594009541839434e+00  5.895965626613816462e-10  5.895965626613816462e-10
-9.235940095418393447e-01  5.315579232784796635e-09  5.315579232784796635e-09
-8.235940095418392559e-01  4.256610760189808173e-08  4.256610760189808173e-08
-7.235940095418391671e-01  3.027046175478568836e-07  3.027046175478568836e-07
-6.235940095418393003e-01  1.911518225567926035e-06  1.911518225567926035e-06
-5.235940095418392115e-01  1.071822629967070688e-05  1.071822629967070688e-05
-4.235940095418391227e-01  5.336325478833477560e-05  5.336325478833477560e-05
-3.235940095418392559e-01  2.359017174801743700e-04  2.359017174801743700e-04
-2.235940095418391671e-01  9.259474387256332864e-04  9.259474387256332864e-04
-1.235940095418393003e-01  3.227056304733004737e-03  3.227056304733004737e-03
-2.359400954183921151e-02  9.985993654145972065e-03  9.985993654145972065e-03
7.640599045816087731e-02  2.743727681012308323e-02  2.743727681012308323e-02
1.764059904581607441e-01  6.693560046764293614e-02  6.693560046764293614e-02
2.764059904581608329e-01  1.449915612705244272e-01  1.449915612705244272e-01
3.764059904581606997e-01  2.788709000086875278e-01  2.788709000086875278e-01
4.764059904581607885e-01  4.762650931514771924e-01  4.762650931514771924e-01
5.764059904581608773e-01  7.222683687909554617e-01  7.222683687909554617e-01
6.764059904581609661e-01  9.727252830084002211e-01  9.727252830084002211e-01
7.764059904581610549e-01  1.163588718964263302e+00  1.163588718964263302e+00
8.764059904581606997e-01  1.236763433040064308e+00  1.236763433040064308e+00
9.764059904581607885e-01  1.168970710890812281e+00  1.168970710890812281e+00
1.076405990458160877e+00  9.843650377492245696e-01  9.843650377492245696e-01
1.176405990458160966e+00  7.417470801322264551e-01  7.417470801322264551e-01
1.276405990458161055e+00  5.055265605152320374e-01  5.055265605152320374e-01
1.376405990458160700e+00  3.197247500541001153e-01  3.197247500541001153e-01
1.476405990458160788e+00  1.985307808903915283e-01  1.985307808903915283e-01
1.576405990458160877e+00  1.329976156121265851e-01  1.329976156121265851e-01
1.676405990458160966e+00  1.042738889489435578e-01  1.042738889489435578e-01
1.776405990458161055e+00  9.428408662048146094e-02  9.428408662048146094e-02
1.876405990458160700e+00  9.052965134664779645e-02  9.052965134664779645e-02
1.976405990458160788e+00  8.637021703707301046e-02  8.637021703707301046e-02
2.076405990458161099e+00  7.940773755041098669e-02  7.940773755041098669e-02
2.176405990458160744e+00  6.971278027908525687e-02  6.971278027908525687e-02
2.276405990458161277e+00  5.849190392398311011e-02  5.849190392398311011e-02
2.376405990458160922e+00  4.721283847565846403e-02  4.721283847565846403e-02
2.476405990458161455e+00  3.708330379140499511e-02  3.708330379140499511e-02
2.576405990458161099e+00  2.880893406097460516e-02  2.880893406097460516e-02
2.676405990458160744e+00  2.257112148444815475e-02  2.257112148444815475e-02
2.776405990458161277e+00  1.815110072362850421e-02  1.815110072362850421e-02
2.876405990458160922e+00  1.511538565829712889e-02  1.511538565829712889e-02
2.976405990458161455e+00  1.298924662674453591e-02  1.298924662674453591e-02
3.076405990458161099e+00  1.137482383542727515e-02  1.137482383542727515e-02
3.176405990458161632e+00  1.000337110525263348e-02  1.000337110525263348e-02
3.276405990458161277e+00  8.734455978684574698e-03  8.734455978684574698e-03
3.376405990458160922e+00  7.524569018589499780e-03  7.524569018589499780e-03
3.476405990458161455e+00  6.386297897993863278e-03  6.386297897993863278e-03
3.576405990458161099e+00  5.352433046964815908e-03  5.352433046964815908e-03
3.676405990458161632e+00  4.451748023365396587e-03  4.451748023365396587e-03
3.776405990458161277e+00  3.697300471969663157e-03  3.697300471969663157e-03
3.876405990458160922e+00  3.084654335204095859e-03  3.084654335204095859e-03
3.976405990458161455e+00  2.596126822344397254e-03  2.596126822344397254e-03
4.076405990458161099e+00  2.207347470386910541e-03  2.207347470386910541e-03
4.176405990458161632e+00  1.893403721190173869e-03  1.893403721190173869e-03
4.276405990458161277e+00  1.633084236723197392e-03  1.633084236723197392e-03
4.376405990458160922e+00  1.410831249943724115e-03  1.410831249943724115e-03
4.476405990458161455e+00  1.216766699335679628e-03  1.216766699335679628e-03
4.576405990458161099e+00  1.045513676452123567e-03  1.045513676452123567e-03
4.676405990458161632e+00  8.945614314916814584e-04  8.945614314916814584e-04
4.776405990458161277e+00  7.627438083771048098e-04  7.627438083771048098e-04
4.876405990458160922e+00  6.491464862065009179e-04  6.491464862065009179e-04
4.976405990458161455e+00  5.525249092808025460e-04  5.525249092808025460e-04
5.076405990458161099e+00  4.711543881822476262e-04  4.711543881822476262e-04
5.176405990458161632e+00  4.029582060663524853e-04  4.029582060663524853e-04
5.276405990458161277e+00  3.457535838450781539e-04  3.457535838450781539e-04
5.376405990458160922e+00  2.974922730088029599e-04  2.974922730088029599e-04
5.476405990458161455e+00  2.564256108423719222e-04  2.564256108423719222e-04
5.576405990458161099e+00  2.211731356060430689e-04  2.211731356060430689e-04
5.676405990458161632e+00  1.907083919560195252e-04  1.907083919560195252e-04
5.776405990458161277e+00  1.642925383176237046e-04  1.642925383176237046e-04
5.876405990458160922e+00  1.413885342315852889e-04  1.413885342315852889e-04
5.976405990458161455e+00  1.215814280116493435e-04  1.215814280116493435e-04
6.076405990458161099e+00  1.045192180831496360e-04  1.045192180831496360e-04
6.176405990458161632e+00  8.987828191958704960e-05  8.987828191958704960e-05
6.276405990458161277e+00  7.734993299032836753e-05  7.734993299032836753e-05
6.376405990458160922e+00  6.664099106852786210e-05  6.664099106852786210e-05
6.476405990458160566e+00  5.748079919696788033e-05  5.748079919696788033e-05
6.576405990458161988e+00  4.962874030802337283e-05  4.962874030802337283e-05
6.676405990458161632e+00  4.287877013738204717e-05  4.287877013738204717e-05
6.776405990458161277e+00  3.705983133470023622e-05  3.705983133470023622e-05
6.876405990458160922e+00  3.203269517904520312e-05  3.203269517904520312e-05
6.976405990458160566e+00  2.768462848397470973e-05  2.768462848397470973e-05
7.076405990458161988e+00  2.392341711513158644e-05  2.392341711513158644e-05
7.176405990458161632e+00  2.067194568774683027e-05  2.067194568774683027e-05
7.276405990458161277e+00  1.786400687047356778e-05  1.786400687047356778e-05
7.376405990458160922e+00  1.544150734049395344e-05  1.544150734049395344e-05
7.476405990458160566e+00  1.335287532687212053e-05  1.335287532687212053e-05
7.576405990458161988e+00  1.155229514750169994e-05  1.155229514750169994e-05
7.676405990458161632e+00  9.999373324244070570e-06  9.999373324244070570e-06
7.776405990458161277e+00  8.658923232998826976e-06  8.658923232998826976e-06
7.876405990458160922e+00  7.500680304590067450e-06  7.500680304590067450e-06
7.976405990458162343e+00  6.498879550728076785e-06  6.498879550728076785e-06
8.076405990458162876e+00  5.631713628242696645e-06  5.631713628242696645e-06
8.176405990458160744e+00  4.880734142505547479e-06  4.880734142505547479e-06
8.276405990458162165e+00  4.230266853307567729e-06  4.230266853307567729e-06
8.376405990458160034e+00  3.666895508058881711e-06  3.666895508058881711e-06
8.476405990458161455e+00  3.179042976811650700e-06  3.179042976811650700e-06
8.576405990458162876e+00  2.756653169072451028e-06  2.756653169072451028e-06
8.676405990458160744e+00  2.390959308360519081e-06  2.390959308360519081e-06
8.776405990458162165e+00  2.074315544213954849e-06  2.074315544213954849e-06
8.876405990458160034e+00  1.800068396108749769e-06  1.800068396108749769e-06
8.976405990458161455e+00  1.562449299238072232e-06  1.562449299238072232e-06
9.076405990458161099e+00  1.356476433230346810e-06  1.356476433230346810e-06
9.176405990458160744e+00  1.177860575894540069e-06  1.177860575894540069e-06
9.276405990458160389e+00  1.022914483563714934e-06  1.022914483563714934e-06
9.376405990458160034e+00  8.884678163137956170e-07  8.884678163137956170e-07
9.476405990458161455e+00  7.717901942843857733e-07  7.717901942843857733e-07
9.576405990458161099e+00  6.705242618647906719e-07  6.705242618647906719e-07
9.676405990458160744e+00  5.826293813820336715e-07  5.826293813820336715e-07
9.776405990458160389e+00  5.063353590091334166e-07  5.063353590091334166e-07
9.876405990458160034e+00  4.401047641154554083e-07  4.401047641154554083e-07
9.976405990458161455e+00  3.826020457342517857e-07  3.826020457342517857e-07
1.007640599045816110e+01  3.326677119550212657e-07  3.326677119550212657e-07
1.017640599045816074e+01  2.892961678747315555e-07  2.892961678747315555e-07
1.027640599045816039e+01  2.516162391047348180e-07  2.516162391047348180e-07
1.037640599045816003e+01  2.188738091852656141e-07  2.188738091852656141e-07
