-1.662771020672773936e+00  8.642743610604201702e-08  8.642743610604201702e-08
-1.562771020672773847e+00  2.958511367511420252e-07  2.958511367511420252e-07
-1.462771020672773759e+00  9.730975320587201281e-07  9.730975320587201281e-07
-1.362771020672774114e+00  3.062768397090367143e-06  3.062768397090367143e-06
-1.262771020672774025e+00  9.200229369152660474e-06  9.200229369152660474e-06
-1.162771020672773936e+00  2.633147795267269141e-05  2.633147795267269141e-05
-1.062771020672773847e+00  7.172525184596241466e-05  7.172525184596241466e-05
-9.627710206727737585e-01  1.858162767913268897e-04  1.858162767913268897e-04
-8.627710206727738917e-01  4.576258182428780455e-04  4.576258182428780455e-04
-7.627710206727740250e-01  1.071076207338188951e-03  1.071076207338188951e-03
-6.627710206727739362e-01  2.381909425417742462e-03  2.381909425417742462e-03
-5.627710206727738473e-01  5.032293991996486873e-03  5.032293991996486873e-03
-4.627710206727737585e-01  1.009957261799609290e-02  1.009957261799609290e-02
-3.627710206727738917e-01  1.925351421524250720e-02  1.925351421524250720e-02
-2.627710206727738029e-01  3.486346335050556633e-02  3.486346335050556633e-02
-1.627710206727739362e-01  5.996190812101304113e-02  5.996190812101304113e-02
-6.277102067277384734e-02  9.795392711742770264e-02  9.795392711742770264e-02
3.722897932722624148e-02  1.519891753013515590e-01  1.519891753013515590e-01
1.372289793272261083e-01  2.240046166351537804e-01  2.240046166351537804e-01
2.372289793272261971e-01  3.135965688134585982e-01  3.135965688134585982e-01
3.372289793272260638e-01  4.170439874865210506e-01  4.170439874865210506e-01
4.372289793272261527e-01  5.269001446172464354e-01  5.269001446172464354e-01
5.372289793272262415e-01  6.325134841286093046e-01  6.325134841286093046e-01
6.372289793272263303e-01  7.215963837525176672e-01  7.215963837525176672e-01
7.372289793272264191e-01  7.825894706038134530e-01  7.825894706038134530e-01
8.372289793272260638e-01  8.072136161245737629e-01  8.072136161245737629e-01
9.372289793272261527e-01  7.924342205358179125e-01  7.924342205358179125e-01
1.037228979327226241e+00  7.411908487414767821e-01  7.411908487414767821e-01
1.137228979327226330e+00  6.616427937398022818e-01  6.616427937398022818e-01
1.237228979327226419e+00  5.651865031956925245e-01  5.651865031956925245e-01
1.337228979327226064e+00  4.638969251878246602e-01  4.638969251878246602e-01
1.437228979327226153e+00  3.681707770351621556e-01  3.681707770351621556e-01
1.537228979327226241e+00  2.851791280760096470e-01  2.851791280760096470e-01
1.637228979327226330e+00  2.183781266494696505e-01  2.183781266494696505e-01
1.737228979327226419e+00  1.679532961607528574e-01  1.679532961607528574e-01
1.837228979327226064e+00  1.318296763414968931e-01  1.318296763414968931e-01
1.937228979327226153e+00  1.068240977164435640e-01  1.068240977164435640e-01
2.037228979327226241e+00  8.961287856954916475e-02  8.961287856954916475e-02
2.137228979327226330e+00  7.735434950953985755e-02  7.735434950953985755e-02
2.237228979327226419e+00  6.795906529396109064e-02  6.795906529396109064e-02
2.337228979327226064e+00  6.009485124024126212e-02  6.009485124024126212e-02
2.437228979327226597e+00  5.304282742777657184e-02  5.304282742777657184e-02
2.537228979327226241e+00  4.650402111502603686e-02  4.650402111502603686e-02
2.637228979327225886e+00  4.042056383891546451e-02  4.042056383891546451e-02
2.737228979327226419e+00  3.484078655248709633e-02  3.484078655248709633e-02
2.837228979327226064e+00  2.983324459608257748e-02  2.983324459608257748e-02
2.937228979327226597e+00  2.544193503020972247e-02  2.544193503020972247e-02
3.037228979327226241e+00  2.167070028050519653e-02  2.167070028050519653e-02
3.137228979327226774e+00  1.848530779687274431e-02  1.848530779687274431e-02
3.237228979327226419e+00  1.582414737944056599e-02  1.582414737944056599e-02
3.337228979327226064e+00  1.361130851213635494e-02  1.361130851213635494e-02
3.437228979327226597e+00  1.176829222304005482e-02  1.176829222304005482e-02
3.537228979327226241e+00  1.022255459423004886e-02  1.022255459423004886e-02
3.637228979327226774e+00  8.912451480867169054e-03  8.912451480867169054e-03
3.737228979327226419e+00  7.789009465541679375e-03  7.789009465541679375e-03
3.837228979327226064e+00  6.815372183840502814e-03  6.815372183840502814e-03
3.937228979327226597e+00  5.964868920803187945e-03  5.964868920803187945e-03
4.037228979327226241e+00  5.218536417490552727e-03  5.218536417490552727e-03
4.137228979327226774e+00  4.562700422863449380e-03  4.562700422863449380e-03
4.237228979327226419e+00  3.986975167621528010e-03  3.986975167621528010e-03
4.337228979327226064e+00  3.482822940754278732e-03  3.482822940754278732e-03
4.437228979327226597e+00  3.042660349306254477e-03  3.042660349306254477e-03
4.537228979327226241e+00  2.659407817262086481e-03  2.659407817262086481e-03
4.637228979327226774e+00  2.326344783064342690e-03  2.326344783064342690e-03
4.737228979327226419e+00  2.037138337285536709e-03  2.037138337285536709e-03
4.837228979327226064e+00  1.785940384310784551e-03  1.785940384310784551e-03
4.937228979327226597e+00  1.567483473119812582e-03  1.567483473119812582e-03
5.037228979327226241e+00  1.377138417074007248e-03  1.377138417074007248e-03
5.137228979327226774e+00  1.210922426041649569e-03  1.210922426041649569e-03
5.237228979327226419e+00  1.065463039182886536e-03  1.065463039182886536e-03
5.337228979327226064e+00  9.379314059387003268e-04  9.379314059387003268e-04
5.437228979327226597e+00  8.259603939467852814e-04  8.259603939467852814e-04
5.537228979327226241e+00  7.275609327223934953e-04  7.275609327223934953e-04
5.637228979327226774e+00  6.410460273800987728e-04  6.410460273800987728e-04
5.737228979327226419e+00  5.649675710893974382e-04  5.649675710893974382e-04
5.837228979327226064e+00  4.980674258844608763e-04  4.980674258844608763e-04
5.937228979327226597e+00  4.392416768270598838e-04  4.392416768270598838e-04
6.037228979327226241e+00  3.875155487865805290e-04  3.875155487865805290e-04
6.137228979327226774e+00  3.420260214671387708e-04  3.420260214671387708e-04
6.237228979327226419e+00  3.020093930007655041e-04  3.020093930007655041e-04
6.337228979327226064e+00  2.667916237562864231e-04  2.667916237562864231e-04
6.437228979327225709e+00  2.357799904960459754e-04  2.357799904960459754e-04
6.537228979327227130e+00  2.084552252031588240e-04  2.084552252031588240e-04
6.637228979327226774e+00  1.843638101116056699e-04  1.843638101116056699e-04
6.737228979327226419e+00  1.631104223896421451e-04  1.631104223896421451e-04
6.837228979327226064e+00  1.443506839619696468e-04  1.443506839619696468e-04
6.937228979327225709e+00  1.277844127131832444e-04  1.277844127131832444e-04
7.037228979327227130e+00  1.131495360133596441e-04  1.131495360133596441e-04
7.137228979327226774e+00  1.002167568588226349e-04  1.002167568588226349e-04
7.237228979327226419e+00  8.878498735622715541e-05  8.878498735622715541e-05
7.337228979327226064e+00  7.867750243201535043e-05  7.867750243201535043e-05
7.437228979327225709e+00  6.973872667934418270e-05  6.973872667934418270e-05
7.537228979327227130e+00  6.183154958888182132e-05  6.183154958888182132e-05
7.637228979327226774e+00  5.483506483437301093e-05  5.483506483437301093e-05
7.737228979327226419e+00  4.864264165078992772e-05  4.864264165078992772e-05
7.837228979327226064e+00  4.316025454456134589e-05  4.316025454456134589e-05
7.937228979327227485e+00  3.830501670944301979e-05  3.830501670944301979e-05
8.037228979327228018e+00  3.400387935507420982e-05  3.400387935507420982e-05
8.137228979327225886e+00  3.019247208312495666e-05  3.019247208312495666e-05
8.237228979327227307e+00  2.681406815615025661e-05  2.681406815615025661e-05
8.337228979327225176e+00  2.381866353079254751e-05  2.381866353079254751e-05
8.437228979327226597e+00  2.116216082048186876e-05  2.116216082048186876e-05
8.537228979327228018e+00  1.880564994310734322e-05  1.880564994310734322e-05
8.637228979327225886e+00  1.671477698672404100e-05  1.671477698672404100e-05
8.737228979327227307e+00  1.485919243641280749e-05  1.485919243641280749e-05
8.837228979327225176e+00  1.321206972974712105e-05  1.321206972974712105e-05
8.937228979327226597e+00  1.174968530349659517e-05  1.174968530349659517e-05
9.037228979327228018e+00  1.045105185622503001e-05  1.045105185622503001e-05
9.137228979327225886e+00  9.297597384450706623e-06  9.297597384450706623e-06
9.237228979327227307e+00  8.272883524351089200e-06  8.272883524351089200e-06
9.337228979327225176e+00  7.362357723985070594e-06  7.362357723985070594e-06
9.437228979327226597e+00  6.553134689939496691e-06  6.553134689939496691e-06
9.537228979327228018e+00  5.833803342076744150e-06  5.833803342076744150e-06
9.637228979327225886e+00  5.194256150440554478e-06  5.194256150440554478e-06
9.737228979327227307e+00  4.625538225512785355e-06  4.625538225512785355e-06
9.837228979327225176e+00  4.119713909086307655e-06  4.119713909086307655e-06
9.937228979327226597e+00  3.669748896815592051e-06  3.669748896815592051e-06
1.003722897932722802e+01  3.269406143315156749e-06  3.269406143315156749e-06
1.013722897932722589e+01  2.913153979977571250e-06  2.913153979977571250e-06
1.023722897932722731e+01  2.596085031342145435e-06  2.596085031342145435e-06
1.033722897932722518e+01  2.313844658177042785e-06  2.313844658177042785e-06
