-1.500000000000000000e+00  1.651123723709192596e-28  1.651123723709192596e-28
-1.399999999999999911e+00  2.607180543384035488e-26  2.607180543384035488e-26
-1.299999999999999822e+00  3.348361429667475540e-24  3.348361429667475540e-24
-1.200000000000000178e+00  3.497544830321075051e-22  3.497544830321075051e-22
-1.100000000000000089e+00  2.971419603625012117e-20  2.971419603625012117e-20
-1.000000000000000000e+00  2.053214930980401954e-18  2.053214930980401954e-18
-8.999999999999999112e-01  1.153917018257274538e-16  1.153917018257274538e-16
-7.999999999999998224e-01  5.274538641290880313e-15  5.274538641290880313e-15
-6.999999999999999556e-01  1.960939132106776832e-13  1.960939132106776832e-13
-6.000000000000000888e-01  5.929437332604264805e-12  5.929437332604264805e-12
-5.000000000000000000e-01  1.458252026708443668e-10  1.458252026708443668e-10
-3.999999999999999112e-01  2.916899252026457564e-09  2.916899252026457564e-09
-2.999999999999998224e-01  4.745478440476785038e-08  4.745478440476785038e-08
-1.999999999999999556e-01  6.279257823546053512e-07  6.279257823546053512e-07
-9.999999999999986677e-02  6.757815976065002420e-06  6.757815976065002420e-06
0.000000000000000000e+00  5.915264137668845934e-05  5.915264137668845934e-05
1.000000000000000888e-01  4.211256151046105880e-04  4.211256151046105880e-04
2.000000000000001776e-01  2.438478381099523900e-03  2.438478381099523900e-03
3.000000000000000444e-01  1.148407171865424570e-02  1.148407171865424570e-02
4.000000000000001332e-01  4.398885093390918904e-02  4.398885093390918904e-02
5.000000000000000000e-01  1.370436996218211134e-01  1.370436996218211134e-01
6.000000000000000888e-01  3.472524081139399810e-01  3.472524081139399810e-01
7.000000000000001776e-01  7.156508528129265079e-01  7.156508528129265079e-01
8.000000000000002665e-01  1.199573478380592029e+00  1.199573478380592029e+00
9.000000000000003553e-01  1.635393444602834423e+00  1.635393444602834423e+00
1.000000000000000000e+00  1.813374001824693993e+00  1.813374001824693993e+00
1.100000000000000089e+00  1.635393444602832869e+00  1.635393444602832869e+00
1.200000000000000178e+00  1.199573478380590030e+00  1.199573478380590030e+00
1.300000000000000266e+00  7.156508528129246205e-01  7.156508528129246205e-01
1.400000000000000355e+00  3.472524081139387042e-01  3.472524081139387042e-01
1.500000000000000000e+00  1.370436996218211134e-01  1.370436996218211134e-01
1.600000000000000089e+00  4.398885093390907108e-02  4.398885093390907108e-02
1.700000000000000178e+00  1.148407171865421447e-02  1.148407171865421447e-02
1.800000000000000266e+00  2.438478381099504384e-03  2.438478381099504384e-03
1.900000000000000355e+00  4.211256151046076064e-04  4.211256151046076064e-04
2.000000000000000000e+00  5.915264137668845934e-05  5.915264137668845934e-05
2.100000000000000089e+00  6.757815976064977856e-06  6.757815976064977856e-06
2.200000000000000178e+00  6.279257823546031277e-07  6.279257823546031277e-07
2.300000000000000266e+00  4.745478440476733422e-08  4.745478440476733422e-08
2.400000000000000355e+00  2.916899252026426545e-09  2.916899252026426545e-09
2.500000000000000000e+00  1.458252026708443668e-10  1.458252026708443668e-10
2.600000000000000533e+00  5.929437332604180794e-12  5.929437332604180794e-12
2.700000000000000178e+00  1.960939132106762696e-13  1.960939132106762696e-13
2.799999999999999822e+00  5.274538641290880313e-15  5.274538641290880313e-15
2.900000000000000355e+00  1.153917018257258267e-16  1.153917018257258267e-16
3.000000000000000000e+00  2.053214930980401954e-18  2.053214930980401954e-18
3.100000000000000533e+00  2.971419603624969385e-20  2.971419603624969385e-20
3.200000000000000178e+00  3.497544830321075051e-22  3.497544830321075051e-22
3.300000000000000711e+00  3.348361429667309501e-24  3.348361429667309501e-24
3.400000000000000355e+00  2.607180543383998753e-26  2.607180543383998753e-26
3.500000000000000000e+00  1.651123723709192596e-28  1.651123723709192596e-28
3.600000000000000533e+00  8.504677773690777978e-31  8.504677773690777978e-31
3.700000000000000178e+00  3.562918145408447454e-33  3.562918145408447454e-33
3.800000000000000711e+00  1.214013626485049967e-35  1.214013626485049967e-35
3.900000000000000355e+00  3.364426251965431491e-38  3.364426251965431491e-38
4.000000000000000000e+00  7.583473959074705947e-41  7.583473959074705947e-41
4.100000000000000533e+00  1.390257099957132218e-43  1.390257099957132218e-43
4.200000000000000178e+00  2.072964089224982176e-46  2.072964089224982176e-46
4.300000000000000711e+00  2.513958886292809255e-49  2.513958886292809255e-49
4.400000000000000355e+00  2.479672343296147540e-52  2.479672343296147540e-52
4.500000000000000000e+00  1.989299441359496595e-55  1.989299441359496595e-55
4.600000000000000533e+00  1.298003185473295709e-58  1.298003185473295709e-58
4.700000000000000178e+00  6.888443348125023742e-62  6.888443348125023742e-62
4.800000000000000711e+00  2.973282391964755138e-65  2.973282391964755138e-65
4.900000000000000355e+00  1.043808819353222651e-68  1.043808819353222651e-68
5.000000000000000000e+00  2.980406488194321435e-72  2.980406488194321435e-72
5.100000000000000533e+00  6.921492832364241441e-76  6.921492832364241441e-76
5.200000000000000178e+00  1.307355751901061978e-79  1.307355751901061978e-79
5.300000000000000711e+00  2.008433818803522028e-83  2.008433818803522028e-83
5.400000000000000355e+00  2.509521982799821403e-87  2.509521982799821403e-87
5.500000000000000000e+00  2.550317307773992154e-91  2.550317307773992154e-91
5.600000000000000533e+00  2.107983306532099467e-95  2.107983306532099467e-95
5.700000000000000178e+00  1.417130520615328809e-99  1.417130520615328809e-99
5.800000000000000711e+00  7.748582668728060255e-104  7.748582668728060255e-104
5.900000000000000355e+00  3.445913926995911104e-108  3.445913926995911104e-108
6.000000000000000000e+00  1.246396770215997820e-112  1.246396770215997820e-112
6.100000000000000533e+00  3.666721623665675158e-117  3.666721623665675158e-117
6.200000000000000178e+00  8.773427662114833475e-122  8.773427662114833475e-122
6.300000000000000711e+00  1.707380805273902272e-126  1.707380805273902272e-126
6.400000000000000355e+00  2.702472136358523370e-131  2.702472136358523370e-131
6.500000000000000000e+00  3.479058971099724332e-136  3.479058971099724332e-136
6.599999999999999645e+00  3.642772847084159284e-141  3.642772847084159284e-141
6.700000000000001066e+00  3.102216663755698345e-146  3.102216663755698345e-146
6.800000000000000711e+00  2.148730246172594952e-151  2.148730246172594952e-151
6.900000000000000355e+00  1.210490549144478817e-156  1.210490549144478817e-156
7.000000000000000000e+00  5.546393064415997193e-162  5.546393064415997193e-162
7.099999999999999645e+00  2.066948330710336399e-167  2.066948330710336399e-167
7.200000000000001066e+00  6.264960421099848513e-173  6.264960421099848513e-173
7.300000000000000711e+00  1.544460402560740140e-178  1.544460402560740140e-178
7.400000000000000355e+00  3.096741540027088379e-184  3.096741540027088379e-184
7.500000000000000000e+00  5.050133706813278177e-190  5.050133706813278177e-190
7.599999999999999645e+00  6.698391522175596837e-196  6.698391522175596837e-196
7.700000000000001066e+00  7.226165694145689453e-202  7.226165694145689453e-202
7.800000000000000711e+00  6.340376356830576811e-208  6.340376356830576811e-208
7.900000000000000355e+00  4.524721937303905431e-214  4.524721937303905431e-214
8.000000000000000000e+00  2.626264647950295322e-220  2.626264647950295322e-220
8.100000000000001421e+00  1.239809087613852352e-226  1.239809087613852352e-226
8.200000000000001066e+00  4.760371847395781638e-233  4.760371847395781638e-233
8.300000000000000711e+00  1.486608720529593147e-239  1.486608720529593147e-239
8.400000000000000355e+00  3.775914998793911172e-246  3.775914998793911172e-246
8.500000000000000000e+00  7.800410843910404027e-253  7.800410843910404027e-253
8.600000000000001421e+00  1.310637170750463837e-259  1.310637170750463837e-259
8.700000000000001066e+00  1.791089216879807661e-266  1.791089216879807661e-266
8.800000000000000711e+00  1.990772775164625398e-273  1.990772775164625398e-273
8.900000000000000355e+00  1.799682533519497775e-280  1.799682533519497775e-280
9.000000000000000000e+00  1.323243732536202283e-287  1.323243732536202283e-287
9.100000000000001421e+00  7.913225188937741856e-295  7.913225188937741856e-295
9.200000000000001066e+00  3.848902759212036878e-302  3.848902759212036878e-302
9.300000000000000711e+00  1.522614945438143219e-309  1.522614945438143219e-309
9.400000000000000355e+00  4.899062059820382578e-317  4.899062059820382578e-317
9.500000000000000000e+00  0.000000000000000000e+00  0.000000000000000000e+00
9.600000000000001421e+00  0.000000000000000000e+00  0.000000000000000000e+00
9.700000000000001066e+00  0.000000000000000000e+00  0.000000000000000000e+00
9.800000000000000711e+00  0.000000000000000000e+00  0.000000000000000000e+00
9.900000000000000355e+00  0.000000000000000000e+00  0.000000000000000000e+00
1.000000000000000000e+01  0.000000000000000000e+00  0.000000000000000000e+00
1.010000000000000142e+01  0.000000000000000000e+00  0.000000000000000000e+00
1.020000000000000107e+01  0.000000000000000000e+00  0.000000000000000000e+00
1.030000000000000071e+01  0.000000000000000000e+00  0.000000000000000000e+00
1.040000000000000036e+01  0.000000000000000000e+00  0.000000000000000000e+00
1.050000000000000000e+01  0.000000000000000000e+00  0.000000000000000000e+00
