-1.649207503475266456e+00  0.000000000000000000e+00  0.000000000000000000e+00
-1.549207503475265923e+00  0.000000000000000000e+00  0.000000000000000000e+00
-1.449207503475266279e+00  4.791596853062161359e-319  4.791596853062161359e-319
-1.349207503475266190e+00  6.666514206466156282e-292  6.666514206466156282e-292
-1.249207503475266101e+00  5.766739944949221572e-266  5.766739944949221572e-266
-1.149207503475266456e+00  3.101618399335848543e-241  3.101618399335848543e-241
-1.049207503475265923e+00  1.037224581611878964e-217  1.037224581611878964e-217
-9.492075034752662788e-01  2.156669896384452628e-195  2.156669896384452628e-195
-8.492075034752661900e-01  2.788181177743960985e-174  2.788181177743960985e-174
-7.492075034752661011e-01  2.241221319233446747e-154  2.241221319233446747e-154
-6.492075034752662344e-01  1.120146788356147764e-135  1.120146788356147764e-135
-5.492075034752661455e-01  3.480900186545301568e-118  3.480900186545301568e-118
-4.492075034752660567e-01  6.725655862304939045e-102  6.725655862304939045e-102
-3.492075034752661900e-01  8.079865885268076600e-87  8.079865885268076600e-87
-2.492075034752661011e-01  6.035317220101475657e-73  6.035317220101475657e-73
-1.492075034752662344e-01  2.802996081763508957e-60  2.802996081763508957e-60
-4.920750347526614554e-02  8.094151309111944133e-49  8.094151309111944133e-49
5.079249652473394328e-02  1.453270928172778431e-38  1.453270928172778431e-38
1.507924965247338100e-01  1.622363967565242576e-29  1.622363967565242576e-29
2.507924965247338989e-01  1.126098649479779649e-21  1.126098649479779649e-21
3.507924965247337656e-01  4.859941283445423770e-15  4.859941283445423770e-15
4.507924965247338545e-01  1.304103456650535163e-09  1.304103456650535163e-09
5.507924965247339433e-01  2.175802688247732740e-05  2.175802688247732740e-05
6.507924965247340321e-01  2.257113566413315731e-02  2.257113566413315731e-02
7.507924965247341209e-01  1.455840350916066672e+00  1.455840350916066672e+00
8.507924965247337656e-01  5.838489893692124788e+00  5.838489893692124788e+00
9.507924965247338545e-01  1.455840350916049131e+00  1.455840350916049131e+00
1.050792496524733943e+00  2.257113566413261607e-02  2.257113566413261607e-02
1.150792496524734032e+00  2.175802688326210343e-05  2.175802688326210343e-05
1.250792496524734121e+00  1.310648440165701334e-09  1.310648440165701334e-09
1.350792496524733766e+00  1.359677793348770691e-08  1.359677793348770691e-08
1.450792496524733854e+00  7.043302826202275550e-06  7.043302826202275550e-06
1.550792496524733943e+00  9.097668179948676997e-04  9.097668179948676997e-04
1.650792496524734032e+00  2.930198514020011802e-02  2.930198514020011802e-02
1.750792496524734121e+00  2.353299564328117377e-01  2.353299564328117377e-01
1.850792496524733766e+00  4.712708791790471419e-01  4.712708791790471419e-01
1.950792496524733854e+00  2.353299564328102667e-01  2.353299564328102667e-01
2.050792496524733721e+00  2.930198514020868755e-02  2.930198514020868755e-02
2.150792496524734254e+00  9.097668272578272397e-04  9.097668272578272397e-04
2.250792496524733899e+00  7.047109625133683312e-06  7.047109625133683312e-06
2.350792496524733544e+00  6.333871091002626323e-07  6.333871091002626323e-07
2.450792496524734077e+00  3.997654089940566721e-05  3.997654089940566721e-05
2.550792496524733721e+00  1.021506095632572974e-03  1.021506095632572974e-03
2.650792496524733366e+00  1.034075534728268360e-02  1.034075534728268360e-02
2.750792496524733899e+00  4.147047823634231883e-02  4.147047823634231883e-02
2.850792496524733544e+00  6.588723823456740791e-02  6.588723823456740791e-02
2.950792496524734077e+00  4.147047823634904956e-02  4.147047823634904956e-02
3.050792496524733721e+00  1.034075534986914416e-02  1.034075534986914416e-02
3.150792496524734254e+00  1.021506568408846400e-03  1.021506568408846400e-03
3.250792496524733899e+00  4.001968759898463768e-05  4.001968759898463768e-05
3.350792496524733544e+00  2.586666878056662763e-06  2.586666878056662763e-06
3.450792496524734077e+00  4.476971055745242000e-05  4.476971055745242000e-05
3.550792496524733721e+00  5.087732045360103235e-04  5.087732045360103235e-04
3.650792496524734254e+00  2.887404958565886054e-03  2.887404958565886054e-03
3.750792496524733899e+00  8.182721747070685267e-03  8.182721747070685267e-03
3.850792496524733544e+00  1.157962455081459376e-02  1.157962455081459376e-02
3.950792496524734077e+00  8.182721747461313769e-03  8.182721747461313769e-03
4.050792496524733721e+00  2.887405002477069337e-03  2.887405002477069337e-03
4.150792496524734254e+00  5.087760281266335725e-04  5.087760281266335725e-04
4.250792496524733899e+00  4.487073959421903420e-05  4.487073959421903420e-05
4.350792496524733544e+00  4.192853571727081592e-06  4.192853571727081592e-06
4.450792496524734077e+00  2.716110496551407360e-05  2.716110496551407360e-05
4.550792496524733721e+00  1.895481102763156892e-04  1.895481102763156892e-04
4.650792496524734254e+00  7.601602531360082075e-04  7.601602531360082075e-04
4.750792496524733899e+00  1.749110409736949999e-03  1.749110409736949999e-03
4.850792496524733544e+00  2.309162949144149581e-03  2.309162949144149581e-03
4.950792496524734077e+00  1.749110413319187370e-03  1.749110413319187370e-03
5.050792496524733721e+00  7.601604342379191274e-04  7.601604342379191274e-04
5.150792496524734254e+00  1.895535537781148014e-04  1.895535537781148014e-04
5.250792496524733899e+00  2.723788876162408702e-05  2.723788876162408702e-05
5.350792496524733544e+00  3.756344619568977552e-06  3.756344619568977552e-06
5.450792496524734077e+00  1.239551636562163676e-05  1.239551636562163676e-05
5.550792496524733721e+00  6.213175807566771519e-05  6.213175807566771519e-05
5.650792496524734254e+00  1.976740169063711107e-04  1.976740169063711107e-04
5.750792496524733899e+00  3.958611497875914658e-04  3.958611497875914658e-04
5.850792496524733544e+00  4.989695136317627046e-04  4.989695136317627046e-04
5.950792496524734077e+00  3.958611613349102311e-04  3.958611613349102311e-04
6.050792496524733721e+00  1.976743212986854705e-04  1.976743212986854705e-04
6.150792496524734254e+00  6.213575666069095919e-05  6.213575666069095919e-05
6.250792496524733899e+00  1.238077874601477299e-05  1.238077874601477299e-05
6.350792496524733544e+00  2.329430794867650354e-06  2.329430794867650354e-06
6.450792496524733188e+00  4.885420795590974887e-06  4.885420795590974887e-06
6.550792496524734609e+00  1.911737223223690938e-05  1.911737223223690938e-05
6.650792496524734254e+00  5.153983477568960887e-05  5.153983477568960887e-05
6.750792496524733899e+00  9.346523690107255765e-05  9.346523690107255765e-05
6.850792496524733544e+00  1.139776340213455937e-04  1.139776340213455937e-04
6.950792496524733188e+00  9.346525447467250865e-05  9.346525447467250865e-05
7.050792496524734609e+00  5.154005637719479406e-05  5.154005637719479406e-05
7.150792496524734254e+00  1.911693545903625711e-05  1.911693545903625711e-05
7.250792496524733899e+00  4.817834142395641711e-06  4.817834142395641711e-06
7.350792496524733544e+00  1.152491832023890558e-06  1.152491832023890558e-06
7.450792496524733188e+00  1.776211894513187176e-06  1.776211894513187176e-06
7.550792496524734609e+00  5.691109107554136287e-06  5.691109107554136287e-06
7.650792496524734254e+00  1.354185605092306296e-05  1.354185605092306296e-05
7.750792496524733899e+00  2.279619132909334954e-05  2.279619132909334954e-05
7.850792496524733544e+00  2.711817368761272392e-05  2.711817368761272392e-05
7.950792496524734965e+00  2.279620414531333830e-05  2.279620414531333830e-05
8.050792496524735498e+00  1.354184964449939768e-05  1.354184964449939768e-05
8.150792496524733366e+00  5.687738815232494097e-06  5.687738815232494097e-06
8.250792496524734787e+00  1.711846639094007055e-06  1.711846639094007055e-06
8.350792496524732655e+00  4.939421244011304152e-07  4.939421244011304152e-07
8.450792496524734077e+00  6.158645350482292058e-07  6.158645350482292058e-07
8.550792496524735498e+00  1.665257864099797638e-06  1.665257864099797638e-06
8.650792496524733366e+00  3.590896475678552401e-06  3.590896475678552401e-06
8.750792496524734787e+00  5.704502092114052714e-06  5.704502092114052714e-06
8.850792496524732655e+00  6.656363501037341418e-06  6.656363501037341418e-06
8.950792496524734077e+00  5.704502626618245296e-06  5.704502626618245296e-06
9.050792496524735498e+00  3.590722126899096877e-06  3.590722126899096877e-06
9.150792496524735142e+00  1.661633119081562571e-06  1.661633119081562571e-06
9.250792496524734787e+00  5.747973068046112676e-07  5.747973068046112676e-07
9.350792496524734432e+00  1.925054556923996696e-07  1.925054556923996696e-07
9.450792496524735853e+00  2.072027262456444959e-07  2.072027262456444959e-07
9.550792496524735498e+00  4.832332857488999698e-07  4.832332857488999698e-07
9.650792496524735142e+00  9.611317812240061013e-07  9.611317812240061013e-07
9.750792496524734787e+00  1.457443978664775052e-06  1.457443978664775052e-06
9.850792496524734432e+00  1.674572040532622610e-06  1.674572040532622610e-06
9.950792496524735853e+00  1.457434669404748438e-06  1.457434669404748438e-06
1.005079249652473550e+01  9.609228464605721056e-07  9.609228464605721056e-07
1.015079249652473514e+01  4.806558356124404987e-07  4.806558356124404987e-07
1.025079249652473479e+01  1.860318171684987081e-07  1.860318171684987081e-07
1.035079249652473443e+01  7.028757168655514985e-08  7.028757168655514985e-08
