-1.510101010100162178e+00  5.493105913394370870e-112  5.493105913394370870e-112
-1.410101010100162089e+00  1.538996947911461056e-103  1.538996947911461056e-103
-1.310101010100162000e+00  4.174065356695718316e-95  4.174065356695718316e-95
-1.210101010100162355e+00  4.969103972214057057e-87  4.969103972214057057e-87
-1.110101010100162267e+00  2.588694691118845447e-79  2.588694691118845447e-79
-1.010101010100162178e+00  5.901501896327421657e-72  5.901501896327421657e-72
-9.101010101001620889e-01  5.887395475709269904e-65  5.887395475709269904e-65
-8.101010101001620001e-01  2.570175675967611594e-58  2.570175675967611594e-58
-7.101010101001621333e-01  4.909998382465661383e-52  4.909998382465661383e-52
-6.101010101001622665e-01  4.104675503810378367e-46  4.104675503810378367e-46
-5.101010101001621777e-01  1.501603426484611628e-40  1.501603426484611628e-40
-4.101010101001620889e-01  2.403867978141599359e-35  2.403867978141599359e-35
-3.101010101001620001e-01  1.684010963186631883e-30  1.684010963186631883e-30
-2.101010101001621333e-01  5.162477327062860335e-26  5.162477327062860335e-26
-1.101010101001620445e-01  6.925487355579382788e-22  6.925487355579382788e-22
-1.010101010016217771e-02  4.065570202136913477e-18  4.065570202136913477e-18
8.989898989983791111e-02  1.044411220982719885e-14  1.044411220982719885e-14
1.898989898998379999e-01  1.174087689074213660e-11  1.174087689074213660e-11
2.898989898998378667e-01  5.775751239063734301e-09  5.775751239063734301e-09
3.898989898998379555e-01  1.243355632853995791e-06  1.243355632853995791e-06
4.898989898998378223e-01  1.171281255216291496e-04  1.171281255216291496e-04
5.898989898998379111e-01  4.828430231617048332e-03  4.828430231617048332e-03
6.898989898998379999e-01  8.710230910786766201e-02  8.710230910786766201e-02
7.898989898998380887e-01  6.875943778444144616e-01  6.875943778444144616e-01
8.898989898998381776e-01  2.375275045681586317e+00  2.375275045681586317e+00
9.898989898998378223e-01  3.590661258089951957e+00  3.590661258089951957e+00
1.089898989899837911e+00  2.375275047036933262e+00  2.375275047036933262e+00
1.189898989899838000e+00  6.875944232991847427e-01  6.875944232991847427e-01
1.289898989899838089e+00  8.710331727727524398e-02  8.710331727727524398e-02
1.389898989899838178e+00  4.843222233668194494e-03  4.843222233668194494e-03
1.489898989899837822e+00  2.606968598633874006e-04  2.606968598633874006e-04
1.589898989899837911e+00  9.230339140788293081e-04  9.230339140788293081e-04
1.689898989899838000e+00  3.915117045668803017e-03  3.915117045668803017e-03
1.789898989899838089e+00  1.100006963070153387e-02  1.100006963070153387e-02
1.889898989899838178e+00  2.044495828194784273e-02  2.044495828194784273e-02
1.989898989899837822e+00  2.513717673982495543e-02  2.513717673982495543e-02
2.089898989899837911e+00  2.044496261528446282e-02  2.044496261528446282e-02
2.189898989899838000e+00  1.100011485876958850e-02  1.100011485876958850e-02
2.289898989899838089e+00  3.915468403341186045e-03  3.915468403341186045e-03
2.389898989899838178e+00  9.239309479924525488e-04  9.239309479924525488e-04
2.489898989899837822e+00  1.533077432627503252e-04  1.533077432627503252e-04
2.589898989899838355e+00  4.843512888494374630e-05  4.843512888494374630e-05
2.689898989899838000e+00  8.924249881998416235e-05  8.924249881998416235e-05
2.789898989899837645e+00  1.757319890107928470e-04  1.757319890107928470e-04
2.889898989899838178e+00  2.655835957608433358e-04  2.655835957608433358e-04
2.989898989899837822e+00  3.048031366864789506e-04  3.048031366864789506e-04
3.089898989899838355e+00  2.655833020593203271e-04  2.655833020593203271e-04
3.189898989899838000e+00  1.756927802649202181e-04  1.756927802649202181e-04
3.289898989899838533e+00  8.826375268943879014e-05  8.826375268943879014e-05
3.389898989899838178e+00  3.375583088875083271e-05  3.375583088875083271e-05
3.489898989899837822e+00  1.009012929276799474e-05  1.009012929276799474e-05
3.589898989899838355e+00  3.030086744955672325e-06  3.030086744955672325e-06
3.689898989899838000e+00  2.190706267063390693e-06  2.190706267063390693e-06
3.789898989899838533e+00  3.118674507369853817e-06  3.118674507369853817e-06
3.889898989899838178e+00  4.194404607142494984e-06  4.194404607142494984e-06
3.989898989899837822e+00  4.646393287843868429e-06  4.646393287843868429e-06
4.089898989899838355e+00  4.190167096500863492e-06  4.190167096500863492e-06
4.189898989899838000e+00  3.073839588585049616e-06  3.073839588585049616e-06
4.289898989899838533e+00  1.834973339247880978e-06  1.834973339247880978e-06
4.389898989899838178e+00  8.937982934896309668e-07  8.937982934896309668e-07
4.489898989899837822e+00  3.612995747953364908e-07  3.612995747953364908e-07
4.589898989899838355e+00  1.341202801303773717e-07  1.341202801303773717e-07
4.689898989899838000e+00  6.761673814164170154e-08  6.761673814164170154e-08
4.789898989899838533e+00  6.398388643583792686e-08  6.398388643583792686e-08
4.889898989899838178e+00  7.506103233943974162e-08  7.506103233943974162e-08
4.989898989899837822e+00  8.050874406871821560e-08  8.050874406871821560e-08
5.089898989899838355e+00  7.400470619376074431e-08  7.400470619376074431e-08
5.189898989899838000e+00  5.775612979687360421e-08  5.775612979687360421e-08
5.289898989899838533e+00  3.824499511891240550e-08  3.824499511891240550e-08
5.389898989899838178e+00  2.154241882807044333e-08  2.154241882807044333e-08
5.489898989899837822e+00  1.044839142691090279e-08  1.044839142691090279e-08
5.589898989899838355e+00  4.601421030190415174e-09  4.601421030190415174e-09
5.689898989899838000e+00  2.210812558802816090e-09  2.210812558802816090e-09
5.789898989899838533e+00  1.548760627174206529e-09  1.548760627174206529e-09
5.889898989899838178e+00  1.505224717478629451e-09  1.505224717478629451e-09
5.989898989899837822e+00  1.526714231482280586e-09  1.526714231482280586e-09
6.089898989899838355e+00  1.409614775617733857e-09  1.409614775617733857e-09
6.189898989899838000e+00  1.144546625882714522e-09  1.144546625882714522e-09
6.289898989899838533e+00  8.119692185994049435e-10  8.119692185994049435e-10
6.389898989899838178e+00  5.038885164431742664e-10  5.038885164431742664e-10
6.489898989899837822e+00  2.760088094321710990e-10  2.760088094321710990e-10
6.589898989899837467e+00  1.377977301373664980e-10  1.377977301373664980e-10
6.689898989899838888e+00  6.908672504470618501e-11  6.908672504470618501e-11
6.789898989899838533e+00  4.190731126167397191e-11  4.190731126167397191e-11
6.889898989899838178e+00  3.381562742798742528e-11  3.381562742798742528e-11
6.989898989899837822e+00  3.137591858746088083e-11  3.137591858746088083e-11
7.089898989899837467e+00  2.849608585236400710e-11  2.849608585236400710e-11
7.189898989899838888e+00  2.365690639774066921e-11  2.365690639774066921e-11
7.289898989899838533e+00  1.760068872257586509e-11  1.760068872257586509e-11
7.389898989899838178e+00  1.169987821783951003e-11  1.169987821783951003e-11
7.489898989899837822e+00  6.989695854667042299e-12  6.989695854667042299e-12
7.589898989899837467e+00  3.832198856288035480e-12  3.832198856288035480e-12
7.689898989899838888e+00  2.040643607876615877e-12  2.040643607876615877e-12
7.789898989899838533e+00  1.183002807121822629e-12  1.183002807121822629e-12
7.889898989899838178e+00  8.348120485085131075e-13  8.348120485085131075e-13
7.989898989899837822e+00  6.972601300284633272e-13  6.972601300284633272e-13
8.089898989899840132e+00  6.085652345802528494e-13  6.085652345802528494e-13
8.189898989899838000e+00  5.074958310074315322e-13  5.074958310074315322e-13
8.289898989899839421e+00  3.895317792738329277e-13  3.895317792738329277e-13
8.389898989899837289e+00  2.722037027773659965e-13  2.722037027773659965e-13
8.489898989899838710e+00  1.734580476745553937e-13  1.734580476745553937e-13
8.589898989899840132e+00  1.021836245527650888e-13  1.021836245527650888e-13
8.689898989899838000e+00  5.766552028690281125e-14  5.766552028690281125e-14
8.789898989899839421e+00  3.348478540237328130e-14  3.348478540237328130e-14
8.889898989899837289e+00  2.190238585300152233e-14  2.190238585300152233e-14
8.989898989899838710e+00  1.662735362496344421e-14  1.662735362496344421e-14
9.089898989899840132e+00  1.371689439816027650e-14  1.371689439816027650e-14
9.189898989899838000e+00  1.129012715200890296e-14  1.129012715200890296e-14
9.289898989899839421e+00  8.807489400439046821e-15  8.807489400439046821e-15
9.389898989899837289e+00  6.376330255719632809e-15  6.376330255719632809e-15
9.489898989899838710e+00  4.266269191220607584e-15  4.266269191220607584e-15
9.589898989899840132e+00  2.658583264391199856e-15  2.658583264391199856e-15
9.689898989899838000e+00  1.579101671221154765e-15  1.579101671221154765e-15
9.789898989899839421e+00  9.364077483132548275e-16  9.364077483132548275e-16
9.889898989899837289e+00  5.924067620738310969e-16  5.924067620738310969e-16
9.989898989899838710e+00  4.190087598748829185e-16  4.190087598748829185e-16
1.008989898989984013e+01  3.253690553745969830e-16  3.253690553745969830e-16
1.018989898989983800e+01  2.606040960805737169e-16  2.606040960805737169e-16
1.028989898989983942e+01  2.037590322951195438e-16  2.037590322951195438e-16
1.038989898989983729e+01  1.508997886572579722e-16  1.508997886572579722e-16
1.048989898989983871e+01  1.046988061314460125e-16  1.046988061314460125e-16
