-1.563829776165478691e+00  1.023215196947939575e-16  1.023215196947939575e-16
-1.463829776165479046e+00  1.799791015194071043e-15  1.799791015194071043e-15
-1.363829776165478957e+00  2.887127615330002599e-14  2.887127615330002599e-14
-1.263829776165478869e+00  4.157081805273169395e-13  4.157081805273169395e-13
-1.163829776165479224e+00  5.338696186704372694e-12  5.338696186704372694e-12
-1.063829776165478691e+00  6.099472815112463433e-11  6.099472815112463433e-11
-9.638297761654788243e-01  6.192904235854903088e-10  6.192904235854903088e-10
-8.638297761654789575e-01  5.585200883869047047e-09  5.585200883869047047e-09
-7.638297761654788687e-01  4.473357431313882803e-08  4.473357431313882803e-08
-6.638297761654787799e-01  3.181523937067295349e-07  3.181523937067295349e-07
-5.638297761654789131e-01  2.009194973085314476e-06  2.009194973085314476e-06
-4.638297761654788243e-01  1.126635022088938341e-05  1.126635022088938341e-05
-3.638297761654787355e-01  5.609354082648527334e-05  5.609354082648527334e-05
-2.638297761654788687e-01  2.479749144301294172e-04  2.479749144301294172e-04
-1.638297761654787799e-01  9.733437169656326913e-04  9.733437169656326913e-04
-6.382977616547891309e-02  3.392246930256697431e-03  3.392246930256697431e-03
3.617022383452117573e-02  1.049714462658795505e-02  1.049714462658795505e-02
1.361702238345212645e-01  2.884148721705617063e-02  2.884148721705617063e-02
2.361702238345211313e-01  7.036030415441987818e-02  7.036030415441987818e-02
3.361702238345212201e-01  1.524063462251637746e-01  1.524063462251637746e-01
4.361702238345210869e-01  2.931209354651910237e-01  2.931209354651910237e-01
5.361702238345211757e-01  5.005700958662953060e-01  5.005700958662953060e-01
6.361702238345212645e-01  7.590462828200675860e-01  7.590462828200675860e-01
7.361702238345213534e-01  1.022064740736456701e+00  1.022064740736456701e+00
8.361702238345214422e-01  1.222190555850531490e+00  1.222190555850531490e+00
9.361702238345210869e-01  1.298200614043119927e+00  1.298200614043119927e+00
1.036170223834521176e+00  1.225433272720249267e+00  1.225433272720249267e+00
1.136170223834521265e+00  1.029077263769549555e+00  1.029077263769549555e+00
1.236170223834521353e+00  7.707798346559323610e-01  7.707798346559323610e-01
1.336170223834521442e+00  5.181928229963193022e-01  5.181928229963193022e-01
1.436170223834521087e+00  3.177175807747407710e-01  3.177175807747407710e-01
1.536170223834521176e+00  1.846259671290414739e-01  1.846259671290414739e-01
1.636170223834521265e+00  1.100900213364559427e-01  1.100900213364559427e-01
1.736170223834521353e+00  7.500611476107788000e-02  7.500611476107788000e-02
1.836170223834521442e+00  6.107059340097798633e-02  6.107059340097798633e-02
1.936170223834521087e+00  5.565106652349149224e-02  5.565106652349149224e-02
2.036170223834520954e+00  5.194267285919093591e-02  5.194267285919093591e-02
2.136170223834521487e+00  4.721954594418013157e-02  4.721954594418013157e-02
2.236170223834521131e+00  4.103034101854283883e-02  4.103034101854283883e-02
2.336170223834521664e+00  3.394497871143496714e-02  3.394497871143496714e-02
2.436170223834521309e+00  2.681540204995348786e-02  2.681540204995348786e-02
2.536170223834521842e+00  2.037917797058240443e-02  2.037917797058240443e-02
2.636170223834521487e+00  1.508512758446058609e-02  1.508512758446058609e-02
2.736170223834521131e+00  1.106918289336312859e-02  1.106918289336312859e-02
2.836170223834521664e+00  8.223118962074038238e-03  8.223118962074038238e-03
2.936170223834521309e+00  6.301810044909312084e-03  6.301810044909312084e-03
3.036170223834521842e+00  5.024792590581123215e-03  5.024792590581123215e-03
3.136170223834521487e+00  4.146521115734482996e-03  4.146521115734482996e-03
3.236170223834522020e+00  3.489200844333131650e-03  3.489200844333131650e-03
3.336170223834521664e+00  2.945564371739391347e-03  2.945564371739391347e-03
3.436170223834521309e+00  2.464265646653406375e-03  2.464265646653406375e-03
3.536170223834521842e+00  2.029560597743764339e-03  2.029560597743764339e-03
3.636170223834521487e+00  1.642965321797257164e-03  1.642965321797257164e-03
3.736170223834522020e+00  1.310369561349739725e-03  1.310369561349739725e-03
3.836170223834521664e+00  1.035024369676987212e-03  1.035024369676987212e-03
3.936170223834521309e+00  8.151837117324305104e-04  8.151837117324305104e-04
4.036170223834521842e+00  6.446535383276932093e-04  6.446535383276932093e-04
4.136170223834521487e+00  5.146472967242372160e-04  5.146472967242372160e-04
4.236170223834522020e+00  4.157964036944262641e-04  4.157964036944262641e-04
4.336170223834521664e+00  3.396722518853539474e-04  3.396722518853539474e-04
4.436170223834521309e+00  2.796029654163980261e-04  2.796029654163980261e-04
4.536170223834521842e+00  2.308528493377982036e-04  2.308528493377982036e-04
4.636170223834521487e+00  1.903710827585028745e-04  1.903710827585028745e-04
4.736170223834522020e+00  1.563394621450435559e-04  1.563394621450435559e-04
4.836170223834521664e+00  1.277022654103636542e-04  1.277022654103636542e-04
4.936170223834521309e+00  1.037877987672826104e-04  1.037877987672826104e-04
5.036170223834521842e+00  8.406194963529664825e-05  8.406194963529664825e-05
5.136170223834521487e+00  6.800514105125636511e-05  6.800514105125636511e-05
5.236170223834522020e+00  5.507894795638395278e-05  5.507894795638395278e-05
5.336170223834521664e+00  4.474300422918112109e-05  4.474300422918112109e-05
5.436170223834521309e+00  3.648934497065391965e-05  3.648934497065391965e-05
5.536170223834521842e+00  2.987289594190400808e-05  2.987289594190400808e-05
5.636170223834521487e+00  2.452830009837739510e-05  2.452830009837739510e-05
5.736170223834522020e+00  2.017186892027376344e-05  2.017186892027376344e-05
5.836170223834521664e+00  1.659234440361190483e-05  1.659234440361190483e-05
5.936170223834521309e+00  1.363581825121877272e-05  1.363581825121877272e-05
6.036170223834521842e+00  1.118963252031554412e-05  1.118963252031554412e-05
6.136170223834521487e+00  9.168504086057362946e-06  9.168504086057362946e-06
6.236170223834522020e+00  7.504358296554616857e-06  7.504358296554616857e-06
6.336170223834521664e+00  6.139957584336620165e-06  6.139957584336620165e-06
6.436170223834521309e+00  5.025572453754404521e-06  5.025572453754404521e-06
6.536170223834520954e+00  4.117635323587144279e-06  4.117635323587144279e-06
6.636170223834522375e+00  3.378390000280751465e-06  3.378390000280751465e-06
6.736170223834522020e+00  2.775819492017221603e-06  2.775819492017221603e-06
6.836170223834521664e+00  2.283450531419278394e-06  2.283450531419278394e-06
6.936170223834521309e+00  1.879897677502723937e-06  1.879897677502723937e-06
7.036170223834520954e+00  1.548181552280973801e-06  1.548181552280973801e-06
7.136170223834522375e+00  1.274934335096406746e-06  1.274934335096406746e-06
7.236170223834522020e+00  1.049614009332170294e-06  1.049614009332170294e-06
7.336170223834521664e+00  8.638172104679232935e-07  8.638172104679232935e-07
7.436170223834521309e+00  7.107355597090676459e-07  7.107355597090676459e-07
7.536170223834520954e+00  5.847601683258263941e-07  5.847601683258263941e-07
7.636170223834522375e+00  4.812123193636299212e-07  4.812123193636299212e-07
7.736170223834522020e+00  3.961665351856347982e-07  3.961665351856347982e-07
7.836170223834521664e+00  3.263322209393988105e-07  3.263322209393988105e-07
7.936170223834521309e+00  2.689670364847944904e-07  2.689670364847944904e-07
8.036170223834522730e+00  2.218045671376892398e-07  2.218045671376892398e-07
8.136170223834522375e+00  1.829875195200648088e-07  1.829875195200648088e-07
8.236170223834522020e+00  1.510039025796159458e-07  1.510039025796159458e-07
8.336170223834521664e+00  1.246271074988792044e-07  1.246271074988792044e-07
8.436170223834521309e+00  1.028619451535076459e-07  1.028619451535076459e-07
8.536170223834522730e+00  8.489836046321639754e-08  8.489836046321639754e-08
8.636170223834522375e+00  7.007353897900130344e-08  7.007353897900130344e-08
8.736170223834522020e+00  5.784206600151915087e-08  5.784206600151915087e-08
8.836170223834521664e+00  4.775303816887752776e-08  4.775303816887752776e-08
8.936170223834521309e+00  3.943267171977882418e-08  3.943267171977882418e-08
9.036170223834522730e+00  3.257095173823262585e-08  3.257095173823262585e-08
9.136170223834522375e+00  2.691109821877277146e-08  2.691109821877277146e-08
9.236170223834522020e+00  2.224095339829004444e-08  2.224095339829004444e-08
9.336170223834521664e+00  1.838571548163536647e-08  1.838571548163536647e-08
9.436170223834521309e+00  1.520169559207017514e-08  1.520169559207017514e-08
9.536170223834522730e+00  1.257093739582835820e-08  1.257093739582835820e-08
9.636170223834522375e+00  1.039662105600151251e-08  1.039662105600151251e-08
9.736170223834522020e+00  8.599198177989005230e-09  8.599198177989005230e-09
9.836170223834521664e+00  7.113198161573542243e-09  7.113198161573542243e-09
9.936170223834521309e+00  5.884630111191740253e-09  5.884630111191740253e-09
1.003617022383452273e+01  4.868891630365872892e-09  4.868891630365872892e-09
1.013617022383452237e+01  4.029092286853951568e-09  4.029092286853951568e-09
1.023617022383452202e+01  3.334705508346175627e-09  3.334705508346175627e-09
1.033617022383452166e+01  2.760475272448427095e-09  2.760475272448427095e-09
1.043617022383452131e+01  2.285519383289277411e-09  2.285519383289277411e-09
