-1.662772749198859756e+00  1.882006398280859912e-08  1.882006398280859912e-08
-1.562772749198860112e+00  7.261484620116331307e-08  7.261484620116331307e-08
-1.462772749198860023e+00  2.684100675546096825e-07  2.684100675546096825e-07
-1.362772749198859934e+00  9.456220792064989472e-07  9.456220792064989472e-07
-1.262772749198860289e+00  3.165168940824040005e-06  3.165168940824040005e-06
-1.162772749198859756e+00  1.004565882535016029e-05  1.004565882535016029e-05
-1.062772749198860112e+00  3.019451963448338750e-05  3.019451963448338750e-05
-9.627727491988600228e-01  8.588366134431956291e-05  8.588366134431956291e-05
-8.627727491988599340e-01  2.310534607864486820e-04  2.310534607864486820e-04
-7.627727491988598452e-01  5.877554116553858040e-04  5.877554116553858040e-04
-6.627727491988599784e-01  1.413427727481999206e-03  1.413427727481999206e-03
-5.627727491988598896e-01  3.212806942524555707e-03  3.212806942524555707e-03
-4.627727491988598008e-01  6.902255275239474810e-03  6.902255275239474810e-03
-3.627727491988599340e-01  1.401417713816298719e-02  1.401417713816298719e-02
-2.627727491988598452e-01  2.689048983276647736e-02  2.689048983276647736e-02
-1.627727491988599784e-01  4.876135688654702205e-02  4.876135688654702205e-02
-6.277274919885988957e-02  8.355954858230660309e-02  8.355954858230660309e-02
3.722725080114019924e-02  1.353201112583793109e-01  1.353201112583793109e-01
1.372272508011400660e-01  2.071014467019029470e-01  2.071014467019029470e-01
2.372272508011401548e-01  2.995533057707254199e-01  2.995533057707254199e-01
3.372272508011400216e-01  4.095061850233001621e-01  4.095061850233001621e-01
4.372272508011401104e-01  5.291525180729250710e-01  5.291525180729250710e-01
5.372272508011401992e-01  6.463891832590367148e-01  6.463891832590367148e-01
6.372272508011402881e-01  7.466026463127959367e-01  7.466026463127959367e-01
7.372272508011403769e-01  8.156511836273548921e-01  8.156511836273548921e-01
8.372272508011400216e-01  8.432418300514153975e-01  8.432418300514153975e-01
9.372272508011401104e-01  8.255967695060468792e-01  8.255967695060468792e-01
1.037227250801140199e+00  7.664539472953095789e-01  7.664539472953095789e-01
1.137227250801140288e+00  6.760279226539507302e-01  6.760279226539507302e-01
1.237227250801140377e+00  5.683143558953093200e-01  5.683143558953093200e-01
1.337227250801140022e+00  4.577008006736999479e-01  4.577008006736999479e-01
1.437227250801140110e+00  3.559929761012826654e-01  3.559929761012826654e-01
1.537227250801140199e+00  2.706583133310660472e-01  2.706583133310660472e-01
1.637227250801140288e+00  2.045273314986191526e-01  2.045273314986191526e-01
1.737227250801140377e+00  1.566630703025430615e-01  1.566630703025430615e-01
1.837227250801140022e+00  1.238189370028769526e-01  1.238189370028769526e-01
1.937227250801140110e+00  1.019050048072789733e-01  1.019050048072789733e-01
2.037227250801140421e+00  8.708137527616482965e-02  8.708137527616482965e-02
2.137227250801140066e+00  7.635037426394744586e-02  7.635037426394744586e-02
2.237227250801140599e+00  6.771341662613689083e-02  6.771341662613689083e-02
2.337227250801140244e+00  6.004882574590784255e-02  6.004882574590784255e-02
2.437227250801140777e+00  5.286868711705700052e-02  5.286868711705700052e-02
2.537227250801140421e+00  4.606741965053971072e-02  4.606741965053971072e-02
2.637227250801140066e+00  3.972049533154468209e-02  3.972049533154468209e-02
2.737227250801140599e+00  3.395015846572876222e-02  3.395015846572876222e-02
2.837227250801140244e+00  2.885149230247774366e-02  2.885149230247774366e-02
2.937227250801140777e+00  2.446309325978786656e-02  2.446309325978786656e-02
3.037227250801140421e+00  2.076592490912840261e-02  2.076592490912840261e-02
3.137227250801140954e+00  1.769685749781741563e-02  1.769685749781741563e-02
3.237227250801140599e+00  1.516723999485561705e-02  1.516723999485561705e-02
3.337227250801140244e+00  1.308042229621956404e-02  1.308042229621956404e-02
3.437227250801140777e+00  1.134505544831136518e-02  1.134505544831136518e-02
3.537227250801140421e+00  9.883159545744361896e-03  9.883159545744361896e-03
3.637227250801140954e+00  8.633377387934916200e-03  8.633377387934916200e-03
3.737227250801140599e+00  7.550600806412513348e-03  7.550600806412513348e-03
3.837227250801140244e+00  6.603392850200961312e-03  6.603392850200961312e-03
3.937227250801140777e+00  5.770496349015574213e-03  5.770496349015574213e-03
4.037227250801140421e+00  5.037387032314729826e-03  5.037387032314729826e-03
4.137227250801140954e+00  4.393441357375777942e-03  4.393441357375777942e-03
4.237227250801140599e+00  3.829945083636486156e-03  3.829945083636486156e-03
4.337227250801140244e+00  3.338919745464123245e-03  3.338919745464123245e-03
4.437227250801140777e+00  2.912601610913025368e-03  2.912601610913025368e-03
4.537227250801140421e+00  2.543356179791030677e-03  2.543356179791030677e-03
4.637227250801140954e+00  2.223823209381196615e-03  2.223823209381196615e-03
4.737227250801140599e+00  1.947133758171266200e-03  1.947133758171266200e-03
4.837227250801140244e+00  1.707098131413303625e-03  1.707098131413303625e-03
4.937227250801140777e+00  1.498316066080904174e-03  1.498316066080904174e-03
5.037227250801140421e+00  1.316199857842445184e-03  1.316199857842445184e-03
5.137227250801140954e+00  1.156925276873580757e-03  1.156925276873580757e-03
5.237227250801140599e+00  1.017335778854429589e-03  1.017335778854429589e-03
5.337227250801140244e+00  8.948263157713325176e-04  8.948263157713325176e-04
5.437227250801140777e+00  7.872280017843830309e-04  7.872280017843830309e-04
5.537227250801140421e+00  6.927074604146515879e-04  6.927074604146515879e-04
5.637227250801140954e+00  6.096873546154756886e-04  6.096873546154756886e-04
5.737227250801140599e+00  5.367888117721057641e-04  5.367888117721057641e-04
5.837227250801140244e+00  4.727927383359250418e-04  4.727927383359250418e-04
5.937227250801140777e+00  4.166152807788850139e-04  4.166152807788850139e-04
6.037227250801140421e+00  3.672924845822895168e-04  3.672924845822895168e-04
6.137227250801140954e+00  3.239699631009264986e-04  3.239699631009264986e-04
6.237227250801140599e+00  2.858945847001587029e-04  2.858945847001587029e-04
6.337227250801140244e+00  2.524064180699019892e-04  2.524064180699019892e-04
6.437227250801139888e+00  2.229301951560512128e-04  2.229301951560512128e-04
6.537227250801141309e+00  1.969662523430120978e-04  1.969662523430120978e-04
6.637227250801140954e+00  1.740812916204767383e-04  1.740812916204767383e-04
6.737227250801140599e+00  1.538994254229141662e-04  1.538994254229141662e-04
6.837227250801140244e+00  1.360939180234234738e-04  1.360939180234234738e-04
6.937227250801139888e+00  1.203798974307802768e-04  1.203798974307802768e-04
7.037227250801141309e+00  1.065081517324214990e-04  1.065081517324214990e-04
7.137227250801140954e+00  9.425998623436166726e-05  9.425998623436166726e-05
7.237227250801140599e+00  8.344302355243560319e-05  8.344302355243560319e-05
7.337227250801140244e+00  7.388778152344398849e-05  7.388778152344398849e-05
7.437227250801139888e+00  6.544485590614326114e-05  6.544485590614326114e-05
7.537227250801141309e+00  5.798255375962231252e-05  5.798255375962231252e-05
7.637227250801140954e+00  5.138485606090546656e-05  5.138485606090546656e-05
7.737227250801140599e+00  4.554962381719508479e-05  4.554962381719508479e-05
7.837227250801140244e+00  4.038699344193876151e-05  4.038699344193876151e-05
7.937227250801141665e+00  3.581793086272155272e-05  3.581793086272155272e-05
8.037227250801141309e+00  3.177292895097745453e-05  3.177292895097745453e-05
8.137227250801140954e+00  2.819084053710729231e-05  2.819084053710729231e-05
8.237227250801140599e+00  2.501784155432095112e-05  2.501784155432095112e-05
8.337227250801140244e+00  2.220651795809930025e-05  2.220651795809930025e-05
8.437227250801141665e+00  1.971506788478537858e-05  1.971506788478537858e-05
8.537227250801141309e+00  1.750660837112181202e-05  1.750660837112181202e-05
8.637227250801140954e+00  1.554857459456711444e-05  1.554857459456711444e-05
8.737227250801140599e+00  1.381219925652363527e-05  1.381219925652363527e-05
8.837227250801140244e+00  1.227206032306849273e-05  1.227206032306849273e-05
8.937227250801141665e+00  1.090568658656758141e-05  1.090568658656758141e-05
9.037227250801141309e+00  9.693212093449082823e-06  9.693212093449082823e-06
9.137227250801140954e+00  8.617072113318719866e-06  8.617072113318719866e-06
9.237227250801140599e+00  7.661734800118437949e-06  7.661734800118437949e-06
9.337227250801140244e+00  6.813463907496126372e-06  6.813463907496126372e-06
9.437227250801141665e+00  6.060108838350846010e-06  6.060108838350846010e-06
9.537227250801141309e+00  5.390918959263541785e-06  5.390918959263541785e-06
9.637227250801140954e+00  4.796379551311884709e-06  4.796379551311884709e-06
9.737227250801140599e+00  4.268067065355579471e-06  4.268067065355579471e-06
9.837227250801140244e+00  3.798521561590238710e-06  3.798521561590238710e-06
9.937227250801141665e+00  3.381134384883135943e-06  3.381134384883135943e-06
1.003722725080114131e+01  3.010049287404300835e-06  3.010049287404300835e-06
1.013722725080114095e+01  2.680075371889361398e-06  2.680075371889361398e-06
1.023722725080114060e+01  2.386610395224190839e-06  2.386610395224190839e-06
1.033722725080114024e+01  2.125573139209257477e-06  2.125573139209257477e-06
