-1.603424342880662934e+00  0.000000000000000000e+00  0.000000000000000000e+00
-1.503424342880662401e+00  0.000000000000000000e+00  0.000000000000000000e+00
-1.403424342880662756e+00  0.000000000000000000e+00  0.000000000000000000e+00
-1.303424342880662667e+00  0.000000000000000000e+00  0.000000000000000000e+00
-1.203424342880662579e+00  0.000000000000000000e+00  0.000000000000000000e+00
-1.103424342880662934e+00  0.000000000000000000e+00  0.000000000000000000e+00
-1.003424342880662401e+00  0.000000000000000000e+00  0.000000000000000000e+00
-9.034243428806627563e-01  0.000000000000000000e+00  0.000000000000000000e+00
-8.034243428806626675e-01  0.000000000000000000e+00  0.000000000000000000e+00
-7.034243428806625786e-01  0.000000000000000000e+00  0.000000000000000000e+00
-6.034243428806627119e-01  3.909426370206498798e-305  3.909426370206498798e-305
-5.034243428806626230e-01  8.913544983606682171e-266  8.913544983606682171e-266
-4.034243428806625342e-01  3.923262536229974330e-229  3.923262536229974330e-229
-3.034243428806626675e-01  3.333525409455630903e-195  3.333525409455630903e-195
-2.034243428806625786e-01  5.467888584212573283e-164  5.467888584212573283e-164
-1.034243428806627119e-01  1.731390505132593996e-135  1.731390505132593996e-135
-3.424342880662623045e-03  1.058351414412188025e-109  1.058351414412188025e-109
9.657565711933746577e-02  1.248890165281767127e-86  1.248890165281767127e-86
1.965756571193373325e-01  2.844972579146674516e-66  2.844972579146674516e-66
2.965756571193374214e-01  1.251098237247082529e-48  1.251098237247082529e-48
3.965756571193372881e-01  1.062097111221163460e-33  1.062097111221163460e-33
4.965756571193373770e-01  1.740590188553068831e-21  1.740590188553068831e-21
5.965756571193374658e-01  5.506660764444901872e-12  5.506660764444901872e-12
6.965756571193375546e-01  3.363098617639755089e-05  3.363098617639755089e-05
7.965756571193376434e-01  3.965065540289836044e-01  3.965065540289836044e-01
8.965756571193372881e-01  9.024447573595255179e+00  9.024447573595255179e+00
9.965756571193373770e-01  3.965065540289727242e-01  3.965065540289727242e-01
1.096575657119337466e+00  3.363098617639570097e-05  3.363098617639570097e-05
1.196575657119337555e+00  5.506660764444451931e-12  5.506660764444451931e-12
1.296575657119337643e+00  1.740805175242869367e-21  1.740805175242869367e-21
1.396575657119337288e+00  6.263945651227530181e-18  6.263945651227530181e-18
1.496575657119337377e+00  8.018887722702843782e-12  8.018887722702843782e-12
1.596575657119337466e+00  4.510347760715014358e-07  4.510347760715014358e-07
1.696575657119337555e+00  1.114642680209123075e-03  1.114642680209123075e-03
1.796575657119337643e+00  1.210294479375763343e-01  1.210294479375763343e-01
1.896575657119337288e+00  5.773992032710094646e-01  5.773992032710094646e-01
1.996575657119337377e+00  1.210294479375746690e-01  1.210294479375746690e-01
2.096575657119337244e+00  1.114642680209092284e-03  1.114642680209092284e-03
2.196575657119337777e+00  4.510347760714830128e-07  4.510347760714830128e-07
2.296575657119337421e+00  8.018891034389440790e-12  8.018891034389440790e-12
2.396575657119337066e+00  3.135803959031533436e-13  3.135803959031533436e-13
2.496575657119337599e+00  3.697013160511012589e-09  3.697013160511012589e-09
2.596575657119337244e+00  5.427272074988642276e-06  5.427272074988642276e-06
2.696575657119336888e+00  9.920464797234362225e-04  9.920464797234362225e-04
2.796575657119337421e+00  2.257887380640821035e-02  2.257887380640821035e-02
2.896575657119337066e+00  6.398709026682458667e-02  6.398709026682458667e-02
2.996575657119337599e+00  2.257887380640779054e-02  2.257887380640779054e-02
3.096575657119337244e+00  9.920464797234362225e-04  9.920464797234362225e-04
3.196575657119337777e+00  5.427272074988555879e-06  5.427272074988555879e-06
3.296575657119337421e+00  3.697018599756921900e-09  3.697018599756921900e-09
3.396575657119337066e+00  2.967363277319637815e-11  2.967363277319637815e-11
3.496575657119337599e+00  3.321926312193874629e-08  3.321926312193874629e-08
3.596575657119337244e+00  7.878398467883852916e-06  7.878398467883852916e-06
3.696575657119337777e+00  3.916523731258549036e-04  3.916523731258549036e-04
3.796575657119337421e+00  4.081111444211243423e-03  4.081111444211243423e-03
3.896575657119337066e+00  8.913966925475046155e-03  8.913966925475046155e-03
3.996575657119337599e+00  4.081111444211187045e-03  4.081111444211187045e-03
4.096575657119337244e+00  3.916523731258441158e-04  3.916523731258441158e-04
4.196575657119337777e+00  7.878398467954107523e-06  7.878398467954107523e-06
4.296575657119337421e+00  3.321950151012168696e-08  3.321950151012168696e-08
4.396575657119337066e+00  2.600694762781814034e-10  2.600694762781814034e-10
4.496575657119337599e+00  6.396933272844475648e-08  6.396933272844475648e-08
4.596575657119337244e+00  5.081713096120134737e-06  5.081713096120134737e-06
4.696575657119337777e+00  1.156592569630917130e-04  1.156592569630917130e-04
4.796575657119337421e+00  7.541930942480920856e-04  7.541930942480920856e-04
4.896575657119337066e+00  1.409018199452290784e-03  1.409018199452290784e-03
4.996575657119337599e+00  7.541930942480838456e-04  7.541930942480838456e-04
5.096575657119337244e+00  1.156592569630899377e-04  1.156592569630899377e-04
5.196575657119337777e+00  5.081713098110726538e-06  5.081713098110726538e-06
5.296575657119337421e+00  6.397106349010753160e-08  6.397106349010753160e-08
5.396575657119337066e+00  7.649605473660750355e-10  7.649605473660750355e-10
5.496575657119337599e+00  5.800996692532038800e-08  5.800996692532038800e-08
5.596575657119337244e+00  2.222624676411392310e-06  2.222624676411392310e-06
5.696575657119337777e+00  3.004978333604963397e-05  3.004978333604963397e-05
5.796575657119337421e+00  1.433594984722274916e-04  1.433594984722274916e-04
5.896575657119337066e+00  2.413356695613834077e-04  2.413356695613834077e-04
5.996575657119337599e+00  1.433594984722261364e-04  1.433594984722261364e-04
6.096575657119337244e+00  3.004978333606614095e-05  3.004978333606614095e-05
6.196575657119337777e+00  2.222624690152892940e-06  2.222624690152892940e-06
6.296575657119337421e+00  5.801430699858300104e-08  5.801430699858300104e-08
6.396575657119337066e+00  1.155715153192971056e-09  1.155715153192971056e-09
6.496575657119336711e+00  3.454387131585635271e-08  3.454387131585635271e-08
6.596575657119338132e+00  7.861753735135657244e-07  7.861753735135657244e-07
6.696575657119337777e+00  7.327009594788598022e-06  7.327009594788598022e-06
6.796575657119337421e+00  2.796218828019219894e-05  2.796218828019219894e-05
6.896575657119337066e+00  4.369710052693821269e-05  4.369710052693821269e-05
6.996575657119336711e+00  2.796218828019234802e-05  2.796218828019234802e-05
7.096575657119338132e+00  7.327009594902012346e-06  7.327009594902012346e-06
7.196575657119337777e+00  7.861754116379533917e-07  7.861754116379533917e-07
7.296575657119337421e+00  3.454857254805168105e-08  3.454857254805168105e-08
7.396575657119337066e+00  1.094421212428595086e-09  1.094421212428595086e-09
7.496575657119336711e+00  1.591341315523583172e-08  1.591341315523583172e-08
7.596575657119338132e+00  2.449979032149739445e-07  2.449979032149739445e-07
7.696575657119337777e+00  1.727403332138823816e-06  1.727403332138823816e-06
7.796575657119337421e+00  5.576126260943950281e-06  5.576126260943950281e-06
7.896575657119337066e+00  8.240980395194600410e-06  8.240980395194600410e-06
7.996575657119338487e+00  5.576126260944842206e-06  5.576126260944842206e-06
8.096575657119338132e+00  1.727403332479853468e-06  1.727403332479853468e-06
8.196575657119337777e+00  2.449979548668629677e-07  2.449979548668629677e-07
8.296575657119337421e+00  1.591480999171648055e-08  1.591480999171648055e-08
8.396575657119337066e+00  7.453047253508120102e-10  7.453047253508120102e-10
8.496575657119338487e+00  6.205038790234425566e-09  6.205038790234425566e-09
8.596575657119338132e+00  7.044834907171963489e-08  7.044834907171963489e-08
8.696575657119337777e+00  3.998103645210913091e-07  3.998103645210913091e-07
8.796575657119337421e+00  1.133037107884557169e-06  1.133037107884557169e-06
8.896575657119337066e+00  1.603396121362299691e-06  1.603396121362299691e-06
8.996575657119338487e+00  1.133037107887642699e-06  1.133037107887642699e-06
9.096575657119338132e+00  3.998103650656577906e-07  3.998103650656577906e-07
9.196575657119337777e+00  7.044838051434131379e-08  7.044838051434131379e-08
9.296575657119337421e+00  6.202760268238731011e-09  6.202760268238731011e-09
9.396575657119337066e+00  4.017274687725635608e-10  4.017274687725635608e-10
9.496575657119338487e+00  2.160344593768010331e-09  2.160344593768010331e-09
9.596575657119338132e+00  1.920174995399455214e-08  1.920174995399455214e-08
9.696575657119337777e+00  9.160611370406260629e-08  9.160611370406260629e-08
9.796575657119337421e+00  2.339244053352435281e-07  2.339244053352435281e-07
9.896575657119337066e+00  3.197367525774219896e-07  3.197367525774219896e-07
9.996575657119338487e+00  2.339244053408616859e-07  2.339244053408616859e-07
1.009657565711933813e+01  9.160611417184029688e-08  9.160611417184029688e-08
1.019657565711933778e+01  1.920174305309734188e-08  1.920174305309734188e-08
1.029657565711933742e+01  2.156721918161493735e-09  2.156721918161493735e-09
1.039657565711933707e+01  1.829254450414656943e-10  1.829254450414656943e-10
