-1.541666666574057487e+00  2.593808870840523519e-69  2.593808870840523519e-69
-1.441666666574056954e+00  4.263235485380471616e-64  4.263235485380471616e-64
-1.341666666574057309e+00  6.761442141282499369e-59  6.761442141282499369e-59
-1.241666666574057221e+00  6.536507956557603908e-54  6.536507956557603908e-54
-1.141666666574057132e+00  3.795609571051876778e-49  3.795609571051876778e-49
-1.041666666574057487e+00  1.323264999242119152e-44  1.323264999242119152e-44
-9.416666665740571762e-01  2.769706381686141141e-40  2.769706381686141141e-40
-8.416666665740573094e-01  3.480501690244990231e-36  3.480501690244990231e-36
-7.416666665740572206e-01  2.625857483746825592e-32  2.625857483746825592e-32
-6.416666665740571318e-01  1.189382753532266110e-28  1.189382753532266110e-28
-5.416666665740572650e-01  3.234396846483888657e-25  3.234396846483888657e-25
-4.416666665740571762e-01  5.280635070763209786e-22  5.280635070763209786e-22
-3.416666665740570874e-01  5.176070574713069391e-19  5.176070574713069391e-19
-2.416666665740572206e-01  3.046038620628946911e-16  3.046038620628946911e-16
-1.416666665740571318e-01  1.076197067619792037e-13  1.076197067619792037e-13
-4.166666657405726504e-02  2.282808000748227213e-11  2.282808000748227213e-11
5.833333342594282378e-02  2.907154750751134280e-09  2.907154750751134280e-09
1.583333334259429126e-01  2.222737094446133898e-07  2.222737094446133898e-07
2.583333334259427794e-01  1.020303149099575167e-05  1.020303149099575167e-05
3.583333334259428682e-01  2.811846052303710523e-04  2.811846052303710523e-04
4.583333334259427350e-01  4.652378442060694022e-03  4.652378442060694022e-03
5.583333334259428238e-01  4.621465470105069057e-02  4.621465470105069057e-02
6.583333334259429126e-01  2.756167282649699124e-01  2.756167282649699124e-01
7.583333334259430014e-01  9.868533429404069413e-01  9.868533429404069413e-01
8.583333334259430902e-01  2.121391601852460784e+00  2.121391601852460784e+00
9.583333334259427350e-01  2.737853999417822148e+00  2.737853999417822148e+00
1.058333333425942824e+00  2.121394011546799963e+00  2.121394011546799963e+00
1.158333333425942913e+00  9.868745414979775976e-01  9.868745414979775976e-01
1.258333333425943001e+00  2.757603575027003928e-01  2.757603575027003928e-01
1.358333333425943090e+00  4.696865949917829186e-02  4.696865949917829186e-02
1.458333333425942735e+00  7.719393155293232008e-03  7.719393155293232008e-03
1.558333333425942824e+00  9.947661227919717825e-03  9.947661227919717825e-03
1.658333333425942913e+00  2.361667920389351125e-02  2.361667920389351125e-02
1.758333333425943001e+00  4.466907637222796573e-02  4.466907637222796573e-02
1.858333333425943090e+00  6.549219852775779727e-02  6.549219852775779727e-02
1.958333333425942735e+00  7.440251401345374105e-02  7.440251401345374105e-02
2.058333333425943046e+00  6.549564930362559989e-02  6.549564930362559989e-02
2.158333333425942691e+00  4.468400112094352700e-02  4.468400112094352700e-02
2.258333333425943223e+00  2.366076880546385749e-02  2.366076880546385749e-02
2.358333333425942868e+00  9.830476646693375384e-03  9.830476646693375384e-03
2.458333333425942513e+00  3.484914686159890605e-03  3.484914686159890605e-03
2.558333333425943046e+00  1.652344996711787358e-03  1.652344996711787358e-03
2.658333333425942691e+00  1.772738606212693373e-03  1.772738606212693373e-03
2.758333333425942335e+00  2.513507870058778390e-03  2.513507870058778390e-03
2.858333333425942868e+00  3.219045950221981634e-03  3.219045950221981634e-03
2.958333333425942513e+00  3.502576342526212121e-03  3.502576342526212121e-03
3.058333333425943046e+00  3.217726837355524509e-03  3.217726837355524509e-03
3.158333333425942691e+00  2.495785736521415402e-03  2.495785736521415402e-03
3.258333333425943223e+00  1.638209286357317261e-03  1.638209286357317261e-03
3.358333333425942868e+00  9.191991998193779420e-04  9.191991998193779420e-04
3.458333333425942513e+00  4.599707203482441913e-04  4.599707203482441913e-04
3.558333333425943046e+00  2.386897283319753963e-04  2.386897283319753963e-04
3.658333333425942691e+00  1.710150423549218447e-04  1.710150423549218447e-04
3.758333333425943223e+00  1.757279728516801076e-04  1.757279728516801076e-04
3.858333333425942868e+00  1.980107045083179316e-04  1.980107045083179316e-04
3.958333333425942513e+00  2.080061610124922121e-04  2.080061610124922121e-04
4.058333333425943046e+00  1.947511758205307210e-04  1.947511758205307210e-04
4.158333333425942691e+00  1.611032023859996479e-04  1.611032023859996479e-04
4.258333333425943223e+00  1.178618447647263669e-04  1.178618447647263669e-04
4.358333333425942868e+00  7.690573812792460967e-05  7.690573812792460967e-05
4.458333333425942513e+00  4.595614308163425342e-05  4.595614308163425342e-05
4.558333333425943046e+00  2.700964224527982788e-05  2.700964224527982788e-05
4.658333333425942691e+00  1.789433314403539400e-05  1.789433314403539400e-05
4.758333333425943223e+00  1.484337845848692413e-05  1.484337845848692413e-05
4.858333333425942868e+00  1.440836745539612955e-05  1.440836745539612955e-05
4.958333333425942513e+00  1.427811473334339363e-05  1.427811473334339363e-05
5.058333333425943046e+00  1.334421026504023866e-05  1.334421026504023866e-05
5.158333333425942691e+00  1.143133206000075891e-05  1.143133206000075891e-05
5.258333333425943223e+00  8.919670261928692778e-06  8.919670261928692778e-06
5.358333333425942868e+00  6.369443749618310062e-06  6.369443749618310062e-06
5.458333333425942513e+00  4.235094395235407829e-06  4.235094395235407829e-06
5.558333333425943046e+00  2.729287180895192214e-06  2.729287180895192214e-06
5.658333333425942691e+00  1.832363901483401538e-06  1.832363901483401538e-06
5.758333333425943223e+00  1.385395035387007441e-06  1.385395035387007441e-06
5.858333333425942868e+00  1.194009016006299821e-06  1.194009016006299821e-06
5.958333333425942513e+00  1.098721098885807198e-06  1.098721098885807198e-06
6.058333333425943046e+00  1.002974556798740420e-06  1.002974556798740420e-06
6.158333333425942691e+00  8.702897077902301656e-07  8.702897077902301656e-07
6.258333333425943223e+00  7.058194911607446814e-07  7.058194911607446814e-07
6.358333333425942868e+00  5.341717794547187515e-07  5.341717794547187515e-07
6.458333333425942513e+00  3.810477861474049118e-07  3.810477861474049118e-07
6.558333333425942158e+00  2.624936769204322271e-07  2.624936769204322271e-07
6.658333333425943579e+00  1.821147578632921733e-07  1.821147578632921733e-07
6.758333333425943223e+00  1.339326073038186110e-07  1.339326073038186110e-07
6.858333333425942868e+00  1.075018784404843563e-07  1.075018784404843563e-07
6.958333333425942513e+00  9.249873461671721239e-08  9.249873461671721239e-08
7.058333333425942158e+00  8.141722772461926592e-08  8.141722772461926592e-08
7.158333333425943579e+00  7.030240289099331423e-08  7.030240289099331423e-08
7.258333333425943223e+00  5.814030579034338569e-08  5.814030579034338569e-08
7.358333333425942868e+00  4.566423592278838770e-08  4.566423592278838770e-08
7.458333333425942513e+00  3.417568807215338416e-08  3.417568807215338416e-08
7.558333333425942158e+00  2.472308188310302651e-08  2.472308188310302651e-08
7.658333333425943579e+00  1.773831280013636589e-08  1.773831280013636589e-08
7.758333333425943223e+00  1.305222610994367640e-08  1.305222610994367640e-08
7.858333333425942868e+00  1.012150748023200604e-08  1.012150748023200604e-08
7.958333333425942513e+00  8.299102655530634658e-09  8.299102655530634658e-09
8.058333333425943934e+00  7.036974444392726800e-09  7.036974444392726800e-09
8.158333333425943579e+00  5.981083381698997908e-09  5.981083381698997908e-09
8.258333333425943223e+00  4.972082724012119803e-09  4.972082724012119803e-09
8.358333333425942868e+00  3.990232449183476925e-09  3.990232449183476925e-09
8.458333333425942513e+00  3.084318090948809174e-09  3.084318090948809174e-09
8.558333333425943934e+00  2.312614941610147204e-09  2.312614941610147204e-09
8.658333333425943579e+00  1.708647066750508919e-09  1.708647066750508919e-09
8.758333333425943223e+00  1.271644969774123007e-09  1.271644969774123007e-09
8.858333333425942868e+00  9.739706098869307446e-10  9.739706098869307446e-10
8.958333333425942513e+00  7.756303765921558515e-10  7.756303765921558515e-10
9.058333333425943934e+00  6.378860542599993233e-10  6.378860542599993233e-10
9.158333333425943579e+00  5.316837100245610108e-10  5.316837100245610108e-10
9.258333333425943223e+00  4.401678157169679749e-10  4.401678157169679749e-10
9.358333333425942868e+00  3.568135381104945733e-10  3.568135381104945733e-10
9.458333333425942513e+00  2.814977030078747426e-10  2.814977030078747426e-10
9.558333333425943934e+00  2.165293519873669245e-10  2.165293519873669245e-10
9.658333333425943579e+00  1.638442104445687245e-10  1.638442104445687245e-10
9.758333333425943223e+00  1.237117559019242039e-10  1.237117559019242039e-10
9.858333333425942868e+00  9.469099778997151979e-11  9.469099778997151979e-11
9.958333333425942513e+00  7.429215255380757669e-11  7.429215255380757669e-11
1.005833333342594393e+01  5.980825405685349193e-11  5.980825405685349193e-11
1.015833333342594358e+01  4.895527390009682567e-11  4.895527390009682567e-11
1.025833333342594322e+01  4.017677503560431241e-11  4.017677503560431241e-11
1.035833333342594287e+01  3.264123121457550050e-11  3.264123121457550050e-11
1.045833333342594251e+01  2.605009917887030677e-11  2.605009917887030677e-11
