-1.550603447972543236e+00  0.000000000000000000e+00  0.000000000000000000e+00
-1.450603447972543592e+00  0.000000000000000000e+00  0.000000000000000000e+00
-1.350603447972543503e+00  0.000000000000000000e+00  0.000000000000000000e+00
-1.250603447972543414e+00  0.000000000000000000e+00  0.000000000000000000e+00
-1.150603447972543769e+00  0.000000000000000000e+00  0.000000000000000000e+00
-1.050603447972543236e+00  0.000000000000000000e+00  0.000000000000000000e+00
-9.506034479725433695e-01  0.000000000000000000e+00  0.000000000000000000e+00
-8.506034479725435027e-01  0.000000000000000000e+00  0.000000000000000000e+00
-7.506034479725434139e-01  0.000000000000000000e+00  0.000000000000000000e+00
-6.506034479725433251e-01  0.000000000000000000e+00  0.000000000000000000e+00
-5.506034479725434583e-01  0.000000000000000000e+00  0.000000000000000000e+00
-4.506034479725433695e-01  0.000000000000000000e+00  0.000000000000000000e+00
-3.506034479725432806e-01  0.000000000000000000e+00  0.000000000000000000e+00
-2.506034479725434139e-01  0.000000000000000000e+00  0.000000000000000000e+00
-1.506034479725433251e-01  1.429978205376970420e-291  1.429978205376970420e-291
-5.060344797254345828e-02  6.653022216832610940e-241  6.653022216832610940e-241
4.939655202745663054e-02  4.626092216274017820e-195  4.626092216274017820e-195
1.493965520274567194e-01  4.807456401759845865e-154  4.807456401759845865e-154
2.493965520274565861e-01  7.466587856398328800e-118  7.466587856398328800e-118
3.493965520274566749e-01  1.733144453077518607e-86  1.733144453077518607e-86
4.493965520274565417e-01  6.012472459429751603e-60  6.012472459429751603e-60
5.493965520274566305e-01  3.117289920088427135e-38  3.117289920088427135e-38
6.493965520274567194e-01  2.415500028932861654e-21  2.415500028932861654e-21
7.493965520274568082e-01  2.797323252919334017e-09  2.797323252919334017e-09
8.493965520274568970e-01  4.841545531996447466e-02  4.841545531996447466e-02
9.493965520274565417e-01  1.252365635430972901e+01  1.252365635430972901e+01
1.049396552027456631e+00  4.841545531996210849e-02  4.841545531996210849e-02
1.149396552027456719e+00  2.797323252919065597e-09  2.797323252919065597e-09
1.249396552027456808e+00  2.415500028932501295e-21  2.415500028932501295e-21
1.349396552027456897e+00  3.117291781581356497e-38  3.117291781581356497e-38
1.449396552027456542e+00  3.467134621866903975e-31  3.467134621866903975e-31
1.549396552027456631e+00  2.496506794366971928e-20  2.496506794366971928e-20
1.649396552027456719e+00  6.949405893713312261e-12  6.949405893713312261e-12
1.749396552027456808e+00  7.478516952367140642e-06  7.478516952367140642e-06
1.849396552027456897e+00  3.111258993348593738e-02  3.111258993348593738e-02
1.949396552027456542e+00  5.003912718314472707e-01  5.003912718314472707e-01
2.049396552027456408e+00  3.111258993348516369e-02  3.111258993348516369e-02
2.149396552027456941e+00  7.478516952366768795e-06  7.478516952366768795e-06
2.249396552027456586e+00  6.949405893712793658e-12  6.949405893712793658e-12
2.349396552027457119e+00  2.496506794405314184e-20  2.496506794405314184e-20
2.449396552027456764e+00  2.711583130229038311e-22  2.711583130229038311e-22
2.549396552027457297e+00  4.693148408326200885e-15  4.693148408326200885e-15
2.649396552027456941e+00  2.000817935387317113e-09  2.000817935387317113e-09
2.749396552027456586e+00  2.101129278652801301e-05  2.101129278652801301e-05
2.849396552027457119e+00  5.435004353037115390e-03  5.435004353037115390e-03
2.949396552027456764e+00  3.462971655243359675e-02  3.462971655243359675e-02
3.049396552027457297e+00  5.435004353036936714e-03  5.435004353036936714e-03
3.149396552027456941e+00  2.101129278652801301e-05  2.101129278652801301e-05
3.249396552027457474e+00  2.000817935387118177e-09  2.000817935387118177e-09
3.349396552027457119e+00  4.693148408906666827e-15  4.693148408906666827e-15
3.449396552027456764e+00  2.508003105527081296e-18  2.508003105527081296e-18
3.549396552027457297e+00  6.729179860372605092e-13  6.729179860372605092e-13
3.649396552027456941e+00  1.122715192206107137e-08  1.122715192206107137e-08
3.749396552027457474e+00  1.164671642899575891e-05  1.164671642899575891e-05
3.849396552027457119e+00  7.512142935701888232e-04  7.512142935701888232e-04
3.949396552027456764e+00  3.012663482123445393e-03  3.012663482123445393e-03
4.049396552027457297e+00  7.512142935701703918e-04  7.512142935701703918e-04
4.149396552027456941e+00  1.164671642899518971e-05  1.164671642899518971e-05
4.249396552027457474e+00  1.122715192206023427e-08  1.122715192206023427e-08
4.349396552027457119e+00  6.729179873005933043e-13  6.729179873005933043e-13
4.449396552027456764e+00  2.593009967138274448e-16  2.593009967138274448e-16
4.549396552027457297e+00  5.656248062719388603e-12  5.656248062719388603e-12
4.649396552027456941e+00  1.350126364988332462e-08  1.350126364988332462e-08
4.749396552027457474e+00  3.492380381071386343e-06  3.492380381071386343e-06
4.849396552027457119e+00  9.789709683119299471e-05  9.789709683119299471e-05
4.949396552027456764e+00  2.973851219708186443e-04  2.973851219708186443e-04
5.049396552027457297e+00  9.789709683119109736e-05  9.789709683119109736e-05
5.149396552027456941e+00  3.492380381071249548e-06  3.492380381071249548e-06
5.249396552027457474e+00  1.350126364988253383e-08  1.350126364988253383e-08
5.349396552027457119e+00  5.656248168903677687e-12  5.656248168903677687e-12
5.449396552027456764e+00  3.071506613843488406e-15  3.071506613843488406e-15
5.549396552027457297e+00  1.170994500345031871e-11  1.170994500345031871e-11
5.649396552027456941e+00  7.645862741540918065e-09  7.645862741540918065e-09
5.749396552027457474e+00  7.835182175880501966e-07  7.835182175880501966e-07
5.849396552027457119e+00  1.260151206441414247e-05  1.260151206441414247e-05
5.949396552027456764e+00  3.180879226194510586e-05  3.180879226194510586e-05
6.049396552027457297e+00  1.260151206441393410e-05  1.260151206441393410e-05
6.149396552027456941e+00  7.835182175880242562e-07  7.835182175880242562e-07
6.249396552027457474e+00  7.645862741540582229e-09  7.645862741540582229e-09
6.349396552027457119e+00  1.170994640657558397e-11  1.170994640657558397e-11
6.449396552027456764e+00  1.150326342760278351e-14  1.150326342760278351e-14
6.549396552027456408e+00  1.099134285182842006e-11  1.099134285182842006e-11
6.649396552027457830e+00  2.843137558227677913e-09  2.843137558227677913e-09
6.749396552027457474e+00  1.503795128729418096e-07  1.503795128729418096e-07
6.849396552027457119e+00  1.626384229323549298e-06  1.626384229323549298e-06
6.949396552027456764e+00  3.596675980809003198e-06  3.596675980809003198e-06
7.049396552027456408e+00  1.626384229323549298e-06  1.626384229323549298e-06
7.149396552027457830e+00  1.503795128729333657e-07  1.503795128729333657e-07
7.249396552027457474e+00  2.843137558228140307e-09  2.843137558228140307e-09
7.349396552027457119e+00  1.099134862850369921e-11  1.099134862850369921e-11
7.449396552027456764e+00  2.090980629829519540e-14  2.090980629829519540e-14
7.549396552027456408e+00  6.330768859787517901e-12  6.330768859787517901e-12
7.649396552027457830e+00  8.177303043023074213e-10  8.177303043023074213e-10
7.749396552027457474e+00  2.633765130955870098e-08  2.633765130955870098e-08
7.849396552027457119e+00  2.115228134054889035e-07  2.115228134054889035e-07
7.949396552027456764e+00  4.235947847484979614e-07  4.235947847484979614e-07
8.049396552027458185e+00  2.115228134054836625e-07  2.115228134054836625e-07
8.149396552027457830e+00  2.633765130955740065e-08  2.633765130955740065e-08
8.249396552027457474e+00  8.177303043059625257e-10  8.177303043059625257e-10
8.349396552027457119e+00  6.330778951407108146e-12  6.330778951407108146e-12
8.449396552027456764e+00  2.244147620434825126e-14  2.244147620434825126e-14
8.549396552027458185e+00  2.643676630278932142e-12  2.643676630278932142e-12
8.649396552027457830e+00  1.989703941123306039e-10  1.989703941123306039e-10
8.749396552027457474e+00  4.357160198145971786e-09  4.357160198145971786e-09
8.849396552027457119e+00  2.776211624394076855e-08  2.776211624394076855e-08
8.949396552027456764e+00  5.146779729876937819e-08  5.146779729876937819e-08
9.049396552027458185e+00  2.776211624394015643e-08  2.776211624394015643e-08
9.149396552027457830e+00  4.357160198145783189e-09  4.357160198145783189e-09
9.249396552027457474e+00  1.989703941212574596e-10  1.989703941212574596e-10
9.349396552027457119e+00  2.643683957962188301e-12  2.643683957962188301e-12
9.449396552027456764e+00  1.617605334904202864e-14  1.617605334904202864e-14
9.549396552027458185e+00  8.839355407175457974e-13  8.839355407175457974e-13
9.649396552027457830e+00  4.318549809573938393e-11  4.318549809573938393e-11
9.749396552027457474e+00  6.945627593561670920e-10  6.945627593561670920e-10
9.849396552027457119e+00  3.677355618838191056e-09  3.677355618838191056e-09
9.949396552027456764e+00  6.409296199248367254e-09  6.409296199248367254e-09
1.004939655202745818e+01  3.677355618838118678e-09  3.677355618838118678e-09
1.014939655202745783e+01  6.945627593561471363e-10  6.945627593561471363e-10
1.024939655202745747e+01  4.318549810653065942e-11  4.318549810653065942e-11
1.034939655202745712e+01  8.839343837062198879e-13  8.839343837062198879e-13
1.044939655202745676e+01  8.630228429530708328e-15  8.630228429530708328e-15
