-1.586956170768304197e+00  8.776309974693906875e-08  8.776309974693906875e-08
-1.486956170768303664e+00  3.044282506890104127e-07  3.044282506890104127e-07
-1.386956170768304020e+00  1.010293813907115102e-06  1.010293813907115102e-06
-1.286956170768303931e+00  3.199174137367535958e-06  3.199174137367535958e-06
-1.186956170768303842e+00  9.649991661477523366e-06  9.649991661477523366e-06
-1.086956170768304197e+00  2.769848814735506552e-05  2.769848814735506552e-05
-9.869561707683038865e-01  7.560207287904080020e-05  7.560207287904080020e-05
-8.869561707683040197e-01  1.961428298101720803e-04  1.961428298101720803e-04
-7.869561707683039309e-01  4.835599071310676326e-04  4.835599071310676326e-04
-6.869561707683038421e-01  1.132626946100028040e-03  1.132626946100028040e-03
-5.869561707683039753e-01  2.520163681536174462e-03  2.520163681536174462e-03
-4.869561707683038865e-01  5.326476287083136904e-03  5.326476287083136904e-03
-3.869561707683037977e-01  1.069292702658689205e-02  1.069292702658689205e-02
-2.869561707683039309e-01  2.038837879840095166e-02  2.038837879840095166e-02
-1.869561707683038421e-01  3.692225958165941402e-02  3.692225958165941402e-02
-8.695617076830397529e-02  6.350498606237267585e-02  6.350498606237267585e-02
1.304382923169611352e-02  1.037384119790888820e-01  1.037384119790888820e-01
1.130438292316962023e-01  1.609479103221204965e-01  1.609479103221204965e-01
2.130438292316960691e-01  2.371649880540715738e-01  2.371649880540715738e-01
3.130438292316961579e-01  3.319290745238894225e-01  3.319290745238894225e-01
4.130438292316960247e-01  4.412506620323011219e-01  4.412506620323011219e-01
5.130438292316961135e-01  5.571791228381409722e-01  5.571791228381409722e-01
6.130438292316962023e-01  6.683586228127730289e-01  6.683586228127730289e-01
7.130438292316962912e-01  7.616983782801313163e-01  7.616983782801313163e-01
8.130438292316963800e-01  8.248892080298777518e-01  8.248892080298777518e-01
9.130438292316960247e-01  8.491204640619381960e-01  8.491204640619381960e-01
1.013043829231696114e+00  8.311731494520737673e-01  8.311731494520737673e-01
1.113043829231696202e+00  7.742010778222300216e-01  7.742010778222300216e-01
1.213043829231696291e+00  6.869338370608534250e-01  6.869338370608534250e-01
1.313043829231696380e+00  5.815720039826394183e-01  5.815720039826394183e-01
1.413043829231696025e+00  4.710660636467869367e-01  4.710660636467869367e-01
1.513043829231696114e+00  3.666049139727079464e-01  3.666049139727079464e-01
1.613043829231696202e+00  2.759595574734491907e-01  2.759595574734491907e-01
1.713043829231696291e+00  2.029477467899860332e-01  2.029477467899860332e-01
1.813043829231696380e+00  1.478895504003206463e-01  1.478895504003206463e-01
1.913043829231696025e+00  1.086659195045120152e-01  1.086659195045120152e-01
2.013043829231696336e+00  8.193267686334052002e-02  8.193267686334052002e-02
2.113043829231695980e+00  6.414463851047411125e-02  6.414463851047411125e-02
2.213043829231696513e+00  5.221989709956259551e-02  5.221989709956259551e-02
2.313043829231696158e+00  4.383604464689649927e-02  4.383604464689649927e-02
2.413043829231695803e+00  3.744918183842959464e-02  3.744918183842959464e-02
2.513043829231696336e+00  3.215667871560873303e-02  3.215667871560873303e-02
2.613043829231695980e+00  2.750693335539213663e-02  2.750693335539213663e-02
2.713043829231695625e+00  2.332190367855096688e-02  2.332190367855096688e-02
2.813043829231696158e+00  1.956208998090251672e-02  1.956208998090251672e-02
2.913043829231695803e+00  1.623877727568493953e-02  1.623877727568493953e-02
3.013043829231696336e+00  1.336566697114649656e-02  1.336566697114649656e-02
3.113043829231695980e+00  1.093815944467821724e-02  1.093815944467821724e-02
3.213043829231696513e+00  8.929424744482848675e-03  8.929424744482848675e-03
3.313043829231696158e+00  7.295025775623363400e-03  7.295025775623363400e-03
3.413043829231695803e+00  5.980616167021466333e-03  5.980616167021466333e-03
3.513043829231696336e+00  4.929491694931615979e-03  4.929491694931615979e-03
3.613043829231695980e+00  4.088411020744994392e-03  4.088411020744994392e-03
3.713043829231696513e+00  3.411191090697943563e-03  3.411191090697943563e-03
3.813043829231696158e+00  2.860237639663557214e-03  2.860237639663557214e-03
3.913043829231695803e+00  2.406498626281669290e-03  2.406498626281669290e-03
4.013043829231696336e+00  2.028423306693480626e-03  2.028423306693480626e-03
4.113043829231695980e+00  1.710456701345282370e-03  1.710456701345282370e-03
4.213043829231696513e+00  1.441470394561520426e-03  1.441470394561520426e-03
4.313043829231696158e+00  1.213381252083754400e-03  1.213381252083754400e-03
4.413043829231695803e+00  1.020076121932788054e-03  1.020076121932788054e-03
4.513043829231696336e+00  8.566612896537555057e-04  8.566612896537555057e-04
4.613043829231695980e+00  7.189945619062120246e-04  7.189945619062120246e-04
4.713043829231696513e+00  6.034303688974248289e-04  6.034303688974248289e-04
4.813043829231696158e+00  5.067049257187690751e-04  5.067049257187690751e-04
4.913043829231695803e+00  4.258993931028460470e-04  4.258993931028460470e-04
5.013043829231696336e+00  3.584358659309651632e-04  3.584358659309651632e-04
5.113043829231695980e+00  3.020781549063920792e-04  3.020781549063920792e-04
5.213043829231696513e+00  2.549234872261066810e-04  2.549234872261066810e-04
5.313043829231696158e+00  2.153812110856978611e-04  2.153812110856978611e-04
5.413043829231695803e+00  1.821404505081585434e-04  1.821404505081585434e-04
5.513043829231696336e+00  1.541312323663843046e-04  1.541312323663843046e-04
5.613043829231695980e+00  1.304839433097074229e-04  1.304839433097074229e-04
5.713043829231696513e+00  1.104910532874732394e-04  1.104910532874732394e-04
5.813043829231696158e+00  9.357363193653259604e-05  9.357363193653259604e-05
5.913043829231695803e+00  7.925379328334821219e-05  7.925379328334821219e-05
6.013043829231696336e+00  6.713310681691388453e-05  6.713310681691388453e-05
6.113043829231695980e+00  5.687630298015583182e-05  5.687630298015583182e-05
6.213043829231696513e+00  4.819925580422922964e-05  4.819925580422922964e-05
6.313043829231696158e+00  4.086016167286254171e-05  4.086016167286254171e-05
6.413043829231695803e+00  3.465294992054351024e-05  3.465294992054351024e-05
6.513043829231695447e+00  2.940216595327874833e-05  2.940216595327874833e-05
6.613043829231696868e+00  2.495879105717990204e-05  2.495879105717990204e-05
6.713043829231696513e+00  2.119666106414240325e-05  2.119666106414240325e-05
6.813043829231696158e+00  1.800929753328577953e-05  1.800929753328577953e-05
6.913043829231695803e+00  1.530706605181983063e-05  1.530706605181983063e-05
7.013043829231695447e+00  1.301463312158138907e-05  1.301463312158138907e-05
7.113043829231696868e+00  1.106871717717061822e-05  1.106871717717061822e-05
7.213043829231696513e+00  9.416132603198670880e-06  9.416132603198670880e-06
7.313043829231696158e+00  8.012118457816478194e-06  8.012118457816478194e-06
7.413043829231695803e+00  6.818933409075327076e-06  6.818933409075327076e-06
7.513043829231695447e+00  5.804689659201167314e-06  5.804689659201167314e-06
7.613043829231696868e+00  4.942393427401574381e-06  4.942393427401574381e-06
7.713043829231696513e+00  4.209158210330763928e-06  4.209158210330763928e-06
7.813043829231696158e+00  3.585558857353753321e-06  3.585558857353753321e-06
7.913043829231695803e+00  3.055098383394824865e-06  3.055098383394824865e-06
8.013043829231698112e+00  2.603764282985621711e-06  2.603764282985621711e-06
8.113043829231695980e+00  2.219656011430387070e-06  2.219656011430387070e-06
8.213043829231697401e+00  1.892669674016737373e-06  1.892669674016737373e-06
8.313043829231695270e+00  1.614229517795943484e-06  1.614229517795943484e-06
8.413043829231696691e+00  1.377058490428287703e-06  1.377058490428287703e-06
8.513043829231698112e+00  1.174982006194383819e-06  1.174982006194383819e-06
8.613043829231695980e+00  1.002760305944396905e-06  1.002760305944396905e-06
8.713043829231697401e+00  8.559455989783968034e-07  8.559455989783968034e-07
8.813043829231695270e+00  7.307606947912203480e-07  7.307606947912203480e-07
8.913043829231696691e+00  6.239961976776769129e-07  6.239961976776769129e-07
9.013043829231698112e+00  5.329236319015745365e-07  5.329236319015745365e-07
9.113043829231697757e+00  4.552221370471575987e-07  4.552221370471575987e-07
9.213043829231697401e+00  3.889166421439618382e-07  3.889166421439618382e-07
9.313043829231697046e+00  3.323256953900029925e-07  3.323256953900029925e-07
9.413043829231696691e+00  2.840173870762419342e-07  2.840173870762419342e-07
9.513043829231698112e+00  2.427720473846830406e-07  2.427720473846830406e-07
9.613043829231697757e+00  2.075506202099833336e-07  2.075506202099833336e-07
9.713043829231697401e+00  1.774678043240706648e-07  1.774678043240706648e-07
9.813043829231697046e+00  1.517692128047105643e-07  1.517692128047105643e-07
9.913043829231696691e+00  1.298119322742183565e-07  1.298119322742183565e-07
1.001304382923169811e+01  1.110479686082591298e-07  1.110479686082591298e-07
1.011304382923169776e+01  9.501014971765124498e-08  9.501014971765124498e-08
1.021304382923169740e+01  8.130012318965687371e-08  8.130012318965687371e-08
1.031304382923169705e+01  6.957814094637692294e-08  6.957814094637692294e-08
1.041304382923169669e+01  5.955436784863632070e-08  5.955436784863632070e-08
