-1.574278469396522162e+00  0.000000000000000000e+00  0.000000000000000000e+00
-1.474278469396522073e+00  0.000000000000000000e+00  0.000000000000000000e+00
-1.374278469396521984e+00  0.000000000000000000e+00  0.000000000000000000e+00
-1.274278469396522340e+00  0.000000000000000000e+00  0.000000000000000000e+00
-1.174278469396522251e+00  0.000000000000000000e+00  0.000000000000000000e+00
-1.074278469396522162e+00  0.000000000000000000e+00  0.000000000000000000e+00
-9.742784693965220733e-01  2.046084256044405702e-313  2.046084256044405702e-313
-8.742784693965219844e-01  2.810057291793387847e-281  2.810057291793387847e-281
-7.742784693965221177e-01  7.068526779275471879e-251  7.068526779275471879e-251
-6.742784693965222509e-01  3.256602210188336080e-222  3.256602210188336080e-222
-5.742784693965221621e-01  2.748037097778402676e-195  2.748037097778402676e-195
-4.742784693965220733e-01  4.247198331062551557e-170  4.247198331062551557e-170
-3.742784693965219844e-01  1.202277070531876798e-146  1.202277070531876798e-146
-2.742784693965221177e-01  6.233452574479382697e-125  6.233452574479382697e-125
-1.742784693965220288e-01  5.919361004991967971e-105  5.919361004991967971e-105
-7.427846939652216207e-02  1.029539626579555430e-86  1.029539626579555430e-86
2.572153060347792675e-02  3.279694408556363051e-70  3.279694408556363051e-70
1.257215306034780156e-01  1.913576214573899952e-55  1.913576214573899952e-55
2.257215306034778823e-01  2.044938357685262476e-42  2.044938357685262476e-42
3.257215306034779712e-01  4.002549860557988120e-31  4.002549860557988120e-31
4.257215306034778379e-01  1.434879241239582648e-21  1.434879241239582648e-21
5.257215306034779267e-01  9.421412669558855275e-14  9.421412669558855275e-14
6.257215306034780156e-01  1.133023123929582624e-07  1.133023123929582624e-07
7.257215306034781044e-01  2.495649508395993664e-03  2.495649508395993664e-03
8.257215306034781932e-01  1.006816870152925647e+00  1.006816870152925647e+00
9.257215306034778379e-01  7.439426334909635230e+00  7.439426334909635230e+00
1.025721530603477927e+00  1.006816870152907661e+00  1.006816870152907661e+00
1.125721530603478016e+00  2.495649508395907362e-03  2.495649508395907362e-03
1.225721530603478104e+00  1.133023123929524258e-07  1.133023123929524258e-07
1.325721530603478193e+00  9.429376472912199506e-14  9.429376472912199506e-14
1.425721530603477838e+00  4.768258907536331784e-12  4.768258907536331784e-12
1.525721530603477927e+00  3.863760210454900914e-08  3.863760210454900914e-08
1.625721530603478016e+00  4.237127563001362988e-05  4.237127563001362988e-05
1.725721530603478104e+00  6.288454871456326985e-03  6.288454871456326985e-03
1.825721530603478193e+00  1.263069925104348401e-01  1.263069925104348401e-01
1.925721530603477838e+00  3.433380025484251696e-01  3.433380025484251696e-01
2.025721530603477927e+00  1.263069925104337299e-01  1.263069925104337299e-01
2.125721530603478016e+00  6.288454871456217697e-03  6.288454871456217697e-03
2.225721530603478104e+00  4.237127563019095792e-05  4.237127563019095792e-05
2.325721530603478193e+00  3.863863819427155579e-08  3.863863819427155579e-08
2.425721530603477838e+00  1.590477535792380868e-09  1.590477535792380868e-09
2.525721530603478371e+00  6.397207804841231475e-07  6.397207804841231475e-07
2.625721530603478016e+00  6.802961929601379870e-05  6.802961929601379870e-05
2.725721530603477660e+00  1.906980769823251112e-03  1.906980769823251112e-03
2.825721530603478193e+00  1.409078788780608604e-02  1.409078788780608604e-02
2.925721530603477838e+00  2.744510723436069041e-02  2.744510723436069041e-02
3.025721530603478371e+00  1.409078788780591604e-02  1.409078788780591604e-02
3.125721530603478016e+00  1.906980769823286024e-03  1.906980769823286024e-03
3.225721530603478548e+00  6.802961935915880388e-05  6.802961935915880388e-05
3.325721530603478193e+00  6.397627823868874729e-07  6.397627823868874729e-07
3.425721530603477838e+00  1.186325551709981889e-08  1.186325551709981889e-08
3.525721530603478371e+00  9.251562654422294542e-07  9.251562654422294542e-07
3.625721530603478016e+00  3.063693355213382047e-05  3.063693355213382047e-05
3.725721530603478548e+00  3.732342579711730806e-04  3.732342579711730806e-04
3.825721530603478193e+00  1.672719894625125962e-03  1.672719894625125962e-03
3.925721530603477838e+00  2.757848870191711901e-03  2.757848870191711901e-03
4.025721530603478371e+00  1.672719894625113385e-03  1.672719894625113385e-03
4.125721530603478016e+00  3.732342579735630416e-04  3.732342579735630416e-04
4.225721530603478548e+00  3.063693451883121182e-05  3.063693451883121182e-05
4.325721530603478193e+00  9.253304972522605377e-07  9.253304972522605377e-07
4.425721530603477838e+00  2.455326892695317692e-08  2.455326892695317692e-08
4.525721530603478371e+00  5.225082477246699642e-07  5.225082477246699642e-07
4.625721530603478016e+00  8.591772924199608488e-06  8.591772924199608488e-06
4.725721530603478548e+00  6.348509165961984183e-05  6.348509165961984183e-05
4.825721530603478193e+00  2.107779271604668552e-04  2.107779271604668552e-04
4.925721530603477838e+00  3.144437174556163721e-04  3.144437174556163721e-04
5.025721530603478371e+00  2.107779271605383854e-04  2.107779271605383854e-04
5.125721530603478016e+00  6.348509168069097223e-05  6.348509168069097223e-05
5.225721530603478548e+00  8.591775993603153634e-06  8.591775993603153634e-06
5.325721530603478193e+00  5.227049394257764748e-07  5.227049394257764748e-07
5.425721530603477838e+00  2.361372606957930397e-08  2.361372606957930397e-08
5.525721530603478371e+00  1.877340796346670180e-07  1.877340796346670180e-07
5.625721530603478016e+00  1.934155917688214390e-06  1.934155917688214390e-06
5.725721530603478548e+00  1.024036414553582975e-05  1.024036414553582975e-05
5.825721530603478193e+00  2.783619576710128648e-05  2.783619576710128648e-05
5.925721530603477838e+00  3.884854067969352670e-05  3.884854067969352670e-05
6.025721530603478371e+00  2.783619576754980398e-05  2.783619576754980398e-05
6.125721530603478016e+00  1.024036420120853388e-05  1.024036420120853388e-05
6.225721530603478548e+00  1.934159169815571661e-06  1.934159169815571661e-06
6.325721530603478193e+00  1.877319143912061460e-07  1.877319143912061460e-07
6.425721530603477838e+00  1.334878713477321968e-08  1.334878713477321968e-08
6.525721530603477483e+00  5.271780669368780350e-08  5.271780669368780350e-08
6.625721530603478904e+00  3.877742426051721320e-07  3.877742426051721320e-07
6.725721530603478548e+00  1.618065671109794637e-06  1.618065671109794637e-06
6.825721530603478193e+00  3.812839738727219386e-06  3.812839738727219386e-06
6.925721530603477838e+00  5.073792347148751589e-06  5.073792347148751589e-06
7.025721530603477483e+00  3.812839739762108148e-06  3.812839739762108148e-06
7.125721530603478904e+00  1.618065727676519597e-06  1.618065727676519597e-06
7.225721530603478548e+00  3.877744128246853603e-07  3.877744128246853603e-07
7.325721530603478193e+00  5.256429258861646351e-08  5.256429258861646351e-08
7.425721530603477838e+00  5.343216542171507900e-09  5.343216542171507900e-09
7.525721530603477483e+00  1.281487298981024508e-08  1.281487298981024508e-08
7.625721530603478904e+00  7.275258439454536879e-08  7.275258439454536879e-08
7.725721530603478548e+00  2.539168028770421397e-07  2.539168028770421397e-07
7.825721530603478193e+00  5.375417534274144009e-07  5.375417534274144009e-07
7.925721530603477838e+00  6.902172733754996086e-07  6.902172733754996086e-07
8.025721530603480147e+00  5.375417544511350329e-07  5.375417544511350329e-07
8.125721530603478016e+00  2.539168093049356778e-07  2.539168093049356778e-07
8.225721530603479437e+00  7.275017335661021976e-08  7.275017335661021976e-08
8.325721530603477305e+00  1.267426550178508236e-08  1.267426550178508236e-08
8.425721530603478726e+00  1.706911838389065736e-09  1.706911838389065736e-09
8.525721530603480147e+00  2.852226273144367777e-09  2.852226273144367777e-09
8.625721530603478016e+00  1.311278931444911354e-08  1.311278931444911354e-08
8.725721530603479437e+00  3.982318153467347429e-08  3.982318153467347429e-08
8.825721530603477305e+00  7.756481611881010962e-08  7.756481611881010962e-08
8.925721530603478726e+00  9.686673153839602522e-08  9.686673153839602522e-08
9.025721530603480147e+00  7.756481629422948156e-08  7.756481629422948156e-08
9.125721530603478016e+00  3.982314232755444765e-08  3.982314232755444765e-08
9.225721530603479437e+00  1.311025916622951886e-08  1.311025916622951886e-08
9.325721530603477305e+00  2.777449081061575676e-09  2.777449081061575676e-09
9.425721530603478726e+00  4.683607258274152706e-10  4.683607258274152706e-10
9.525721530603480147e+00  6.004462216146544301e-10  6.004462216146544301e-10
9.625721530603478016e+00  2.304963058667581040e-09  2.304963058667581040e-09
9.725721530603479437e+00  6.260689133579548279e-09  6.260689133579548279e-09
9.825721530603477305e+00  1.140760332765583707e-08  1.140760332765583707e-08
9.925721530603478726e+00  1.393327641338800443e-08  1.393327641338800443e-08
1.002572153060348015e+01  1.140760267352503006e-08  1.140760267352503006e-08
1.012572153060347802e+01  6.260642707109117784e-09  6.260642707109117784e-09
1.022572153060347944e+01  2.303431417105277201e-09  2.303431417105277201e-09
1.032572153060347731e+01  5.708882546034536080e-10  5.708882546034536080e-10
1.042572153060347873e+01  1.155848228127237651e-10  1.155848228127237651e-10
