-1.552631578246379540e+00  2.810384759708382389e-69  2.810384759708382389e-69
-1.452631578246379451e+00  4.236912393980656234e-64  4.236912393980656234e-64
-1.352631578246379362e+00  6.694992962840911462e-59  6.694992962840911462e-59
-1.252631578246379718e+00  6.471501640535831010e-54  6.471501640535831010e-54
-1.152631578246379629e+00  3.757843645047997528e-49  3.757843645047997528e-49
-1.052631578246379540e+00  1.310098316927916653e-44  1.310098316927916653e-44
-9.526315782463794513e-01  2.742147347252097167e-40  2.742147347252097167e-40
-8.526315782463793624e-01  3.445870120441734401e-36  3.445870120441734401e-36
-7.526315782463794957e-01  2.599729765305043332e-32  2.599729765305043332e-32
-6.526315782463796289e-01  1.177548197405002505e-28  1.177548197405002505e-28
-5.526315782463795401e-01  3.202214060144389020e-25  3.202214060144389020e-25
-4.526315782463794513e-01  5.228091873901308370e-22  5.228091873901308370e-22
-3.526315782463793624e-01  5.124567811969504797e-19  5.124567811969504797e-19
-2.526315782463794957e-01  3.015730029947504750e-16  3.015730029947504750e-16
-1.526315782463794068e-01  1.065488727878382376e-13  1.065488727878382376e-13
-5.263157824637954008e-02  2.260093681622174468e-11  2.260093681622174468e-11
4.736842175362054874e-02  2.878228077664441090e-09  2.878228077664441090e-09
1.473684217536206376e-01  2.200620490824701134e-07  2.200620490824701134e-07
2.473684217536205043e-01  1.010150963139958321e-05  1.010150963139958321e-05
3.473684217536205932e-01  2.783867716612697008e-04  2.783867716612697008e-04
4.473684217536204599e-01  4.606086503106418192e-03  4.606086503106418192e-03
5.473684217536205487e-01  4.575481120379346761e-02  4.575481120379346761e-02
6.473684217536206376e-01  2.728742960048318733e-01  2.728742960048318733e-01
7.473684217536207264e-01  9.770339882975389578e-01  9.770339882975389578e-01
8.473684217536208152e-01  2.100283406200345482e+00  2.100283406200345482e+00
9.473684217536204599e-01  2.710611947482911788e+00  2.710611947482911788e+00
1.047368421753620549e+00  2.100286358674339660e+00  2.100286358674339660e+00
1.147368421753620638e+00  9.770599617950496141e-01  9.770599617950496141e-01
1.247368421753620726e+00  2.730502774901932828e-01  2.730502774901932828e-01
1.347368421753620815e+00  4.667865433264141439e-02  4.667865433264141439e-02
1.447368421753620460e+00  8.363941199261608686e-03  8.363941199261608686e-03
1.547368421753620549e+00  1.212222128194473045e-02  1.212222128194473045e-02
1.647368421753620638e+00  2.893389787671253946e-02  2.893389787671253946e-02
1.747368421753620726e+00  5.473066437153490532e-02  5.473066437153490532e-02
1.847368421753620815e+00  8.024424161104661002e-02  8.024424161104661002e-02
1.947368421753620460e+00  9.116176360210530294e-02  9.116176360210530294e-02
2.047368421753620549e+00  8.024947562536861867e-02  8.024947562536861867e-02
2.147368421753620638e+00  5.475341205996948901e-02  5.475341205996948901e-02
2.247368421753620726e+00  2.900612143541195925e-02  2.900612143541195925e-02
2.347368421753620815e+00  1.209251122071278162e-02  1.209251122071278162e-02
2.447368421753620460e+00  4.391525305841251052e-03  4.391525305841251052e-03
2.547368421753620993e+00  2.286015646278550389e-03  2.286015646278550389e-03
2.647368421753620638e+00  2.646236017227459204e-03  2.646236017227459204e-03
2.747368421753620282e+00  3.805122248310584959e-03  3.805122248310584959e-03
2.847368421753620815e+00  4.880434990219599360e-03  4.880434990219599360e-03
2.947368421753620460e+00  5.311094877817982944e-03  5.311094877817982944e-03
3.047368421753620993e+00  4.879529038090611032e-03  4.879529038090611032e-03
3.147368421753620638e+00  3.785672406480809857e-03  3.785672406480809857e-03
3.247368421753621170e+00  2.487330911225868468e-03  2.487330911225868468e-03
3.347368421753620815e+00  1.401315319426942995e-03  1.401315319426942995e-03
3.447368421753620460e+00  7.126181867937768843e-04  7.126181867937768843e-04
3.547368421753620993e+00  3.888352767802934814e-04  3.888352767802934814e-04
3.647368421753620638e+00  3.013599493378135599e-04  3.013599493378135599e-04
3.747368421753621170e+00  3.243025581377364402e-04  3.243025581377364402e-04
3.847368421753620815e+00  3.703013222293984009e-04  3.703013222293984009e-04
3.947368421753620460e+00  3.901142013175241735e-04  3.901142013175241735e-04
4.047368421753620993e+00  3.655153215283775577e-04  3.655153215283775577e-04
4.147368421753620638e+00  3.025476534260097676e-04  3.025476534260097676e-04
4.247368421753621170e+00  2.216810363468220847e-04  2.216810363468220847e-04
4.347368421753620815e+00  1.453049476312714570e-04  1.453049476312714570e-04
4.447368421753620460e+00  8.797076196121055730e-05  8.797076196121055730e-05
4.547368421753620993e+00  5.342645599329134368e-05  5.342645599329134368e-05
4.647368421753620638e+00  3.749847620835936588e-05  3.749847620835936588e-05
4.747368421753621170e+00  3.291329722414415625e-05  3.291329722414415625e-05
4.847368421753620815e+00  3.293703985728384156e-05  3.293703985728384156e-05
4.947368421753620460e+00  3.300958250080304008e-05  3.300958250080304008e-05
5.047368421753620993e+00  3.096646239508015299e-05  3.096646239508015299e-05
5.147368421753620638e+00  2.657466516000332344e-05  2.657466516000332344e-05
5.247368421753621170e+00  2.078208275726074942e-05  2.078208275726074942e-05
5.347368421753620815e+00  1.491248962598285373e-05  1.491248962598285373e-05
5.447368421753620460e+00  1.002816729824185049e-05  1.002816729824185049e-05
5.547368421753620993e+00  6.621184188331805727e-06  6.621184188331805727e-06
5.647368421753620638e+00  4.636388196180589272e-06  4.636388196180589272e-06
5.747368421753621170e+00  3.688883575823593196e-06  3.688883575823593196e-06
5.847368421753620815e+00  3.309163149425969542e-06  3.309163149425969542e-06
5.947368421753620460e+00  3.112457174430746884e-06  3.112457174430746884e-06
6.047368421753620993e+00  2.869367702623447959e-06  2.869367702623447959e-06
6.147368421753620638e+00  2.501456396409979944e-06  2.501456396409979944e-06
6.247368421753621170e+00  2.036081122550376809e-06  2.036081122550376809e-06
6.347368421753620815e+00  1.549194016704441754e-06  1.549194016704441754e-06
6.447368421753620460e+00  1.116440387647341632e-06  1.116440387647341632e-06
6.547368421753620105e+00  7.840796381985778493e-07  7.840796381985778493e-07
6.647368421753621526e+00  5.617252986019179489e-07  5.617252986019179489e-07
6.747368421753621170e+00  4.309547416268334152e-07  4.309547416268334152e-07
6.847368421753620815e+00  3.604031791473182090e-07  3.604031791473182090e-07
6.947368421753620460e+00  3.193770127473576096e-07  3.193770127473576096e-07
7.047368421753620105e+00  2.859536670551078086e-07  2.859536670551078086e-07
7.147368421753621526e+00  2.492207163377206197e-07  2.492207163377206197e-07
7.247368421753621170e+00  2.073744277292997898e-07  2.073744277292997898e-07
7.347368421753620815e+00  1.639245428903633809e-07  1.639245428903633809e-07
7.447368421753620460e+00  1.238829709797915663e-07  1.238829709797915663e-07
7.547368421753620105e+00  9.108851544894820459e-08  9.108851544894820459e-08
7.647368421753621526e+00  6.705012806146868729e-08  6.705012806146868729e-08
7.747368421753621170e+00  5.107685437586777452e-08  5.107685437586777452e-08
7.847368421753620815e+00  4.113405757796552457e-08  4.113405757796552457e-08
7.947368421753620460e+00  3.484324977782545824e-08  3.484324977782545824e-08
8.047368421753620993e+00  3.022964742527993337e-08  3.022964742527993337e-08
8.147368421753622414e+00  2.606928695501097878e-08  2.606928695501097878e-08
8.247368421753620282e+00  2.188125916844115953e-08  2.188125916844115953e-08
8.347368421753621703e+00  1.770640207732816459e-08  1.770640207732816459e-08
8.447368421753619572e+00  1.382392715753723435e-08  1.382392715753723435e-08
8.547368421753620993e+00  1.051673786113229673e-08  1.051673786113229673e-08
8.647368421753622414e+00  7.938106110078316057e-09  7.938106110078316057e-09
8.747368421753620282e+00  6.080570685808329037e-09  6.080570685808329037e-09
8.847368421753621703e+00  4.815400645006194773e-09  4.815400645006194773e-09
8.947368421753619572e+00  3.960810446855245255e-09  3.960810446855245255e-09
9.047368421753620993e+00  3.344429625182959203e-09  3.344429625182959203e-09
9.147368421753622414e+00  2.841292833147172226e-09  2.841292833147172226e-09
9.247368421753620282e+00  2.384216204258080009e-09  2.384216204258080009e-09
9.347368421753621703e+00  1.953709960393667760e-09  1.953709960393667760e-09
9.447368421753619572e+00  1.558356118452009722e-09  1.558356118452009722e-09
9.547368421753620993e+00  1.215336878871738488e-09  1.215336878871738488e-09
9.647368421753622414e+00  9.369871704433993056e-10  9.369871704433993056e-10
9.747368421753620282e+00  7.250801712883039995e-10  7.250801712883039995e-10
9.847368421753621703e+00  5.714665204509580866e-10  5.714665204509580866e-10
9.947368421753619572e+00  4.622277250769679296e-10  4.622277250769679296e-10
1.004736842175362099e+01  3.825137479032560813e-10  3.825137479032560813e-10
1.014736842175362241e+01  3.201480095033045660e-10  3.201480095033045660e-10
1.024736842175362028e+01  2.672536294263577638e-10  2.672536294263577638e-10
1.034736842175362170e+01  2.201005793729556785e-10  2.201005793729556785e-10
1.044736842175361957e+01  1.778768872065213597e-10  1.778768872065213597e-10
