-1.575268800934418678e+00  3.441007988826849142e-53  3.441007988826849142e-53
-1.475268800934418589e+00  3.323645615882366071e-49  3.323645615882366071e-49
-1.375268800934418501e+00  3.132692543927399291e-45  3.132692543927399291e-45
-1.275268800934418856e+00  2.051510437504001929e-41  2.051510437504001929e-41
-1.175268800934418767e+00  9.107375271588841572e-38  9.107375271588841572e-38
-1.075268800934418678e+00  2.736114206395138783e-34  2.736114206395138783e-34
-9.752688009344185893e-01  5.562061025168517533e-31  5.562061025168517533e-31
-8.752688009344185005e-01  7.650535253123375422e-28  7.650535253123375422e-28
-7.752688009344186337e-01  7.120356351883356628e-25  7.120356351883356628e-25
-6.752688009344187670e-01  4.483997651800791383e-22  4.483997651800791383e-22
-5.752688009344186781e-01  1.910657071091849263e-19  1.910657071091849263e-19
-4.752688009344185893e-01  5.508759778004419768e-17  5.508759778004419768e-17
-3.752688009344185005e-01  1.074678699615602062e-14  1.074678699615602062e-14
-2.752688009344186337e-01  1.418590888235199203e-12  1.418590888235199203e-12
-1.752688009344185449e-01  1.267037325498982411e-10  1.267037325498982411e-10
-7.526880093441867814e-02  7.657294842374762111e-09  7.657294842374762111e-09
2.473119906558141068e-02  3.131230573217020669e-07  3.131230573217020669e-07
1.247311990655814995e-01  8.663800548645357618e-06  8.663800548645357618e-06
2.247311990655813663e-01  1.622017594241947273e-04  1.622017594241947273e-04
3.247311990655814551e-01  2.054737721270881185e-03  2.054737721270881185e-03
4.247311990655813219e-01  1.761209199438633008e-02  1.761209199438633008e-02
5.247311990655814107e-01  1.021454946076415793e-01  1.021454946076415793e-01
6.247311990655814995e-01  4.008493727645618954e-01  4.008493727645618954e-01
7.247311990655815883e-01  1.064380573988150669e+00  1.064380573988150669e+00
8.247311990655816771e-01  1.912346160902148373e+00  1.912346160902148373e+00
9.247311990655813219e-01  2.324826887307148482e+00  2.324826887307148482e+00
1.024731199065581411e+00  1.912384745097796879e+00  1.912384745097796879e+00
1.124731199065581499e+00  1.064587614640639224e+00  1.064587614640639224e+00
1.224731199065581588e+00  4.017455655355348099e-01  4.017455655355348099e-01
1.324731199065581677e+00  1.053352351344422067e-01  1.053352351344422067e-01
1.424731199065581322e+00  2.695071422256699323e-02  2.695071422256699323e-02
1.524731199065581411e+00  2.454462328382185643e-02  2.454462328382185643e-02
1.624731199065581499e+00  4.471440192561706301e-02  4.471440192561706301e-02
1.724731199065581588e+00  7.260755162665258333e-02  7.260755162665258333e-02
1.824731199065581677e+00  9.731420452420913580e-02  9.731420452420913580e-02
1.924731199065581322e+00  1.073058942276753774e-01  1.073058942276753774e-01
2.024731199065581411e+00  9.735460309920394850e-02  9.735460309920394850e-02
2.124731199065581499e+00  7.273113078074461280e-02  7.273113078074461280e-02
2.224731199065581588e+00  4.490513565940170565e-02  4.490513565940170565e-02
2.324731199065581677e+00  2.331293506902624296e-02  2.331293506902624296e-02
2.424731199065581322e+00  1.102307273209724228e-02  1.102307273209724228e-02
2.524731199065581855e+00  6.216190509488510318e-03  6.216190509488510318e-03
2.624731199065581499e+00  5.670019297305234351e-03  5.670019297305234351e-03
2.724731199065581144e+00  6.818129278170536114e-03  6.818129278170536114e-03
2.824731199065581677e+00  8.077729865368653978e-03  8.077729865368653978e-03
2.924731199065581322e+00  8.589282603884961301e-03  8.589282603884961301e-03
3.024731199065581855e+00  8.053314281700314770e-03  8.053314281700314770e-03
3.124731199065581499e+00  6.648193307771378853e-03  6.648193307771378853e-03
3.224731199065582032e+00  4.852368769221597142e-03  4.852368769221597142e-03
3.324731199065581677e+00  3.174992553965893735e-03  3.174992553965893735e-03
3.424731199065581322e+00  1.938713333602339875e-03  1.938713333602339875e-03
3.524731199065581855e+00  1.217690921395658344e-03  1.217690921395658344e-03
3.624731199065581499e+00  9.085632886851949253e-04  9.085632886851949253e-04
3.724731199065582032e+00  8.422448726209946909e-04  8.422448726209946909e-04
3.824731199065581677e+00  8.655907980777695181e-04  8.655907980777695181e-04
3.924731199065581322e+00  8.765652215481244038e-04  8.765652215481244038e-04
4.024731199065581855e+00  8.281610329055893874e-04  8.281610329055893874e-04
4.124731199065581499e+00  7.177139311086351038e-04  7.177139311086351038e-04
4.224731199065582032e+00  5.699878947097650325e-04  5.699878947097650325e-04
4.324731199065581677e+00  4.186816042384619032e-04  4.186816042384619032e-04
4.424731199065581322e+00  2.912768863683956534e-04  2.912768863683956534e-04
4.524731199065581855e+00  2.012155623819363254e-04  2.012155623819363254e-04
4.624731199065581499e+00  1.479524053764489570e-04  1.479524053764489570e-04
4.724731199065582032e+00  1.220272486698019832e-04  1.220272486698019832e-04
4.824731199065581677e+00  1.112458179937946169e-04  1.112458179937946169e-04
4.924731199065581322e+00  1.052608936226738973e-04  1.052608936226738973e-04
5.024731199065581855e+00  9.771013394291102748e-05  9.771013394291102748e-05
5.124731199065581499e+00  8.632288463071265475e-05  8.632288463071265475e-05
5.224731199065582032e+00  7.182555604947280772e-05  7.182555604947280772e-05
5.324731199065581677e+00  5.641897958013020143e-05  5.641897958013020143e-05
5.424731199065581322e+00  4.240416023559845371e-05  4.240416023559845371e-05
5.524731199065581855e+00  3.130201110018174737e-05  3.130201110018174737e-05
5.624731199065581499e+00  2.356388804009406434e-05  2.356388804009406434e-05
5.724731199065582032e+00  1.875262302030286838e-05  1.875262302030286838e-05
5.824731199065581677e+00  1.595756884271592554e-05  1.595756884271592554e-05
5.924731199065581322e+00  1.421420539670369537e-05  1.421420539670369537e-05
6.024731199065581855e+00  1.278713098728815108e-05  1.278713098728815108e-05
6.124731199065581499e+00  1.127834191075044394e-05  1.127834191075044394e-05
6.224731199065582032e+00  9.594806570574086670e-06  9.594806570574086670e-06
6.324731199065581677e+00  7.839167322717878307e-06  7.839167322717878307e-06
6.424731199065581322e+00  6.185320880665824042e-06  6.185320880665824042e-06
6.524731199065580967e+00  4.781726743321630713e-06  4.781726743321630713e-06
6.624731199065582388e+00  3.701386023004531261e-06  3.701386023004531261e-06
6.724731199065582032e+00  2.936471074174530359e-06  2.936471074174530359e-06
6.824731199065581677e+00  2.422435870309669083e-06  2.422435870309669083e-06
6.924731199065581322e+00  2.072635010547744880e-06  2.072635010547744880e-06
7.024731199065580967e+00  1.808188414678016428e-06  1.808188414678016428e-06
7.124731199065582388e+00  1.575164056350915401e-06  1.575164056350915401e-06
7.224731199065582032e+00  1.348271866554359435e-06  1.348271866554359435e-06
7.324731199065581677e+00  1.124870399425472595e-06  1.124870399425472595e-06
7.424731199065581322e+00  9.146914820792154967e-07  9.146914820792154967e-07
7.524731199065580967e+00  7.299903671172613306e-07  7.299903671172613306e-07
7.624731199065582388e+00  5.789515260326521766e-07  5.789515260326521766e-07
7.724731199065582032e+00  4.631366593162968267e-07  4.631366593162968267e-07
7.824731199065581677e+00  3.782246541346421364e-07  3.782246541346421364e-07
7.924731199065581322e+00  3.165469464265623494e-07  3.165469464265623494e-07
8.024731199065582743e+00  2.699152831913168034e-07  2.699152831913168034e-07
8.124731199065582388e+00  2.317091556232364998e-07  2.317091556232364998e-07
8.224731199065582032e+00  1.978136970762477219e-07  1.978136970762477219e-07
8.324731199065581677e+00  1.665190644404890329e-07  1.665190644404890329e-07
8.424731199065581322e+00  1.377817653792000312e-07  1.377817653792000312e-07
8.524731199065582743e+00  1.123025821677679535e-07  1.123025821677679535e-07
8.624731199065582388e+00  9.076674404454730817e-08  9.076674404454730817e-08
8.724731199065582032e+00  7.341525482573173046e-08  7.341525482573173046e-08
8.824731199065581677e+00  5.995191712473474326e-08  5.995191712473474326e-08
8.924731199065581322e+00  4.968503695938410158e-08  4.968503695938410158e-08
9.024731199065582743e+00  4.176736569859057538e-08  4.176736569859057538e-08
9.124731199065582388e+00  3.541805167670140407e-08  3.541805167670140407e-08
9.224731199065582032e+00  3.005959448201998261e-08  3.005959448201998261e-08
9.324731199065581677e+00  2.535490013299706246e-08  2.535490013299706246e-08
9.424731199065581322e+00  2.116702591383920169e-08  2.116702591383920169e-08
9.524731199065582743e+00  1.748065443144459453e-08  1.748065443144459453e-08
9.624731199065582388e+00  1.432236010756458468e-08  1.432236010756458468e-08
9.724731199065582032e+00  1.170377699252521234e-08  1.170377699252521234e-08
9.824731199065581677e+00  9.595970514920975943e-09  9.595970514920975943e-09
9.924731199065581322e+00  7.930666311113376188e-09  7.930666311113376188e-09
1.002473119906558274e+01  6.617305941473223437e-09  6.617305941473223437e-09
1.012473119906558239e+01  5.564098301972485090e-09  5.564098301972485090e-09
1.022473119906558203e+01  4.694423048382342173e-09  4.694423048382342173e-09
1.032473119906558168e+01  3.954663495126318780e-09  3.954663495126318780e-09
1.042473119906558132e+01  3.313758688586406750e-09  3.313758688586406750e-09
