-1.563829782255114154e+00  6.162108138675742455e-38  6.162108138675742455e-38
-1.463829782255113621e+00  4.589249293149953626e-35  4.589249293149953626e-35
-1.363829782255113976e+00  3.005595722271626032e-32  3.005595722271626032e-32
-1.263829782255113887e+00  1.524361484533062498e-29  1.524361484533062498e-29
-1.163829782255113798e+00  5.879230402771880336e-27  5.879230402771880336e-27
-1.063829782255114154e+00  1.719807075758225638e-24  1.719807075758225638e-24
-9.638297822551138427e-01  3.813987587065970653e-22  3.813987587065970653e-22
-8.638297822551139760e-01  6.411873580811550280e-20  6.411873580811550280e-20
-7.638297822551138871e-01  8.171272626600988853e-18  8.171272626600988853e-18
-6.638297822551137983e-01  7.893904792526418623e-16  7.893904792526418623e-16
-5.638297822551139316e-01  5.780841673960501391e-14  5.780841673960501391e-14
-4.638297822551138427e-01  3.209128811320996814e-12  3.209128811320996814e-12
-3.638297822551137539e-01  1.350454847060385309e-10  1.350454847060385309e-10
-2.638297822551138871e-01  4.307941688253089047e-09  4.307941688253089047e-09
-1.638297822551137983e-01  1.041732920152542193e-07  1.041732920152542193e-07
-6.382978225511393156e-02  1.909588469217868620e-06  1.909588469217868620e-06
3.617021774488615726e-02  2.653505549950537447e-05  2.653505549950537447e-05
1.361702177448862461e-01  2.795097999753245869e-04  2.795097999753245869e-04
2.361702177448861129e-01  2.231880320988863849e-03  2.231880320988863849e-03
3.361702177448862017e-01  1.350957218547465567e-02  1.350957218547465567e-02
4.361702177448860684e-01  6.198821537683638777e-02  6.198821537683638777e-02
5.361702177448861573e-01  2.156123107639996428e-01  2.156123107639996428e-01
6.361702177448862461e-01  5.685059077649468051e-01  5.685059077649468051e-01
7.361702177448863349e-01  1.136302191457512212e+00  1.136302191457512212e+00
8.361702177448864237e-01  1.721677405948452533e+00  1.721677405948452533e+00
9.361702177448860684e-01  1.977497066622670330e+00  1.977497066622670330e+00
1.036170217744886157e+00  1.721948698018998636e+00  1.721948698018998636e+00
1.136170217744886246e+00  1.137237853384507336e+00  1.137237853384507336e+00
1.236170217744886335e+00  5.711596455692851126e-01  5.711596455692851126e-01
1.336170217744886424e+00  2.221427852672613334e-01  2.221427852672613334e-01
1.436170217744886068e+00  7.597723601516287451e-02  7.597723601516287451e-02
1.536170217744886157e+00  3.959964716080307395e-02  3.959964716080307395e-02
1.636170217744886246e+00  4.459794581391919588e-02  4.459794581391919588e-02
1.736170217744886335e+00  6.017934044888058331e-02  6.017934044888058331e-02
1.836170217744886424e+00  7.376979251305065821e-02  7.376979251305065821e-02
1.936170217744886068e+00  7.906510423465964998e-02  7.906510423465964998e-02
2.036170217744886379e+00  7.385279997286572917e-02  7.385279997286572917e-02
2.136170217744886024e+00  6.017758104868795727e-02  6.017758104868795727e-02
2.236170217744886557e+00  4.293315148850566920e-02  4.293315148850566920e-02
2.336170217744886202e+00  2.712702369647770895e-02  2.712702369647770895e-02
2.436170217744885846e+00  1.571312622196378503e-02  1.571312622196378503e-02
2.536170217744886379e+00  9.143281924595294055e-03  9.143281924595294055e-03
2.636170217744886024e+00  6.264541176422867841e-03  6.264541176422867841e-03
2.736170217744885669e+00  5.488441245611653564e-03  5.488441245611653564e-03
2.836170217744886202e+00  5.517781835646885270e-03  5.517781835646885270e-03
2.936170217744885846e+00  5.560404658216117589e-03  5.560404658216117589e-03
3.036170217744886379e+00  5.268075793108251484e-03  5.268075793108251484e-03
3.136170217744886024e+00  4.601404302175217918e-03  4.601404302175217918e-03
3.236170217744886557e+00  3.696649253854366983e-03  3.696649253854366983e-03
3.336170217744886202e+00  2.749108243743859405e-03  2.749108243743859405e-03
3.436170217744885846e+00  1.924326585467340048e-03  1.924326585467340048e-03
3.536170217744886379e+00  1.311075481080888321e-03  1.311075481080888321e-03
3.636170217744886024e+00  9.180535422781824825e-04  9.180535422781824825e-04
3.736170217744886557e+00  6.998562800899579567e-04  6.998562800899579567e-04
3.836170217744886202e+00  5.910734511917747078e-04  5.910734511917747078e-04
3.936170217744885846e+00  5.326722855787188607e-04  5.326722855787188607e-04
4.036170217744886379e+00  4.849733666929964223e-04  4.849733666929964223e-04
4.136170217744886024e+00  4.292249999109724575e-04  4.292249999109724575e-04
4.236170217744886557e+00  3.626441252896223924e-04  3.626441252896223924e-04
4.336170217744886202e+00  2.913235763622283592e-04  2.913235763622283592e-04
4.436170217744885846e+00  2.238458283434741850e-04  2.238458283434741850e-04
4.536170217744886379e+00  1.669971618343277589e-04  1.669971618343277589e-04
4.636170217744886024e+00  1.238936011130944688e-04  1.238936011130944688e-04
4.736170217744886557e+00  9.408042176931505070e-05  9.408042176931505070e-05
4.836170217744886202e+00  7.477106314334350614e-05  7.477106314334350614e-05
4.936170217744885846e+00  6.236688281752311041e-05  6.236688281752311041e-05
5.036170217744886379e+00  5.365400937489111366e-05  5.365400937489111366e-05
5.136170217744886024e+00  4.642766921303922631e-05  4.642766921303922631e-05
5.236170217744886557e+00  3.958427589046914041e-05  3.958427589046914041e-05
5.336170217744886202e+00  3.287233358697310787e-05  3.287233358697310787e-05
5.436170217744885846e+00  2.651602034156842760e-05  2.651602034156842760e-05
5.536170217744886379e+00  2.087233501478498969e-05  2.087233501478498969e-05
5.636170217744886024e+00  1.620549497195053674e-05  1.620549497195053674e-05
5.736170217744886557e+00  1.259401920191628861e-05  1.259401920191628861e-05
5.836170217744886202e+00  9.941477151946025094e-06  9.941477151946025094e-06
5.936170217744885846e+00  8.043566527085828759e-06  8.043566527085828759e-06
6.036170217744886379e+00  6.666860421210860344e-06  6.666860421210860344e-06
6.136170217744886024e+00  5.609398599807605816e-06  5.609398599807605816e-06
6.236170217744886557e+00  4.731166052857470728e-06  4.731166052857470728e-06
6.336170217744886202e+00  3.956745191528825416e-06  3.956745191528825416e-06
6.436170217744885846e+00  3.260102265482820625e-06  3.260102265482820625e-06
6.536170217744885491e+00  2.642903497937304228e-06  2.642903497937304228e-06
6.636170217744886912e+00  2.115116939588214424e-06  2.115116939588214424e-06
6.736170217744886557e+00  1.682455516551892978e-06  1.682455516551892978e-06
6.836170217744886202e+00  1.341370499994250460e-06  1.341370499994250460e-06
6.936170217744885846e+00  1.079809875491191179e-06  1.079809875491191179e-06
7.036170217744885491e+00  8.809973451744964286e-07  8.809973451744964286e-07
7.136170217744886912e+00  7.277267241561385530e-07  7.277267241561385530e-07
7.236170217744886557e+00  6.055517842468019807e-07  6.055517842468019807e-07
7.336170217744886202e+00  5.042610974712649907e-07  5.042610974712649907e-07
7.436170217744885846e+00  4.178093466007064658e-07  4.178093466007064658e-07
7.536170217744885491e+00  3.432875115918291957e-07  3.432875115918291957e-07
7.636170217744886912e+00  2.795805141141629198e-07  2.795805141141629198e-07
7.736170217744886557e+00  2.262024126242487917e-07  2.262024126242487917e-07
7.836170217744886202e+00  1.825554505148629158e-07  1.825554505148629158e-07
7.936170217744885846e+00  1.476385055306181985e-07  1.476385055306181985e-07
8.036170217744887267e+00  1.200900210836280480e-07  1.200900210836280480e-07
8.136170217744886912e+00  9.840021501207735977e-08  9.840021501207735977e-08
8.236170217744886557e+00  8.114615637880429194e-08  8.114615637880429194e-08
8.336170217744886202e+00  6.715791312712930923e-08  6.715791312712930923e-08
8.436170217744885846e+00  5.558376399380042772e-08  5.558376399380042772e-08
8.536170217744887267e+00  4.586749915636132249e-08  4.586749915636132249e-08
8.636170217744886912e+00  3.767355646551807914e-08  3.767355646551807914e-08
8.736170217744886557e+00  3.079831662508269754e-08  3.079831662508269754e-08
8.836170217744886202e+00  2.509565952313962739e-08  2.509565952313962739e-08
8.936170217744885846e+00  2.043011291456837068e-08  2.043011291456837068e-08
9.036170217744887267e+00  1.665790727911682743e-08  1.665790727911682743e-08
9.136170217744886912e+00  1.362822944641162187e-08  1.362822944641162187e-08
9.236170217744886557e+00  1.119437835528711499e-08  1.119437835528711499e-08
9.336170217744886202e+00  9.225993930874652752e-09  9.225993930874652752e-09
9.436170217744885846e+00  7.617007114885922710e-09  7.617007114885922710e-09
9.536170217744887267e+00  6.287609473840784749e-09  6.287609473840784749e-09
9.636170217744886912e+00  5.181206654003027981e-09  5.181206654003027981e-09
9.736170217744886557e+00  4.258599079570119399e-09  4.258599079570119399e-09
9.836170217744886202e+00  3.491699330101636883e-09  3.491699330101636883e-09
9.936170217744885846e+00  2.858416858908930793e-09  2.858416858908930793e-09
1.003617021774488727e+01  2.339422171575172456e-09  2.339422171575172456e-09
1.013617021774488691e+01  1.916719705598950112e-09  1.916719705598950112e-09
1.023617021774488656e+01  1.573496033849902978e-09  1.573496033849902978e-09
1.033617021774488620e+01  1.294581930953188970e-09  1.294581930953188970e-09
1.043617021774488585e+01  1.066980794088778556e-09  1.066980794088778556e-09
