-1.649410612074360571e+00  1.764418779856612080e-06  1.764418779856612080e-06
-1.549410612074360483e+00  4.768544828773784655e-06  4.768544828773784655e-06
-1.449410612074360394e+00  1.245678133662124610e-05  1.245678133662124610e-05
-1.349410612074360749e+00  3.137873303738615240e-05  3.137873303738615240e-05
-1.249410612074360660e+00  7.609834039663029154e-05  7.609834039663029154e-05
-1.149410612074360571e+00  1.774798306360140989e-04  1.774798306360140989e-04
-1.049410612074360483e+00  3.977695868098959421e-04  3.977695868098959421e-04
-9.494106120743603938e-01  8.562476321019672071e-04  8.562476321019672071e-04
-8.494106120743605270e-01  1.769692456224978595e-03  1.769692456224978595e-03
-7.494106120743606603e-01  3.510905345783943941e-03  3.510905345783943941e-03
-6.494106120743605715e-01  6.684792905997651198e-03  6.684792905997651198e-03
-5.494106120743604826e-01  1.221381882752638551e-02  1.221381882752638551e-02
-4.494106120743603938e-01  2.141277122219675463e-02  2.141277122219675463e-02
-3.494106120743605270e-01  3.601862155726542197e-02  3.601862155726542197e-02
-2.494106120743604382e-01  5.812967734913098566e-02  5.812967734913098566e-02
-1.494106120743605715e-01  9.000699717749147122e-02  9.000699717749147122e-02
-4.941061207436048264e-02  1.337085708206025569e-01  1.337085708206025569e-01
5.058938792563960618e-02  1.905679038393497671e-01  1.905679038393497671e-01
1.505893879256394730e-01  2.605894804666766817e-01  2.605894804666766817e-01
2.505893879256395618e-01  3.418981974299046267e-01  3.418981974299046267e-01
3.505893879256394285e-01  4.304221665805461616e-01  4.304221665805461616e-01
4.505893879256395174e-01  5.199805837058645297e-01  5.199805837058645297e-01
5.505893879256396062e-01  6.028748128929255490e-01  6.028748128929255490e-01
6.505893879256396950e-01  6.709498473115177442e-01  6.709498473115177442e-01
7.505893879256397838e-01  7.169412743598214677e-01  7.169412743598214677e-01
8.505893879256394285e-01  7.358043470121254925e-01  7.358043470121254925e-01
9.505893879256395174e-01  7.256878694211909009e-01  7.256878694211909009e-01
1.050589387925639606e+00  6.882899316077655261e-01  6.882899316077655261e-01
1.150589387925639695e+00  6.284969692115019990e-01  6.284969692115019990e-01
1.250589387925639784e+00  5.534068759572982055e-01  5.534068759572982055e-01
1.350589387925639429e+00  4.710008458502649709e-01  4.710008458502649709e-01
1.450589387925639517e+00  3.888020694226165808e-01  3.888020694226165808e-01
1.550589387925639606e+00  3.128244335368086104e-01  3.128244335368086104e-01
1.650589387925639695e+00  2.469947941195326235e-01  2.469947941195326235e-01
1.750589387925639784e+00  1.930795534677851311e-01  1.930795534677851311e-01
1.850589387925639429e+00  1.510148979681754933e-01  1.510148979681754933e-01
1.950589387925639517e+00  1.194666129293593670e-01  1.194666129293593670e-01
2.050589387925639606e+00  9.643826893699515568e-02  9.643826893699515568e-02
2.150589387925639695e+00  7.978980256393415627e-02  7.978980256393415627e-02
2.250589387925639784e+00  6.759420889913486663e-02  6.759420889913486663e-02
2.350589387925639429e+00  5.832191045759051867e-02  5.832191045759051867e-02
2.450589387925639961e+00  5.088426107797099779e-02  5.088426107797099779e-02
2.550589387925639606e+00  4.458555254861522321e-02  4.458555254861522321e-02
2.650589387925639251e+00  3.903160982382345573e-02  3.903160982382345573e-02
2.750589387925639784e+00  3.403106310056661782e-02  3.403106310056661782e-02
2.850589387925639429e+00  2.951053265382753282e-02  2.951053265382753282e-02
2.950589387925639961e+00  2.545231098283180435e-02  2.545231098283180435e-02
3.050589387925639606e+00  2.185470157747259126e-02  2.185470157747259126e-02
3.150589387925640139e+00  1.871085886038675525e-02  1.871085886038675525e-02
3.250589387925639784e+00  1.600064845407942263e-02  1.600064845407942263e-02
3.350589387925639429e+00  1.369044028113168034e-02  1.369044028113168034e-02
3.450589387925639961e+00  1.173687200830907974e-02  1.173687200830907974e-02
3.550589387925639606e+00  1.009187360884205784e-02  1.009187360884205784e-02
3.650589387925640139e+00  8.707333325746802188e-03  8.707333325746802188e-03
3.750589387925639784e+00  7.538613227937373401e-03  7.538613227937373401e-03
3.850589387925639429e+00  6.546688948277934635e-03  6.546688948277934635e-03
3.950589387925639961e+00  5.699032539173335028e-03  5.699032539173335028e-03
4.050589387925639606e+00  4.969529974579143389e-03  4.969529974579143389e-03
4.150589387925640139e+00  4.337775162081231560e-03  4.337775162081231560e-03
4.250589387925639784e+00  3.788054594895273568e-03  3.788054594895273568e-03
4.350589387925639429e+00  3.308267695506839773e-03  3.308267695506839773e-03
4.450589387925639961e+00  2.888945491878242532e-03  2.888945491878242532e-03
4.550589387925639606e+00  2.522453465359320978e-03  2.522453465359320978e-03
4.650589387925640139e+00  2.202403758128368156e-03  2.202403758128368156e-03
4.750589387925639784e+00  1.923261121514225225e-03  1.923261121514225225e-03
4.850589387925639429e+00  1.680104913827940374e-03  1.680104913827940374e-03
4.950589387925639961e+00  1.468502274147171329e-03  1.468502274147171329e-03
5.050589387925639606e+00  1.284450478342024325e-03  1.284450478342024325e-03
5.150589387925640139e+00  1.124354844632174033e-03  1.124354844632174033e-03
5.250589387925639784e+00  9.850187595834018674e-04  9.850187595834018674e-04
5.350589387925639429e+00  8.636319897806878695e-04  8.636319897806878695e-04
5.450589387925639961e+00  7.577510972528330412e-04  7.577510972528330412e-04
5.550589387925639606e+00  6.652710388623415613e-04  6.652710388623415613e-04
5.650589387925640139e+00  5.843900428165069117e-04  5.843900428165069117e-04
5.750589387925639784e+00  5.135710794734329272e-04  5.135710794734329272e-04
5.850589387925639429e+00  4.515032456480864162e-04  4.515032456480864162e-04
5.950589387925639961e+00  3.970656945576868033e-04  3.970656945576868033e-04
6.050589387925639606e+00  3.492957907341271112e-04  3.492957907341271112e-04
6.150589387925640139e+00  3.073622393300224232e-04  3.073622393300224232e-04
6.250589387925639784e+00  2.705431942734551668e-04  2.705431942734551668e-04
6.350589387925639429e+00  2.382088509495691167e-04  2.382088509495691167e-04
6.450589387925639073e+00  2.098077689131093502e-04  2.098077689131093502e-04
6.550589387925640494e+00  1.848561022162122536e-04  1.848561022162122536e-04
6.650589387925640139e+00  1.629289782299398782e-04  1.629289782299398782e-04
6.750589387925639784e+00  1.436534011601757585e-04  1.436534011601757585e-04
6.850589387925639429e+00  1.267022158662207531e-04  1.267022158662207531e-04
6.950589387925639073e+00  1.117888180036782019e-04  1.117888180036782019e-04
7.050589387925640494e+00  9.866241932979350230e-05  9.866241932979350230e-05
7.150589387925640139e+00  8.710376542214361823e-05  8.710376542214361823e-05
7.250589387925639784e+00  7.692125846858972936e-05  7.692125846858972936e-05
7.350589387925639429e+00  6.794746626909698686e-05  6.794746626909698686e-05
7.450589387925639073e+00  6.003600802564764370e-05  6.003600802564764370e-05
7.550589387925640494e+00  5.305880553535049924e-05  5.305880553535049924e-05
7.650589387925640139e+00  4.690368129964635262e-05  4.690368129964635262e-05
7.750589387925639784e+00  4.147227721833747011e-05  4.147227721833747011e-05
7.850589387925639429e+00  3.667826152928112482e-05  3.667826152928112482e-05
7.950589387925640850e+00  3.244578856607907189e-05  3.244578856607907189e-05
8.050589387925640494e+00  2.870817576834544210e-05  2.870817576834544210e-05
8.150589387925640139e+00  2.540676461044152413e-05  2.540676461044152413e-05
8.250589387925639784e+00  2.248993588224889296e-05  2.248993588224889296e-05
8.350589387925639429e+00  1.991225423150727407e-05  1.991225423150727407e-05
8.450589387925640850e+00  1.763372138731088482e-05  1.763372138731088482e-05
8.550589387925640494e+00  1.561912156942060764e-05  1.561912156942060764e-05
8.650589387925640139e+00  1.383744600259872743e-05  1.383744600259872743e-05
8.750589387925639784e+00  1.226138612904119970e-05  1.226138612904119970e-05
8.850589387925639429e+00  1.086688709681725029e-05  1.086688709681725029e-05
8.950589387925640850e+00  9.632754518125982485e-06  9.632754518125982485e-06
9.050589387925640494e+00  8.540308482540215015e-06  8.540308482540215015e-06
9.150589387925640139e+00  7.573079514908166258e-06  7.573079514908166258e-06
9.250589387925639784e+00  6.716541698325077105e-06  6.716541698325077105e-06
9.350589387925639429e+00  5.957878621194456329e-06  5.957878621194456329e-06
9.450589387925640850e+00  5.285778204913256091e-06  5.285778204913256091e-06
9.550589387925640494e+00  4.690252851017597083e-06  4.690252851017597083e-06
9.650589387925640139e+00  4.162481721713012466e-06  4.162481721713012466e-06
9.750589387925639784e+00  3.694672332872926716e-06  3.694672332872926716e-06
9.850589387925639429e+00  3.279938986322829986e-06  3.279938986322829986e-06
9.950589387925640850e+00  2.912195890459289174e-06  2.912195890459289174e-06
1.005058938792564049e+01  2.586063108800144706e-06  2.586063108800144706e-06
1.015058938792564014e+01  2.296783731683654412e-06  2.296783731683654412e-06
1.025058938792563978e+01  2.040150886751531570e-06  2.040150886751531570e-06
1.035058938792563943e+01  1.812443391169291566e-06  1.812443391169291566e-06
