-1.563829747972852235e+00  8.807760096337879339e-08  8.807760096337879339e-08
-1.463829747972852147e+00  3.070362394469727655e-07  3.070362394469727655e-07
-1.363829747972852502e+00  1.022315403668162682e-06  1.022315403668162682e-06
-1.263829747972851969e+00  3.244434618095965252e-06  3.244434618095965252e-06
-1.163829747972852324e+00  9.801337216041004842e-06  9.801337216041004842e-06
-1.063829747972852235e+00  2.816236134442663555e-05  2.816236134442663555e-05
-9.638297479728521466e-01  7.692467430716346194e-05  7.692467430716346194e-05
-8.638297479728520578e-01  1.996784264762429466e-04  1.996784264762429466e-04
-7.638297479728521910e-01  4.924611252161130047e-04  4.924611252161130047e-04
-6.638297479728523243e-01  1.153789353792681683e-03  1.153789353792681683e-03
-5.638297479728522354e-01  2.567756962135787305e-03  2.567756962135787305e-03
-4.638297479728521466e-01  5.427835518587008183e-03  5.427835518587008183e-03
-3.638297479728520578e-01  1.089748890115669472e-02  1.089748890115669472e-02
-2.638297479728521910e-01  2.077978506943624348e-02  2.077978506943624348e-02
-1.638297479728521022e-01  3.763248367979681042e-02  3.763248367979681042e-02
-6.382974797285223545e-02  6.472733335974746594e-02  6.472733335974746594e-02
3.617025202714785337e-02  1.057338889873988413e-01  1.057338889873988413e-01
1.361702520271479422e-01  1.640377107438707460e-01  1.640377107438707460e-01
2.361702520271478090e-01  2.417020913577823393e-01  2.417020913577823393e-01
3.361702520271478978e-01  3.382454597088043746e-01  3.382454597088043746e-01
4.361702520271477646e-01  4.495836789417692048e-01  4.495836789417692048e-01
5.361702520271478534e-01  5.675896572121791328e-01  5.675896572121791328e-01
6.361702520271479422e-01  6.806615573053645951e-01  6.806615573053645951e-01
7.361702520271480310e-01  7.754284659382179035e-01  7.754284659382179035e-01
8.361702520271481198e-01  8.393200245807522775e-01  8.393200245807522775e-01
9.361702520271477646e-01  8.633408872947102575e-01  8.633408872947102575e-01
1.036170252027147853e+00  8.442088458189701550e-01  8.442088458189701550e-01
1.136170252027147942e+00  7.851541274088134070e-01  7.851541274088134070e-01
1.236170252027148031e+00  6.951077332764419303e-01  6.951077332764419303e-01
1.336170252027148120e+00  5.865542395172835821e-01  5.865542395172835821e-01
1.436170252027147765e+00  4.727541404178624007e-01  4.727541404178624007e-01
1.536170252027147853e+00  3.651782136901743914e-01  3.651782136901743914e-01
1.636170252027147942e+00  2.718127955830140219e-01  2.718127955830140219e-01
1.736170252027148031e+00  1.966076797300648771e-01  1.966076797300648771e-01
1.836170252027148120e+00  1.399348168211442534e-01  1.399348168211442534e-01
1.936170252027147765e+00  9.966300935040101061e-02  9.966300935040101061e-02
2.036170252027147853e+00  7.239285330059123946e-02  7.239285330059123946e-02
2.136170252027147942e+00  5.450027225618151588e-02  5.450027225618151588e-02
2.236170252027148031e+00  4.281545117776629217e-02  4.281545117776629217e-02
2.336170252027148120e+00  3.492854830366315388e-02  3.492854830366315388e-02
2.436170252027147765e+00  2.921424191745460724e-02  2.921424191745460724e-02
2.536170252027148297e+00  2.469764133670315082e-02  2.469764133670315082e-02
2.636170252027147942e+00  2.086595003400772835e-02  2.086595003400772835e-02
2.736170252027147587e+00  1.749216388505575939e-02  1.749216388505575939e-02
2.836170252027148120e+00  1.450052870702091268e-02  1.450052870702091268e-02
2.936170252027147765e+00  1.187844875797887736e-02  1.187844875797887736e-02
3.036170252027148297e+00  9.626929960769643746e-03  9.626929960769643746e-03
3.136170252027147942e+00  7.737946040876548560e-03  7.737946040876548560e-03
3.236170252027148475e+00  6.188144500206635250e-03  6.188144500206635250e-03
3.336170252027148120e+00  4.941004959047559826e-03  4.941004959047559826e-03
3.436170252027147765e+00  3.952294347345274364e-03  3.952294347345274364e-03
3.536170252027148297e+00  3.175826253288397717e-03  3.175826253288397717e-03
3.636170252027147942e+00  2.568046687391513112e-03  2.568046687391513112e-03
3.736170252027148475e+00  2.090944201704386229e-03  2.090944201704386229e-03
3.836170252027148120e+00  1.713354783187235816e-03  1.713354783187235816e-03
3.936170252027147765e+00  1.411016564073040410e-03  1.411016564073040410e-03
4.036170252027147853e+00  1.165818031287730108e-03  1.165818031287730108e-03
4.136170252027147498e+00  9.646503893409552567e-04  9.646503893409552567e-04
4.236170252027148919e+00  7.981794958202769689e-04  7.981794958202769689e-04
4.336170252027148564e+00  6.597396155062928589e-04  6.597396155062928589e-04
4.436170252027148209e+00  5.444488420741633306e-04  5.444488420741633306e-04
4.536170252027147853e+00  4.485689530475434365e-04  4.485689530475434365e-04
4.636170252027147498e+00  3.690842058538583111e-04  3.690842058538583111e-04
4.736170252027148919e+00  3.034506104588467518e-04  3.034506104588467518e-04
4.836170252027148564e+00  2.494626751770271799e-04  2.494626751770271799e-04
4.936170252027148209e+00  2.051911701296784329e-04  2.051911701296784329e-04
5.036170252027147853e+00  1.689569246867409955e-04  1.689569246867409955e-04
5.136170252027147498e+00  1.393177708557927935e-04  1.393177708557927935e-04
5.236170252027148919e+00  1.150560126565639251e-04  1.150560126565639251e-04
5.336170252027148564e+00  9.516125837900264750e-05  9.516125837900264750e-05
5.436170252027148209e+00  7.880808727316521134e-05  7.880808727316521134e-05
5.536170252027147853e+00  6.533034424954396388e-05  6.533034424954396388e-05
5.636170252027147498e+00  5.419455733917867042e-05  5.419455733917867042e-05
5.736170252027148919e+00  4.497471418559221662e-05  4.497471418559221662e-05
5.836170252027148564e+00  3.732993981645895743e-05  3.732993981645895743e-05
5.936170252027148209e+00  3.098584412785135403e-05  3.098584412785135403e-05
6.036170252027147853e+00  2.571965531179099218e-05  2.571965531179099218e-05
6.136170252027147498e+00  2.134880726449591803e-05  2.134880726449591803e-05
6.236170252027148919e+00  1.772240860174342060e-05  1.772240860174342060e-05
6.336170252027148564e+00  1.471494933960671601e-05  1.471494933960671601e-05
6.436170252027148209e+00  1.222164403607465757e-05  1.222164403607465757e-05
6.536170252027147853e+00  1.015491460961233443e-05  1.015491460961233443e-05
6.636170252027149274e+00  8.441640592124673577e-06  8.441640592124673577e-06
6.736170252027148919e+00  7.020921655906624548e-06  7.020921655906624548e-06
6.836170252027148564e+00  5.842192265571695513e-06  5.842192265571695513e-06
6.936170252027148209e+00  4.863596619952838399e-06  4.863596619952838399e-06
7.036170252027147853e+00  4.050575509999018411e-06  4.050575509999018411e-06
7.136170252027149274e+00  3.374640490028542442e-06  3.374640490028542442e-06
7.236170252027148919e+00  2.812320956643197804e-06  2.812320956643197804e-06
7.336170252027148564e+00  2.344271926270317184e-06  2.344271926270317184e-06
7.436170252027148209e+00  1.954528798283914168e-06  1.954528798283914168e-06
7.536170252027147853e+00  1.629893033714455439e-06  1.629893033714455439e-06
7.636170252027149274e+00  1.359431028648547254e-06  1.359431028648547254e-06
7.736170252027148919e+00  1.134068108199525819e-06  1.134068108199525819e-06
7.836170252027148564e+00  9.462604860820377552e-07  9.462604860820377552e-07
7.936170252027148209e+00  7.897298864502648493e-07  7.897298864502648493e-07
8.036170252027149630e+00  6.592478752032375069e-07  6.592478752032375069e-07
8.136170252027149274e+00  5.504594061392074128e-07  5.504594061392074128e-07
8.236170252027148919e+00  4.597373687123620614e-07  4.597373687123620614e-07
8.336170252027148564e+00  3.840618648857592386e-07  3.840618648857592386e-07
8.436170252027148209e+00  3.209194830816389099e-07  3.209194830816389099e-07
8.536170252027149630e+00  2.682189924222008183e-07  2.682189924222008183e-07
8.636170252027149274e+00  2.242207084631992321e-07  2.242207084631992321e-07
8.736170252027148919e+00  1.874773576019367409e-07  1.874773576019367409e-07
8.836170252027148564e+00  1.567846651026775057e-07  1.567846651026775057e-07
8.936170252027148209e+00  1.311401732038334104e-07  1.311401732038334104e-07
9.036170252027149630e+00  1.097090071060826235e-07  1.097090071060826235e-07
9.136170252027149274e+00  9.179547821924432320e-08  9.179547821924432320e-08
9.236170252027148919e+00  7.681956342524543860e-08  7.681956342524543860e-08
9.336170252027148564e+00  6.429743463317234423e-08  6.429743463317234423e-08
9.436170252027148209e+00  5.382533720645070069e-08  5.382533720645070069e-08
9.536170252027149630e+00  4.506622872625866305e-08  4.506622872625866305e-08
9.636170252027149274e+00  3.773868992641209870e-08  3.773868992641209870e-08
9.736170252027148919e+00  3.160770665192794707e-08  3.160770665192794707e-08
9.836170252027148564e+00  2.647699525737838366e-08  2.647699525737838366e-08
9.936170252027148209e+00  2.218260467177701000e-08  2.218260467177701000e-08
1.003617025202714963e+01  1.858757773118552979e-08  1.858757773118552979e-08
1.013617025202714927e+01  1.557749398421074315e-08  1.557749398421074315e-08
1.023617025202714892e+01  1.305674776559688638e-08  1.305674776559688638e-08
1.033617025202714856e+01  1.094544056014351109e-08  1.094544056014351109e-08
1.043617025202714821e+01  9.176786969159345085e-09  9.176786969159345085e-09
