-1.636164202365167242e+00  0.000000000000000000e+00  0.000000000000000000e+00
-1.536164202365166709e+00  0.000000000000000000e+00  0.000000000000000000e+00
-1.436164202365167064e+00  4.839768253531682897e-319  4.839768253531682897e-319
-1.336164202365166975e+00  6.733513788110120437e-292  6.733513788110120437e-292
-1.236164202365166886e+00  5.824696644926907264e-266  5.824696644926907264e-266
-1.136164202365167242e+00  3.132790182480503795e-241  3.132790182480503795e-241
-1.036164202365166709e+00  1.047648861960884762e-217  1.047648861960884762e-217
-9.361642023651670641e-01  2.178344789188511772e-195  2.178344789188511772e-195
-8.361642023651669753e-01  2.816202864441220444e-174  2.816202864441220444e-174
-7.361642023651668865e-01  2.263745967964342556e-154  2.263745967964342556e-154
-6.361642023651670197e-01  1.131404450737921238e-135  1.131404450737921238e-135
-5.361642023651669309e-01  3.515883815023393330e-118  3.515883815023393330e-118
-4.361642023651668421e-01  6.793249827471718394e-102  6.793249827471718394e-102
-3.361642023651669753e-01  8.161069887432690047e-87  8.161069887432690047e-87
-2.361642023651668865e-01  6.095973166569452730e-73  6.095973166569452730e-73
-1.361642023651670197e-01  2.831166660721500546e-60  2.831166660721500546e-60
-3.616420236516693087e-02  8.175498882173056396e-49  8.175498882173056396e-49
6.383579763483315794e-02  1.467876543819478689e-38  1.467876543819478689e-38
1.638357976348330247e-01  1.638668996510606955e-29  1.638668996510606955e-29
2.638357976348331135e-01  1.137416129060307503e-21  1.137416129060307503e-21
3.638357976348329803e-01  4.908784505363296519e-15  4.908784505363296519e-15
4.638357976348330691e-01  1.317209914284914125e-09  1.317209914284914125e-09
5.638357976348331579e-01  2.197669868806804503e-05  2.197669868806804503e-05
6.638357976348332468e-01  2.279797934883712185e-02  2.279797934883712185e-02
7.638357976348333356e-01  1.470471789690646958e+00  1.470471789690646958e+00
8.638357976348329803e-01  5.897167692642956816e+00  5.897167692642956816e+00
9.638357976348330691e-01  1.470471789690629416e+00  1.470471789690629416e+00
1.063835797634833158e+00  2.279797934883657368e-02  2.279797934883657368e-02
1.163835797634833247e+00  2.197669868880703384e-05  2.197669868880703384e-05
1.263835797634833336e+00  1.323373484395025604e-09  1.323373484395025604e-09
1.363835797634832980e+00  1.280441670232767849e-08  1.280441670232767849e-08
1.463835797634833069e+00  6.632849521389966989e-06  6.632849521389966989e-06
1.563835797634833158e+00  8.567495324586846392e-04  8.567495324586846392e-04
1.663835797634833247e+00  2.759439185120884236e-02  2.759439185120884236e-02
1.763835797634833336e+00  2.216159417549470045e-01  2.216159417549470045e-01
1.863835797634832980e+00  4.438072453422011177e-01  4.438072453422011177e-01
1.963835797634833069e+00  2.216159417549456168e-01  2.216159417549456168e-01
2.063835797634832936e+00  2.759439185121634330e-02  2.759439185121634330e-02
2.163835797634833469e+00  8.567495405917513419e-04  8.567495405917513419e-04
2.263835797634833114e+00  6.636191968629573933e-06  6.636191968629573933e-06
2.363835797634832758e+00  5.569929899458491905e-07  5.569929899458491905e-07
2.463835797634833291e+00  3.510022009922601462e-05  3.510022009922601462e-05
2.563835797634832936e+00  8.969032226605619731e-04  8.969032226605619731e-04
2.663835797634832581e+00  9.079394469964840661e-03  9.079394469964840661e-03
2.763835797634833114e+00  3.641192718719397231e-02  3.641192718719397231e-02
2.863835797634832758e+00  5.785034133172728410e-02  5.785034133172728410e-02
2.963835797634833291e+00  3.641192718719946791e-02  3.641192718719946791e-02
3.063835797634832936e+00  9.079394472082185155e-03  9.079394472082185155e-03
3.163835797634833469e+00  8.969036096873478098e-04  8.969036096873478098e-04
3.263835797634833114e+00  3.513554029766405951e-05  3.513554029766405951e-05
3.363835797634832758e+00  2.154324581915341474e-06  2.154324581915341474e-06
3.463835797634833291e+00  3.664986897919734321e-05  3.664986897919734321e-05
3.563835797634832936e+00  4.164949034421755090e-04  4.164949034421755090e-04
3.663835797634833469e+00  2.363704371822797703e-03  2.363704371822797703e-03
3.763835797634833114e+00  6.698587639941804180e-03  6.698587639941804180e-03
3.863835797634832758e+00  9.479380124225842211e-03  9.479380124225842211e-03
3.963835797634833291e+00  6.698587640239946767e-03  6.698587640239946767e-03
4.063835797634832936e+00  2.363704405336941854e-03  2.363704405336941854e-03
4.163835797634833469e+00  4.164970574820437495e-04  4.164970574820437495e-04
4.263835797634833114e+00  3.672654238886917676e-05  3.672654238886917676e-05
4.363835797634832758e+00  3.309110961235251180e-06  3.309110961235251180e-06
4.463835797634833291e+00  2.073307852080122601e-05  2.073307852080122601e-05
4.563835797634832936e+00  1.446724501543771935e-04  1.446724501543771935e-04
4.663835797634833469e+00  5.801916267924672960e-04  5.801916267924672960e-04
4.763835797634833114e+00  1.335006940481413794e-03  1.335006940481413794e-03
4.863835797634832758e+00  1.762466535356528499e-03  1.762466535356528499e-03
4.963835797634833291e+00  1.335006943029842710e-03  1.335006943029842710e-03
5.063835797634832936e+00  5.801917553911388296e-04  5.801917553911388296e-04
5.163835797634833469e+00  1.446762732594385908e-04  1.446762732594385908e-04
5.263835797634833114e+00  2.078310155762612987e-05  2.078310155762612987e-05
5.363835797634832758e+00  2.788012614705982104e-06  2.788012614705982104e-06
5.463835797634833291e+00  8.826289640217198937e-06  8.826289640217198937e-06
5.563835797634832936e+00  4.421424534700738653e-05  4.421424534700738653e-05
5.663835797634833469e+00  1.406684597626862716e-04  1.406684597626862716e-04
5.763835797634833114e+00  2.817020577528049196e-04  2.817020577528049196e-04
5.863835797634832758e+00  3.550758613373311556e-04  3.550758613373311556e-04
5.963835797634833291e+00  2.817020653752445457e-04  2.817020653752445457e-04
6.063835797634832936e+00  1.406686573391000786e-04  1.406686573391000786e-04
6.163835797634833469e+00  4.421661569841567069e-05  4.421661569841567069e-05
6.263835797634833114e+00  8.806052167014333574e-06  8.806052167014333574e-06
6.363835797634832758e+00  1.619200283622483627e-06  1.619200283622483627e-06
6.463835797634832403e+00  3.247153581186647604e-06  3.247153581186647604e-06
6.563835797634833824e+00  1.268428302170633736e-05  1.268428302170633736e-05
6.663835797634833469e+00  3.419566945783630770e-05  3.419566945783630770e-05
6.763835797634833114e+00  6.201233556877571731e-05  6.201233556877571731e-05
6.863835797634832758e+00  7.562190499847219868e-05  7.562190499847219868e-05
6.963835797634832403e+00  6.201234610589966576e-05  6.201234610589966576e-05
7.063835797634833824e+00  3.419578945350208916e-05  3.419578945350208916e-05
7.163835797634833469e+00  1.268346250271920669e-05  1.268346250271920669e-05
7.263835797634833114e+00  3.194188049953876843e-06  3.194188049953876843e-06
7.363835797634832758e+00  7.487930208431251807e-07  7.487930208431251807e-07
7.463835797634832403e+00  1.102805661120335373e-06  1.102805661120335373e-06
7.563835797634833824e+00  3.520817776623949804e-06  3.520817776623949804e-06
7.663835797634833469e+00  8.376986550414251763e-06  8.376986550414251763e-06
7.763835797634833114e+00  1.410168874240944307e-05  1.410168874240944307e-05
7.863835797634832758e+00  1.677525967514179297e-05  1.677525967514179297e-05
7.963835797634834179e+00  1.410169509884630092e-05  1.410169509884630092e-05
8.063835797634833824e+00  8.376952647225693066e-06  8.376952647225693066e-06
8.163835797634833469e+00  3.518281477814924774e-06  3.518281477814924774e-06
8.263835797634833114e+00  1.057868832538957834e-06  1.057868832538957834e-06
8.363835797634832758e+00  2.996719366232483425e-07  2.996719366232483425e-07
8.463835797634834179e+00  3.573921864234305409e-07  3.573921864234305409e-07
8.563835797634833824e+00  9.606713007117389585e-07  9.606713007117389585e-07
8.663835797634833469e+00  2.071076278366672184e-06  2.071076278366672184e-06
8.763835797634833114e+00  3.290087995724114730e-06  3.290087995724114730e-06
8.863835797634832758e+00  3.839075743720075420e-06  3.839075743720075420e-06
8.963835797634834179e+00  3.290086571898858815e-06  3.290086571898858815e-06
9.063835797634833824e+00  2.070949752420131729e-06  2.070949752420131729e-06
9.163835797634833469e+00  9.582790618375967459e-07  9.582790618375967459e-07
9.263835797634833114e+00  3.310756990092845261e-07  3.310756990092845261e-07
9.363835797634832758e+00  1.089995786766013564e-07  1.089995786766013564e-07
9.463835797634834179e+00  1.124246909615715908e-07  1.124246909615715908e-07
9.563835797634833824e+00  2.599877962362087821e-07  2.599877962362087821e-07
9.663835797634833469e+00  5.168501405735816522e-07  5.168501405735816522e-07
9.763835797634833114e+00  7.837235489952486637e-07  7.837235489952486637e-07
9.863835797634832758e+00  9.004805313939727001e-07  9.004805313939727001e-07
9.963835797634834179e+00  7.837170154458889471e-07  7.837170154458889471e-07
1.006383579763483382e+01  5.167196120664441821e-07  5.167196120664441821e-07
1.016383579763483347e+01  2.584346222740966354e-07  2.584346222740966354e-07
1.026383579763483311e+01  9.987037470459264467e-08  9.987037470459264467e-08
1.036383579763483276e+01  3.713076004814735750e-08  3.713076004814735750e-08
