-1.500000000000000000e+00  3.190472718195755635e-31  3.190472718195755635e-31
-1.399999999999999911e+00  8.252815896582097028e-29  8.252815896582097028e-29
-1.299999999999999822e+00  1.701648300538110495e-26  1.701648300538110495e-26
-1.200000000000000178e+00  2.796777887820235061e-24  2.796777887820235061e-24
-1.100000000000000089e+00  3.664094584145888664e-22  3.664094584145888664e-22
-1.000000000000000000e+00  3.826448743497887316e-20  3.826448743497887316e-20
-8.999999999999999112e-01  3.185265590734688297e-18  3.185265590734688297e-18
-7.999999999999998224e-01  2.113566543303688461e-16  2.113566543303688461e-16
-6.999999999999999556e-01  1.117909706080815752e-14  1.117909706080815752e-14
-6.000000000000000888e-01  4.713223709661111803e-13  4.713223709661111803e-13
-5.000000000000000000e-01  1.583980775060523534e-11  1.583980775060523534e-11
-3.999999999999999112e-01  4.243285803501039917e-10  4.243285803501039917e-10
-2.999999999999998224e-01  9.060980340733703141e-09  9.060980340733703141e-09
-1.999999999999999556e-01  1.542299144063815044e-07  1.542299144063815044e-07
-9.999999999999986677e-02  2.092582420939471193e-06  2.092582420939471193e-06
0.000000000000000000e+00  2.263169352630663535e-05  2.263169352630663535e-05
1.000000000000000888e-01  1.951066444401944170e-04  1.951066444401944170e-04
2.000000000000001776e-01  1.340749339676548845e-03  1.340749339676548845e-03
3.000000000000000444e-01  7.344185696624317729e-03  7.344185696624317729e-03
4.000000000000001332e-01  3.206714035823931414e-02  3.206714035823931414e-02
5.000000000000000000e-01  1.116085180738106281e-01  1.116085180738106281e-01
6.000000000000000888e-01  3.096385152145872399e-01  3.096385152145872399e-01
7.000000000000001776e-01  6.847517273755640010e-01  6.847517273755640010e-01
8.000000000000002665e-01  1.207068238123561121e+00  1.207068238123561121e+00
9.000000000000003553e-01  1.696098358781644277e+00  1.696098358781644277e+00
1.000000000000000000e+00  1.899725144768727336e+00  1.899725144768727336e+00
1.100000000000000089e+00  1.696098358781642501e+00  1.696098358781642501e+00
1.200000000000000178e+00  1.207068238123558679e+00  1.207068238123558679e+00
1.300000000000000266e+00  6.847517273755617806e-01  6.847517273755617806e-01
1.400000000000000355e+00  3.096385152145859632e-01  3.096385152145859632e-01
1.500000000000000000e+00  1.116085180738106281e-01  1.116085180738106281e-01
1.600000000000000089e+00  3.206714035823920311e-02  3.206714035823920311e-02
1.700000000000000178e+00  7.344185696624284769e-03  7.344185696624284769e-03
1.800000000000000266e+00  1.340749339676536919e-03  1.340749339676536919e-03
1.900000000000000355e+00  1.951066444401927094e-04  1.951066444401927094e-04
2.000000000000000000e+00  2.263169352630663535e-05  2.263169352630663535e-05
2.100000000000000089e+00  2.092582420939463993e-06  2.092582420939463993e-06
2.200000000000000178e+00  1.542299144063804191e-07  1.542299144063804191e-07
2.300000000000000266e+00  9.060980340733607188e-09  9.060980340733607188e-09
2.400000000000000355e+00  4.243285803500964953e-10  4.243285803500964953e-10
2.500000000000000000e+00  1.583980775060523534e-11  1.583980775060523534e-11
2.600000000000000533e+00  4.713223709661029004e-13  4.713223709661029004e-13
2.700000000000000178e+00  1.117909706080807864e-14  1.117909706080807864e-14
2.799999999999999822e+00  2.113566543303688461e-16  2.113566543303688461e-16
2.900000000000000355e+00  3.185265590734620119e-18  3.185265590734620119e-18
3.000000000000000000e+00  3.826448743497887316e-20  3.826448743497887316e-20
3.100000000000000533e+00  3.664094584145810611e-22  3.664094584145810611e-22
3.200000000000000178e+00  2.796777887820235061e-24  2.796777887820235061e-24
3.300000000000000711e+00  1.701648300538025834e-26  1.701648300538025834e-26
3.400000000000000355e+00  8.252815896581862731e-29  8.252815896581862731e-29
3.500000000000000000e+00  3.190472718195755635e-31  3.190472718195755635e-31
3.600000000000000533e+00  9.831695949005767771e-34  9.831695949005767771e-34
3.700000000000000178e+00  2.415029103947225774e-36  2.415029103947225774e-36
3.800000000000000711e+00  4.728646233324255489e-39  4.728646233324255489e-39
3.900000000000000355e+00  7.380262432263064554e-42  7.380262432263064554e-42
4.000000000000000000e+00  9.181789068325397068e-45  9.181789068325397068e-45
4.100000000000000533e+00  9.105490461512576320e-48  9.105490461512576320e-48
4.200000000000000178e+00  7.197802097086981325e-51  7.197802097086981325e-51
4.300000000000000711e+00  4.535414509186466924e-54  4.535414509186466924e-54
4.400000000000000355e+00  2.278004586774381072e-57  2.278004586774381072e-57
4.500000000000000000e+00  9.120375703599699434e-61  9.120375703599699434e-61
4.600000000000000533e+00  2.910659408797924227e-64  2.910659408797924227e-64
4.700000000000000178e+00  7.404411990827505854e-68  7.404411990827505854e-68
4.800000000000000711e+00  1.501447970199604705e-71  1.501447970199604705e-71
4.900000000000000355e+00  2.426892415979601361e-75  2.426892415979601361e-75
5.000000000000000000e+00  3.126880524315208476e-79  3.126880524315208476e-79
5.100000000000000533e+00  3.211386491064012689e-83  3.211386491064012689e-83
5.200000000000000178e+00  2.629023029599813047e-87  2.629023029599813047e-87
5.300000000000000711e+00  1.715602736797131489e-91  1.715602736797131489e-91
5.400000000000000355e+00  8.924000705620405711e-96  8.924000705620405711e-96
5.500000000000000000e+00  3.700181156880441283e-100  3.700181156880441283e-100
5.600000000000000533e+00  1.222944938821603221e-104  1.222944938821603221e-104
5.700000000000000178e+00  3.221894730689836353e-109  3.221894730689836353e-109
5.800000000000000711e+00  6.766067322739952207e-114  6.766067322739952207e-114
5.900000000000000355e+00  1.132613694844881142e-118  1.132613694844881142e-118
6.000000000000000000e+00  1.511290067153970301e-123  1.511290067153970301e-123
6.100000000000000533e+00  1.607438526348120996e-128  1.607438526348120996e-128
6.200000000000000178e+00  1.362829242788855737e-133  1.362829242788855737e-133
6.300000000000000711e+00  9.210199558752434498e-139  9.210199558752434498e-139
6.400000000000000355e+00  4.961547600220012611e-144  4.961547600220012611e-144
6.500000000000000000e+00  2.130520954134692866e-149  2.130520954134692866e-149
6.599999999999999645e+00  7.292475576158836314e-155  7.292475576158836314e-155
6.700000000000001066e+00  1.989686632700270026e-160  1.989686632700270026e-160
6.800000000000000711e+00  4.327279097120074375e-166  4.327279097120074375e-166
6.900000000000000355e+00  7.501803032452849632e-172  7.501803032452849632e-172
7.000000000000000000e+00  1.036661412190392401e-177  1.036661412190392401e-177
7.099999999999999645e+00  1.141901739622562192e-183  1.141901739622562192e-183
7.200000000000001066e+00  1.002630846460277346e-189  1.002630846460277346e-189
7.300000000000000711e+00  7.017362547039108199e-196  7.017362547039108199e-196
7.400000000000000355e+00  3.914959675287904175e-202  3.914959675287904175e-202
7.500000000000000000e+00  1.741009725910913529e-208  1.741009725910913529e-208
7.599999999999999645e+00  6.171569541901604001e-215  6.171569541901604001e-215
7.700000000000001066e+00  1.743855849505504623e-221  1.743855849505504623e-221
7.800000000000000711e+00  3.927770134105962694e-228  3.927770134105962694e-228
7.900000000000000355e+00  7.051833834116228292e-235  7.051833834116228292e-235
8.000000000000000000e+00  1.009203162115755498e-241  1.009203162115755498e-241
8.100000000000001421e+00  1.151265951389498194e-248  1.151265951389498194e-248
8.200000000000001066e+00  1.046871180686352592e-255  1.046871180686352592e-255
8.300000000000000711e+00  7.588070436335021703e-263  7.588070436335021703e-263
8.400000000000000355e+00  4.384196272878946496e-270  4.384196272878946496e-270
8.500000000000000000e+00  2.019152630587068720e-277  2.019152630587068720e-277
8.600000000000001421e+00  7.412570473394795191e-285  7.412570473394795191e-285
8.700000000000001066e+00  2.169147313188461099e-292  2.169147313188461099e-292
8.800000000000000711e+00  5.059758454658614250e-300  5.059758454658614250e-300
8.900000000000000355e+00  9.407864375094691172e-308  9.407864375094691172e-308
9.000000000000000000e+00  1.394353325560562892e-315  1.394353325560562892e-315
9.100000000000001421e+00  1.976262583364986177e-323  1.976262583364986177e-323
9.200000000000001066e+00  0.000000000000000000e+00  0.000000000000000000e+00
9.300000000000000711e+00  0.000000000000000000e+00  0.000000000000000000e+00
9.400000000000000355e+00  0.000000000000000000e+00  0.000000000000000000e+00
9.500000000000000000e+00  0.000000000000000000e+00  0.000000000000000000e+00
9.600000000000001421e+00  0.000000000000000000e+00  0.000000000000000000e+00
9.700000000000001066e+00  0.000000000000000000e+00  0.000000000000000000e+00
9.800000000000000711e+00  0.000000000000000000e+00  0.000000000000000000e+00
9.900000000000000355e+00  0.000000000000000000e+00  0.000000000000000000e+00
1.000000000000000000e+01  0.000000000000000000e+00  0.000000000000000000e+00
1.010000000000000142e+01  0.000000000000000000e+00  0.000000000000000000e+00
1.020000000000000107e+01  0.000000000000000000e+00  0.000000000000000000e+00
1.030000000000000071e+01  0.000000000000000000e+00  0.000000000000000000e+00
1.040000000000000036e+01  0.000000000000000000e+00  0.000000000000000000e+00
1.050000000000000000e+01  0.000000000000000000e+00  0.000000000000000000e+00
