-1.598900890260290808e+00  4.169740420237703414e-26  4.169740420237703414e-26
-1.498900890260290719e+00  3.771469603282639185e-24  3.771469603282639185e-24
-1.398900890260290630e+00  3.098633180002650153e-22  3.098633180002650153e-22
-1.298900890260290986e+00  2.159470144254306054e-20  2.159470144254306054e-20
-1.198900890260290897e+00  1.253875577078948998e-18  1.253875577078948998e-18
-1.098900890260290808e+00  6.037656966238190044e-17  6.037656966238190044e-17
-9.989008902602907192e-01  2.407865914655674603e-15  2.407865914655674603e-15
-8.989008902602906304e-01  7.950257003016348513e-14  7.950257003016348513e-14
-7.989008902602907636e-01  2.173013381941768137e-12  2.173013381941768137e-12
-6.989008902602908968e-01  4.916520905969718225e-11  4.916520905969718225e-11
-5.989008902602908080e-01  9.207907390281226163e-10  9.207907390281226163e-10
-4.989008902602907192e-01  1.427476304779003994e-08  1.427476304779003994e-08
-3.989008902602906304e-01  1.831811021132059836e-07  1.831811021132059836e-07
-2.989008902602907636e-01  1.945788907298760552e-06  1.945788907298760552e-06
-1.989008902602906748e-01  1.710857528761557930e-05  1.710857528761557930e-05
-9.890089026029080799e-02  1.245188017011710825e-04  1.245188017011710825e-04
1.099109739709280831e-03  7.501687289055148896e-04  7.501687289055148896e-04
1.010991097397093696e-01  3.740984816505873046e-03  3.740984816505873046e-03
2.010991097397092364e-01  1.544244279205134879e-02  1.544244279205134879e-02
3.010991097397093252e-01  5.276541432025183553e-02  5.276541432025183553e-02
4.010991097397091920e-01  1.492404323413372425e-01  1.492404323413372425e-01
5.010991097397092808e-01  3.494045508549558643e-01  3.494045508549558643e-01
6.010991097397093696e-01  6.771395475084608373e-01  6.771395475084608373e-01
7.010991097397094585e-01  1.086280684741381952e+00  1.086280684741381952e+00
8.010991097397095473e-01  1.442574660911615902e+00  1.442574660911615902e+00
9.010991097397091920e-01  1.586059758302755363e+00  1.586059758302755363e+00
1.001099109739709281e+00  1.444277568409000789e+00  1.444277568409000789e+00
1.101099109739709370e+00  1.090657871426678582e+00  1.090657871426678582e+00
1.201099109739709458e+00  6.862093197333103411e-01  6.862093197333103411e-01
1.301099109739709547e+00  3.662200926106633503e-01  3.662200926106633503e-01
1.401099109739709192e+00  1.775356960006227725e-01  1.775356960006227725e-01
1.501099109739709281e+00  9.607025183554955550e-02  9.607025183554955550e-02
1.601099109739709370e+00  7.574602376804620563e-02  7.574602376804620563e-02
1.701099109739709458e+00  8.016062310545807312e-02  8.016062310545807312e-02
1.801099109739709547e+00  8.890071974583697856e-02  8.890071974583697856e-02
1.901099109739709192e+00  9.272363203744933557e-02  9.272363203744933557e-02
2.001099109739709281e+00  8.868640879530664822e-02  8.868640879530664822e-02
2.101099109739709370e+00  7.755931326619157351e-02  7.755931326619157351e-02
2.201099109739709458e+00  6.224360627142856012e-02  6.224360627142856012e-02
2.301099109739709547e+00  4.627663901172117400e-02  4.627663901172117400e-02
2.401099109739709192e+00  3.252089904647528784e-02  3.252089904647528784e-02
2.501099109739709725e+00  2.244347362283850844e-02  2.244347362283850844e-02
2.601099109739709370e+00  1.611685441189735640e-02  1.611685441189735640e-02
2.701099109739709014e+00  1.270671286907772320e-02  1.270671286907772320e-02
2.801099109739709547e+00  1.107343463888815424e-02  1.107343463888815424e-02
2.901099109739709192e+00  1.021632579389536270e-02  1.021632579389536270e-02
3.001099109739709725e+00  9.476837068137565143e-03  9.476837068137565143e-03
3.101099109739709370e+00  8.550320031480998506e-03  8.550320031480998506e-03
3.201099109739709903e+00  7.396671847740385330e-03  7.396671847740385330e-03
3.301099109739709547e+00  6.123144190426408652e-03  6.123144190426408652e-03
3.401099109739709192e+00  4.881564481522556766e-03  4.881564481522556766e-03
3.501099109739709725e+00  3.798446495922700936e-03  3.798446495922700936e-03
3.601099109739709370e+00  2.941665046520934232e-03  2.941665046520934232e-03
3.701099109739709903e+00  2.317931086035318698e-03  2.317931086035318698e-03
3.801099109739709547e+00  1.889791013302567204e-03  1.889791013302567204e-03
3.901099109739709192e+00  1.599618457765648004e-03  1.599618457765648004e-03
4.001099109739709725e+00  1.390696277075251491e-03  1.390696277075251491e-03
4.101099109739709370e+00  1.220191814657708724e-03  1.220191814657708724e-03
4.201099109739709903e+00  1.063372180356705193e-03  1.063372180356705193e-03
4.301099109739709547e+00  9.113227786039835871e-04  9.113227786039835871e-04
4.401099109739709192e+00  7.654256626161976126e-04  7.654256626161976126e-04
4.501099109739709725e+00  6.314424318891885459e-04  6.314424318891885459e-04
4.601099109739709370e+00  5.149837213846451605e-04  5.149837213846451605e-04
4.701099109739709903e+00  4.190344993584471569e-04  4.190344993584471569e-04
4.801099109739709547e+00  3.433706150717404613e-04  3.433706150717404613e-04
4.901099109739709192e+00  2.852505348571997301e-04  2.852505348571997301e-04
5.001099109739709725e+00  2.406600414783683912e-04  2.406600414783683912e-04
5.101099109739709370e+00  2.055201034020525969e-04  2.055201034020525969e-04
5.201099109739709903e+00  1.765126102947310724e-04  1.765126102947310724e-04
5.301099109739709547e+00  1.514253178229322053e-04  1.514253178229322053e-04
5.401099109739709192e+00  1.290957419486746683e-04  1.290957419486746683e-04
5.501099109739709725e+00  1.091191142756094254e-04  1.091191142756094254e-04
5.601099109739709370e+00  9.148956031833244021e-05  9.148956031833244021e-05
5.701099109739709903e+00  7.629732878035014505e-05  7.629732878035014505e-05
5.801099109739709547e+00  6.354155051877228590e-05  6.354155051877228590e-05
5.901099109739709192e+00  5.306256317602904668e-05  5.306256317602904668e-05
6.001099109739709725e+00  4.456294840350892301e-05  4.456294840350892301e-05
6.101099109739709370e+00  3.767385662393565475e-05  3.767385662393565475e-05
6.201099109739709903e+00  3.202773230531548481e-05  3.202773230531548481e-05
6.301099109739709547e+00  2.731225481914528215e-05  2.731225481914528215e-05
6.401099109739709192e+00  2.329576416445924922e-05  2.329576416445924922e-05
6.501099109739708837e+00  1.982661235296148569e-05  1.982661235296148569e-05
6.601099109739710258e+00  1.681559952573866213e-05  1.681559952573866213e-05
6.701099109739709903e+00  1.421212504371941658e-05  1.421212504371941658e-05
6.801099109739709547e+00  1.198252302574713053e-05  1.198252302574713053e-05
6.901099109739709192e+00  1.009528399042584188e-05  1.009528399042584188e-05
7.001099109739708837e+00  8.514189213887034382e-06  8.514189213887034382e-06
7.101099109739710258e+00  7.197817526299713483e-06  7.197817526299713483e-06
7.201099109739709903e+00  6.102731946856891225e-06  6.102731946856891225e-06
7.301099109739709547e+00  5.187700713054509797e-06  5.187700713054509797e-06
7.401099109739709192e+00  4.417080381981030499e-06  4.417080381981030499e-06
7.501099109739708837e+00  3.762490110554407514e-06  3.762490110554407514e-06
7.601099109739710258e+00  3.202764585779225660e-06  3.202764585779225660e-06
7.701099109739709903e+00  2.722700014898384789e-06  2.722700014898384789e-06
7.801099109739709547e+00  2.311280969933297432e-06  2.311280969933297432e-06
7.901099109739709192e+00  1.959982459068259293e-06  1.959982459068259293e-06
8.001099109739710613e+00  1.661510736377731249e-06  1.661510736377731249e-06
8.101099109739710258e+00  1.409097004955498609e-06  1.409097004955498609e-06
8.201099109739709903e+00  1.196268994456755801e-06  1.196268994456755801e-06
8.301099109739709547e+00  1.016927807396047963e-06  1.016927807396047963e-06
8.401099109739709192e+00  8.655446755599215723e-07  8.655446755599215723e-07
8.501099109739710613e+00  7.373359297460014112e-07  7.373359297460014112e-07
8.601099109739710258e+00  6.283408434751219702e-07  6.283408434751219702e-07
8.701099109739709903e+00  5.353886757791791392e-07  5.353886757791791392e-07
8.801099109739709547e+00  4.559825485150798508e-07  4.559825485150798508e-07
8.901099109739709192e+00  3.881448211236370566e-07  3.881448211236370566e-07
9.001099109739710613e+00  3.302658383858875069e-07  3.302658383858875069e-07
9.101099109739710258e+00  2.809837313010185161e-07  2.809837313010185161e-07
9.201099109739709903e+00  2.391058058685573824e-07  2.391058058685573824e-07
9.301099109739709547e+00  2.035680407986556395e-07  2.035680407986556395e-07
9.401099109739709192e+00  1.734212065055882035e-07  1.734212065055882035e-07
9.501099109739710613e+00  1.478301767519858425e-07  1.478301767519858425e-07
9.601099109739710258e+00  1.260754300954858591e-07  1.260754300954858591e-07
9.701099109739709903e+00  1.075502199107559842e-07  1.075502199107559842e-07
9.801099109739709547e+00  9.175139921927470491e-08  9.175139921927470491e-08
9.901099109739709192e+00  7.826514475012749370e-08  7.826514475012749370e-08
1.000109910973971061e+01  6.675039290992252776e-08  6.675039290992252776e-08
1.010109910973971026e+01  5.692288388974200149e-08  5.692288388974200149e-08
1.020109910973970990e+01  4.854185841562029343e-08  4.854185841562029343e-08
1.030109910973970955e+01  4.140027211295797209e-08  4.140027211295797209e-08
1.040109910973970919e+01  3.531835564088416265e-08  3.531835564088416265e-08
