-1.636361594490665983e+00  6.747330072559286448e-38  6.747330072559286448e-38
-1.536361594490665894e+00  4.434253266090349150e-35  4.434253266090349150e-35
-1.436361594490666249e+00  2.842186066562230430e-32  2.842186066562230430e-32
-1.336361594490665716e+00  1.436637262481849667e-29  1.436637262481849667e-29
-1.236361594490666072e+00  5.537672926022674455e-27  5.537672926022674455e-27
-1.136361594490665983e+00  1.619709494252109701e-24  1.619709494252109701e-24
-1.036361594490665894e+00  3.591911668027499690e-22  3.591911668027499690e-22
-9.363615944906658051e-01  6.038492447035975818e-20  6.038492447035975818e-20
-8.363615944906659383e-01  7.695422562813900538e-18  7.695422562813900538e-18
-7.363615944906660715e-01  7.434202631311502659e-16  7.434202631311502659e-16
-6.363615944906659827e-01  5.444192711061126115e-14  5.444192711061126115e-14
-5.363615944906658939e-01  3.022244010225663420e-12  3.022244010225663420e-12
-4.363615944906658051e-01  1.271810560030512716e-10  1.271810560030512716e-10
-3.363615944906659383e-01  4.057066877200822140e-09  4.057066877200822140e-09
-2.363615944906658495e-01  9.810671535106931363e-08  9.810671535106931363e-08
-1.363615944906659827e-01  1.798382755359591349e-06  1.798382755359591349e-06
-3.636159449066589389e-02  2.498977507914025757e-05  2.498977507914025757e-05
6.363840550933419493e-02  2.632324282441158040e-04  2.632324282441158040e-04
1.636384055093340617e-01  2.101905863151753463e-03  2.101905863151753463e-03
2.636384055093341505e-01  1.272283726169756712e-02  1.272283726169756712e-02
3.636384055093340173e-01  5.837831398261638521e-02  5.837831398261638521e-02
4.636384055093341061e-01  2.030561110316957130e-01  2.030561110316957130e-01
5.636384055093341949e-01  5.353992443557960001e-01  5.353992443557960001e-01
6.636384055093342837e-01  1.070132171850797453e+00  1.070132171850797453e+00
7.636384055093343726e-01  1.621429808523023874e+00  1.621429808523023874e+00
8.636384055093340173e-01  1.862401206979751311e+00  1.862401206979751311e+00
9.636384055093341061e-01  1.621911037969197666e+00  1.621911037969197666e+00
1.063638405509334195e+00  1.071791889951558163e+00  1.071791889951558163e+00
1.163638405509334284e+00  5.401065666917851393e-01  5.401065666917851393e-01
1.263638405509334373e+00  2.146401967267404787e-01  2.146401967267404787e-01
1.363638405509334017e+00  8.319287455822088617e-02  8.319287455822088617e-02
1.463638405509334106e+00  5.900348569199276999e-02  5.900348569199276999e-02
1.563638405509334195e+00  7.725606728206535490e-02  7.725606728206535490e-02
1.663638405509334284e+00  1.065271094785123079e-01  1.065271094785123079e-01
1.763638405509334373e+00  1.308659191116910425e-01  1.308659191116910425e-01
1.863638405509334017e+00  1.403320297626437507e-01  1.403320297626437507e-01
1.963638405509334106e+00  1.312066746950076301e-01  1.312066746950076301e-01
2.063638405509334195e+00  1.071918720014940762e-01  1.071918720014940762e-01
2.163638405509334284e+00  7.704890429614101588e-02  7.704890429614101588e-02
2.263638405509334373e+00  4.974537394203678436e-02  4.974537394203678436e-02
2.363638405509334017e+00  3.057549618607706063e-02  3.057549618607706063e-02
2.463638405509334550e+00  2.031511371176779324e-02  2.031511371176779324e-02
2.563638405509334195e+00  1.677432184440718829e-02  1.677432184440718829e-02
2.663638405509333840e+00  1.687473618821109037e-02  1.687473618821109037e-02
2.763638405509334373e+00  1.800303031039541396e-02  1.800303031039541396e-02
2.863638405509334017e+00  1.850010230161353714e-02  1.850010230161353714e-02
2.963638405509334550e+00  1.765765188390433851e-02  1.765765188390433851e-02
3.063638405509334195e+00  1.552104371923273586e-02  1.552104371923273586e-02
3.163638405509334728e+00  1.260729069484842028e-02  1.260729069484842028e-02
3.263638405509334373e+00  9.588870620470061820e-03  9.588870620470061820e-03
3.363638405509334017e+00  7.020946563329942720e-03  7.020946563329942720e-03
3.463638405509334550e+00  5.189059892059732712e-03  5.189059892059732712e-03
3.563638405509334195e+00  4.099212263279814264e-03  4.099212263279814264e-03
3.663638405509334728e+00  3.568251992426591142e-03  3.568251992426591142e-03
3.763638405509334373e+00  3.345226629679496234e-03  3.345226629679496234e-03
3.863638405509334017e+00  3.208944273521284647e-03  3.208944273521284647e-03
3.963638405509334550e+00  3.019149460532719650e-03  3.019149460532719650e-03
4.063638405509333751e+00  2.724587226007389555e-03  2.724587226007389555e-03
4.163638405509335172e+00  2.342818627125241478e-03  2.342818627125241478e-03
4.263638405509334817e+00  1.927938603926165504e-03  1.927938603926165504e-03
4.363638405509334461e+00  1.539236528839333902e-03  1.539236528839333902e-03
4.463638405509334106e+00  1.219274313005811166e-03  1.219274313005811166e-03
4.563638405509333751e+00  9.847350196752443271e-04  9.847350196752443271e-04
4.663638405509335172e+00  8.286387651832687745e-04  8.286387651832687745e-04
4.763638405509334817e+00  7.294118311109581716e-04  7.294118311109581716e-04
4.863638405509334461e+00  6.615651246834850256e-04  6.615651246834850256e-04
4.963638405509334106e+00  6.040181097403299988e-04  6.040181097403299988e-04
5.063638405509333751e+00  5.442749783619009072e-04  5.442749783619009072e-04
5.163638405509335172e+00  4.786211049577588847e-04  4.786211049577588847e-04
5.263638405509334817e+00  4.096736072862234169e-04  4.096736072862234169e-04
5.363638405509334461e+00  3.429380808443574014e-04  3.429380808443574014e-04
5.463638405509334106e+00  2.837377826283264009e-04  2.837377826283264009e-04
5.563638405509333751e+00  2.353024963888906897e-04  2.353024963888906897e-04
5.663638405509335172e+00  1.981949324325542707e-04  1.981949324325542707e-04
5.763638405509334817e+00  1.707919512737124423e-04  1.707919512737124423e-04
5.863638405509334461e+00  1.503118034395645576e-04  1.503118034395645576e-04
5.963638405509334106e+00  1.338815688048992328e-04  1.338815688048992328e-04
6.063638405509333751e+00  1.192974535250393344e-04  1.192974535250393344e-04
6.163638405509335172e+00  1.053439311347949167e-04  1.053439311347949167e-04
6.263638405509334817e+00  9.172006997454287965e-05  9.172006997454287965e-05
6.363638405509334461e+00  7.872615558375512619e-05  7.872615558375512619e-05
6.463638405509334106e+00  6.688537773641984176e-05  6.688537773641984176e-05
6.563638405509335527e+00  5.663623439639285027e-05  5.663623439639285027e-05
6.663638405509335172e+00  4.816427276865659464e-05  4.816427276865659464e-05
6.763638405509334817e+00  4.137653038111978586e-05  4.137653038111978586e-05
6.863638405509334461e+00  3.597756592467474870e-05  3.597756592467474870e-05
6.963638405509334106e+00  3.158877864628591988e-05  3.158877864628591988e-05
7.063638405509335527e+00  2.785901245620008853e-05  2.785901245620008853e-05
7.163638405509335172e+00  2.453456253231112340e-05  2.453456253231112340e-05
7.263638405509334817e+00  2.147990973520321105e-05  2.147990973520321105e-05
7.363638405509334461e+00  1.865864012444710786e-05  1.865864012444710786e-05
7.463638405509334106e+00  1.609317406582444742e-05  1.609317406582444742e-05
7.563638405509335527e+00  1.382230874247722804e-05  1.382230874247722804e-05
7.663638405509335172e+00  1.186999159428926309e-05  1.186999159428926309e-05
7.763638405509334817e+00  1.023089376390325824e-05  1.023089376390325824e-05
7.863638405509334461e+00  8.871395940518380331e-06  8.871395940518380331e-06
7.963638405509335882e+00  7.740364583399679692e-06  7.740364583399679692e-06
8.063638405509335527e+00  6.782978739084891507e-06  6.782978739084891507e-06
8.163638405509335172e+00  5.952180867076691740e-06  5.952180867076691740e-06
8.263638405509334817e+00  5.214867012885618703e-06  5.214867012885618703e-06
8.363638405509334461e+00  4.552519074180567500e-06  4.552519074180567500e-06
8.463638405509335882e+00  3.957806178265740283e-06  3.957806178265740283e-06
8.563638405509335527e+00  3.429434580568443191e-06  3.429434580568443191e-06
8.663638405509335172e+00  2.967327873752101038e-06  2.967327873752101038e-06
8.763638405509334817e+00  2.569445076755134056e-06  2.569445076755134056e-06
8.863638405509334461e+00  2.230620819813809885e-06  2.230620819813809885e-06
8.963638405509335882e+00  1.943071977569229400e-06  1.943071977569229400e-06
9.063638405509335527e+00  1.697825824083502992e-06  1.697825824083502992e-06
9.163638405509335172e+00  1.486290897552025958e-06  1.486290897552025958e-06
9.263638405509334817e+00  1.301407527976383171e-06  1.301407527976383171e-06
9.363638405509334461e+00  1.138132654245601895e-06  1.138132654245601895e-06
9.463638405509335882e+00  9.933023685886777284e-07  9.933023685886777284e-07
9.563638405509335527e+00  8.650963297459573612e-07  8.650963297459573612e-07
9.663638405509335172e+00  7.523805689682836097e-07  7.523805689682836097e-07
9.763638405509334817e+00  6.541550595533502653e-07  6.541550595533502653e-07
9.863638405509334461e+00  5.692286072901312292e-07  5.692286072901312292e-07
9.963638405509335882e+00  4.961355827499776975e-07  4.961355827499776975e-07
1.006363840550933553e+01  4.332313920426621272e-07  4.332313920426621272e-07
1.016363840550933517e+01  3.788703883247936538e-07  3.788703883247936538e-07
1.026363840550933482e+01  3.315769658043376797e-07  3.315769658043376797e-07
1.036363840550933446e+01  2.901526497188860885e-07  2.901526497188860885e-07
