-1.575153952420694559e+00  0.000000000000000000e+00  0.000000000000000000e+00
-1.475153952420694914e+00  0.000000000000000000e+00  0.000000000000000000e+00
-1.375153952420694825e+00  5.087888020873156912e-319  5.087888020873156912e-319
-1.275153952420694736e+00  7.078748422489602182e-292  7.078748422489602182e-292
-1.175153952420695092e+00  6.123335227970059561e-266  6.123335227970059561e-266
-1.075153952420694559e+00  3.293411769852324038e-241  3.293411769852324038e-241
-9.751539524206946918e-01  1.101362967730713168e-217  1.101362967730713168e-217
-8.751539524206948251e-01  2.290030914815205972e-195  2.290030914815205972e-195
-7.751539524206947362e-01  2.960592672918421293e-174  2.960592672918421293e-174
-6.751539524206946474e-01  2.379810705658678239e-154  2.379810705658678239e-154
-5.751539524206947807e-01  1.189412797371967864e-135  1.189412797371967864e-135
-4.751539524206946918e-01  3.696147032950361116e-118  3.696147032950361116e-118
-3.751539524206946030e-01  7.141547194082429662e-102  7.141547194082429662e-102
-2.751539524206947362e-01  8.579496888162719629e-87  8.579496888162719629e-87
-1.751539524206946474e-01  6.408520394298292341e-73  6.408520394298292341e-73
-7.515395242069478066e-02  2.976323679439938630e-60  2.976323679439938630e-60
2.484604757930530816e-02  8.594665673283028444e-49  8.594665673283028444e-49
1.248460475793053970e-01  1.543136183565752349e-38  1.543136183565752349e-38
2.248460475793052638e-01  1.722685352559104964e-29  1.722685352559104964e-29
3.248460475793053526e-01  1.195732701033002749e-21  1.195732701033002749e-21
4.248460475793052193e-01  5.160463268826912208e-15  5.160463268826912208e-15
5.248460475793053082e-01  1.384744710747670574e-09  1.384744710747670574e-09
6.248460475793053970e-01  2.310346812453082364e-05  2.310346812453082364e-05
7.248460475793054858e-01  2.396685674520995790e-02  2.396685674520995790e-02
8.248460475793055746e-01  1.545864490538100933e+00  1.545864490538100933e+00
9.248460475793052193e-01  6.199521945758029950e+00  6.199521945758029950e+00
1.024846047579305308e+00  1.545864490538082281e+00  1.545864490538082281e+00
1.124846047579305397e+00  2.396685674520938197e-02  2.396685674520938197e-02
1.224846047579305486e+00  2.310346812500690698e-05  2.310346812500690698e-05
1.324846047579305575e+00  1.388718259836019552e-09  1.388718259836019552e-09
1.424846047579305219e+00  8.254792223881711859e-09  8.254792223881711859e-09
1.524846047579305308e+00  4.276085563757099921e-06  4.276085563757099921e-06
1.624846047579305397e+00  5.523318892864771202e-04  5.523318892864771202e-04
1.724846047579305486e+00  1.778963630263146259e-02  1.778963630263146259e-02
1.824846047579305575e+00  1.428720380555498770e-01  1.428720380555498770e-01
1.924846047579305219e+00  2.861150021236877339e-01  2.861150021236877339e-01
2.024846047579305086e+00  1.428720380555489888e-01  1.428720380555489888e-01
2.124846047579305619e+00  1.778963630263434223e-02  1.778963630263434223e-02
2.224846047579305264e+00  5.523318925018515929e-04  5.523318925018515929e-04
2.324846047579305797e+00  4.277406988154397435e-06  4.277406988154397435e-06
2.424846047579305441e+00  2.233977683505664809e-07  2.233977683505664809e-07
2.524846047579305974e+00  1.387674628882090943e-05  1.387674628882090943e-05
2.624846047579305619e+00  3.545874371426785128e-04  3.545874371426785128e-04
2.724846047579305264e+00  3.589505684192397395e-03  3.589505684192397395e-03
2.824846047579305797e+00  1.439532339333843107e-02  1.439532339333843107e-02
2.924846047579305441e+00  2.287092269530057939e-02  2.287092269530057939e-02
3.024846047579305974e+00  1.439532339333971650e-02  1.439532339333971650e-02
3.124846047579305619e+00  3.589505684705732429e-03  3.589505684705732429e-03
3.224846047579306152e+00  3.545875309742324219e-04  3.545875309742324219e-04
3.324846047579305797e+00  1.388530693713822046e-05  1.388530693713822046e-05
3.424846047579305441e+00  6.055088509116526518e-07  6.055088509116526518e-07
3.524846047579305974e+00  8.886007665144588828e-06  8.886007665144588828e-06
3.624846047579305619e+00  1.009761888428870508e-04  1.009761888428870508e-04
3.724846047579306152e+00  5.730630893833337002e-04  5.730630893833337002e-04
3.824846047579305797e+00  1.624024295594024255e-03  1.624024295594024255e-03
3.924846047579305441e+00  2.298207391826653182e-03  2.298207391826653182e-03
4.024846047579305974e+00  1.624024295638346223e-03  1.624024295638346223e-03
4.124846047579305619e+00  5.730630943641452533e-04  5.730630943641452533e-04
4.224846047579306152e+00  1.009765070906740202e-04  1.009765070906740202e-04
4.324846047579305797e+00  8.896582676319253415e-06  8.896582676319253415e-06
4.424846047579305441e+00  6.429626285718633744e-07  6.429626285718633744e-07
4.524846047579305974e+00  3.085823112236349026e-06  3.085823112236349026e-06
4.624846047579305619e+00  2.150935392757132933e-05  2.150935392757132933e-05
4.724846047579306152e+00  8.626055621886829074e-05  8.626055621886829074e-05
4.824846047579305797e+00  1.984834590148730981e-04  1.984834590148730981e-04
4.924846047579305441e+00  2.620364312158802197e-04  2.620364312158802197e-04
5.024846047579305974e+00  1.984834592463489338e-04  1.984834592463489338e-04
5.124846047579305619e+00  8.626056762347097614e-05  8.626056762347097614e-05
5.224846047579306152e+00  2.150964395131616663e-05  2.150964395131616663e-05
5.324846047579305797e+00  3.085040159855144760e-06  3.085040159855144760e-06
5.424846047579305441e+00  3.518889768398160157e-07  3.518889768398160157e-07
5.524846047579305974e+00  8.093315990586123359e-07  8.093315990586123359e-07
5.624846047579305619e+00  4.031326054096320895e-06  4.031326054096320895e-06
5.724846047579306152e+00  1.282534663863609446e-05  1.282534663863609446e-05
5.824846047579305797e+00  2.568398065201657959e-05  2.568398065201657959e-05
5.924846047579305441e+00  3.237378391018326345e-05  3.237378391018326345e-05
6.024846047579305974e+00  2.568398105054016365e-05  2.568398105054016365e-05
6.124846047579305619e+00  1.282535457585775821e-05  1.282535457585775821e-05
6.224846047579306152e+00  4.031258012727838043e-06  4.031258012727838043e-06
6.324846047579305797e+00  8.007774832795947526e-07  8.007774832795947526e-07
6.424846047579305441e+00  1.289345890953740048e-07  1.289345890953740048e-07
6.524846047579305086e+00  1.845639784964746875e-07  1.845639784964746875e-07
6.624846047579306507e+00  7.093501403734536640e-07  7.093501403734536640e-07
6.724846047579306152e+00  1.911947619197600832e-06  1.911947619197600832e-06
6.824846047579305797e+00  3.467224255736447314e-06  3.467224255736447314e-06
6.924846047579305441e+00  4.228160308741955158e-06  4.228160308741955158e-06
7.024846047579305086e+00  3.467224471726277773e-06  3.467224471726277773e-06
7.124846047579306507e+00  1.911944297526895498e-06  1.911944297526895498e-06
7.224846047579306152e+00  7.090825058399594563e-07  7.090825058399594563e-07
7.324846047579305797e+00  1.778926696693055898e-07  1.778926696693055898e-07
7.424846047579305441e+00  3.713865273871480490e-08  3.713865273871480490e-08
7.524846047579305086e+00  3.910507885748615785e-08  3.910507885748615785e-08
7.624846047579306507e+00  1.208179218912878462e-07  1.208179218912878462e-07
7.724846047579306152e+00  2.872306128014147785e-07  2.872306128014147785e-07
7.824846047579305797e+00  4.835113003419119668e-07  4.835113003419119668e-07
7.924846047579305441e+00  5.751810873700351493e-07  5.751810873700351493e-07
8.024846047579305974e+00  4.835111576816104117e-07  4.835111576816104117e-07
8.124846047579307395e+00  2.872218379862288827e-07  2.872218379862288827e-07
8.224846047579305264e+00  1.206064737113815307e-07  1.206064737113815307e-07
8.324846047579306685e+00  3.607482493766158875e-08  3.607482493766158875e-08
8.424846047579304553e+00  9.200301055595726800e-09  9.200301055595726800e-09
8.524846047579305974e+00  7.944146202912878623e-09  7.944146202912878623e-09
8.624846047579307395e+00  2.024449913269884776e-08  2.024449913269884776e-08
8.724846047579305264e+00  4.355079811020475600e-08  4.355079811020475600e-08
8.824846047579306685e+00  6.917918970183644967e-08  6.917918970183644967e-08
8.924846047579304553e+00  8.072230363436395193e-08  8.072230363436395193e-08
9.024846047579305974e+00  6.917889127757215610e-08  6.917889127757215610e-08
9.124846047579305619e+00  4.354380313299431999e-08  4.354380313299431999e-08
9.224846047579305264e+00  2.014113834883399141e-08  2.014113834883399141e-08
9.324846047579304908e+00  6.912020275761558272e-09  6.912020275761558272e-09
9.424846047579304553e+00  2.064519341536634582e-09  2.064519341536634582e-09
9.524846047579305974e+00  1.570333887460610169e-09  1.570333887460610169e-09
9.624846047579305619e+00  3.368599055492847194e-09  3.368599055492847194e-09
9.724846047579305264e+00  6.666033845026330039e-09  6.666033845026330039e-09
9.824846047579304908e+00  1.010569699621904079e-08  1.010569699621904079e-08
9.924846047579304553e+00  1.161108526376015818e-08  1.161108526376015818e-08
1.002484604757930597e+01  1.010545803013843041e-08  1.010545803013843041e-08
1.012484604757930562e+01  6.662414676360797921e-09  6.662414676360797921e-09
1.022484604757930526e+01  3.330128785792071575e-09  3.330128785792071575e-09
1.032484604757930491e+01  1.276353968257160999e-09  1.276353968257160999e-09
1.042484604757930455e+01  4.330315806081586028e-10  4.330315806081586028e-10
