-1.563829781901283411e+00  2.632330174570843990e-34  2.632330174570843990e-34
-1.463829781901283766e+00  1.042144811136306569e-31  1.042144811136306569e-31
-1.363829781901283678e+00  3.619032716653363692e-29  3.619032716653363692e-29
-1.263829781901283589e+00  9.989182187080902442e-27  9.989182187080902442e-27
-1.163829781901283944e+00  2.155080662804373988e-24  2.155080662804373988e-24
-1.063829781901283411e+00  3.623529514739171340e-22  3.623529514739171340e-22
-9.638297819012835443e-01  4.745632697412200959e-20  4.745632697412200959e-20
-8.638297819012836776e-01  4.840602433989180069e-18  4.840602433989180069e-18
-7.638297819012835888e-01  3.845347787584958703e-16  3.845347787584958703e-16
-6.638297819012834999e-01  2.379028221193336250e-14  2.379028221193336250e-14
-5.638297819012836332e-01  1.146279184969832397e-12  1.146279184969832397e-12
-4.638297819012835443e-01  4.301379593407125843e-11  4.301379593407125843e-11
-3.638297819012834555e-01  1.257047198592811978e-09  1.257047198592811978e-09
-2.638297819012835888e-01  2.861026036095373962e-08  2.861026036095373962e-08
-1.638297819012834999e-01  5.071289825461225624e-07  5.071289825461225624e-07
-6.382978190128363316e-02  7.000699594232897383e-06  7.000699594232897383e-06
3.617021809871645566e-02  7.526461437214535108e-05  7.526461437214535108e-05
1.361702180987165445e-01  6.301829212210632641e-04  6.301829212210632641e-04
2.361702180987164112e-01  4.109309130217266015e-03  4.109309130217266015e-03
3.361702180987165001e-01  2.086879670967044936e-02  2.086879670967044936e-02
4.361702180987163668e-01  8.253771732629293367e-02  8.253771732629293367e-02
5.361702180987164557e-01  2.542342461451197466e-01  2.542342461451197466e-01
6.361702180987165445e-01  6.098773319933356030e-01  6.098773319933356030e-01
7.361702180987166333e-01  1.139406495576457123e+00  1.139406495576457123e+00
8.361702180987167221e-01  1.657852189906609430e+00  1.657852189906609430e+00
9.361702180987163668e-01  1.878693350806648121e+00  1.878693350806648121e+00
1.036170218098716456e+00  1.658288292933947083e+00  1.658288292933947083e+00
1.136170218098716544e+00  1.140771987586157943e+00  1.140771987586157943e+00
1.236170218098716633e+00  6.133859626624711403e-01  6.133859626624711403e-01
1.336170218098716722e+00  2.621451358629970918e-01  2.621451358629970918e-01
1.436170218098716367e+00  9.827125557148963519e-02  9.827125557148963519e-02
1.536170218098716456e+00  4.848281252071651171e-02  4.848281252071651171e-02
1.636170218098716544e+00  4.688100435994417559e-02  4.688100435994417559e-02
1.736170218098716633e+00  5.909882584718525317e-02  5.909882584718525317e-02
1.836170218098716722e+00  7.061995127259658445e-02  7.061995127259658445e-02
1.936170218098716367e+00  7.514622726568984112e-02  7.514622726568984112e-02
2.036170218098716234e+00  7.068937197824008700e-02  7.068937197824008700e-02
2.136170218098716767e+00  5.881674270068443927e-02  5.881674270068443927e-02
2.236170218098716411e+00  4.344151199425118348e-02  4.344151199425118348e-02
2.336170218098716944e+00  2.877174098775490962e-02  2.877174098775490962e-02
2.436170218098716589e+00  1.756650355745315722e-02  1.756650355745315722e-02
2.536170218098717122e+00  1.057903975115305657e-02  1.057903975115305657e-02
2.636170218098716767e+00  7.082935092737339781e-03  7.082935092737339781e-03
2.736170218098716411e+00  5.776781603886587367e-03  5.776781603886587367e-03
2.836170218098716944e+00  5.467870412022856480e-03  5.467870412022856480e-03
2.936170218098716589e+00  5.359211947471360059e-03  5.359211947471360059e-03
3.036170218098717122e+00  5.057425721587172768e-03  5.057425721587172768e-03
3.136170218098716767e+00  4.467447798725810576e-03  4.467447798725810576e-03
3.236170218098717299e+00  3.669799170898554053e-03  3.669799170898554053e-03
3.336170218098716944e+00  2.814066977367444405e-03  2.814066977367444405e-03
3.436170218098716589e+00  2.040062058081334485e-03  2.040062058081334485e-03
3.536170218098717122e+00  1.433471696943240713e-03  1.433471696943240713e-03
3.636170218098716767e+00  1.016069044472537502e-03  1.016069044472537502e-03
3.736170218098717299e+00  7.609479319352690715e-04  7.609479319352690715e-04
3.836170218098716944e+00  6.179071525327808987e-04  6.179071525327808987e-04
3.936170218098716589e+00  5.360964072366466516e-04  5.360964072366466516e-04
4.036170218098717122e+00  4.774581822794889152e-04  4.774581822794889152e-04
4.136170218098716767e+00  4.206874417062847135e-04  4.206874417062847135e-04
4.236170218098717299e+00  3.587705387579335657e-04  3.587705387579335657e-04
4.336170218098716944e+00  2.937251529951828721e-04  2.937251529951828721e-04
4.436170218098716589e+00  2.312560299842793244e-04  2.312560299842793244e-04
4.536170218098717122e+00  1.768132752122090362e-04  1.768132752122090362e-04
4.636170218098716767e+00  1.335219187069489467e-04  1.335219187069489467e-04
4.736170218098717299e+00  1.017654942679769691e-04  1.017654942679769691e-04
4.836170218098716944e+00  7.984461046125338238e-05  7.984461046125338238e-05
4.936170218098716589e+00  6.505767249850615268e-05  6.505767249850615268e-05
5.036170218098717122e+00  5.469059350538244717e-05  5.469059350538244717e-05
5.136170218098716767e+00  4.664230034741926299e-05  4.664230034741926299e-05
5.236170218098717299e+00  3.964059654125213930e-05  3.964059654125213930e-05
5.336170218098716944e+00  3.314940091724077550e-05  3.314940091724077550e-05
5.436170218098716589e+00  2.712021276907708087e-05  2.712021276907708087e-05
5.536170218098717122e+00  2.172285929589711911e-05  2.172285929589711911e-05
5.636170218098716767e+00  1.713989183497581988e-05  1.713989183497581988e-05
5.736170218098717299e+00  1.345534893880964747e-05  1.345534893880964747e-05
5.836170218098716944e+00  1.062883085852174234e-05  1.062883085852174234e-05
5.936170218098716589e+00  8.525216309526817966e-06  8.525216309526817966e-06
6.036170218098717122e+00  6.966697787700296619e-06  6.966697787700296619e-06
6.136170218098716767e+00  5.781250384733243851e-06  5.781250384733243851e-06
6.236170218098717299e+00  4.833588552761052070e-06  4.833588552761052070e-06
6.336170218098716944e+00  4.035809456727892645e-06  4.035809456727892645e-06
6.436170218098716589e+00  3.342288757945363246e-06  3.342288757945363246e-06
6.536170218098716234e+00  2.736327505004050188e-06  2.736327505004050188e-06
6.636170218098717655e+00  2.215502468431045179e-06  2.215502468431045179e-06
6.736170218098717299e+00  1.780262156354244286e-06  1.780262156354244286e-06
6.836170218098716944e+00  1.427537188173441325e-06  1.427537188173441325e-06
6.936170218098716589e+00  1.148973231939356698e-06  1.148973231939356698e-06
7.036170218098716234e+00  9.322316236460673809e-07  9.322316236460673809e-07
7.136170218098717655e+00  7.635682337607010697e-07  7.635682337607010697e-07
7.236170218098717299e+00  6.302837517278242346e-07  6.302837517278242346e-07
7.336170218098716944e+00  5.222746586475644570e-07  5.222746586475644570e-07
7.436170218098716589e+00  4.325140574290846028e-07  4.325140574290846028e-07
7.536170218098716234e+00  3.566936493871643622e-07  3.566936493871643622e-07
7.636170218098717655e+00  2.924246915093627769e-07  2.924246915093627769e-07
7.736170218098717299e+00  2.383739607578730960e-07  2.383739607578730960e-07
7.836170218098716944e+00  1.935843951060441294e-07  1.935843951060441294e-07
7.936170218098716589e+00  1.570797382215561881e-07  1.570797382215561881e-07
8.036170218098718010e+00  1.277328567728633047e-07  1.277328567728633047e-07
8.136170218098717655e+00  1.043115807167554548e-07  1.043115807167554548e-07
8.236170218098717299e+00  8.560164925941335443e-08  8.560164925941335443e-08
8.336170218098716944e+00  7.052700351931189422e-08  7.052700351931189422e-08
8.436170218098716589e+00  5.822305590469999483e-08  5.822305590469999483e-08
8.536170218098718010e+00  4.805232788351866722e-08  4.805232788351866722e-08
8.636170218098717655e+00  3.957472530796163536e-08  3.957472530796163536e-08
8.736170218098717299e+00  3.249441243648857673e-08  3.249441243648857673e-08
8.836170218098716944e+00  2.660427319636231007e-08  2.660427319636231007e-08
8.936170218098716589e+00  2.174196005538986428e-08  2.174196005538986428e-08
9.036170218098718010e+00  1.776306873959868643e-08  1.776306873959868643e-08
9.136170218098717655e+00  1.453017466478705484e-08  1.453017466478705484e-08
9.236170218098717299e+00  1.191269270300315053e-08  1.191269270300315053e-08
9.336170218098716944e+00  9.791688946101827199e-09  9.791688946101827199e-09
9.436170218098716589e+00  8.064954800058964980e-09  8.064954800058964980e-09
9.536170218098718010e+00  6.649698179333373553e-09  6.649698179333373553e-09
9.636170218098717655e+00  5.482169128695721001e-09  5.482169128695721001e-09
9.736170218098717299e+00  4.514876774811947344e-09  4.514876774811947344e-09
9.836170218098716944e+00  3.712631250017739938e-09  3.712631250017739938e-09
9.936170218098716589e+00  3.048599500021273270e-09  3.048599500021273270e-09
1.003617021809871801e+01  2.501165369719305576e-09  2.501165369719305576e-09
1.013617021809871765e+01  2.051896105649088044e-09  2.051896105649088044e-09
1.023617021809871730e+01  1.684523211104361515e-09  1.684523211104361515e-09
1.033617021809871694e+01  1.384626911470682970e-09  1.384626911470682970e-09
1.043617021809871659e+01  1.139666576490082534e-09  1.139666576490082534e-09
