-1.608687753351614624e+00  0.000000000000000000e+00  0.000000000000000000e+00
-1.508687753351614980e+00  0.000000000000000000e+00  0.000000000000000000e+00
-1.408687753351614891e+00  0.000000000000000000e+00  0.000000000000000000e+00
-1.308687753351614802e+00  0.000000000000000000e+00  0.000000000000000000e+00
-1.208687753351615157e+00  0.000000000000000000e+00  0.000000000000000000e+00
-1.108687753351614624e+00  0.000000000000000000e+00  0.000000000000000000e+00
-1.008687753351614980e+00  0.000000000000000000e+00  0.000000000000000000e+00
-9.086877533516148908e-01  0.000000000000000000e+00  0.000000000000000000e+00
-8.086877533516148020e-01  0.000000000000000000e+00  0.000000000000000000e+00
-7.086877533516147132e-01  0.000000000000000000e+00  0.000000000000000000e+00
-6.086877533516148464e-01  0.000000000000000000e+00  0.000000000000000000e+00
-5.086877533516147576e-01  0.000000000000000000e+00  0.000000000000000000e+00
-4.086877533516146688e-01  0.000000000000000000e+00  0.000000000000000000e+00
-3.086877533516148020e-01  0.000000000000000000e+00  0.000000000000000000e+00
-2.086877533516147132e-01  1.346702757622483343e-291  1.346702757622483343e-291
-1.086877533516148464e-01  6.265580364961007589e-241  6.265580364961007589e-241
-8.687753351614757591e-03  4.356689578377023544e-195  4.356689578377023544e-195
9.131224664838533123e-02  4.527491935929971557e-154  4.527491935929971557e-154
1.913122466483851980e-01  7.031767630046786659e-118  7.031767630046786659e-118
2.913122466483852868e-01  1.632213977486676954e-86  1.632213977486676954e-86
3.913122466483851536e-01  5.662333321443001093e-60  5.662333321443001093e-60
4.913122466483852424e-01  2.935753087638957377e-38  2.935753087638957377e-38
5.913122466483853312e-01  2.274832258120695504e-21  2.274832258120695504e-21
6.913122466483854200e-01  2.634419828569949845e-09  2.634419828569949845e-09
7.913122466483855089e-01  4.559595869767537474e-02  4.559595869767537474e-02
8.913122466483851536e-01  1.179433538528591363e+01  1.179433538528591363e+01
9.913122466483852424e-01  4.559595869767314735e-02  4.559595869767314735e-02
1.091312246648385331e+00  2.634419828569697141e-09  2.634419828569697141e-09
1.191312246648385420e+00  2.274832258120356209e-21  2.274832258120356209e-21
1.291312246648385509e+00  2.935756389631716417e-38  2.935756389631716417e-38
1.391312246648385154e+00  6.150145105966742942e-31  6.150145105966742942e-31
1.491312246648385242e+00  4.428405792654611974e-20  4.428405792654611974e-20
1.591312246648385331e+00  1.232714022035399998e-11  1.232714022035399998e-11
1.691312246648385420e+00  1.326569904278026263e-05  1.326569904278026263e-05
1.791312246648385509e+00  5.518878370241837861e-02  5.518878370241837861e-02
1.891312246648385154e+00  8.876144906844022353e-01  8.876144906844022353e-01
1.991312246648385242e+00  5.518878370241700471e-02  5.518878370241700471e-02
2.091312246648385553e+00  1.326569904277960194e-05  1.326569904277960194e-05
2.191312246648385198e+00  1.232714022035308072e-11  1.232714022035308072e-11
2.291312246648385731e+00  4.428405792783106409e-20  4.428405792783106409e-20
2.391312246648385376e+00  9.059618452348759156e-22  9.059618452348759156e-22
2.491312246648385909e+00  1.568018825282840242e-14  1.568018825282840242e-14
2.591312246648385553e+00  6.684894479545717125e-09  6.684894479545717125e-09
2.691312246648385198e+00  7.020042787130956218e-05  7.020042787130956218e-05
2.791312246648385731e+00  1.815878893992997969e-02  1.815878893992997969e-02
2.891312246648385376e+00  1.157006826634545543e-01  1.157006826634545543e-01
2.991312246648385909e+00  1.815878893992938642e-02  1.815878893992938642e-02
3.091312246648385553e+00  7.020042787130956218e-05  7.020042787130956218e-05
3.191312246648386086e+00  6.684894479545052072e-09  6.684894479545052072e-09
3.291312246648385731e+00  1.568018825648306562e-14  1.568018825648306562e-14
3.391312246648385376e+00  1.578212050396885954e-17  1.578212050396885954e-17
3.491312246648385909e+00  4.234688288237623997e-12  4.234688288237623997e-12
3.591312246648385553e+00  7.065272401856113435e-08  7.065272401856113435e-08
3.691312246648386086e+00  7.329305306391695315e-05  7.329305306391695315e-05
3.791312246648385731e+00  4.727408743629915241e-03  4.727408743629915241e-03
3.891312246648385376e+00  1.895876024844864172e-02  1.895876024844864172e-02
3.991312246648385909e+00  4.727408743629799015e-03  4.727408743629799015e-03
4.091312246648385553e+00  7.329305306391337529e-05  7.329305306391337529e-05
4.191312246648386086e+00  7.065272401855586686e-08  7.065272401855586686e-08
4.291312246648385731e+00  4.234688303212382395e-12  4.234688303212382395e-12
4.391312246648385376e+00  3.059575286341349078e-15  3.059575286341349078e-15
4.491312246648385909e+00  6.704402600892783098e-11  6.704402600892783098e-11
4.591312246648385553e+00  1.600317138249811636e-07  1.600317138249811636e-07
4.691312246648386086e+00  4.139550431758471510e-05  4.139550431758471510e-05
4.791312246648385731e+00  1.160383249350243869e-03  1.160383249350243869e-03
4.891312246648385376e+00  3.524933070650201027e-03  3.524933070650201027e-03
4.991312246648385909e+00  1.160383249350221318e-03  1.160383249350221318e-03
5.091312246648385553e+00  4.139550431758308880e-05  4.139550431758308880e-05
5.191312246648386086e+00  1.600317138249717932e-07  1.600317138249717932e-07
5.291312246648385731e+00  6.704402837957425558e-11  6.704402837957425558e-11
5.391312246648385376e+00  6.588407785826458201e-14  6.588407785826458201e-14
5.491312246648385909e+00  2.614320450588025703e-10  2.614320450588025703e-10
5.591312246648385553e+00  1.706987976691728005e-07  1.706987976691728005e-07
5.691312246648386086e+00  1.749254756660971780e-05  1.749254756660971780e-05
5.791312246648385731e+00  2.813368524812875243e-04  2.813368524812875243e-04
5.891312246648385376e+00  7.101517223062563762e-04  7.101517223062563762e-04
5.991312246648385909e+00  2.813368524812828622e-04  2.813368524812828622e-04
6.091312246648385553e+00  1.749254756660913843e-05  1.749254756660913843e-05
6.191312246648386086e+00  1.706987976691662624e-07  1.706987976691662624e-07
6.291312246648385731e+00  2.614321040997847831e-10  2.614321040997847831e-10
6.391312246648385376e+00  4.282024724520212794e-13  4.282024724520212794e-13
6.491312246648385020e+00  4.621969173480697062e-10  4.621969173480697062e-10
6.591312246648386441e+00  1.195567674195354899e-07  1.195567674195354899e-07
6.691312246648386086e+00  6.323608364704244539e-06  6.323608364704244539e-06
6.791312246648385731e+00  6.839107748316162702e-05  6.839107748316162702e-05
6.891312246648385376e+00  1.512438089661283941e-04  1.512438089661283941e-04
6.991312246648385020e+00  6.839107748316162702e-05  6.839107748316162702e-05
7.091312246648386441e+00  6.323608364703889632e-06  6.323608364703889632e-06
7.191312246648386086e+00  1.195567674195811767e-07  1.195567674195811767e-07
7.291312246648385731e+00  4.621973809251174825e-10  4.621973809251174825e-10
7.391312246648385376e+00  1.333337916768050071e-12  1.333337916768050071e-12
7.491312246648385020e+00  5.014239001807322572e-10  5.014239001807322572e-10
7.591312246648386441e+00  6.476773520369100857e-08  6.476773520369100857e-08
7.691312246648386086e+00  2.086054554820631272e-06  2.086054554820631272e-06
7.791312246648385731e+00  1.675351090219851121e-05  1.675351090219851121e-05
7.891312246648385376e+00  3.355051746023267177e-05  3.355051746023267177e-05
7.991312246648386797e+00  1.675351090219809785e-05  1.675351090219809785e-05
8.091312246648385553e+00  2.086054554820528357e-06  2.086054554820528357e-06
8.191312246648386974e+00  6.476773520424552399e-08  6.476773520424552399e-08
8.291312246648384843e+00  5.014255561402215774e-10  5.014255561402215774e-10
8.391312246648386264e+00  2.492664453834619637e-12  2.492664453834619637e-12
8.491312246648387685e+00  3.943926599727338315e-10  3.943926599727338315e-10
8.591312246648385553e+00  2.968311025739048629e-08  2.968311025739048629e-08
8.691312246648386974e+00  6.500166376404663043e-07  6.500166376404663043e-07
8.791312246648384843e+00  4.141651129180167876e-06  4.141651129180167876e-06
8.891312246648386264e+00  7.678148845925527769e-06  7.678148845925527769e-06
8.991312246648387685e+00  4.141651129180076397e-06  4.141651129180076397e-06
9.091312246648385553e+00  6.500166376404383522e-07  6.500166376404383522e-07
9.191312246648385198e+00  2.968311026004306592e-08  2.968311026004306592e-08
9.291312246648384843e+00  3.943959060763548241e-10  3.943959060763548241e-10
9.391312246648384487e+00  3.198227620095960013e-12  3.198227620095960013e-12
9.491312246648385909e+00  2.483769092090488248e-10  2.483769092090488248e-10
9.591312246648385553e+00  1.213476037861867705e-08  1.213476037861867705e-08
9.691312246648385198e+00  1.951662716581066613e-07  1.951662716581066613e-07
9.791312246648384843e+00  1.033305883481164240e-06  1.033305883481164240e-06
9.891312246648384487e+00  1.800958122660209578e-06  1.800958122660209578e-06
9.991312246648385909e+00  1.033305883481143911e-06  1.033305883481143911e-06
1.009131224664838555e+01  1.951662716581029291e-07  1.951662716581029291e-07
1.019131224664838520e+01  1.213476038576065372e-08  1.213476038576065372e-08
1.029131224664838484e+01  2.483806661677414581e-10  2.483806661677414581e-10
1.039131224664838449e+01  3.088977904502178507e-12  3.088977904502178507e-12
