-1.509349305148178111e+00  0.000000000000000000e+00  0.000000000000000000e+00
-1.409349305148177578e+00  0.000000000000000000e+00  0.000000000000000000e+00
-1.309349305148177933e+00  0.000000000000000000e+00  0.000000000000000000e+00
-1.209349305148177844e+00  0.000000000000000000e+00  0.000000000000000000e+00
-1.109349305148177756e+00  0.000000000000000000e+00  0.000000000000000000e+00
-1.009349305148178111e+00  0.000000000000000000e+00  0.000000000000000000e+00
-9.093493051481778000e-01  0.000000000000000000e+00  0.000000000000000000e+00
-8.093493051481779332e-01  0.000000000000000000e+00  0.000000000000000000e+00
-7.093493051481778444e-01  0.000000000000000000e+00  0.000000000000000000e+00
-6.093493051481777556e-01  0.000000000000000000e+00  0.000000000000000000e+00
-5.093493051481778888e-01  4.277593798318956926e-305  4.277593798318956926e-305
-4.093493051481778000e-01  9.752971697712014480e-266  9.752971697712014480e-266
-3.093493051481777112e-01  4.292732975366920121e-229  4.292732975366920121e-229
-2.093493051481778444e-01  3.647457777104233563e-195  3.647457777104233563e-195
-1.093493051481777556e-01  5.982823075010689296e-164  5.982823075010689296e-164
-9.349305148177888825e-03  1.894442965767458848e-135  1.894442965767458848e-135
9.065069485182219999e-02  1.158020900772852299e-109  1.158020900772852299e-109
1.906506948518222888e-01  1.366503502023659589e-86  1.366503502023659589e-86
2.906506948518221556e-01  3.112895833948777929e-66  3.112895833948777929e-66
3.906506948518222444e-01  1.368919517584677998e-48  1.368919517584677998e-48
4.906506948518221112e-01  1.162119345895789829e-33  1.162119345895789829e-33
5.906506948518222000e-01  1.904509022784371268e-21  1.904509022784371268e-21
6.906506948518222888e-01  6.025246597544087085e-12  6.025246597544087085e-12
7.906506948518223776e-01  3.679816020985962946e-05  3.679816020985962946e-05
8.906506948518224664e-01  4.338472747390844653e-01  4.338472747390844653e-01
9.906506948518221112e-01  9.874318459673812498e+00  9.874318459673812498e+00
1.090650694851822200e+00  4.338472747390725859e-01  4.338472747390725859e-01
1.190650694851822289e+00  3.679816020985760336e-05  3.679816020985760336e-05
1.290650694851822378e+00  6.025246597543595138e-12  6.025246597543595138e-12
1.390650694851822466e+00  1.904534761363965205e-21  1.904534761363965205e-21
1.490650694851822111e+00  7.499304495300963734e-19  7.499304495300963734e-19
1.590650694851822200e+00  9.600351614544154846e-13  9.600351614544154846e-13
1.690650694851822289e+00  5.399866652845590698e-08  5.399866652845590698e-08
1.790650694851822378e+00  1.334469570422993148e-04  1.334469570422993148e-04
1.890650694851822466e+00  1.448985565199135440e-02  1.448985565199135440e-02
1.990650694851822111e+00  6.912723516087519726e-02  6.912723516087519726e-02
2.090650694851822422e+00  1.448985565199115318e-02  1.448985565199115318e-02
2.190650694851822067e+00  1.334469570422956556e-04  1.334469570422956556e-04
2.290650694851822600e+00  5.399866652845369676e-08  5.399866652845369676e-08
2.390650694851822244e+00  9.600352048362839885e-13  9.600352048362839885e-13
2.490650694851821889e+00  4.108459585788168860e-15  4.108459585788168860e-15
2.590650694851822422e+00  4.842955814162394935e-11  4.842955814162394935e-11
2.690650694851822067e+00  7.109533482692385200e-08  7.109533482692385200e-08
2.790650694851821711e+00  1.299545621912762079e-05  1.299545621912762079e-05
2.890650694851822244e+00  2.957752202398682465e-04  2.957752202398682465e-04
2.990650694851821889e+00  8.382081355539955543e-04  8.382081355539955543e-04
3.090650694851822422e+00  2.957752202398627713e-04  2.957752202398627713e-04
3.190650694851822067e+00  1.299545621912762079e-05  1.299545621912762079e-05
3.290650694851822600e+00  7.109533482692026534e-08  7.109533482692026534e-08
3.390650694851822244e+00  4.842956593785202319e-11  4.842956593785202319e-11
3.490650694851821889e+00  4.619034531904280023e-14  4.619034531904280023e-14
3.590650694851822422e+00  4.761414700132953179e-11  4.761414700132953179e-11
3.690650694851822067e+00  1.129234026364504357e-08  1.129234026364504357e-08
3.790650694851822600e+00  5.613668666836494142e-07  5.613668666836494142e-07
3.890650694851822244e+00  5.849577077086805245e-06  5.849577077086805245e-06
3.990650694851821889e+00  1.277665099470138214e-05  1.277665099470138214e-05
4.090650694851822422e+00  5.849577077086723930e-06  5.849577077086723930e-06
4.190650694851822067e+00  5.613668666836339559e-07  5.613668666836339559e-07
4.290650694851822600e+00  1.129234026365565133e-08  1.129234026365565133e-08
4.390650694851822244e+00  4.761418434517387718e-11  4.761418434517387718e-11
4.490650694851821889e+00  7.826507476243991588e-14  7.826507476243991588e-14
4.590650694851822422e+00  1.003239534475742751e-11  1.003239534475742751e-11
4.690650694851822067e+00  7.969712571812879893e-10  7.969712571812879893e-10
4.790650694851822600e+00  1.813898220599554284e-08  1.813898220599554284e-08
4.890650694851822244e+00  1.182810219921818454e-07  1.182810219921818454e-07
4.990650694851821889e+00  2.209780411778445448e-07  2.209780411778445448e-07
5.090650694851822422e+00  1.182810219921805484e-07  1.182810219921805484e-07
5.190650694851822067e+00  1.813898220599515241e-08  1.813898220599515241e-08
5.290650694851822600e+00  7.969712572151242258e-10  7.969712572151242258e-10
5.390650694851822244e+00  1.003241734185223650e-11  1.003241734185223650e-11
5.490650694851821889e+00  4.535022514618778491e-14  4.535022514618778491e-14
5.590650694851822422e+00  9.954883096041069826e-13  9.954883096041069826e-13
5.690650694851822067e+00  3.814039197769070336e-11  3.814039197769070336e-11
5.790650694851822600e+00  5.156563441182942357e-10  5.156563441182942357e-10
5.890650694851822244e+00  2.460058831377219160e-09  2.460058831377219160e-09
5.990650694851821889e+00  4.141336650573110700e-09  4.141336650573110700e-09
6.090650694851822422e+00  2.460058831377195999e-09  2.460058831377195999e-09
6.190650694851822067e+00  5.156563441183159492e-10  5.156563441183159492e-10
6.290650694851822600e+00  3.814039199255517775e-11  3.814039199255517775e-11
6.390650694851822244e+00  9.954595189490627573e-13  9.954595189490627573e-13
6.490650694851821889e+00  1.033465347253992403e-14  1.033465347253992403e-14
6.590650694851821534e+00  6.488647164898585731e-14  6.488647164898585731e-14
6.690650694851822955e+00  1.476131228893062739e-12  1.476131228893062739e-12
6.790650694851822600e+00  1.375727072955873293e-11  1.375727072955873293e-11
6.890650694851822244e+00  5.250210053427030008e-11  5.250210053427030008e-11
6.990650694851821889e+00  8.204613823255669535e-11  8.204613823255669535e-11
7.090650694851821534e+00  5.250210053427033239e-11  5.250210053427033239e-11
7.190650694851822955e+00  1.375727072956798863e-11  1.375727072956798863e-11
7.290650694851822600e+00  1.476131202969272425e-12  1.476131202969272425e-12
7.390650694851822244e+00  6.485800084983492556e-14  6.485800084983492556e-14
7.490650694851821889e+00  1.264033320710084413e-15  1.264033320710084413e-15
7.590650694851821534e+00  3.276960406947760517e-15  3.276960406947760517e-15
7.690650694851822955e+00  5.033320598649662811e-14  5.033320598649662811e-14
7.790650694851822600e+00  3.548834774008224446e-13  3.548834774008224446e-13
7.890650694851822244e+00  1.145577897722692056e-12  1.145577897722692056e-12
7.990650694851821889e+00  1.693054381215297436e-12  1.693054381215297436e-12
8.090650694851824198e+00  1.145577897722681958e-12  1.145577897722681958e-12
8.190650694851822067e+00  3.548834773768268862e-13  3.548834773768268862e-13
8.290650694851823488e+00  5.033318152425411869e-14  5.033318152425411869e-14
8.390650694851821356e+00  3.268498152349322931e-15  3.268498152349322931e-15
8.490650694851822777e+00  1.032880176441359907e-16  1.032880176441359907e-16
8.590650694851824198e+00  1.406613826057555799e-16  1.406613826057555799e-16
8.690650694851822067e+00  1.583621404947548863e-15  1.583621404947548863e-15
8.790650694851823488e+00  8.987369136570225361e-15  8.987369136570225361e-15
8.890650694851821356e+00  2.546963164017240493e-14  2.546963164017240493e-14
8.990650694851822777e+00  3.604286947016372924e-14  3.604286947016372924e-14
9.090650694851824198e+00  2.546963164014937019e-14  2.546963164014937019e-14
9.190650694851823843e+00  8.987369114677905825e-15  8.987369114677905825e-15
9.290650694851823488e+00  1.583613339512021787e-15  1.583613339512021787e-15
9.390650694851823133e+00  1.393490842398035671e-16  1.393490842398035671e-16
9.490650694851822777e+00  6.440345306157879426e-18  6.440345306157879426e-18
9.590650694851824198e+00  5.433212688320326338e-18  5.433212688320326338e-18
9.690650694851823843e+00  4.722999448222434089e-17  4.722999448222434089e-17
9.790650694851823488e+00  2.253146894372770685e-16  2.253146894372770685e-16
9.890650694851823133e+00  5.753611951576910537e-16  5.753611951576910537e-16
9.990650694851822777e+00  7.864255113906086000e-16  7.864255113906086000e-16
1.009065069485182420e+01  5.753611951374675197e-16  5.753611951374675197e-16
1.019065069485182384e+01  2.253146816088977436e-16  2.253146816088977436e-16
1.029065069485182349e+01  4.722853867167139708e-17  4.722853867167139708e-17
1.039065069485182313e+01  5.299526561199335567e-18  5.299526561199335567e-18
1.049065069485182278e+01  3.326336371687945756e-19  3.326336371687945756e-19
