-1.636359994219422909e+00  4.193561606309641998e-13  4.193561606309641998e-13
-1.536359994219422376e+00  3.748090812702884726e-12  3.748090812702884726e-12
-1.436359994219422731e+00  3.146425314017425265e-11  3.146425314017425265e-11
-1.336359994219422642e+00  2.444959448456688943e-10  2.444959448456688943e-10
-1.236359994219422553e+00  1.745941573484863360e-09  1.745941573484863360e-09
-1.136359994219422909e+00  1.141682050578525119e-08  1.141682050578525119e-08
-1.036359994219422376e+00  6.824128813592284225e-08  6.824128813592284225e-08
-9.363599942194227310e-01  3.725140005015123755e-07  3.725140005015123755e-07
-8.363599942194226422e-01  1.856201653417802468e-06  1.856201653417802468e-06
-7.363599942194225534e-01  8.440800760155133174e-06  8.440800760155133174e-06
-6.363599942194226866e-01  3.502324350485403007e-05  3.502324350485403007e-05
-5.363599942194225978e-01  1.325892056008212130e-04  1.325892056008212130e-04
-4.363599942194225090e-01  4.579506331581123025e-04  4.579506331581123025e-04
-3.363599942194226422e-01  1.443031825918920062e-03  1.443031825918920062e-03
-2.363599942194225534e-01  4.148327771147451715e-03  4.148327771147451715e-03
-1.363599942194226866e-01  1.087944138637905039e-02  1.087944138637905039e-02
-3.635999421942259779e-02  2.603007492518727775e-02  2.603007492518727775e-02
6.364000578057749102e-02  5.681730342609931511e-02  5.681730342609931511e-02
1.636400057805773578e-01  1.131424885214558917e-01  1.131424885214558917e-01
2.636400057805774466e-01  2.055500494877639805e-01  2.055500494877639805e-01
3.636400057805773134e-01  3.406968631983483542e-01  3.406968631983483542e-01
4.636400057805774022e-01  5.152260046999026510e-01  5.152260046999026510e-01
5.636400057805774910e-01  7.109542179065123646e-01  7.109542179065123646e-01
6.636400057805775798e-01  8.952852594454041579e-01  8.952852594454041579e-01
7.636400057805776687e-01  1.029125654327474937e+00  1.029125654327474937e+00
8.636400057805773134e-01  1.080360546622784579e+00  1.080360546622784579e+00
9.636400057805774022e-01  1.036705979202408479e+00  1.036705979202408479e+00
1.063640005780577491e+00  9.109612670945794743e-01  9.109612670945794743e-01
1.163640005780577580e+00  7.356106920362051049e-01  7.356106920362051049e-01
1.263640005780577669e+00  5.498485254807616851e-01  5.498485254807616851e-01
1.363640005780577313e+00  3.860275865626545677e-01  3.860275865626545677e-01
1.463640005780577402e+00  2.617367187188606725e-01  2.617367187188606725e-01
1.563640005780577491e+00  1.794620042113989344e-01  1.794620042113989344e-01
1.663640005780577580e+00  1.315499154062549358e-01  1.315499154062549358e-01
1.763640005780577669e+00  1.065323910192940010e-01  1.065323910192940010e-01
1.863640005780577313e+00  9.385745580603342686e-02  9.385745580603342686e-02
1.963640005780577402e+00  8.607828062409092484e-02  8.607828062409092484e-02
2.063640005780577269e+00  7.904599620167039598e-02  7.904599620167039598e-02
2.163640005780577802e+00  7.111910050229695857e-02  7.111910050229695857e-02
2.263640005780577447e+00  6.217405187482907131e-02  6.217405187482907131e-02
2.363640005780577091e+00  5.279543538697990812e-02  5.279543538697990812e-02
2.463640005780577624e+00  4.373652566355287763e-02  4.373652566355287763e-02
2.563640005780577269e+00  3.561680941535323719e-02  3.561680941535323719e-02
2.663640005780576914e+00  2.879520082329065783e-02  2.879520082329065783e-02
2.763640005780577447e+00  2.336175308908369080e-02  2.336175308908369080e-02
2.863640005780577091e+00  1.919847082819872014e-02  1.919847082819872014e-02
2.963640005780577624e+00  1.606759524028530950e-02  1.606759524028530950e-02
3.063640005780577269e+00  1.369593595689315262e-02  1.369593595689315262e-02
3.163640005780577802e+00  1.183654240785328264e-02  1.183654240785328264e-02
3.263640005780577447e+00  1.030158634281491854e-02  1.030158634281491854e-02
3.363640005780577091e+00  8.969823655635145165e-03  8.969823655635145165e-03
3.463640005780577624e+00  7.776985759737207321e-03  7.776985759737207321e-03
3.563640005780577269e+00  6.698278888282695014e-03  6.698278888282695014e-03
3.663640005780577802e+00  5.730295186917300915e-03  5.730295186917300915e-03
3.763640005780577447e+00  4.876705456235434256e-03  4.876705456235434256e-03
3.863640005780577091e+00  4.139342777035550335e-03  4.139342777035550335e-03
3.963640005780577624e+00  3.514330778497126544e-03  3.514330778497126544e-03
4.063640005780577269e+00  2.991888229841376673e-03  2.991888229841376673e-03
4.163640005780577802e+00  2.558184175985642531e-03  2.558184175985642531e-03
4.263640005780577447e+00  2.197847659505287789e-03  2.197847659505287789e-03
4.363640005780577091e+00  1.896187902904216804e-03  1.896187902904216804e-03
4.463640005780577624e+00  1.640657006135022838e-03  1.640657006135022838e-03
4.563640005780577269e+00  1.421470130031856141e-03  1.421470130031856141e-03
4.663640005780577802e+00  1.231540173687270014e-03  1.231540173687270014e-03
4.763640005780577447e+00  1.065988201292073856e-03  1.065988201292073856e-03
4.863640005780577091e+00  9.214899292760307453e-04  9.214899292760307453e-04
4.963640005780577624e+00  7.956557349904782401e-04  7.956557349904782401e-04
5.063640005780577269e+00  6.865569790925728092e-04  6.865569790925728092e-04
5.163640005780577802e+00  5.924339259354324512e-04  5.924339259354324512e-04
5.263640005780577447e+00  5.115657465053658360e-04  5.115657465053658360e-04
5.363640005780577091e+00  4.422548358346446587e-04  4.422548358346446587e-04
5.463640005780577624e+00  3.828719267078525596e-04  3.828719267078525596e-04
5.563640005780577269e+00  3.319174784051687113e-04  3.319174784051687113e-04
5.663640005780577802e+00  2.880704624597772582e-04  2.880704624597772582e-04
5.763640005780577447e+00  2.502115803754342556e-04  2.502115803754342556e-04
5.863640005780577091e+00  2.174202859844154723e-04  2.174202859844154723e-04
5.963640005780577624e+00  1.889523089031133643e-04  1.889523089031133643e-04
6.063640005780577269e+00  1.642070109388345364e-04  1.642070109388345364e-04
6.163640005780577802e+00  1.426931502056769140e-04  1.426931502056769140e-04
6.263640005780577447e+00  1.239990465166755109e-04  1.239990465166755109e-04
6.363640005780577091e+00  1.077700988536881271e-04  1.077700988536881271e-04
6.463640005780576736e+00  9.369402115696500214e-05  9.369402115696500214e-05
6.563640005780578157e+00  8.149247554342055799e-05  8.149247554342055799e-05
6.663640005780577802e+00  7.091704100305549617e-05  7.091704100305549617e-05
6.763640005780577447e+00  6.174746427634007361e-05  6.174746427634007361e-05
6.863640005780577091e+00  5.379060146746737580e-05  5.379060146746737580e-05
6.963640005780576736e+00  4.687908777380498477e-05  4.687908777380498477e-05
7.063640005780578157e+00  4.086935637920050099e-05  4.086935637920050099e-05
7.163640005780577802e+00  3.563904879063951983e-05  3.563904879063951983e-05
7.263640005780577447e+00  3.108408527852910718e-05  3.108408527852910718e-05
7.363640005780577091e+00  2.711572195341691699e-05  2.711572195341691699e-05
7.463640005780576736e+00  2.365786586568275625e-05  2.365786586568275625e-05
7.563640005780578157e+00  2.064481126826871348e-05  2.064481126826871348e-05
7.663640005780577802e+00  1.801944725556193331e-05  1.801944725556193331e-05
7.763640005780577447e+00  1.573189943299788416e-05  1.573189943299788416e-05
7.863640005780577091e+00  1.373851796613113679e-05  1.373851796613113679e-05
7.963640005780578512e+00  1.200110944709499668e-05  1.200110944709499668e-05
8.063640005780577269e+00  1.048632081972994092e-05  1.048632081972994092e-05
8.163640005780578690e+00  9.165108040258481502e-06  9.165108040258481502e-06
8.263640005780576558e+00  8.012249574649709600e-06  8.012249574649709600e-06
8.363640005780577980e+00  7.005888016870445638e-06  7.005888016870445638e-06
8.463640005780579401e+00  6.127098619402624756e-06  6.127098619402624756e-06
8.563640005780577269e+00  5.359491047165658809e-06  5.359491047165658809e-06
8.663640005780578690e+00  4.688851860076202028e-06  4.688851860076202028e-06
8.763640005780576558e+00  4.102832566949522766e-06  4.102832566949522766e-06
8.863640005780577980e+00  3.590683951546619691e-06  3.590683951546619691e-06
8.963640005780579401e+00  3.143033511864363167e-06  3.143033511864363167e-06
9.063640005780579045e+00  2.751700250047237026e-06  2.751700250047237026e-06
9.163640005780578690e+00  2.409539970784989808e-06  2.409539970784989808e-06
9.263640005780578335e+00  2.110314470374351416e-06  2.110314470374351416e-06
9.363640005780577980e+00  1.848579065142957082e-06  1.848579065142957082e-06
9.463640005780579401e+00  1.619584320903701571e-06  1.619584320903701571e-06
9.563640005780579045e+00  1.419189208179674459e-06  1.419189208179674459e-06
9.663640005780578690e+00  1.243783981361717876e-06  1.243783981361717876e-06
9.763640005780578335e+00  1.090221777818801198e-06  1.090221777818801198e-06
9.863640005780577980e+00  9.557582846957406857e-07  9.557582846957406857e-07
9.963640005780579401e+00  8.379989204017621921e-07  8.379989204017621921e-07
1.006364000578057905e+01  7.348529360646438625e-07  7.348529360646438625e-07
1.016364000578057869e+01  6.444937560124758843e-07  6.444937560124758843e-07
1.026364000578057833e+01  5.653248107641987503e-07  5.653248107641987503e-07
1.036364000578057798e+01  4.959501021253892949e-07  4.959501021253892949e-07
