-1.552625270432775650e+00  6.711563157668717722e-273  6.711563157668717722e-273
-1.452625270432775118e+00  3.000497446507537336e-255  3.000497446507537336e-255
-1.352625270432775473e+00  2.012373561062778682e-234  2.012373561062778682e-234
-1.252625270432775384e+00  1.761173563082782145e-214  1.761173563082782145e-214
-1.152625270432775295e+00  2.002536521140431277e-195  2.002536521140431277e-195
-1.052625270432775650e+00  2.958308515560228844e-177  2.958308515560228844e-177
-9.526252704327753396e-01  5.677945411682015464e-160  5.677945411682015464e-160
-8.526252704327754728e-01  1.415871020517375861e-143  1.415871020517375861e-143
-7.526252704327753840e-01  4.587128473015978894e-128  4.587128473015978894e-128
-6.526252704327752951e-01  1.930824697663122539e-113  1.930824697663122539e-113
-5.526252704327754284e-01  1.055916357722390297e-99  1.055916357722390297e-99
-4.526252704327753396e-01  7.502412190336698432e-87  7.502412190336698432e-87
-3.526252704327752507e-01  6.925594428533252878e-75  6.925594428533252878e-75
-2.526252704327753840e-01  8.306114623046021338e-64  8.306114623046021338e-64
-1.526252704327752951e-01  1.294265920033836293e-53  1.294265920033836293e-53
-5.262527043277542838e-02  2.620196379405108799e-44  2.620196379405108799e-44
4.737472956722466044e-02  6.891740234100975545e-36  6.891740234100975545e-36
1.473747295672247493e-01  2.355096394744939920e-28  2.355096394744939920e-28
2.473747295672246160e-01  1.045618374778004913e-21  1.045618374778004913e-21
3.473747295672247049e-01  6.031460059892322443e-16  6.031460059892322443e-16
4.473747295672245716e-01  4.520187363243081669e-11  4.520187363243081669e-11
5.473747295672246604e-01  4.401240981647346625e-07  4.401240981647346625e-07
6.473747295672247493e-01  5.567735433213405992e-04  5.567735433213405992e-04
7.473747295672248381e-01  9.150962240505569611e-02  9.150962240505569611e-02
8.473747295672249269e-01  1.954067974671994445e+00  1.954067974671994445e+00
9.473747295672245716e-01  5.421223368503675033e+00  5.421223368503675033e+00
1.047374729567224660e+00  1.954067974671977126e+00  1.954067974671977126e+00
1.147374729567224749e+00  9.150962240505526590e-02  9.150962240505526590e-02
1.247374729567224838e+00  5.567735458533947012e-04  5.567735458533947012e-04
1.347374729567224927e+00  4.420471906083554628e-07  4.420471906083554628e-07
1.447374729567224572e+00  5.265073502273600973e-07  5.265073502273600973e-07
1.547374729567224660e+00  5.194891811107751125e-05  5.194891811107751125e-05
1.647374729567224749e+00  1.847686256495323538e-03  1.847686256495323538e-03
1.747374729567224838e+00  2.368766840695159595e-02  2.368766840695159595e-02
1.847374729567224927e+00  1.094608375394434813e-01  1.094608375394434813e-01
1.947374729567224572e+00  1.823213735929054002e-01  1.823213735929054002e-01
2.047374729567224882e+00  1.094608375394545002e-01  1.094608375394545002e-01
2.147374729567224527e+00  2.368766841068482842e-02  2.368766841068482842e-02
2.247374729567225060e+00  1.847686870111939824e-03  1.847686870111939824e-03
2.347374729567224705e+00  5.199999763885360284e-05  5.199999763885360284e-05
2.447374729567224350e+00  2.680028245240972440e-06  2.680028245240972440e-06
2.547374729567224882e+00  4.598850276206224833e-05  4.598850276206224833e-05
2.647374729567224527e+00  4.973539738698539749e-04  4.973539738698539749e-04
2.747374729567224172e+00  2.724342137913005491e-03  2.724342137913005491e-03
2.847374729567224705e+00  7.558215708604564854e-03  7.558215708604564854e-03
2.947374729567224350e+00  1.062034179494111483e-02  1.062034179494111483e-02
3.047374729567224882e+00  7.558215709430259402e-03  7.558215709430259402e-03
3.147374729567224527e+00  2.724342201048190939e-03  2.724342201048190939e-03
3.247374729567225060e+00  4.973568694877473313e-04  4.973568694877473313e-04
3.347374729567224705e+00  4.606644957458406521e-05  4.606644957458406521e-05
3.447374729567224350e+00  3.475064561320754084e-06  3.475064561320754084e-06
3.547374729567224882e+00  1.317825651565959939e-05  1.317825651565959939e-05
3.647374729567224527e+00  7.828897464951257968e-05  7.828897464951257968e-05
3.747374729567225060e+00  2.803136524462731941e-04  2.803136524462731941e-04
3.847374729567224705e+00  6.025768883172580347e-04  6.025768883172580347e-04
3.947374729567224350e+00  7.776816992974052573e-04  7.776816992974052573e-04
4.047374729567224882e+00  6.025768925819184911e-04  6.025768925819184911e-04
4.147374729567224527e+00  2.803137860899609446e-04  2.803137860899609446e-04
4.247374729567225060e+00  7.829129454151807408e-05  7.829129454151807408e-05
4.347374729567224705e+00  1.316882528187460274e-05  1.316882528187460274e-05
4.447374729567224350e+00  1.714635554555538495e-06  1.714635554555538495e-06
4.547374729567224882e+00  2.547202869356819058e-06  2.547202869356819058e-06
4.647374729567224527e+00  1.029842201260294025e-05  1.029842201260294025e-05
4.747374729567225060e+00  2.856321205381823802e-05  2.856321205381823802e-05
4.847374729567224705e+00  5.268666046296165497e-05  5.268666046296165497e-05
4.947374729567224350e+00  6.461482812683928074e-05  6.461482812683928074e-05
5.047374729567224882e+00  5.268666568521132354e-05  5.268666568521132354e-05
5.147374729567224527e+00  2.856325798773633499e-05  2.856325798773633499e-05
5.247374729567225060e+00  1.029692216518301701e-05  1.029692216518301701e-05
5.347374729567224705e+00  2.480090771325011054e-06  2.480090771325011054e-06
5.447374729567224350e+00  4.759754876491930419e-07  4.759754876491930419e-07
5.547374729567224882e+00  4.244449556248371292e-07  4.244449556248371292e-07
5.647374729567224527e+00  1.261816544781238196e-06  1.261816544781238196e-06
5.747374729567225060e+00  2.946481097282708694e-06  2.946481097282708694e-06
5.847374729567224705e+00  4.907525976072003961e-06  4.907525976072003961e-06
5.947374729567224350e+00  5.817305331657873702e-06  5.817305331657873702e-06
6.047374729567224882e+00  4.907525811344862427e-06  4.907525811344862427e-06
6.147374729567224527e+00  2.946392868282287530e-06  2.946392868282287530e-06
6.247374729567225060e+00  1.259320693471026289e-06  1.259320693471026289e-06
6.347374729567224705e+00  3.857083250523642547e-07  3.857083250523642547e-07
6.447374729567224350e+00  9.731050666371806193e-08  9.731050666371806193e-08
6.547374729567223994e+00  6.649883009398030148e-08  6.649883009398030148e-08
6.647374729567225415e+00  1.504934693626906707e-07  1.504934693626906707e-07
6.747374729567225060e+00  3.091419819457030347e-07  3.091419819457030347e-07
6.847374729567224705e+00  4.785583936029523690e-07  4.785583936029523690e-07
6.947374729567224350e+00  5.536534095153037854e-07  5.536534095153037854e-07
7.047374729567223994e+00  4.785541231841586024e-07  4.785541231841586024e-07
7.147374729567225415e+00  3.090485492909555083e-07  3.090485492909555083e-07
7.247374729567225060e+00  1.492011185396515645e-07  1.492011185396515645e-07
7.347374729567224705e+00  5.429723380783800432e-08  5.429723380783800432e-08
7.447374729567224350e+00  1.673456985353280567e-08  1.673456985353280567e-08
7.547374729567223994e+00  1.004238406963976651e-08  1.004238406963976651e-08
7.647374729567225415e+00  1.785156821363214293e-08  1.785156821363214293e-08
7.747374729567225060e+00  3.300024301101662208e-08  3.300024301101662208e-08
7.847374729567224705e+00  4.831601119734196190e-08  4.831601119734196190e-08
7.947374729567224350e+00  5.488469179781343323e-08  5.488469179781343323e-08
8.047374729567225771e+00  4.831247004361041147e-08  4.831247004361041147e-08
8.147374729567225415e+00  3.295505585894473912e-08  3.295505585894473912e-08
8.247374729567225060e+00  1.743561027390863033e-08  1.743561027390863033e-08
8.347374729567224705e+00  7.225466898309893937e-09  7.225466898309893937e-09
8.447374729567224350e+00  2.592223699324398900e-09  2.592223699324398900e-09
8.547374729567225771e+00  1.471080966726487558e-09  1.471080966726487558e-09
8.647374729567225415e+00  2.129146556604605372e-09  2.129146556604605372e-09
8.747374729567225060e+00  3.582090469810158129e-09  3.582090469810158129e-09
8.847374729567224705e+00  5.013150918449773127e-09  5.013150918449773127e-09
8.947374729567224350e+00  5.613184000759630852e-09  5.613184000759630852e-09
9.047374729567225771e+00  5.011522166743079764e-09  5.011522166743079764e-09
9.147374729567225415e+00  3.567310447782110296e-09  3.567310447782110296e-09
9.247374729567225060e+00  2.027159044069531044e-09  2.027159044069531044e-09
9.347374729567224705e+00  9.298073487470183451e-10  9.298073487470183451e-10
9.447374729567224350e+00  3.756550584242474963e-10  3.756550584242474963e-10
9.547374729567225771e+00  2.097155417399231184e-10  2.097155417399231184e-10
9.647374729567225415e+00  2.565490853732870849e-10  2.565490853732870849e-10
9.747374729567225060e+00  3.951344105763521631e-10  3.951344105763521631e-10
9.847374729567224705e+00  5.318482082999651360e-10  5.318482082999651360e-10
9.947374729567224350e+00  5.884173833157850559e-10  5.884173833157850559e-10
1.004737472956722577e+01  5.313113959539805851e-10  5.313113959539805851e-10
1.014737472956722542e+01  3.913394290717092851e-10  3.913394290717092851e-10
1.024737472956722506e+01  2.355174976259080023e-10  2.355174976259080023e-10
1.034737472956722470e+01  1.171991307505442369e-10  1.171991307505442369e-10
1.044737472956722435e+01  5.208004973007833144e-11  5.208004973007833144e-11
