-1.615114831769898451e+00  0.000000000000000000e+00  0.000000000000000000e+00
-1.515114831769898363e+00  0.000000000000000000e+00  0.000000000000000000e+00
-1.415114831769898274e+00  0.000000000000000000e+00  0.000000000000000000e+00
-1.315114831769898629e+00  0.000000000000000000e+00  0.000000000000000000e+00
-1.215114831769898540e+00  0.000000000000000000e+00  0.000000000000000000e+00
-1.115114831769898451e+00  0.000000000000000000e+00  0.000000000000000000e+00
-1.015114831769898363e+00  0.000000000000000000e+00  0.000000000000000000e+00
-9.151148317698982737e-01  0.000000000000000000e+00  0.000000000000000000e+00
-8.151148317698984069e-01  0.000000000000000000e+00  0.000000000000000000e+00
-7.151148317698985402e-01  0.000000000000000000e+00  0.000000000000000000e+00
-6.151148317698984513e-01  3.870526927877558053e-305  3.870526927877558053e-305
-5.151148317698983625e-01  8.824853729135527202e-266  8.824853729135527202e-266
-4.151148317698982737e-01  3.884225421748825847e-229  3.884225421748825847e-229
-3.151148317698984069e-01  3.300356277430174718e-195  3.300356277430174718e-195
-2.151148317698983181e-01  5.413482183758632018e-164  5.413482183758632018e-164
-1.151148317698984513e-01  1.714162881761412982e-135  1.714162881761412982e-135
-1.511483176989836252e-02  1.047820641886983709e-109  1.047820641886983709e-109
8.488516823010172629e-02  1.236463500508184599e-86  1.236463500508184599e-86
1.848851682301015931e-01  2.816664629005107317e-66  2.816664629005107317e-66
2.848851682301016819e-01  1.238649601790351203e-48  1.238649601790351203e-48
3.848851682301015487e-01  1.051529068389984611e-33  1.051529068389984611e-33
4.848851682301016375e-01  1.723271026802398724e-21  1.723271026802398724e-21
5.848851682301017263e-01  5.451868574351742288e-12  5.451868574351742288e-12
6.848851682301018151e-01  3.329635227276296991e-05  3.329635227276296991e-05
7.848851682301019039e-01  3.925612478968507624e-01  3.925612478968507624e-01
8.848851682301015487e-01  8.934652819916065525e+00  8.934652819916065525e+00
9.848851682301016375e-01  3.925612478968399932e-01  3.925612478968399932e-01
1.084885168230101726e+00  3.329635227276113354e-05  3.329635227276113354e-05
1.184885168230101815e+00  5.451868574351296386e-12  5.451868574351296386e-12
1.284885168230101904e+00  1.723502829437349664e-21  1.723502829437349664e-21
1.384885168230101549e+00  6.753902338698728236e-18  6.753902338698728236e-18
1.484885168230101637e+00  8.646113417908070244e-12  8.646113417908070244e-12
1.584885168230101726e+00  4.863140580325446684e-07  4.863140580325446684e-07
1.684885168230101815e+00  1.201828403987274894e-03  1.201828403987274894e-03
1.784885168230101904e+00  1.304961947294074609e-01  1.304961947294074609e-01
1.884885168230101549e+00  6.225625263160831091e-01  6.225625263160831091e-01
1.984885168230101637e+00  1.304961947294056568e-01  1.304961947294056568e-01
2.084885168230101726e+00  1.201828403987241934e-03  1.201828403987241934e-03
2.184885168230101815e+00  4.863140580325247631e-07  4.863140580325247631e-07
2.284885168230101904e+00  8.646117306619989424e-12  8.646117306619989424e-12
2.384885168230101549e+00  3.682177590136938185e-13  3.682177590136938185e-13
2.484885168230102082e+00  4.341177389996436765e-09  4.341177389996436765e-09
2.584885168230101726e+00  6.372915052875577505e-06  6.372915052875577505e-06
2.684885168230101371e+00  1.164899761137356106e-03  1.164899761137356106e-03
2.784885168230101904e+00  2.651299635796093568e-02  2.651299635796093568e-02
2.884885168230101549e+00  7.513614300458820727e-02  7.513614300458820727e-02
2.984885168230102082e+00  2.651299635796044302e-02  2.651299635796044302e-02
3.084885168230101726e+00  1.164899761137356106e-03  1.164899761137356106e-03
3.184885168230102259e+00  6.372915052875497884e-06  6.372915052875497884e-06
3.284885168230101904e+00  4.341184345762571101e-09  4.341184345762571101e-09
3.384885168230101549e+00  3.791416942566237807e-11  3.791416942566237807e-11
3.484885168230102082e+00  4.248115057153236752e-08  4.248115057153236752e-08
3.584885168230101726e+00  1.007498060239631807e-05  1.007498060239631807e-05
3.684885168230102259e+00  5.008492624752126140e-04  5.008492624752126140e-04
3.784885168230101904e+00  5.218969160326058371e-03  5.218969160326058371e-03
3.884885168230101549e+00  1.139927667160581942e-02  1.139927667160581942e-02
3.984885168230102082e+00  5.218969160325986380e-03  5.218969160325986380e-03
4.084885168230101726e+00  5.008492624751988446e-04  5.008492624751988446e-04
4.184885168230102259e+00  1.007498060249419612e-05  1.007498060249419612e-05
4.284885168230101904e+00  4.248148257428656789e-08  4.248148257428656789e-08
4.384885168230101549e+00  3.588538109113686473e-10  3.588538109113686473e-10
4.484885168230102082e+00  8.908976925111995863e-08  8.908976925111995863e-08
4.584885168230101726e+00  7.077276422492111114e-06  7.077276422492111114e-06
4.684885168230102259e+00  1.610780689238062969e-04  1.610780689238062969e-04
4.784885168230101904e+00  1.050360951704193717e-03  1.050360951704193717e-03
4.884885168230101549e+00  1.962332601866012983e-03  1.962332601866012983e-03
4.984885168230102082e+00  1.050360951704182224e-03  1.050360951704182224e-03
5.084885168230101726e+00  1.610780689238039388e-04  1.610780689238039388e-04
5.184885168230102259e+00  7.077276425511353278e-06  7.077276425511353278e-06
5.284885168230101904e+00  8.909239562807817773e-08  8.909239562807817773e-08
5.384885168230101549e+00  1.131617866531485787e-09  1.131617866531485787e-09
5.484885168230102082e+00  8.798491702113155966e-08  8.798491702113155966e-08
5.584885168230101726e+00  3.371101964086620694e-06  3.371101964086620694e-06
5.684885168230102259e+00  4.557714341062559307e-05  4.557714341062559307e-05
5.784885168230101904e+00  2.174363904083651379e-04  2.174363904083651379e-04
5.884885168230101549e+00  3.660389260944505374e-04  3.660389260944505374e-04
5.984885168230102082e+00  2.174363904083631322e-04  2.174363904083631322e-04
6.084885168230101726e+00  4.557714341065293530e-05  4.557714341065293530e-05
6.184885168230102259e+00  3.371101986803021548e-06  3.371101986803021548e-06
6.284885168230101904e+00  8.799214768836526841e-08  8.799214768836526841e-08
6.384885168230101549e+00  1.836839644410601562e-09  1.836839644410601562e-09
6.484885168230101193e+00  5.705907401629071207e-08  5.705907401629071207e-08
6.584885168230102614e+00  1.298598607387702727e-06  1.298598607387702727e-06
6.684885168230102259e+00  1.210269970115636297e-05  1.210269970115636297e-05
6.784885168230101904e+00  4.618773366737037638e-05  4.618773366737037638e-05
6.884885168230101549e+00  7.217854414506715249e-05  7.217854414506715249e-05
6.984885168230101193e+00  4.618773366737064743e-05  4.618773366737064743e-05
7.084885168230102614e+00  1.210269970136064529e-05  1.210269970136064529e-05
7.184885168230102259e+00  1.298598676531181994e-06  1.298598676531181994e-06
7.284885168230101904e+00  5.706802093440260075e-08  5.706802093440260075e-08
7.384885168230101549e+00  1.877328822205294000e-09  1.877328822205294000e-09
7.484885168230101193e+00  2.862584782422543229e-08  2.862584782422543229e-08
7.584885168230102614e+00  4.407249154029708757e-07  4.407249154029708757e-07
7.684885168230102259e+00  3.107413087795878330e-06  3.107413087795878330e-06
7.784885168230101904e+00  1.003085232041279876e-05  1.003085232041279876e-05
7.884885168230101549e+00  1.482463872789358831e-05  1.482463872789358831e-05
7.984885168230102970e+00  1.003085232041456059e-05  1.003085232041456059e-05
8.084885168230101726e+00  3.107413088469238606e-06  3.107413088469238606e-06
8.184885168230103147e+00  4.407250208382803347e-07  4.407250208382803347e-07
8.284885168230101016e+00  2.862999131915850005e-08  2.862999131915850005e-08
8.384885168230102437e+00  1.384353251844234210e-09  1.384353251844234210e-09
8.484885168230103858e+00  1.215521468336818641e-08  1.215521468336818641e-08
8.584885168230101726e+00  1.380148372798891728e-07  1.380148372798891728e-07
8.684885168230103147e+00  7.832655512494835555e-07  7.832655512494835555e-07
8.784885168230101016e+00  2.219724683668790078e-06  2.219724683668790078e-06
8.884885168230102437e+00  3.141201575411566096e-06  3.141201575411566096e-06
8.984885168230103858e+00  2.219724683675424887e-06  2.219724683675424887e-06
9.084885168230101726e+00  7.832655524496530088e-07  7.832655524496530088e-07
9.184885168230103147e+00  1.380149177898737598e-07  1.380149177898737598e-07
9.284885168230101016e+00  1.215250771600983254e-08  1.215250771600983254e-08
9.384885168230102437e+00  8.095938180615926565e-10  8.095938180615926565e-10
9.484885168230103858e+00  4.608180809786322904e-09  4.608180809786322904e-09
9.584885168230101726e+00  4.096806078062582814e-08  4.096806078062582814e-08
9.684885168230103147e+00  1.954470758215681430e-07  1.954470758215681430e-07
9.784885168230101016e+00  4.990915906374241640e-07  4.990915906374241640e-07
9.884885168230102437e+00  6.821773222014624567e-07  6.821773222014624567e-07
9.984885168230103858e+00  4.990915906508353426e-07  4.990915906508353426e-07
1.008488516823010173e+01  1.954470770390107686e-07  1.954470770390107686e-07
1.018488516823010315e+01  4.096806860565738468e-08  4.096806860565738468e-08
1.028488516823010102e+01  4.601941114929943216e-09  4.601941114929943216e-09
1.038488516823010244e+01  4.004561318903723018e-10  4.004561318903723018e-10
