-1.611110701161024394e+00  3.738620886879984146e-42  3.738620886879984146e-42
-1.511110701161024750e+00  5.226333890051170207e-39  5.226333890051170207e-39
-1.411110701161024661e+00  7.091910607291982762e-36  7.091910607291982762e-36
-1.311110701161024572e+00  7.320361319318635205e-33  7.320361319318635205e-33
-1.211110701161024927e+00  5.573377494825312414e-30  5.573377494825312414e-30
-1.111110701161024394e+00  3.118308960219408768e-27  3.118308960219408768e-27
-1.011110701161024750e+00  1.281501150952803081e-24  1.281501150952803081e-24
-9.111107011610246609e-01  3.867985053693596888e-22  3.867985053693596888e-22
-8.111107011610245721e-01  8.574535991766024908e-20  8.574535991766024908e-20
-7.111107011610244832e-01  1.396031879810660313e-17  1.396031879810660313e-17
-6.111107011610246165e-01  1.669316322732992581e-15  1.669316322732992581e-15
-5.111107011610245277e-01  1.466021937043271553e-13  1.466021937043271553e-13
-4.111107011610244388e-01  9.455854965127343709e-12  9.455854965127343709e-12
-3.111107011610245721e-01  4.479397809655842743e-10  4.479397809655842743e-10
-2.111107011610244832e-01  1.558464663230076444e-08  1.558464663230076444e-08
-1.111107011610246165e-01  3.982289053822664834e-07  3.982289053822664834e-07
-1.111070116102452765e-02  7.473552586213033511e-06  7.473552586213033511e-06
8.888929883897556117e-02  1.030101225179434949e-04  1.030101225179434949e-04
1.888892988389754279e-01  1.042776434210281261e-03  1.042776434210281261e-03
2.888892988389755168e-01  7.752843365733084156e-03  7.752843365733084156e-03
3.888892988389753835e-01  4.233400102699422241e-02  4.233400102699422241e-02
4.888892988389754723e-01  1.697759413609407353e-01  1.697759413609407353e-01
5.888892988389755612e-01  5.000593753898667781e-01  5.000593753898667781e-01
6.888892988389756500e-01  1.081747422066047459e+00  1.081747422066047459e+00
7.888892988389757388e-01  1.718660981740246507e+00  1.718660981740246507e+00
8.888892988389753835e-01  2.005489971758675605e+00  2.005489971758675605e+00
9.888892988389754723e-01  1.718897369049583457e+00  1.718897369049583457e+00
1.088889298838975561e+00  1.082665106498500673e+00  1.082665106498500673e+00
1.188889298838975650e+00  5.029849729744320097e-01  5.029849729744320097e-01
1.288889298838975739e+00  1.777538616931611803e-01  1.777538616931611803e-01
1.388889298838975384e+00  6.097663526910589160e-02  6.097663526910589160e-02
1.488889298838975472e+00  4.508684583218022790e-02  4.508684583218022790e-02
1.588889298838975561e+00  6.511745522084298743e-02  6.511745522084298743e-02
1.688889298838975650e+00  9.434879117057974607e-02  9.434879117057974607e-02
1.788889298838975739e+00  1.188183651431414523e-01  1.188183651431414523e-01
1.888889298838975384e+00  1.283942900066390724e-01  1.283942900066390724e-01
1.988889298838975472e+00  1.190031986578411333e-01  1.190031986578411333e-01
2.088889298838975783e+00  9.476573293008641596e-02  9.476573293008641596e-02
2.188889298838975428e+00  6.521574754309548971e-02  6.521574754309548971e-02
2.288889298838975961e+00  3.956518427608655963e-02  3.956518427608655963e-02
2.388889298838975606e+00  2.257266889651519601e-02  2.257266889651519601e-02
2.488889298838976138e+00  1.422256878569013762e-02  1.422256878569013762e-02
2.588889298838975783e+00  1.187867797560781744e-02  1.187867797560781744e-02
2.688889298838975428e+00  1.250220182125586638e-02  1.250220182125586638e-02
2.788889298838975961e+00  1.377269704303824872e-02  1.377269704303824872e-02
2.888889298838975606e+00  1.431834809290216150e-02  1.431834809290216150e-02
2.988889298838976138e+00  1.360474924842292391e-02  1.360474924842292391e-02
3.088889298838975783e+00  1.174457184071290260e-02  1.174457184071290260e-02
3.188889298838976316e+00  9.249334301858279372e-03  9.249334301858279372e-03
3.288889298838975961e+00  6.737698718305031205e-03  6.737698718305031205e-03
3.388889298838975606e+00  4.685189149136212254e-03  4.685189149136212254e-03
3.488889298838976138e+00  3.300915744726770455e-03  3.300915744726770455e-03
3.588889298838975783e+00  2.544911068859698287e-03  2.544911068859698287e-03
3.688889298838976316e+00  2.229858181617618007e-03  2.229858181617618007e-03
3.788889298838975961e+00  2.133847761897150318e-03  2.133847761897150318e-03
3.888889298838975606e+00  2.078139140570381405e-03  2.078139140570381405e-03
3.988889298838976138e+00  1.959786085712864577e-03  1.959786085712864577e-03
4.088889298838975783e+00  1.749684549058858757e-03  1.749684549058858757e-03
4.188889298838976316e+00  1.471210834215969229e-03  1.471210834215969229e-03
4.288889298838975961e+00  1.172246349566498196e-03  1.172246349566498196e-03
4.388889298838975606e+00  9.000975349704538799e-04  9.000975349704538799e-04
4.488889298838976138e+00  6.854010311373398643e-04  6.854010311373398643e-04
4.588889298838975783e+00  5.369994213468752770e-04  5.369994213468752770e-04
4.688889298838976316e+00  4.457694271919718405e-04  4.457694271919718405e-04
4.788889298838975961e+00  3.930201293641786588e-04  3.930201293641786588e-04
4.888889298838975606e+00  3.590286820467710090e-04  3.590286820467710090e-04
4.988889298838976138e+00  3.288784682780969133e-04  3.288784682780969133e-04
5.088889298838975783e+00  2.947555253922427387e-04  2.947555253922427387e-04
5.188889298838976316e+00  2.553174277574889574e-04  2.553174277574889574e-04
5.288889298838975961e+00  2.134006186936469158e-04  2.134006186936469158e-04
5.388889298838975606e+00  1.733424170081180812e-04  1.733424170081180812e-04
5.488889298838976138e+00  1.388436203674330005e-04  1.388436203674330005e-04
5.588889298838975783e+00  1.118186020367911259e-04  1.118186020367911259e-04
5.688889298838976316e+00  9.223538485611569929e-05  9.223538485611569929e-05
5.788889298838975961e+00  7.864668057396951401e-05  7.864668057396951401e-05
5.888889298838975606e+00  6.900083814436670554e-05  6.900083814436670554e-05
5.988889298838976138e+00  6.137667970177471208e-05  6.137667970177471208e-05
6.088889298838975783e+00  5.443616754328665664e-05  5.443616754328665664e-05
6.188889298838976316e+00  4.755145899806990483e-05  4.755145899806990483e-05
6.288889298838975961e+00  4.068036178981361279e-05  4.068036178981361279e-05
6.388889298838975606e+00  3.411568994990340386e-05  3.411568994990340386e-05
6.488889298838975250e+00  2.822824722962178942e-05  2.822824722962178942e-05
6.588889298838976671e+00  2.328312410890221259e-05  2.328312410890221259e-05
6.688889298838976316e+00  1.935901454328793910e-05  1.935901454328793910e-05
6.788889298838975961e+00  1.635863664542380977e-05  1.635863664542380977e-05
6.888889298838975606e+00  1.407462365399499778e-05  1.407462365399499778e-05
6.988889298838975250e+00  1.227055856770060979e-05  1.227055856770060979e-05
7.088889298838976671e+00  1.074618336634985651e-05  1.074618336634985651e-05
7.188889298838976316e+00  9.371547098333049477e-06  9.371547098333049477e-06
7.288889298838975961e+00  8.089863728522286409e-06  8.089863728522286409e-06
7.388889298838975606e+00  6.898692913004081568e-06  6.898692913004081568e-06
7.488889298838975250e+00  5.822476602181418560e-06  5.822476602181418560e-06
7.588889298838976671e+00  4.887657664381349026e-06  4.887657664381349026e-06
7.688889298838976316e+00  4.106963149381782173e-06  4.106963149381782173e-06
7.788889298838975961e+00  3.474369116560922500e-06  3.474369116560922500e-06
7.888889298838975606e+00  2.968474058446653769e-06  2.968474058446653769e-06
7.988889298838977027e+00  2.560216206273944206e-06  2.560216206273944206e-06
8.088889298838976671e+00  2.220942450068176650e-06  2.220942450068176650e-06
8.188889298838976316e+00  1.928114276158433196e-06  1.928114276158433196e-06
8.288889298838975961e+00  1.667613083762937453e-06  1.667613083762937453e-06
8.388889298838975606e+00  1.433028386649255343e-06  1.433028386649255343e-06
8.488889298838977027e+00  1.223125598336440521e-06  1.223125598336440521e-06
8.588889298838976671e+00  1.038852416942088775e-06  1.038852416942088775e-06
8.688889298838976316e+00  8.809277381957511549e-07  8.809277381957511549e-07
8.788889298838975961e+00  7.485259402623733087e-07  7.485259402623733087e-07
8.888889298838975606e+00  6.390604823772099842e-07  6.390604823772099842e-07
8.988889298838977027e+00  5.487336506620869259e-07  5.487336506620869259e-07
9.088889298838976671e+00  4.733994713245929556e-07  4.733994713245929556e-07
9.188889298838976316e+00  4.093473264808111428e-07  4.093473264808111428e-07
9.288889298838975961e+00  3.537746627851311388e-07  3.537746627851311388e-07
9.388889298838975606e+00  3.048945978399953992e-07  3.048945978399953992e-07
9.488889298838977027e+00  2.617577562009193339e-07  2.617577562009193339e-07
9.588889298838976671e+00  2.239309535492438869e-07  2.239309535492438869e-07
9.688889298838976316e+00  1.911727184209445607e-07  1.911727184209445607e-07
9.788889298838975961e+00  1.632003384555443651e-07  1.632003384555443651e-07
9.888889298838975606e+00  1.395836830002821969e-07  1.395836830002821969e-07
9.988889298838977027e+00  1.197506995930862408e-07  1.197506995930862408e-07
1.008888929883897667e+01  1.030607329471706574e-07  1.030607329471706574e-07
1.018888929883897632e+01  8.889626812227791132e-08  8.889626812227791132e-08
1.028888929883897596e+01  7.673523514889553844e-08  7.673523514889553844e-08
1.038888929883897561e+01  6.618529718306600036e-08  6.618529718306600036e-08
