-1.530927835044761931e+00  2.367495319577611006e-69  2.367495319577611006e-69
-1.430927835044761842e+00  4.289320998358273425e-64  4.289320998358273425e-64
-1.330927835044762197e+00  6.828533306928699138e-59  6.828533306928699138e-59
-1.230927835044761665e+00  6.602166566727578515e-54  6.602166566727578515e-54
-1.130927835044762020e+00  3.833755019096084900e-49  3.833755019096084900e-49
-1.030927835044761931e+00  1.336564008151689586e-44  1.336564008151689586e-44
-9.309278350447618422e-01  2.797542388879623079e-40  2.797542388879623079e-40
-8.309278350447617534e-01  3.515481313090849261e-36  3.515481313090849261e-36
-7.309278350447618866e-01  2.652247790122214599e-32  2.652247790122214599e-32
-6.309278350447620198e-01  1.201336248925780771e-28  1.201336248925780771e-28
-5.309278350447619310e-01  3.266903075203204059e-25  3.266903075203204059e-25
-4.309278350447618422e-01  5.333706335532642567e-22  5.333706335532642567e-22
-3.309278350447617534e-01  5.228090948827476019e-19  5.228090948827476019e-19
-2.309278350447618866e-01  3.076651817710814870e-16  3.076651817710814870e-16
-1.309278350447617978e-01  1.087013027964794705e-13  1.087013027964794705e-13
-3.092783504476193102e-02  2.305750602576695768e-11  2.305750602576695768e-11
6.907216495523815780e-02  2.936372141735532752e-09  2.936372141735532752e-09
1.690721649552382466e-01  2.245075973629290357e-07  2.245075973629290357e-07
2.690721649552381134e-01  1.030557366224350209e-05  1.030557366224350209e-05
3.690721649552382022e-01  2.840105574943120668e-04  2.840105574943120668e-04
4.690721649552380690e-01  4.699135622735922842e-03  4.699135622735922842e-03
5.690721649552381578e-01  4.667911970228032920e-02  4.667911970228032920e-02
6.690721649552382466e-01  2.783867224273020580e-01  2.783867224273020580e-01
7.690721649552383354e-01  9.967713837323367576e-01  9.967713837323367576e-01
8.690721649552384243e-01  2.142711938289498352e+00  2.142711938289498352e+00
9.690721649552380690e-01  2.765369836950148930e+00  2.765369836950148930e+00
1.069072164955238158e+00  2.142713782069542550e+00  2.142713782069542550e+00
1.169072164955238247e+00  9.967876038299652297e-01  9.967876038299652297e-01
1.269072164955238335e+00  2.784966204828875913e-01  2.784966204828875913e-01
1.369072164955238424e+00  4.725604723112913214e-02  4.725604723112913214e-02
1.469072164955238069e+00  7.045865009789243315e-03  7.045865009789243315e-03
1.569072164955238158e+00  7.680324822810365507e-03  7.680324822810365507e-03
1.669072164955238247e+00  1.807282416907568176e-02  1.807282416907568176e-02
1.769072164955238335e+00  3.417863998940970371e-02  3.417863998940970371e-02
1.869072164955238424e+00  5.011140014609386656e-02  5.011140014609386656e-02
1.969072164955238069e+00  5.692902663570738320e-02  5.692902663570738320e-02
2.069072164955238158e+00  5.011339907038794145e-02  5.011339907038794145e-02
2.169072164955238247e+00  3.418719516061927144e-02  3.418719516061927144e-02
2.269072164955238335e+00  1.809398827069305313e-02  1.809398827069305313e-02
2.369072164955238424e+00  7.491373707622604565e-03  7.491373707622604565e-03
2.469072164955238069e+00  2.588957013521399515e-03  2.588957013521399515e-03
2.569072164955238602e+00  1.097632956514410507e-03  1.097632956514410507e-03
2.669072164955238247e+00  1.054179217823359750e-03  1.054179217823359750e-03
2.769072164955237891e+00  1.460836182375498896e-03  1.460836182375498896e-03
2.869072164955238424e+00  1.866294595314627351e-03  1.866294595314627351e-03
2.969072164955238069e+00  2.030191062806075211e-03  2.030191062806075211e-03
3.069072164955238602e+00  1.864929680902626362e-03  1.864929680902626362e-03
3.169072164955238247e+00  1.446142554786498729e-03  1.446142554786498729e-03
3.269072164955238780e+00  9.482768632149746104e-04  9.482768632149746104e-04
3.369072164955238424e+00  5.298644462060732915e-04  5.298644462060732915e-04
3.469072164955238069e+00  2.607005441052319471e-04  2.607005441052319471e-04
3.569072164955238602e+00  1.278550585429767694e-04  1.278550585429767694e-04
3.669072164955238247e+00  8.272157256729558762e-05  8.272157256729558762e-05
3.769072164955238780e+00  7.929090925699690587e-05  7.929090925699690587e-05
3.869072164955238424e+00  8.744394883266133525e-05  8.744394883266133525e-05
3.969072164955238069e+00  9.142463985875259555e-05  9.142463985875259555e-05
4.069072164955239046e+00  8.550666953726723959e-05  8.550666953726723959e-05
4.169072164955238691e+00  7.068494640278341504e-05  7.068494640278341504e-05
4.269072164955238335e+00  5.163090612091205284e-05  5.163090612091205284e-05
4.369072164955237980e+00  3.353273303956293225e-05  3.353273303956293225e-05
4.469072164955237625e+00  1.976531913679499829e-05  1.976531913679499829e-05
4.569072164955239046e+00  1.120496113515333459e-05  1.120496113515333459e-05
4.669072164955238691e+00  6.921374463445318818e-06  6.921374463445318818e-06
4.769072164955238335e+00  5.309532489379685226e-06  5.309532489379685226e-06
4.869072164955237980e+00  4.918090907340656875e-06  4.918090907340656875e-06
4.969072164955237625e+00  4.785635893984450538e-06  4.785635893984450538e-06
5.069072164955239046e+00  4.445883632589089382e-06  4.445883632589089382e-06
5.169072164955238691e+00  3.799284284196148207e-06  3.799284284196148207e-06
5.269072164955238335e+00  2.957235402676324177e-06  2.957235402676324177e-06
5.369072164955237980e+00  2.101078207209790922e-06  2.101078207209790922e-06
5.469072164955237625e+00  1.380528457185851048e-06  1.380528457185851048e-06
5.569072164955239046e+00  8.664929474590653033e-07  8.664929474590653033e-07
5.669072164955238691e+00  5.538040211695561674e-07  5.538040211695561674e-07
5.769072164955238335e+00  3.919078726335802509e-07  3.919078726335802509e-07
5.869072164955237980e+00  3.188038173989211763e-07  3.188038173989211763e-07
5.969072164955237625e+00  2.835565343242382892e-07  2.835565343242382892e-07
6.069072164955239046e+00  2.548180774364234696e-07  2.548180774364234696e-07
6.169072164955238691e+00  2.195561485175722479e-07  2.195561485175722479e-07
6.269072164955238335e+00  1.772561339009625443e-07  1.772561339009625443e-07
6.369072164955237980e+00  1.333701967100741307e-07  1.333701967100741307e-07
6.469072164955237625e+00  9.411508178978963551e-08  9.411508178978963551e-08
6.569072164955237270e+00  6.348979346565269497e-08  6.348979346565269497e-08
6.669072164955238691e+00  4.246102871257245683e-08  4.246102871257245683e-08
6.769072164955238335e+00  2.963140491235149810e-08  2.963140491235149810e-08
6.869072164955237980e+00  2.248918233887528249e-08  2.248918233887528249e-08
6.969072164955237625e+00  1.852505844923221597e-08  1.852505844923221597e-08
7.069072164955237270e+00  1.587993798789241908e-08  1.587993798789241908e-08
7.169072164955238691e+00  1.351767137672894618e-08  1.351767137672894618e-08
7.269072164955238335e+00  1.108436981349734986e-08  1.108436981349734986e-08
7.369072164955237980e+00  8.639829282872987311e-09  8.639829282872987311e-09
7.469072164955237625e+00  6.397818675341710100e-09  6.397818675341710100e-09
7.569072164955237270e+00  4.546992459218628680e-09  4.546992459218628680e-09
7.669072164955238691e+00  3.169332250223278534e-09  3.169332250223278534e-09
7.769072164955238335e+00  2.236824313659744923e-09  2.236824313659744923e-09
7.869072164955237980e+00  1.651200154017871515e-09  1.651200154017871515e-09
7.969072164955237625e+00  1.293162272886821139e-09  1.293162272886821139e-09
8.069072164955239046e+00  1.059539537754483667e-09  1.059539537754483667e-09
8.169072164955238691e+00  8.808718533289085000e-10  8.808718533289085000e-10
8.269072164955238335e+00  7.220813283503334203e-10  7.220813283503334203e-10
8.369072164955237980e+00  5.733258638883127968e-10  5.733258638883127968e-10
8.469072164955237625e+00  4.380847669538478388e-10  4.380847669538478388e-10
8.569072164955239046e+00  3.232319035540197230e-10  3.232319035540197230e-10
8.669072164955238691e+00  2.331368419063032438e-10  2.331368419063032438e-10
8.769072164955238335e+00  1.677133416416865926e-10  1.677133416416865926e-10
8.869072164955237980e+00  1.231635488420721875e-10  1.231635488420721875e-10
8.969072164955237625e+00  9.388619051736384555e-11  9.388619051736384555e-11
9.069072164955239046e+00  7.434082021579927935e-11  7.434082021579927935e-11
9.169072164955238691e+00  6.022985751862843714e-11  6.022985751862843714e-11
9.269072164955238335e+00  4.888230027777930827e-11  4.888230027777930827e-11
9.369072164955237980e+00  3.904458542209083317e-11  3.904458542209083317e-11
9.469072164955237625e+00  3.038946733977426629e-11  3.038946733977426629e-11
9.569072164955239046e+00  2.300870165757507937e-11  2.300870165757507937e-11
9.669072164955238691e+00  1.704470931374283159e-11  1.704470931374283159e-11
9.769072164955238335e+00  1.250587178914106265e-11  1.250587178914106265e-11
9.869072164955237980e+00  9.234342796804135611e-12  9.234342796804135611e-12
9.969072164955237625e+00  6.962408175910331018e-12  6.962408175910331018e-12
1.006907216495523905e+01  5.394968207966743444e-12  5.394968207966743444e-12
1.016907216495523869e+01  4.276220567202599381e-12  4.276220567202599381e-12
1.026907216495523834e+01  3.423283762706039948e-12  3.423283762706039948e-12
1.036907216495523798e+01  2.728551424263235050e-12  2.728551424263235050e-12
1.046907216495523762e+01  2.142347342491681317e-12  2.142347342491681317e-12
