-1.575268682104832507e+00  1.746357495109946935e-07  1.746357495109946935e-07
-1.475268682104832418e+00  5.749302306547309127e-07  5.749302306547309127e-07
-1.375268682104832330e+00  1.812596653610834051e-06  1.812596653610834051e-06
-1.275268682104832685e+00  5.460803250418685017e-06  5.460803250418685017e-06
-1.175268682104832596e+00  1.569961456566934386e-05  1.569961456566934386e-05
-1.075268682104832507e+00  4.303492726086233336e-05  4.303492726086233336e-05
-9.752686821048324184e-01  1.124112727471281105e-04  1.124112727471281105e-04
-8.752686821048323296e-01  2.797030896102105433e-04  2.797030896102105433e-04
-7.752686821048324628e-01  6.627948561758923059e-04  6.627948561758923059e-04
-6.752686821048325960e-01  1.495498826138639539e-03  1.495498826138639539e-03
-5.752686821048325072e-01  3.212709276800521964e-03  3.212709276800521964e-03
-4.752686821048324184e-01  6.570578303532934560e-03  6.570578303532934560e-03
-3.752686821048323296e-01  1.279267119446524797e-02  1.279267119446524797e-02
-2.752686821048324628e-01  2.370992410648314203e-02  2.370992410648314203e-02
-1.752686821048323740e-01  4.183130230199761518e-02  4.183130230199761518e-02
-7.526868210483250721e-02  7.025381778262548838e-02  7.025381778262548838e-02
2.473131789516758161e-02  1.123140807667854513e-01  1.123140807667854513e-01
1.247313178951676704e-01  1.709211503577160174e-01  1.709211503577160174e-01
2.247313178951675372e-01  2.476051665173318872e-01  2.476051665173318872e-01
3.247313178951676260e-01  3.414561048435834634e-01  3.414561048435834634e-01
4.247313178951674928e-01  4.482657271638545438e-01  4.482657271638545438e-01
5.247313178951675816e-01  5.602514720046999352e-01  5.602514720046999352e-01
6.247313178951676704e-01  6.666668812208743633e-01  6.666668812208743633e-01
7.247313178951677592e-01  7.553701811320034931e-01  7.553701811320034931e-01
8.247313178951678481e-01  8.150894270654720497e-01  8.150894270654720497e-01
9.247313178951674928e-01  8.378172339321982021e-01  8.378172339321982021e-01
1.024731317895167582e+00  8.206349861811791380e-01  8.206349861811791380e-01
1.124731317895167670e+00  7.663909876570751400e-01  7.663909876570751400e-01
1.224731317895167759e+00  6.830112468771101231e-01  6.830112468771101231e-01
1.324731317895167848e+00  5.816672979719432757e-01  5.816672979719432757e-01
1.424731317895167493e+00  4.743790236988384978e-01  4.743790236988384978e-01
1.524731317895167582e+00  3.717538149115220403e-01  3.717538149115220403e-01
1.624731317895167670e+00  2.814287923959654658e-01  2.814287923959654658e-01
1.724731317895167759e+00  2.074759842948888378e-01  2.074759842948888378e-01
1.824731317895167848e+00  1.506960395462304259e-01  1.506960395462304259e-01
1.924731317895167493e+00  1.094925592639892087e-01  1.094925592639892087e-01
2.024731317895167582e+00  8.094515559136536420e-02  8.094515559136536420e-02
2.124731317895167670e+00  6.176584761856107608e-02  6.176584761856107608e-02
2.224731317895167759e+00  4.896342842771827381e-02  4.896342842771827381e-02
2.324731317895167848e+00  4.018176194824721326e-02  4.018176194824721326e-02
2.424731317895167493e+00  3.377400103942541920e-02  3.377400103942541920e-02
2.524731317895168026e+00  2.871320357480868987e-02  2.871320357480868987e-02
2.624731317895167670e+00  2.443365304816913497e-02  2.443365304816913497e-02
2.724731317895167315e+00  2.066867042378080221e-02  2.066867042378080221e-02
2.824731317895167848e+00  1.731902614938992183e-02  1.731902614938992183e-02
2.924731317895167493e+00  1.436191320259989912e-02  1.436191320259989912e-02
3.024731317895168026e+00  1.179658559753081135e-02  1.179658559753081135e-02
3.124731317895167670e+00  9.617316172190536888e-03  9.617316172190536888e-03
3.224731317895168203e+00  7.803965268932759256e-03  7.803965268932759256e-03
3.324731317895167848e+00  6.322338954101270475e-03  6.322338954101270475e-03
3.424731317895167493e+00  5.128902816467694088e-03  5.128902816467694088e-03
3.524731317895168026e+00  4.176503502005293050e-03  4.176503502005293050e-03
3.624731317895167670e+00  3.419306023245229521e-03  3.419306023245229521e-03
3.724731317895168203e+00  2.816207289733352586e-03  2.816207289733352586e-03
3.824731317895167848e+00  2.332637055993186902e-03  2.332637055993186902e-03
3.924731317895167493e+00  1.941010343887993993e-03  1.941010343887993993e-03
4.024731317895168026e+00  1.620238400310912430e-03  1.620238400310912430e-03
4.124731317895167670e+00  1.354711151551446719e-03  1.354711151551446719e-03
4.224731317895168203e+00  1.133092334877412949e-03  1.133092334877412949e-03
4.324731317895167848e+00  9.471650589556282777e-04  9.471650589556282777e-04
4.424731317895167493e+00  7.908625009491897142e-04  7.908625009491897142e-04
4.524731317895168026e+00  6.595343716764049628e-04  6.595343716764049628e-04
4.624731317895167670e+00  5.494419901710033633e-04  5.494419901710033633e-04
4.724731317895168203e+00  4.574426433100319965e-04  4.574426433100319965e-04
4.824731317895167848e+00  3.808121950676207602e-04  3.808121950676207602e-04
4.924731317895167493e+00  3.171568956717509837e-04  3.171568956717509837e-04
5.024731317895168026e+00  2.643746706024876570e-04  2.643746706024876570e-04
5.124731317895167670e+00  2.206379379832858862e-04  2.206379379832858862e-04
5.224731317895168203e+00  1.843810445875547130e-04  1.843810445875547130e-04
5.324731317895167848e+00  1.542841149571191027e-04  1.542841149571191027e-04
5.424731317895167493e+00  1.292510163511622723e-04  1.292510163511622723e-04
5.524731317895168026e+00  1.083825075419606959e-04  1.083825075419606959e-04
5.624731317895167670e+00  9.094705481219638918e-05  9.094705481219638918e-05
5.724731317895168203e+00  7.635193325695071090e-05  7.635193325695071090e-05
5.824731317895167848e+00  6.411667569241486918e-05  6.411667569241486918e-05
5.924731317895167493e+00  5.385012633504686970e-05  5.385012633504686970e-05
6.024731317895168026e+00  4.523158351211303255e-05  4.523158351211303255e-05
6.124731317895167670e+00  3.799591954114183009e-05  3.799591954114183009e-05
6.224731317895168203e+00  3.192219073067544520e-05  3.192219073067544520e-05
6.324731317895167848e+00  2.682507780698355793e-05  2.682507780698355793e-05
6.424731317895167493e+00  2.254847784461822888e-05  2.254847784461822888e-05
6.524731317895167138e+00  1.896064611648151641e-05  1.896064611648151641e-05
6.624731317895168559e+00  1.595040962552121439e-05  1.595040962552121439e-05
6.724731317895168203e+00  1.342410578941194481e-05  1.342410578941194481e-05
6.824731317895167848e+00  1.130301639413817140e-05  1.130301639413817140e-05
6.924731317895167493e+00  9.521157429022352402e-06  9.521157429022352402e-06
7.024731317895167138e+00  8.023347716747118412e-06  8.023347716747118412e-06
7.124731317895168559e+00  6.763516836306113685e-06  6.763516836306113685e-06
7.224731317895168203e+00  5.703231727841835005e-06  5.703231727841835005e-06
7.324731317895167848e+00  4.810427989201525576e-06  4.810427989201525576e-06
7.424731317895167493e+00  4.058331763988001981e-06  4.058331763988001981e-06
7.524731317895167138e+00  3.424555367584476222e-06  3.424555367584476222e-06
7.624731317895168559e+00  2.890346975085559568e-06  2.890346975085559568e-06
7.724731317895168203e+00  2.439973096699635409e-06  2.439973096699635409e-06
7.824731317895167848e+00  2.060212561969725163e-06  2.060212561969725163e-06
7.924731317895167493e+00  1.739942133183525685e-06  1.739942133183525685e-06
8.024731317895168914e+00  1.469796219511523238e-06  1.469796219511523238e-06
8.124731317895168559e+00  1.241885967644463264e-06  1.241885967644463264e-06
8.224731317895168203e+00  1.049565839695391962e-06  1.049565839695391962e-06
8.324731317895167848e+00  8.872383630286061954e-07  8.872383630286061954e-07
8.424731317895167493e+00  7.501898925563610992e-07  7.501898925563610992e-07
8.524731317895168914e+00  6.344519183750730606e-07  6.344519183750730606e-07
8.624731317895168559e+00  5.366837115300245939e-07  5.366837115300245939e-07
8.724731317895168203e+00  4.540730015263098205e-07  4.540730015263098205e-07
8.824731317895167848e+00  3.842520085724687472e-07  3.842520085724687472e-07
8.924731317895167493e+00  3.252265944132796974e-07  3.252265944132796974e-07
9.024731317895168914e+00  2.753166158868305877e-07  2.753166158868305877e-07
9.124731317895168559e+00  2.331058143096612264e-07  2.331058143096612264e-07
9.224731317895168203e+00  1.973997831054252554e-07  1.973997831054252554e-07
9.324731317895167848e+00  1.671907432268215784e-07  1.671907432268215784e-07
9.424731317895167493e+00  1.416280284510555513e-07  1.416280284510555513e-07
9.524731317895168914e+00  1.199933422178368672e-07  1.199933422178368672e-07
9.624731317895168559e+00  1.016799932271081239e-07  1.016799932271081239e-07
9.724731317895168203e+00  8.617544679482644771e-08  8.617544679482644771e-08
9.824731317895167848e+00  7.304664182057681309e-08  7.304664182057681309e-08
9.924731317895167493e+00  6.192761902964524461e-08  6.192761902964524461e-08
1.002473131789516891e+01  5.250908582318456375e-08  5.250908582318456375e-08
1.012473131789516856e+01  4.452960827910548547e-08  4.452960827910548547e-08
1.022473131789516820e+01  3.776817368985712644e-08  3.776817368985712644e-08
1.032473131789516785e+01  3.203790969735781117e-08  3.203790969735781117e-08
1.042473131789516749e+01  2.718078064532255905e-08  2.718078064532255905e-08
