-1.500000003670103776e+00  4.240514891583310813e-08  4.240514891583310813e-08
-1.400000003670103688e+00  1.595425015338165261e-07  1.595425015338165261e-07
-1.300000003670104043e+00  5.686514202604607412e-07  5.686514202604607412e-07
-1.200000003670103510e+00  1.920117409946658410e-06  1.920117409946658410e-06
-1.100000003670103865e+00  6.142163445952243432e-06  6.142163445952243432e-06
-1.000000003670103776e+00  1.861345008551329927e-05  1.861345008551329927e-05
-9.000000036701036876e-01  5.343727645635850087e-05  5.343727645635850087e-05
-8.000000036701035988e-01  1.453361588758216841e-04  1.453361588758216841e-04
-7.000000036701037320e-01  3.744682205142822154e-04  3.744682205142822154e-04
-6.000000036701038653e-01  9.140462731683959537e-04  9.140462731683959537e-04
-5.000000036701037764e-01  2.113651216518331287e-03  2.113651216518331287e-03
-4.000000036701036876e-01  4.630313452854908571e-03  4.630313452854908571e-03
-3.000000036701035988e-01  9.609468915988135518e-03  9.609468915988135518e-03
-2.000000036701037320e-01  1.889297313375950041e-02  1.889297313375950041e-02
-1.000000036701036432e-01  3.518950469617549565e-02  3.518950469617549565e-02
-3.670103776443056631e-09  6.209232577966349031e-02  6.209232577966349031e-02
9.999999632989631237e-02  1.037945683557113946e-01  1.037945683557113946e-01
1.999999963298964012e-01  1.643702642098511524e-01  1.643702642098511524e-01
2.999999963298962680e-01  2.465947383212458155e-01  2.465947383212458155e-01
3.999999963298963568e-01  3.504743866926697260e-01  3.504743866926697260e-01
4.999999963298962236e-01  4.718899080736586593e-01  4.718899080736586593e-01
5.999999963298963124e-01  6.019175705642406671e-01  6.019175705642406671e-01
6.999999963298964012e-01  7.273530742711783459e-01  7.273530742711783459e-01
7.999999963298964900e-01  8.326557067860514971e-01  8.326557067860514971e-01
8.999999963298965788e-01  9.030204247572977128e-01  9.030204247572977128e-01
9.999999963298962236e-01  9.277727451196110531e-01  9.277727451196110531e-01
1.099999996329896312e+00  9.030204247572974907e-01  9.030204247572974907e-01
1.199999996329896401e+00  8.326557067860510530e-01  8.326557067860510530e-01
1.299999996329896490e+00  7.273530742711777908e-01  7.273530742711777908e-01
1.399999996329896579e+00  6.019175705642400009e-01  6.019175705642400009e-01
1.499999996329896224e+00  4.718899080736586593e-01  4.718899080736586593e-01
1.599999996329896312e+00  3.504743866926694484e-01  3.504743866926694484e-01
1.699999996329896401e+00  2.465947383212455657e-01  2.465947383212455657e-01
1.799999996329896490e+00  1.643702642098507916e-01  1.643702642098507916e-01
1.899999996329896579e+00  1.037945683557111587e-01  1.037945683557111587e-01
1.999999996329896224e+00  6.209232577966349031e-02  6.209232577966349031e-02
2.099999996329896312e+00  3.518950469617546095e-02  3.518950469617546095e-02
2.199999996329896401e+00  1.889297313375947265e-02  1.889297313375947265e-02
2.299999996329896490e+00  9.609468915988100823e-03  9.609468915988100823e-03
2.399999996329896579e+00  4.630313452854891224e-03  4.630313452854891224e-03
2.499999996329896224e+00  2.113651216518331287e-03  2.113651216518331287e-03
2.599999996329896756e+00  9.140462731683925927e-04  9.140462731683925927e-04
2.699999996329896401e+00  3.744682205142812396e-04  3.744682205142812396e-04
2.799999996329896046e+00  1.453361588758216841e-04  1.453361588758216841e-04
2.899999996329896579e+00  5.343727645635831791e-05  5.343727645635831791e-05
2.999999996329896224e+00  1.861345008551329927e-05  1.861345008551329927e-05
3.099999996329896756e+00  6.142163445952221409e-06  6.142163445952221409e-06
3.199999996329896401e+00  1.920117409946658410e-06  1.920117409946658410e-06
3.299999996329896934e+00  5.686514202604546002e-07  5.686514202604546002e-07
3.399999996329896579e+00  1.595425015338156790e-07  1.595425015338156790e-07
3.499999996329896224e+00  4.240514891583310813e-08  4.240514891583310813e-08
3.599999996329896756e+00  1.067757706081671635e-08  1.067757706081671635e-08
3.699999996329896401e+00  2.547057577719551213e-09  2.547057577719551213e-09
3.799999996329896934e+00  5.755946345960913709e-10  5.755946345960913709e-10
3.899999996329896579e+00  1.232272162764993557e-10  1.232272162764993557e-10
3.999999996329896224e+00  2.499242888125079681e-11  2.499242888125079681e-11
4.099999996329897201e+00  4.802000693421697076e-12  4.802000693421697076e-12
4.199999996329896845e+00  8.740733886786147047e-13  8.740733886786147047e-13
4.299999996329896490e+00  1.507250735413241556e-13  1.507250735413241556e-13
4.399999996329896135e+00  2.462266389749165279e-14  2.462266389749165279e-14
4.499999996329895779e+00  3.810627487064850338e-15  3.810627487064850338e-15
4.599999996329897201e+00  5.586886917433064279e-16  5.586886917433064279e-16
4.699999996329896845e+00  7.759883345850988706e-17  7.759883345850988706e-17
4.799999996329896490e+00  1.021062744676347362e-17  1.021062744676347362e-17
4.899999996329896135e+00  1.272804185259875054e-18  1.272804185259875054e-18
4.999999996329895779e+00  1.503082039082195413e-19  1.503082039082195413e-19
5.099999996329897201e+00  1.681572909642254963e-20  1.681572909642254963e-20
5.199999996329896845e+00  1.782217260664204099e-21  1.782217260664204099e-21
5.299999996329896490e+00  1.789441541094478392e-22  1.789441541094478392e-22
5.399999996329896135e+00  1.702104857188094984e-23  1.702104857188094984e-23
5.499999996329895779e+00  1.533793995756550023e-24  1.533793995756550023e-24
5.599999996329897201e+00  1.309361846842208336e-25  1.309361846842208336e-25
5.699999996329896845e+00  1.058922696678307365e-26  1.058922696678307365e-26
5.799999996329896490e+00  8.112986593010168770e-28  8.112986593010168770e-28
5.899999996329896135e+00  5.888561103950741091e-29  5.888561103950741091e-29
5.999999996329895779e+00  4.049016438783615729e-30  4.049016438783615729e-30
6.099999996329897201e+00  2.637556796185010554e-31  2.637556796185010554e-31
6.199999996329896845e+00  1.627668756037525847e-32  1.627668756037525847e-32
6.299999996329896490e+00  9.515731079374856230e-34  9.515731079374856230e-34
6.399999996329896135e+00  5.270237895927687148e-35  5.270237895927687148e-35
6.499999996329895779e+00  2.765223284734992431e-36  2.765223284734992431e-36
6.599999996329895424e+00  1.374491686237806084e-37  1.374491686237806084e-37
6.699999996329896845e+00  6.472409039137333559e-39  6.472409039137333559e-39
6.799999996329896490e+00  2.887365217762695824e-40  2.887365217762695824e-40
6.899999996329896135e+00  1.220251672593688328e-41  1.220251672593688328e-41
6.999999996329895779e+00  4.885500128801053450e-43  4.885500128801053450e-43
7.099999996329895424e+00  1.853021988735505054e-44  1.853021988735505054e-44
7.199999996329896845e+00  6.658310485734878826e-46  6.658310485734878826e-46
7.299999996329896490e+00  2.266519393728287242e-47  2.266519393728287242e-47
7.399999996329896135e+00  7.309148109457253216e-49  7.309148109457253216e-49
7.499999996329895779e+00  2.232986058061257760e-50  2.232986058061257760e-50
7.599999996329895424e+00  6.462747480449483229e-52  6.462747480449483229e-52
7.699999996329896845e+00  1.771986010484551301e-53  1.771986010484551301e-53
7.799999996329896490e+00  4.602728066149790065e-55  4.602728066149790065e-55
7.899999996329896135e+00  1.132614902601844609e-56  1.132614902601844609e-56
7.999999996329895779e+00  2.640347887711069714e-58  2.640347887711069714e-58
8.099999996329897201e+00  5.831119742365023086e-60  5.831119742365023086e-60
8.199999996329896845e+00  1.219985568563917924e-61  1.219985568563917924e-61
8.299999996329896490e+00  2.418072696546154212e-63  2.418072696546154212e-63
8.399999996329896135e+00  4.540419075046590955e-65  4.540419075046590955e-65
8.499999996329895779e+00  8.076709305420308379e-67  8.076709305420308379e-67
8.599999996329897201e+00  1.361083882098163231e-68  1.361083882098163231e-68
8.699999996329896845e+00  2.172937607522294483e-70  2.172937607522294483e-70
8.799999996329896490e+00  3.286408521793351693e-72  3.286408521793351693e-72
8.899999996329896135e+00  4.708773124928775291e-74  4.708773124928775291e-74
8.999999996329895779e+00  6.391545874815527478e-76  6.391545874815527478e-76
9.099999996329897201e+00  8.218943236890927583e-78  8.218943236890927583e-78
9.199999996329896845e+00  1.001239507854347160e-79  1.001239507854347160e-79
9.299999996329896490e+00  1.155505192575110653e-81  1.155505192575110653e-81
9.399999996329896135e+00  1.263332739613399621e-83  1.263332739613399621e-83
9.499999996329895779e+00  1.308505423954900655e-85  1.308505423954900655e-85
9.599999996329897201e+00  1.283941479571928737e-87  1.283941479571928737e-87
9.699999996329896845e+00  1.193512188004839229e-89  1.193512188004839229e-89
9.799999996329896490e+00  1.051042828838809300e-91  1.051042828838809300e-91
9.899999996329896135e+00  8.768511882397134516e-94  8.768511882397134516e-94
9.999999996329895779e+00  6.930160655993281821e-96  6.930160655993281821e-96
1.009999999632989720e+01  5.188868166480582972e-98  5.188868166480582972e-98
1.019999999632989685e+01  3.680559959664896338e-100  3.680559959664896338e-100
1.029999999632989649e+01  2.473244682298981298e-102  2.473244682298981298e-102
1.039999999632989613e+01  1.574462050102118322e-104  1.574462050102118322e-104
1.049999999632989578e+01  9.495311936956519611e-107  9.495311936956519611e-107
