-1.563829771197299046e+00  4.204127188744639515e-13  4.204127188744639515e-13
-1.463829771197298957e+00  3.858878046254648463e-12  3.858878046254648463e-12
-1.363829771197298868e+00  3.284758034968579645e-11  3.284758034968579645e-11
-1.263829771197299223e+00  2.571174132061154813e-10  2.571174132061154813e-10
-1.163829771197299134e+00  1.843308157334672888e-09  1.843308157334672888e-09
-1.063829771197299046e+00  1.207984346760168399e-08  1.207984346760168399e-08
-9.638297711972989568e-01  7.229476103275380430e-08  7.229476103275380430e-08
-8.638297711972988679e-01  3.949337037894362314e-07  3.949337037894362314e-07
-7.638297711972990012e-01  1.968808720823196991e-06  1.968808720823196991e-06
-6.638297711972991344e-01  8.955413088263692253e-06  8.955413088263692253e-06
-5.638297711972990456e-01  3.716530430565767238e-05  3.716530430565767238e-05
-4.638297711972989568e-01  1.407152199763104931e-04  1.407152199763104931e-04
-3.638297711972988679e-01  4.860544620252735411e-04  4.860544620252735411e-04
-2.638297711972990012e-01  1.531661994308502854e-03  1.531661994308502854e-03
-1.638297711972989124e-01  4.403230779042998679e-03  4.403230779042998679e-03
-6.382977119729904558e-02  1.154804841940084217e-02  1.154804841940084217e-02
3.617022880270104324e-02  2.762954940266845391e-02  2.762954940266845391e-02
1.361702288027011321e-01  6.030698887838686906e-02  6.030698887838686906e-02
2.361702288027009988e-01  1.200858944363766695e-01  1.200858944363766695e-01
3.361702288027010876e-01  2.181476259605334977e-01  2.181476259605334977e-01
4.361702288027009544e-01  3.615342649516382068e-01  3.615342649516382068e-01
5.361702288027010432e-01  5.466379123274694996e-01  5.466379123274694996e-01
6.361702288027011321e-01  7.540844830856955339e-01  7.540844830856955339e-01
7.361702288027012209e-01  9.491678782135445358e-01  9.491678782135445358e-01
8.361702288027013097e-01  1.090254819107322248e+00  1.090254819107322248e+00
9.361702288027009544e-01  1.143101644206694578e+00  1.143101644206694578e+00
1.036170228802701043e+00  1.094520353511701849e+00  1.094520353511701849e+00
1.136170228802701132e+00  9.579872773520667906e-01  9.579872773520667906e-01
1.236170228802701221e+00  7.679518469769535116e-01  7.679518469769535116e-01
1.336170228802701310e+00  5.661011191490035177e-01  5.661011191490035177e-01
1.436170228802700954e+00  3.870001742270099410e-01  3.870001742270099410e-01
1.536170228802701043e+00  2.496833953231372139e-01  2.496833953231372139e-01
1.636170228802701132e+00  1.572624355108184768e-01  1.572624355108184768e-01
1.736170228802701221e+00  1.021276769773358933e-01  1.021276769773358933e-01
1.836170228802701310e+00  7.257162496009599006e-02  7.257162496009599006e-02
1.936170228802700954e+00  5.771764548885953416e-02  5.771764548885953416e-02
2.036170228802701043e+00  4.977479177414093070e-02  4.977479177414093070e-02
2.136170228802701132e+00  4.421871632160497695e-02  4.421871632160497695e-02
2.236170228802701221e+00  3.898169838888026345e-02  3.898169838888026345e-02
2.336170228802701310e+00  3.347600544976813558e-02  3.347600544976813558e-02
2.436170228802700954e+00  2.783034934477025824e-02  2.783034934477025824e-02
2.536170228802701487e+00  2.240889539123085139e-02  2.240889539123085139e-02
2.636170228802701132e+00  1.755477869059060558e-02  1.755477869059060558e-02
2.736170228802700777e+00  1.348168303736128719e-02  1.348168303736128719e-02
2.836170228802701310e+00  1.025425745275672720e-02  1.025425745275672720e-02
2.936170228802700954e+00  7.816277778711612501e-03  7.816277778711612501e-03
3.036170228802701487e+00  6.037834372399526750e-03  6.037834372399526750e-03
3.136170228802701132e+00  4.762116743288150045e-03  4.762116743288150045e-03
3.236170228802701665e+00  3.840723369756317458e-03  3.840723369756317458e-03
3.336170228802701310e+00  3.153738064069615613e-03  3.153738064069615613e-03
3.436170228802700954e+00  2.616100953090063144e-03  2.616100953090063144e-03
3.536170228802701487e+00  2.174533976224737528e-03  2.174533976224737528e-03
3.636170228802701132e+00  1.799756249136612611e-03  1.799756249136612611e-03
3.736170228802701665e+00  1.477772102549663015e-03  1.477772102549663015e-03
3.836170228802701310e+00  1.202528170499135010e-03  1.202528170499135010e-03
3.936170228802700954e+00  9.708610113841820632e-04  9.708610113841820632e-04
4.036170228802701487e+00  7.797022695756434477e-04  7.797022695756434477e-04
4.136170228802701132e+00  6.250158608406129095e-04  6.250158608406129095e-04
4.236170228802701665e+00  5.018079733066349970e-04  5.018079733066349970e-04
4.336170228802701310e+00  4.046322232252165074e-04  4.046322232252165074e-04
4.436170228802700954e+00  3.281850104706438183e-04  3.281850104706438183e-04
4.536170228802701487e+00  2.677666623806242651e-04  2.677666623806242651e-04
4.636170228802701132e+00  2.195283770239527779e-04  2.195283770239527779e-04
4.736170228802701665e+00  1.805184859470183650e-04  1.805184859470183650e-04
4.836170228802701310e+00  1.485873343002354352e-04  1.485873343002354352e-04
4.936170228802700954e+00  1.222201115260913731e-04  1.222201115260913731e-04
5.036170228802701487e+00  1.003555416554811528e-04  1.003555416554811528e-04
5.136170228802701132e+00  8.222800567600624107e-05  8.222800567600624107e-05
5.236170228802701665e+00  6.725029201708810397e-05  6.725029201708810397e-05
5.336170228802701310e+00  5.493861322108622275e-05  5.493861322108622275e-05
5.436170228802700954e+00  4.487231542518092895e-05  4.487231542518092895e-05
5.536170228802701487e+00  3.667718077242026835e-05  3.667718077242026835e-05
5.636170228802701132e+00  3.002167464386302121e-05  3.002167464386302121e-05
5.736170228802701665e+00  2.461804578842768652e-05  2.461804578842768652e-05
5.836170228802701310e+00  2.022332663343368207e-05  2.022332663343368207e-05
5.936170228802700954e+00  1.663803287713605078e-05  1.663803287713605078e-05
6.036170228802701487e+00  1.370228323373646268e-05  1.370228323373646268e-05
6.136170228802701132e+00  1.129009999001194897e-05  1.129009999001194897e-05
6.236170228802701665e+00  9.302982009657625344e-06  9.302982009657625344e-06
6.336170228802701310e+00  7.663720121120182573e-06  7.663720121120182573e-06
6.436170228802700954e+00  6.311093097487319514e-06  6.311093097487319514e-06
6.536170228802700599e+00  5.195720347764824464e-06  5.195720347764824464e-06
6.636170228802702020e+00  4.277059034407751008e-06  4.277059034407751008e-06
6.736170228802701665e+00  3.521357434190498805e-06  3.521357434190498805e-06
6.836170228802701310e+00  2.900307216494078045e-06  2.900307216494078045e-06
6.936170228802700954e+00  2.390146177960708052e-06  2.390146177960708052e-06
7.036170228802700599e+00  1.971015255974461665e-06  1.971015255974461665e-06
7.136170228802702020e+00  1.626439688813872008e-06  1.626439688813872008e-06
7.236170228802701665e+00  1.342864048642693570e-06  1.342864048642693570e-06
7.336170228802701310e+00  1.109214666779692507e-06  1.109214666779692507e-06
7.436170228802700954e+00  9.164887381824094430e-07  9.164887381824094430e-07
7.536170228802700599e+00  7.573800493846459088e-07  7.573800493846459088e-07
7.636170228802702020e+00  6.259517907593522770e-07  6.259517907593522770e-07
7.736170228802701665e+00  5.173622690883793586e-07  5.173622690883793586e-07
7.836170228802701310e+00  4.276433806779119818e-07  4.276433806779119818e-07
7.936170228802700954e+00  3.535267890076119827e-07  3.535267890076119827e-07
8.036170228802703264e+00  2.923098632785151079e-07  2.923098632785151079e-07
8.136170228802701132e+00  2.417525934278361169e-07  2.417525934278361169e-07
8.236170228802702553e+00  1.999973898073590050e-07  1.999973898073590050e-07
8.336170228802700422e+00  1.655052218289729406e-07  1.655052218289729406e-07
8.436170228802701843e+00  1.370033425077086328e-07  1.370033425077086328e-07
8.536170228802703264e+00  1.134414656316153916e-07  1.134414656316153916e-07
8.636170228802701132e+00  9.395449644834849655e-08  9.395449644834849655e-08
8.736170228802702553e+00  7.783072059641636658e-08  7.783072059641636658e-08
8.836170228802700422e+00  6.448479178442575859e-08  6.448479178442575859e-08
8.936170228802701843e+00  5.343503614763600961e-08  5.343503614763600961e-08
9.036170228802703264e+00  4.428462284357807301e-08  4.428462284357807301e-08
9.136170228802701132e+00  3.670612581538416476e-08  3.670612581538416476e-08
9.236170228802702553e+00  3.042897790380167439e-08  3.042897790380167439e-08
9.336170228802700422e+00  2.522932248529147043e-08  2.522932248529147043e-08
9.436170228802701843e+00  2.092180413768763821e-08  2.092180413768763821e-08
9.536170228802703264e+00  1.735290029169222104e-08  1.735290029169222104e-08
9.636170228802701132e+00  1.439546758478764994e-08  1.439546758478764994e-08
9.736170228802702553e+00  1.194424774318970589e-08  1.194424774318970589e-08
9.836170228802700422e+00  9.912139994276765112e-09  9.912139994276765112e-09
9.936170228802701843e+00  8.227096272415990652e-09  8.227096272415990652e-09
1.003617022880270326e+01  6.829531432966934369e-09  6.829531432966934369e-09
1.013617022880270113e+01  5.670165252458722623e-09  5.670165252458722623e-09
1.023617022880270255e+01  4.708229106912020571e-09  4.708229106912020571e-09
1.033617022880270042e+01  3.909980851557038088e-09  3.909980851557038088e-09
1.043617022880270184e+01  3.247478980154825508e-09  3.247478980154825508e-09
