-1.636356038802496471e+00  5.963431341546638666e-07  5.963431341546638666e-07
-1.536356038802496382e+00  1.760204975618275652e-06  1.760204975618275652e-06
-1.436356038802496293e+00  5.006835031045886091e-06  5.006835031045886091e-06
-1.336356038802496649e+00  1.368747977089708912e-05  1.368747977089708912e-05
-1.236356038802496560e+00  3.589759598862355712e-05  3.589759598862355712e-05
-1.136356038802496471e+00  9.021367129800726562e-05  9.021367129800726562e-05
-1.036356038802496382e+00  2.170701912210979908e-04  2.170701912210979908e-04
-9.363560388024962933e-01  4.998247222474345519e-04  4.998247222474345519e-04
-8.363560388024964265e-01  1.100952290494525664e-03  1.100952290494525664e-03
-7.363560388024965597e-01  2.319239684956330653e-03  2.319239684956330653e-03
-6.363560388024964709e-01  4.671707830504889455e-03  4.671707830504889455e-03
-5.363560388024963821e-01  8.997212007524913943e-03  8.997212007524913943e-03
-4.363560388024962933e-01  1.656561931201732188e-02  1.656561931201732188e-02
-3.363560388024964265e-01  2.915757448787208161e-02  2.915757448787208161e-02
-2.363560388024963377e-01  4.905961064691151396e-02  4.905961064691151396e-02
-1.363560388024964709e-01  7.890734424726827956e-02  7.890734424726827956e-02
-3.635603880249638209e-02  1.213189654699593223e-01  1.213189654699593223e-01
6.364396119750370673e-02  1.783037987779160782e-01  1.783037987779160782e-01
1.636439611975035735e-01  2.505079310066243847e-01  2.505079310066243847e-01
2.636439611975036623e-01  3.364545133825352918e-01  3.364545133825352918e-01
3.636439611975035291e-01  4.320148540885629940e-01  4.320148540885629940e-01
4.636439611975036179e-01  5.303630265124217313e-01  5.303630265124217313e-01
5.636439611975037067e-01  6.225879445049459227e-01  6.225879445049459227e-01
6.636439611975037955e-01  6.989635718396053354e-01  6.989635718396053354e-01
7.636439611975038844e-01  7.506571033836371143e-01  7.506571033836371143e-01
8.636439611975035291e-01  7.714688019009345865e-01  7.714688019009345865e-01
9.636439611975036179e-01  7.591296903165322130e-01  7.591296903165322130e-01
1.063643961197503707e+00  7.157785892518896409e-01  7.157785892518896409e-01
1.163643961197503796e+00  6.474751372102907077e-01  6.474751372102907077e-01
1.263643961197503884e+00  5.628953480718121849e-01  5.628953480718121849e-01
1.363643961197503529e+00  4.715907084842016483e-01  4.715907084842016483e-01
1.463643961197503618e+00  3.822858560236968573e-01  3.822858560236968573e-01
1.563643961197503707e+00  3.016208558838042175e-01  3.016208558838042175e-01
1.663643961197503796e+00  2.335564404152063733e-01  2.335564404152063733e-01
1.763643961197503884e+00  1.794386043553851950e-01  1.794386043553851950e-01
1.863643961197503529e+00  1.385451226683072912e-01  1.385451226683072912e-01
1.963643961197503618e+00  1.088579539488264553e-01  1.088579539488264553e-01
2.063643961197503707e+00  8.782293886641283354e-02  8.782293886641283354e-02
2.163643961197503796e+00  7.293803204801481421e-02  7.293803204801481421e-02
2.263643961197503884e+00  6.210842781601059320e-02  6.210842781601059320e-02
2.363643961197503529e+00  5.378555270353306550e-02  5.378555270353306550e-02
2.463643961197504062e+00  4.695045383867624267e-02  4.695045383867624267e-02
2.563643961197503707e+00  4.101200802821840935e-02  4.101200802821840935e-02
2.663643961197503351e+00  3.567817856186829978e-02  3.567817856186829978e-02
2.763643961197503884e+00  3.083760243376507115e-02  3.083760243376507115e-02
2.863643961197503529e+00  2.646889583863322806e-02  2.646889583863322806e-02
2.963643961197504062e+00  2.258092598872947498e-02  2.258092598872947498e-02
3.063643961197503707e+00  1.917956445680566238e-02  1.917956445680566238e-02
3.163643961197504240e+00  1.625363084979699821e-02  1.625363084979699821e-02
3.263643961197503884e+00  1.377286117018693308e-02  1.377286117018693308e-02
3.363643961197503529e+00  1.169216847918173006e-02  1.169216847918173006e-02
3.463643961197504062e+00  9.958198298243179855e-03  9.958198298243179855e-03
3.563643961197503707e+00  8.515729950722779676e-03  8.515729950722779676e-03
3.663643961197504240e+00  7.312670900334119171e-03  7.312670900334119171e-03
3.763643961197503884e+00  6.303223862115739200e-03  6.303223862115739200e-03
3.863643961197503529e+00  5.449325878870689421e-03  5.449325878870689421e-03
3.963643961197504062e+00  4.720730890074160448e-03  4.720730890074160448e-03
4.063643961197503707e+00  4.094199391226035697e-03  4.094199391226035697e-03
4.163643961197504240e+00  3.552232365885802344e-03  3.552232365885802344e-03
4.263643961197503884e+00  3.081695077730685350e-03  3.081695077730685350e-03
4.363643961197503529e+00  2.672561543996174876e-03  2.672561543996174876e-03
4.463643961197504062e+00  2.316901708319984814e-03  2.316901708319984814e-03
4.563643961197503707e+00  2.008147048377878583e-03  2.008147048377878583e-03
4.663643961197504240e+00  1.740612609366448899e-03  1.740612609366448899e-03
4.763643961197503884e+00  1.509222788412202445e-03  1.509222788412202445e-03
4.863643961197503529e+00  1.309378909315526670e-03  1.309378909315526670e-03
4.963643961197504062e+00  1.136911537550987878e-03  1.136911537550987878e-03
5.063643961197503707e+00  9.880728447234704212e-04  9.880728447234704212e-04
5.163643961197504240e+00  8.595388797711248433e-04  8.595388797711248433e-04
5.263643961197503884e+00  7.484049017334396935e-04  7.484049017334396935e-04
5.363643961197503529e+00  6.521672100419098009e-04  6.521672100419098009e-04
5.463643961197504062e+00  5.686916871792792663e-04  5.686916871792792663e-04
5.563643961197503707e+00  4.961728803569850303e-04  4.961728803569850303e-04
5.663643961197504240e+00  4.330886397100004509e-04  4.330886397100004509e-04
5.763643961197503884e+00  3.781549504306956915e-04  3.781549504306956915e-04
5.863643961197503529e+00  3.302844057852923282e-04  3.302844057852923282e-04
5.963643961197504062e+00  2.885503434221976284e-04  2.885503434221976284e-04
6.063643961197503707e+00  2.521573788995285382e-04  2.521573788995285382e-04
6.163643961197504240e+00  2.204181049533465806e-04  2.204181049533465806e-04
6.263643961197503884e+00  1.927351316651277247e-04  1.927351316651277247e-04
6.363643961197503529e+00  1.685873821574196049e-04  1.685873821574196049e-04
6.463643961197503174e+00  1.475195475083846937e-04  1.475195475083846937e-04
6.563643961197504595e+00  1.291337492089041159e-04  1.291337492089041159e-04
6.663643961197504240e+00  1.130826741043743300e-04  1.130826741043743300e-04
6.763643961197503884e+00  9.906367274946466705e-05  9.906367274946466705e-05
6.863643961197503529e+00  8.681350827875917997e-05  8.681350827875917997e-05
6.963643961197503174e+00  7.610359083934988434e-05  7.610359083934988434e-05
7.063643961197504595e+00  6.673562945129973487e-05  6.673562945129973487e-05
7.163643961197504240e+00  5.853768568149874773e-05  5.853768568149874773e-05
7.263643961197503884e+00  5.136063313825940018e-05  5.136063313825940018e-05
7.363643961197503529e+00  4.507502566536899786e-05  4.507502566536899786e-05
7.463643961197503174e+00  3.956836573281346446e-05  3.956836573281346446e-05
7.563643961197504595e+00  3.474275060942061405e-05  3.474275060942061405e-05
7.663643961197504240e+00  3.051286222748920388e-05  3.051286222748920388e-05
7.763643961197503884e+00  2.680425943217372092e-05  2.680425943217372092e-05
7.863643961197503529e+00  2.355192890823856261e-05  2.355192890823856261e-05
7.963643961197504950e+00  2.069905271783018891e-05  2.069905271783018891e-05
8.063643961197504595e+00  1.819595477830178429e-05  1.819595477830178429e-05
8.163643961197504240e+00  1.599919441576740404e-05  1.599919441576740404e-05
8.263643961197503884e+00  1.407078122378880726e-05  1.407078122378880726e-05
8.363643961197503529e+00  1.237749105346829415e-05  1.237749105346829415e-05
8.463643961197504950e+00  1.089026762714228050e-05  1.089026762714228050e-05
8.563643961197504595e+00  9.583697860879194472e-06  9.583697860879194472e-06
8.663643961197504240e+00  8.435551564246464800e-06  8.435551564246464800e-06
8.763643961197503884e+00  7.426377938845051707e-06  7.426377938845051707e-06
8.863643961197503529e+00  6.539152441800578022e-06  6.539152441800578022e-06
8.963643961197504950e+00  5.758968328963488683e-06  5.758968328963488683e-06
9.063643961197504595e+00  5.072767717777247224e-06  5.072767717777247224e-06
9.163643961197504240e+00  4.469107433737060416e-06  4.469107433737060416e-06
9.263643961197503884e+00  3.937955300362950531e-06  3.937955300362950531e-06
9.363643961197503529e+00  3.470512934404022190e-06  3.470512934404022190e-06
9.463643961197504950e+00  3.059061521967411294e-06  3.059061521967411294e-06
9.563643961197504595e+00  2.696827468205920343e-06  2.696827468205920343e-06
9.663643961197504240e+00  2.377865217759703491e-06  2.377865217759703491e-06
9.763643961197503884e+00  2.096954920360438301e-06  2.096954920360438301e-06
9.863643961197503529e+00  1.849512954883521450e-06  1.849512954883521450e-06
9.963643961197504950e+00  1.631513619954233571e-06  1.631513619954233571e-06
1.006364396119750459e+01  1.439420549217300202e-06  1.439420549217300202e-06
1.016364396119750424e+01  1.270126617594709683e-06  1.270126617594709683e-06
1.026364396119750388e+01  1.120901276635420938e-06  1.120901276635420938e-06
1.036364396119750353e+01  9.893443987084146382e-07  9.893443987084146382e-07
