-1.649420538194090735e+00  4.958422289807628307e-24  4.958422289807628307e-24
-1.549420538194090646e+00  3.006348041952748541e-22  3.006348041952748541e-22
-1.449420538194091002e+00  1.699864542187241655e-20  1.699864542187241655e-20
-1.349420538194090469e+00  8.335171973477028562e-19  8.335171973477028562e-19
-1.249420538194090824e+00  3.467689896374274453e-17  3.467689896374274453e-17
-1.149420538194090735e+00  1.216263601582361209e-15  1.216263601582361209e-15
-1.049420538194090646e+00  3.589542210905216413e-14  3.589542210905216413e-14
-9.494205381940905575e-01  8.908487992155961964e-13  8.908487992155961964e-13
-8.494205381940906907e-01  1.858785439049590754e-11  1.858785439049590754e-11
-7.494205381940908239e-01  3.260471900562700673e-10  3.260471900562700673e-10
-6.494205381940907351e-01  4.807774225807591669e-09  4.807774225807591669e-09
-5.494205381940906463e-01  5.959562870438892654e-08  5.959562870438892654e-08
-4.494205381940905575e-01  6.209962440045571390e-07  6.209962440045571390e-07
-3.494205381940906907e-01  5.439595440609903486e-06  5.439595440609903486e-06
-2.494205381940906019e-01  4.005407744022287410e-05  4.005407744022287410e-05
-1.494205381940907351e-01  2.479300216439743118e-04  2.479300216439743118e-04
-4.942053819409064630e-02  1.290071212472441390e-03  1.290071212472441390e-03
5.057946180590944252e-02  5.642875951536068142e-03  5.642875951536068142e-03
1.505794618059093093e-01  2.074864912848416523e-02  2.074864912848416523e-02
2.505794618059093981e-01  6.413309660843598270e-02  6.413309660843598270e-02
3.505794618059092649e-01  1.666398324098625205e-01  1.666398324098625205e-01
4.505794618059093537e-01  3.639838949632671072e-01  3.639838949632671072e-01
5.505794618059094425e-01  6.683407152539692087e-01  6.683407152539692087e-01
6.505794618059095313e-01  1.031667162505469859e+00  1.031667162505469859e+00
7.505794618059096202e-01  1.338879907650081247e+00  1.338879907650081247e+00
8.505794618059092649e-01  1.461158135818030113e+00  1.461158135818030113e+00
9.505794618059093537e-01  1.341765789557182842e+00  1.341765789557182842e+00
1.050579461805909443e+00  1.038766600679874585e+00  1.038766600679874585e+00
1.150579461805909531e+00  6.823146225210731108e-01  6.823146225210731108e-01
1.250579461805909620e+00  3.886660187714706116e-01  3.886660187714706116e-01
1.350579461805909265e+00  2.064656353665013100e-01  2.064656353665013100e-01
1.450579461805909354e+00  1.230205546355418733e-01  1.230205546355418733e-01
1.550579461805909443e+00  1.005916012147419075e-01  1.005916012147419075e-01
1.650579461805909531e+00  1.049386125350572213e-01  1.049386125350572213e-01
1.750579461805909620e+00  1.146005727555398784e-01  1.146005727555398784e-01
1.850579461805909265e+00  1.189783636854826604e-01  1.189783636854826604e-01
1.950579461805909354e+00  1.144354394199705305e-01  1.144354394199705305e-01
2.050579461805909443e+00  1.016335602910692498e-01  1.016335602910692498e-01
2.150579461805909531e+00  8.371568829109718446e-02  8.371568829109718446e-02
2.250579461805909620e+00  6.465608769065799011e-02  6.465608769065799011e-02
2.350579461805909265e+00  4.782063963933157191e-02  4.782063963933157191e-02
2.450579461805909798e+00  3.510473226434331767e-02  3.510473226434331767e-02
2.550579461805909443e+00  2.681622920643391556e-02  2.681622920643391556e-02
2.650579461805909087e+00  2.212436061922142677e-02  2.212436061922142677e-02
2.750579461805909620e+00  1.971445018280365558e-02  1.971445018280365558e-02
2.850579461805909265e+00  1.833836134673739668e-02  1.833836134673739668e-02
2.950579461805909798e+00  1.711944268952346471e-02  1.711944268952346471e-02
3.050579461805909443e+00  1.562291799397762596e-02  1.562291799397762596e-02
3.150579461805909975e+00  1.377558248663575229e-02  1.377558248663575229e-02
3.250579461805909620e+00  1.172359699780405398e-02  1.172359699780405398e-02
3.350579461805909265e+00  9.691759292413245838e-03  9.691759292413245838e-03
3.450579461805909798e+00  7.879026794170696998e-03  7.879026794170696998e-03
3.550579461805909443e+00  6.402606244238526895e-03  6.402606244238526895e-03
3.650579461805909975e+00  5.286991550507033621e-03  5.286991550507033621e-03
3.750579461805909620e+00  4.484384951163604589e-03  4.484384951163604589e-03
3.850579461805909265e+00  3.909239104322731126e-03  3.909239104322731126e-03
3.950579461805909798e+00  3.471734840934589950e-03  3.471734840934589950e-03
4.050579461805909887e+00  3.100777418467711745e-03  3.100777418467711745e-03
4.150579461805909531e+00  2.753651530588256680e-03  2.753651530588256680e-03
4.250579461805909176e+00  2.414480104168748812e-03  2.414480104168748812e-03
4.350579461805908821e+00  2.086085862047561048e-03  2.086085862047561048e-03
4.450579461805910242e+00  1.779998836459005442e-03  1.779998836459005442e-03
4.550579461805909887e+00  1.508072619792155157e-03  1.508072619792155157e-03
4.650579461805909531e+00  1.277412606153611151e-03  1.277412606153611151e-03
4.750579461805909176e+00  1.088762958549279944e-03  1.088762958549279944e-03
4.850579461805908821e+00  9.374892561099502052e-04  9.374892561099502052e-04
4.950579461805910242e+00  8.158946135769681559e-04  8.158946135769681559e-04
5.050579461805909887e+00  7.157008868593057148e-04  7.157008868593057148e-04
5.150579461805909531e+00  6.299100582664082099e-04  6.299100582664082099e-04
5.250579461805909176e+00  5.537249708817748367e-04  5.537249708817748367e-04
5.350579461805908821e+00  4.845948752244003078e-04  4.845948752244003078e-04
5.450579461805910242e+00  4.216785564425176431e-04  4.216785564425176431e-04
5.550579461805909887e+00  3.650788902706158709e-04  3.650788902706158709e-04
5.650579461805909531e+00  3.151405216415469556e-04  3.151405216415469556e-04
5.750579461805909176e+00  2.719796852774952777e-04  2.719796852774952777e-04
5.850579461805908821e+00  2.352890308168867383e-04  2.352890308168867383e-04
5.950579461805910242e+00  2.043677301681382495e-04  2.043677301681382495e-04
6.050579461805909887e+00  1.782820774336493211e-04  1.782820774336493211e-04
6.150579461805909531e+00  1.560597103004663440e-04  1.560597103004663440e-04
6.250579461805909176e+00  1.368465402995277310e-04  1.368465402995277310e-04
6.350579461805908821e+00  1.199920739757349064e-04  1.199920739757349064e-04
6.450579461805908466e+00  1.050619072030086951e-04  1.050619072030086951e-04
6.550579461805909887e+00  9.179769223138088848e-05  9.179769223138088848e-05
6.650579461805909531e+00  8.005287601280770219e-05  8.005287601280770219e-05
6.750579461805909176e+00  6.972956189372461928e-05  6.972956189372461928e-05
6.850579461805908821e+00  6.073270712811944017e-05  6.073270712811944017e-05
6.950579461805908466e+00  5.294734715563398516e-05  5.294734715563398516e-05
7.050579461805909887e+00  4.623612012417189680e-05  4.623612012417189680e-05
7.150579461805909531e+00  4.044969664163870857e-05  4.044969664163870857e-05
7.250579461805909176e+00  3.544179471281418028e-05  3.544179471281418028e-05
7.350579461805908821e+00  3.108221252559854474e-05  3.108221252559854474e-05
7.450579461805908466e+00  2.726429577765032250e-05  2.726429577765032250e-05
7.550579461805909887e+00  2.390618934236730695e-05  2.390618934236730695e-05
7.650579461805909531e+00  2.094729184416983076e-05  2.094729184416983076e-05
7.750579461805909176e+00  1.834225566795001175e-05  1.834225566795001175e-05
7.850579461805908821e+00  1.605479740467987979e-05  1.605479740467987979e-05
7.950579461805910242e+00  1.405288155219148170e-05  1.405288155219148170e-05
8.050579461805909887e+00  1.230593453666424590e-05  1.230593453666424590e-05
8.150579461805909531e+00  1.078396712038752070e-05  1.078396712038752070e-05
8.250579461805909176e+00  9.458008823857443238e-06  9.458008823857443238e-06
8.350579461805908821e+00  8.301116640913284723e-06  8.301116640913284723e-06
8.450579461805910242e+00  7.289335745196861673e-06  7.289335745196861673e-06
8.550579461805909887e+00  6.402239467195042464e-06  6.402239467195042464e-06
8.650579461805909531e+00  5.622941777541885322e-06  5.622941777541885322e-06
8.750579461805909176e+00  4.937676668449658270e-06  4.937676668449658270e-06
8.850579461805908821e+00  4.335140854712756600e-06  4.335140854712756600e-06
8.950579461805910242e+00  3.805804988445722224e-06  3.805804988445722224e-06
9.050579461805909887e+00  3.341344426129567767e-06  3.341344426129567767e-06
9.150579461805909531e+00  2.934261113294931663e-06  2.934261113294931663e-06
9.250579461805909176e+00  2.577695014701707318e-06  2.577695014701707318e-06
9.350579461805908821e+00  2.265375491470700949e-06  2.265375491470700949e-06
9.450579461805910242e+00  1.991645163893697845e-06  1.991645163893697845e-06
9.550579461805909887e+00  1.751495780598406356e-06  1.751495780598406356e-06
9.650579461805909531e+00  1.540576882356409561e-06  1.540576882356409561e-06
9.750579461805909176e+00  1.355162636593807736e-06  1.355162636593807736e-06
9.850579461805908821e+00  1.192082020320873008e-06  1.192082020320873008e-06
9.950579461805910242e+00  1.048628613133976828e-06  1.048628613133976828e-06
1.005057946180590989e+01  9.224685409577262556e-07  9.224685409577262556e-07
1.015057946180590953e+01  8.115610326520527198e-07  8.115610326520527198e-07
1.025057946180590918e+01  7.140990209390352446e-07  7.140990209390352446e-07
1.035057946180590882e+01  6.284702976806606755e-07  6.284702976806606755e-07
