-1.575268803372130044e+00  4.050536512797059036e-80  4.050536512797059036e-80
-1.475268803372130400e+00  2.867946579260664257e-74  2.867946579260664257e-74
-1.375268803372130311e+00  3.060760171768134253e-68  3.060760171768134253e-68
-1.275268803372130222e+00  1.852069092955847434e-62  1.852069092955847434e-62
-1.175268803372130577e+00  6.204409214551977258e-57  6.204409214551977258e-57
-1.075268803372130044e+00  1.150189589373944576e-51  1.150189589373944576e-51
-9.752688033721301775e-01  1.179939122779867224e-46  1.179939122779867224e-46
-8.752688033721303107e-01  6.698395602955891119e-42  6.698395602955891119e-42
-7.752688033721302219e-01  2.104277454580469811e-37  2.104277454580469811e-37
-6.752688033721301331e-01  3.658105511936691188e-33  3.658105511936691188e-33
-5.752688033721302663e-01  3.519090779166716839e-29  3.519090779166716839e-29
-4.752688033721301775e-01  1.873379351324474769e-25  1.873379351324474769e-25
-3.752688033721300886e-01  5.518766312460147382e-22  5.518766312460147382e-22
-2.752688033721302219e-01  8.996618336603939210e-19  8.996618336603939210e-19
-1.752688033721301331e-01  8.115917162161566116e-16  8.115917162161566116e-16
-7.526880337213026628e-02  4.051510148038917998e-13  4.051510148038917998e-13
2.473119662786982254e-02  1.119224666850117251e-10  1.119224666850117251e-10
1.247311966278699114e-01  1.710955175399658689e-08  1.710955175399658689e-08
2.247311966278697781e-01  1.447374800577127346e-06  1.447374800577127346e-06
3.247311966278698669e-01  6.775547574659110644e-05  6.775547574659110644e-05
4.247311966278697337e-01  1.755208880673533953e-03  1.755208880673533953e-03
5.247311966278698225e-01  2.516136702578364651e-02  2.516136702578364651e-02
6.247311966278699114e-01  1.996000632621766357e-01  1.996000632621766357e-01
7.247311966278700002e-01  8.762098541037853794e-01  8.762098541037853794e-01
8.247311966278700890e-01  2.128514477925300685e+00  2.128514477925300685e+00
9.247311966278697337e-01  2.861317870809656050e+00  2.861317870809656050e+00
1.024731196627869823e+00  2.128515301594924303e+00  2.128515301594924303e+00
1.124731196627869911e+00  8.762200654181087067e-01  8.762200654181087067e-01
1.224731196627870000e+00  1.996939828057676669e-01  1.996939828057676669e-01
1.324731196627870089e+00  2.580396252280221792e-02  2.580396252280221792e-02
1.424731196627869734e+00  5.025827331648537698e-03  5.025827331648537698e-03
1.524731196627869823e+00  1.245094717806388349e-02  1.245094717806388349e-02
1.624731196627869911e+00  3.487898558912666536e-02  3.487898558912666536e-02
1.724731196627870000e+00  7.307514557468086647e-02  7.307514557468086647e-02
1.824731196627870089e+00  1.138948395907308092e-01  1.138948395907308092e-01
1.924731196627869734e+00  1.320536280883695679e-01  1.320536280883695679e-01
2.024731196627869600e+00  1.138983533582633434e-01  1.138983533582633434e-01
2.124731196627870133e+00  7.309428071039086872e-02  7.309428071039086872e-02
2.224731196627869778e+00  3.496164416808864722e-02  3.496164416808864722e-02
2.324731196627870311e+00  1.268631382388148154e-02  1.268631382388148154e-02
2.424731196627869956e+00  4.167522220363007249e-03  4.167522220363007249e-03
2.524731196627870489e+00  2.821380623912580522e-03  2.821380623912580522e-03
2.624731196627870133e+00  4.439256950756197660e-03  4.439256950756197660e-03
2.724731196627869778e+00  7.125193212002725422e-03  7.125193212002725422e-03
2.824731196627870311e+00  9.565452139593691103e-03  9.565452139593691103e-03
2.924731196627869956e+00  1.055651083388756996e-02  1.055651083388756996e-02
3.024731196627870489e+00  9.567143495939293280e-03  9.567143495939293280e-03
3.124731196627870133e+00  7.124284280599515670e-03  7.124284280599515670e-03
3.224731196627870666e+00  4.373621367520902879e-03  4.373621367520902879e-03
3.324731196627870311e+00  2.252777801969047672e-03  2.252777801969047672e-03
3.424731196627869956e+00  1.063835215190638483e-03  1.063835215190638483e-03
3.524731196627870489e+00  6.279405662951138920e-04  6.279405662951138920e-04
3.624731196627870133e+00  6.292366260583645782e-04  6.292366260583645782e-04
3.724731196627870666e+00  8.082391572977184547e-04  8.082391572977184547e-04
3.824731196627870311e+00  9.887645847323396370e-04  9.887645847323396370e-04
3.924731196627869956e+00  1.061586960173661713e-03  1.061586960173661713e-03
4.024731196627870489e+00  9.861591035306344934e-04  9.861591035306344934e-04
4.124731196627870133e+00  7.918037794632401495e-04  7.918037794632401495e-04
4.224731196627870666e+00  5.517836328515188281e-04  5.517836328515188281e-04
4.324731196627870311e+00  3.391870074837555486e-04  3.391870074837555486e-04
4.424731196627869956e+00  1.944815683575444425e-04  1.944815683575444425e-04
4.524731196627870489e+00  1.209190115439477220e-04  1.209190115439477220e-04
4.624731196627870133e+00  9.929642788243864737e-05  9.929642788243864737e-05
4.724731196627870666e+00  1.047902711187730665e-04  1.047902711187730665e-04
4.824731196627870311e+00  1.166822720060472352e-04  1.166822720060472352e-04
4.924731196627869956e+00  1.216984322527374954e-04  1.216984322527374954e-04
5.024731196627870489e+00  1.144042384976504188e-04  1.144042384976504188e-04
5.124731196627870133e+00  9.611214065275382515e-05  9.611214065275382515e-05
5.224731196627870666e+00  7.234262814830533597e-05  7.234262814830533597e-05
5.324731196627870311e+00  4.945746295040958620e-05  4.945746295040958620e-05
5.424731196627869956e+00  3.190564431651890103e-05  3.190564431651890103e-05
5.524731196627870489e+00  2.115844389475317569e-05  2.115844389475317569e-05
5.624731196627870133e+00  1.624663971952939072e-05  1.624663971952939072e-05
5.724731196627870666e+00  1.501250056264560848e-05  1.501250056264560848e-05
5.824731196627870311e+00  1.523697190268852334e-05  1.523697190268852334e-05
5.924731196627869956e+00  1.529591474429218282e-05  1.529591474429218282e-05
6.024731196627870489e+00  1.438045749862136345e-05  1.438045749862136345e-05
6.124731196627870133e+00  1.242169524738340886e-05  1.242169524738340886e-05
6.224731196627870666e+00  9.838151032481735932e-06  9.838151032481735932e-06
6.324731196627870311e+00  7.215601979441745977e-06  7.215601979441745977e-06
6.424731196627869956e+00  5.034041318580264746e-06  5.034041318580264746e-06
6.524731196627869600e+00  3.524584453822926740e-06  3.524584453822926740e-06
6.624731196627871022e+00  2.668263370731400920e-06  2.668263370731400920e-06
6.724731196627870666e+00  2.285785762824498921e-06  2.285785762824498921e-06
6.824731196627870311e+00  2.149014114238744116e-06  2.149014114238744116e-06
6.924731196627869956e+00  2.065905918616779392e-06  2.065905918616779392e-06
7.024731196627869600e+00  1.922273814419761456e-06  1.922273814419761456e-06
7.124731196627871022e+00  1.685138670189499329e-06  1.685138670189499329e-06
7.224731196627870666e+00  1.380955252326808903e-06  1.380955252326808903e-06
7.324731196627870311e+00  1.063431245527384740e-06  1.063431245527384740e-06
7.424731196627869956e+00  7.839356675335889568e-07  7.839356675335889568e-07
7.524731196627869600e+00  5.731563374140740470e-07  5.731563374140740470e-07
7.624731196627871022e+00  4.364625346459818016e-07  4.364625346459818016e-07
7.724731196627870666e+00  3.597899445811259883e-07  3.597899445811259883e-07
7.824731196627870311e+00  3.201419335368330483e-07  3.201419335368330483e-07
7.924731196627869956e+00  2.953566839890625358e-07  2.953566839890625358e-07
8.024731196627872265e+00  2.701597342016247777e-07  2.701597342016247777e-07
8.124731196627870133e+00  2.379468608982624014e-07  2.379468608982624014e-07
8.224731196627871554e+00  1.992950043930435106e-07  1.992950043930435106e-07
8.324731196627869423e+00  1.588083780250653425e-07  1.588083780250653425e-07
8.424731196627870844e+00  1.218436954713453217e-07  1.218436954713453217e-07
8.524731196627872265e+00  9.218795839738177286e-08  9.218795839738177286e-08
8.624731196627870133e+00  7.111310510460385072e-08  7.111310510460385072e-08
8.724731196627871554e+00  5.763788289173254195e-08  5.763788289173254195e-08
8.824731196627869423e+00  4.947714868575845094e-08  4.947714868575845094e-08
8.924731196627870844e+00  4.410960122212957734e-08  4.410960122212957734e-08
9.024731196627870489e+00  3.956374651343288676e-08  3.956374651343288676e-08
9.124731196627870133e+00  3.476463297128810376e-08  3.476463297128810376e-08
9.224731196627869778e+00  2.948503218873911981e-08  2.948503218873911981e-08
9.324731196627869423e+00  2.405470993516568570e-08  2.405470993516568570e-08
9.424731196627869068e+00  1.900314120084753935e-08  1.900314120084753935e-08
9.524731196627870489e+00  1.477153437318553292e-08  1.477153437318553292e-08
9.624731196627870133e+00  1.156187440296624079e-08  1.156187440296624079e-08
9.724731196627869778e+00  9.323485801089065513e-09  9.323485801089065513e-09
9.824731196627869423e+00  7.832443574753666229e-09  7.832443574753666229e-09
9.924731196627869068e+00  6.804139794645666488e-09  6.804139794645666488e-09
1.002473119662787049e+01  5.989580145671798493e-09  5.989580145671798493e-09
1.012473119662787013e+01  5.229126941633106955e-09  5.229126941633106955e-09
1.022473119662786978e+01  4.460819022995163184e-09  4.460819022995163184e-09
1.032473119662786942e+01  3.696193280769852409e-09  3.696193280769852409e-09
1.042473119662786907e+01  2.982465033774445740e-09  2.982465033774445740e-09
