-1.541666666331180657e+00  3.649866977327276556e-19  3.649866977327276556e-19
-1.441666666331180569e+00  1.011662329605259992e-17  1.011662329605259992e-17
-1.341666666331180480e+00  2.505586083519384965e-16  2.505586083519384965e-16
-1.241666666331180835e+00  5.457481925759281119e-15  5.457481925759281119e-15
-1.141666666331180746e+00  1.039662096487410129e-13  1.039662096487410129e-13
-1.041666666331180657e+00  1.728845927668388246e-12  1.728845927668388246e-12
-9.416666663311805685e-01  2.507646508353575233e-11  2.507646508353575233e-11
-8.416666663311804797e-01  3.171738099512385987e-10  3.171738099512385987e-10
-7.416666663311806129e-01  3.497821333048618975e-09  3.497821333048618975e-09
-6.416666663311807461e-01  3.363138403556449330e-08  3.363138403556449330e-08
-5.416666663311806573e-01  2.819216312019691958e-07  2.819216312019691958e-07
-4.416666663311805685e-01  2.060362728126305004e-06  2.060362728126305004e-06
-3.416666663311804797e-01  1.312768496989432672e-05  1.312768496989432672e-05
-2.416666663311806129e-01  7.292232792298048133e-05  7.292232792298048133e-05
-1.416666663311805241e-01  3.531507791981957581e-04  3.531507791981957581e-04
-4.166666633118065732e-02  1.491031325975066902e-03  1.491031325975066902e-03
5.833333366881943149e-02  5.488330156130413751e-03  5.488330156130413751e-03
1.583333336688195203e-01  1.761248533525469964e-02  1.761248533525469964e-02
2.583333336688193871e-01  4.927519215155218985e-02  4.927519215155218985e-02
3.583333336688194759e-01  1.201887795767013767e-01  1.201887795767013767e-01
4.583333336688193427e-01  2.555810794342766035e-01  2.555810794342766035e-01
5.583333336688194315e-01  4.738327785230013744e-01  4.738327785230013744e-01
6.583333336688195203e-01  7.658752635794521257e-01  7.658752635794521257e-01
7.583333336688196091e-01  1.079289121727332157e+00  1.079289121727332157e+00
8.583333336688196979e-01  1.326132311164648137e+00  1.326132311164648137e+00
9.583333336688193427e-01  1.420878334476515015e+00  1.420878334476515015e+00
1.058333333668819431e+00  1.327922935450341235e+00  1.327922935450341235e+00
1.158333333668819520e+00  1.083310686079215213e+00  1.083310686079215213e+00
1.258333333668819609e+00  7.729477003513447464e-01  7.729477003513447464e-01
1.358333333668819698e+00  4.850163959223505739e-01  4.850163959223505739e-01
1.458333333668819343e+00  2.719430335662869624e-01  2.719430335662869624e-01
1.558333333668819431e+00  1.424904116453134806e-01  1.424904116453134806e-01
1.658333333668819520e+00  7.764529495592011055e-02  7.764529495592011055e-02
1.758333333668819609e+00  5.131306506624978142e-02  5.131306506624978142e-02
1.858333333668819698e+00  4.288056568379931821e-02  4.288056568379931821e-02
1.958333333668819343e+00  4.025439343470995496e-02  4.025439343470995496e-02
2.058333333668819431e+00  3.791649264662385471e-02  3.791649264662385471e-02
2.158333333668819520e+00  3.412732882029489295e-02  3.412732882029489295e-02
2.258333333668819609e+00  2.894010183864730718e-02  2.894010183864730718e-02
2.358333333668819698e+00  2.308772859886717640e-02  2.308772859886717640e-02
2.458333333668819343e+00  1.739641491037999949e-02  1.739641491037999949e-02
2.558333333668819876e+00  1.248820182116879181e-02  1.248820182116879181e-02
2.658333333668819520e+00  8.671397533076507375e-03  8.671397533076507375e-03
2.758333333668819165e+00  5.963253513095312722e-03  5.963253513095312722e-03
2.858333333668819698e+00  4.187013630339178269e-03  4.187013630339178269e-03
2.958333333668819343e+00  3.085480972355780348e-03  3.085480972355780348e-03
3.058333333668819876e+00  2.410118028360519384e-03  2.410118028360519384e-03
3.158333333668819520e+00  1.969599765223966053e-03  1.969599765223966053e-03
3.258333333668820053e+00  1.641982406986022738e-03  1.641982406986022738e-03
3.358333333668819698e+00  1.364202555547376020e-03  1.364202555547376020e-03
3.458333333668819343e+00  1.112820081812014670e-03  1.112820081812014670e-03
3.558333333668819876e+00  8.854215233992390483e-04  8.854215233992390483e-04
3.658333333668819520e+00  6.870301247042205151e-04  6.870301247042205151e-04
3.758333333668820053e+00  5.222640915860644016e-04  5.222640915860644016e-04
3.858333333668819698e+00  3.921455774637470069e-04  3.921455774637470069e-04
3.958333333668819343e+00  2.938993917044382259e-04  2.938993917044382259e-04
4.058333333668819876e+00  2.222115503080430217e-04  2.222115503080430217e-04
4.158333333668819520e+00  1.708346275553220505e-04  1.708346275553220505e-04
4.258333333668820053e+00  1.338949683846506417e-04  1.338949683846506417e-04
4.358333333668819698e+00  1.066531719852676854e-04  1.066531719852676854e-04
4.458333333668819343e+00  8.573902350096677071e-05  8.573902350096677071e-05
4.558333333668819876e+00  6.901847330827333427e-05  6.901847330827333427e-05
4.658333333668819520e+00  5.527969809022638306e-05  5.527969809022638306e-05
4.758333333668820053e+00  4.388955155816574372e-05  4.388955155816574372e-05
4.858333333668819698e+00  3.451125596229405294e-05  3.451125596229405294e-05
4.958333333668819343e+00  2.691745106281703774e-05  2.691745106281703774e-05
5.058333333668819876e+00  2.089353119801315255e-05  2.089353119801315255e-05
5.158333333668819520e+00  1.620677144792260254e-05  1.620677144792260254e-05
5.258333333668820053e+00  1.261274647971738535e-05  1.261274647971738535e-05
5.358333333668819698e+00  9.875606917641060309e-06  9.875606917641060309e-06
5.458333333668819343e+00  7.787250743204470903e-06  7.787250743204470903e-06
5.558333333668819876e+00  6.178527973665554388e-06  6.178527973665554388e-06
5.658333333668819520e+00  4.921481555977425540e-06  4.921481555977425540e-06
5.758333333668820053e+00  3.924847327855341852e-06  3.924847327855341852e-06
5.858333333668819698e+00  3.126062077313607165e-06  3.126062077313607165e-06
5.958333333668819343e+00  2.482652977395383504e-06  2.482652977395383504e-06
6.058333333668819876e+00  1.964878436313830942e-06  1.964878436313830942e-06
6.158333333668819520e+00  1.550428924548755491e-06  1.550428924548755491e-06
6.258333333668820053e+00  1.221190855115984033e-06  1.221190855115984033e-06
6.358333333668819698e+00  9.616246088162072385e-07  9.616246088162072385e-07
6.458333333668819343e+00  7.581667122053258186e-07  7.581667122053258186e-07
6.558333333668818987e+00  5.991307247400185645e-07  5.991307247400185645e-07
6.658333333668820408e+00  4.747411144732191948e-07  4.747411144732191948e-07
6.758333333668820053e+00  3.771052997984482626e-07  3.771052997984482626e-07
6.858333333668819698e+00  3.000632262585390236e-07  3.000632262585390236e-07
6.958333333668819343e+00  2.389351428249749395e-07  2.389351428249749395e-07
7.058333333668818987e+00  1.902215109933083013e-07  1.902215109933083013e-07
7.158333333668820408e+00  1.513090441195017600e-07  1.513090441195017600e-07
7.258333333668820053e+00  1.202200379439777233e-07  1.202200379439777233e-07
7.358333333668819698e+00  9.542131867393109060e-08  9.542131867393109060e-08
7.458333333668819343e+00  7.569207949120164142e-08  7.569207949120164142e-08
7.558333333668818987e+00  6.003965465116167613e-08  6.003965465116167613e-08
7.658333333668820408e+00  4.764865804891451378e-08  4.764865804891451378e-08
7.758333333668820053e+00  3.784998063113985130e-08  3.784998063113985130e-08
7.858333333668819698e+00  3.009960654853217563e-08  3.009960654853217563e-08
7.958333333668819343e+00  2.396118421796850475e-08  2.396118421796850475e-08
8.058333333668819876e+00  1.908960491602439991e-08  1.908960491602439991e-08
8.158333333668821297e+00  1.521502220767963552e-08  1.521502220767963552e-08
8.258333333668819165e+00  1.212781476007143762e-08  1.212781476007143762e-08
8.358333333668820586e+00  9.665242141309855009e-09  9.665242141309855009e-09
8.458333333668818454e+00  7.700326501073623507e-09  7.700326501073623507e-09
8.558333333668819876e+00  6.133116881002966182e-09  6.133116881002966182e-09
8.658333333668821297e+00  4.884155096270977884e-09  4.884155096270977884e-09
8.758333333668819165e+00  3.889753250285859905e-09  3.889753250285859905e-09
8.858333333668820586e+00  3.098623636100781724e-09  3.098623636100781724e-09
8.958333333668818454e+00  2.469437945142664617e-09  2.469437945142664617e-09
9.058333333668819876e+00  1.968985858670832430e-09  1.968985858670832430e-09
9.158333333668821297e+00  1.570710243691537586e-09  1.570710243691537586e-09
9.258333333668819165e+00  1.253488929921781151e-09  1.253488929921781151e-09
9.358333333668820586e+00  1.000598631424784831e-09  1.000598631424784831e-09
9.458333333668818454e+00  7.988342145382847192e-10  7.988342145382847192e-10
9.558333333668819876e+00  6.377722882729735709e-10  6.377722882729735709e-10
9.658333333668821297e+00  5.091703623017327918e-10  5.091703623017327918e-10
9.758333333668819165e+00  4.064891112073867107e-10  4.064891112073867107e-10
9.858333333668820586e+00  3.245208244001462351e-10  3.245208244001462351e-10
9.958333333668818454e+00  2.591046075322528217e-10  2.591046075322528217e-10
1.005833333366881988e+01  2.069090324799416650e-10  2.069090324799416650e-10
1.015833333366882130e+01  1.652651996618871941e-10  1.652651996618871941e-10
1.025833333366881917e+01  1.320365914951526866e-10  1.320365914951526866e-10
1.035833333366882059e+01  1.055157043915795111e-10  1.055157043915795111e-10
1.045833333366881845e+01  8.434058638003762981e-11  8.434058638003762981e-11
