-1.575268768175759337e+00  7.035408623294519247e-14  7.035408623294519247e-14
-1.475268768175759249e+00  7.390733724215325568e-13  7.390733724215325568e-13
-1.375268768175759604e+00  7.191575416736584146e-12  7.191575416736584146e-12
-1.275268768175759071e+00  6.409836512140193483e-11  6.409836512140193483e-11
-1.175268768175759426e+00  5.206143498787656853e-10  5.206143498787656853e-10
-1.075268768175759337e+00  3.844047829640687867e-09  3.844047829640687867e-09
-9.752687681757592486e-01  2.577317591929042766e-08  2.577317591929042766e-08
-8.752687681757591598e-01  1.568229355252587657e-07  1.568229355252587657e-07
-7.752687681757592930e-01  8.657449385713938027e-07  8.657449385713938027e-07
-6.752687681757594262e-01  4.335550662588917028e-06  4.335550662588917028e-06
-5.752687681757593374e-01  1.969415995691151445e-05  1.969415995691151445e-05
-4.752687681757592486e-01  8.114281456777087715e-05  8.114281456777087715e-05
-3.752687681757591598e-01  3.032291874820312763e-04  3.032291874820312763e-04
-2.752687681757592930e-01  1.027765150421026041e-03  1.027765150421026041e-03
-1.752687681757592042e-01  3.159476425101660508e-03  3.159476425101660508e-03
-7.526876817575933742e-02  8.809126671601044331e-03  8.809126671601044331e-03
2.473123182424075139e-02  2.227647804551903532e-02  2.227647804551903532e-02
1.247312318242408402e-01  5.109244750939334612e-02  5.109244750939334612e-02
2.247312318242407070e-01  1.062833493653435879e-01  1.062833493653435879e-01
3.247312318242407958e-01  2.005283164577841559e-01  2.005283164577841559e-01
4.247312318242406626e-01  3.431583024670515347e-01  3.431583024670515347e-01
5.247312318242407514e-01  5.326387091388645745e-01  5.326387091388645745e-01
6.247312318242408402e-01  7.499111846171717666e-01  7.499111846171717666e-01
7.247312318242409290e-01  9.577691821594703780e-01  9.577691821594703780e-01
8.247312318242410178e-01  1.109815095785388506e+00  1.109815095785388506e+00
9.247312318242406626e-01  1.167086061784356144e+00  1.167086061784356144e+00
1.024731231824240751e+00  1.114452708894592137e+00  1.114452708894592137e+00
1.124731231824240840e+00  9.674396266181520820e-01  9.674396266181520820e-01
1.224731231824240929e+00  7.653011549699528793e-01  7.653011549699528793e-01
1.324731231824241018e+00  5.545328713971933166e-01  5.545328713971933166e-01
1.424731231824240663e+00  3.721863799890396396e-01  3.721863799890396396e-01
1.524731231824240751e+00  2.369006832521096395e-01  2.369006832521096395e-01
1.624731231824240840e+00  1.495758378729580285e-01  1.495758378729580285e-01
1.724731231824240929e+00  1.001407753950713242e-01  1.001407753950713242e-01
1.824731231824241018e+00  7.522156009210864691e-02  7.522156009210864691e-02
1.924731231824240663e+00  6.329810065026265919e-02  6.329810065026265919e-02
2.024731231824240751e+00  5.666374021078347811e-02  5.666374021078347811e-02
2.124731231824240840e+00  5.120416198931577317e-02  5.120416198931577317e-02
2.224731231824240929e+00  4.531157053034128718e-02  4.531157053034128718e-02
2.324731231824241018e+00  3.878597827879250864e-02  3.878597827879250864e-02
2.424731231824240663e+00  3.204085715087068992e-02  3.204085715087068992e-02
2.524731231824241195e+00  2.562504263908431043e-02  2.562504263908431043e-02
2.624731231824240840e+00  1.997798211562441112e-02  1.997798211562441112e-02
2.724731231824240485e+00  1.533782848511091278e-02  1.533782848511091278e-02
2.824731231824241018e+00  1.174332926246367606e-02  1.174332926246367606e-02
2.924731231824240663e+00  9.085732797811963204e-03  9.085732797811963204e-03
3.024731231824241195e+00  7.177186943354335949e-03  7.177186943354335949e-03
3.124731231824240840e+00  5.812249387551920478e-03  5.812249387551920478e-03
3.224731231824241373e+00  4.810108602036600699e-03  4.810108602036600699e-03
3.324731231824241018e+00  4.034955466003814321e-03  4.034955466003814321e-03
3.424731231824240663e+00  3.398585647558386227e-03  3.398585647558386227e-03
3.524731231824241195e+00  2.852121725294466410e-03  2.852121725294466410e-03
3.624731231824240840e+00  2.373494628035324999e-03  2.373494628035324999e-03
3.724731231824241373e+00  1.955420747655825086e-03  1.955420747655825086e-03
3.824731231824241018e+00  1.596341610294570125e-03  1.596341610294570125e-03
3.924731231824240663e+00  1.294951366463354802e-03  1.294951366463354802e-03
4.024731231824240751e+00  1.047807519457561592e-03  1.047807519457561592e-03
4.124731231824240396e+00  8.490464301676390333e-04  8.490464301676390333e-04
4.224731231824241817e+00  6.912053214632862949e-04  6.912053214632862949e-04
4.324731231824241462e+00  5.663723753603134604e-04  5.663723753603134604e-04
4.424731231824241107e+00  4.671813601474702213e-04  4.671813601474702213e-04
4.524731231824240751e+00  3.874354878012926788e-04  3.874354878012926788e-04
4.624731231824240396e+00  3.223391472979691692e-04  3.223391472979691692e-04
4.724731231824241817e+00  2.684260080846036733e-04  2.684260080846036733e-04
4.824731231824241462e+00  2.233106014723091617e-04  2.233106014723091617e-04
4.924731231824241107e+00  1.853808008719571752e-04  1.853808008719571752e-04
5.024731231824240751e+00  1.535144488285161495e-04  1.535144488285161495e-04
5.124731231824240396e+00  1.268637734113128932e-04  1.268637734113128932e-04
5.224731231824241817e+00  1.047181665364187522e-04  1.047181665364187522e-04
5.324731231824241462e+00  8.643449114883265650e-05  8.643449114883265650e-05
5.424731231824241107e+00  7.141439071530126300e-05  7.141439071530126300e-05
5.524731231824240751e+00  5.910728721984025944e-05  5.910728721984025944e-05
5.624731231824240396e+00  4.902216014935582568e-05  4.902216014935582568e-05
5.724731231824241817e+00  4.073748323204279991e-05  4.073748323204279991e-05
5.824731231824241462e+00  3.390456209162100263e-05  3.390456209162100263e-05
5.924731231824241107e+00  2.824378364021786836e-05  2.824378364021786836e-05
6.024731231824240751e+00  2.353567543963499284e-05  2.353567543963499284e-05
6.124731231824240396e+00  1.960946514151487205e-05  1.960946514151487205e-05
6.224731231824241817e+00  1.633155937823052030e-05  1.633155937823052030e-05
6.324731231824241462e+00  1.359557429771971050e-05  1.359557429771971050e-05
6.424731231824241107e+00  1.131467172835068794e-05  1.131467172835068794e-05
6.524731231824240751e+00  9.416243649029882467e-06  9.416243649029882467e-06
6.624731231824242172e+00  7.838546671615146663e-06  7.838546671615146663e-06
6.724731231824241817e+00  6.528710129831353162e-06  6.528710129831353162e-06
6.824731231824241462e+00  5.441558273204512147e-06  5.441558273204512147e-06
6.924731231824241107e+00  4.538813495647235658e-06  4.538813495647235658e-06
7.024731231824240751e+00  3.788408543205419236e-06  3.788408543205419236e-06
7.124731231824242172e+00  3.163780206769422790e-06  3.163780206769422790e-06
7.224731231824241817e+00  2.643119805681853370e-06  2.643119805681853370e-06
7.324731231824241462e+00  2.208612118947635086e-06  2.208612118947635086e-06
7.424731231824241107e+00  1.845712450491704130e-06  1.845712450491704130e-06
7.524731231824240751e+00  1.542504705013043112e-06  1.542504705013043112e-06
7.624731231824242172e+00  1.289165040266995058e-06  1.289165040266995058e-06
7.724731231824241817e+00  1.077535968657598354e-06  1.077535968657598354e-06
7.824731231824241462e+00  9.008006242313847908e-07  9.008006242313847908e-07
7.924731231824241107e+00  7.532384478211920548e-07  7.532384478211920548e-07
8.024731231824242528e+00  6.300413076029658285e-07  6.300413076029658285e-07
8.124731231824242172e+00  5.271712407300953636e-07  5.271712407300953636e-07
8.224731231824241817e+00  4.412454281440702944e-07  4.412454281440702944e-07
8.324731231824241462e+00  3.694388931215447406e-07  3.694388931215447406e-07
8.424731231824241107e+00  3.093995709316461716e-07  3.093995709316461716e-07
8.524731231824242528e+00  2.591733046382430630e-07  2.591733046382430630e-07
8.624731231824242172e+00  2.171379519068274675e-07  2.171379519068274675e-07
8.724731231824241817e+00  1.819464061899704290e-07  1.819464061899704290e-07
8.824731231824241462e+00  1.524783176480344502e-07  1.524783176480344502e-07
8.924731231824241107e+00  1.277999948121481841e-07  1.277999948121481841e-07
9.024731231824242528e+00  1.071316326310734117e-07  1.071316326310734117e-07
9.124731231824242172e+00  8.982078871813199546e-08  8.982078871813199546e-08
9.224731231824241817e+00  7.532096343250798121e-08  7.532096343250798121e-08
9.324731231824241462e+00  6.317421250861475885e-08  6.317421250861475885e-08
9.424731231824241107e+00  5.299688375044707113e-08  5.299688375044707113e-08
9.524731231824242528e+00  4.446776736024786385e-08  4.446776736024786385e-08
9.624731231824242172e+00  3.731813931478401061e-08  3.731813931478401061e-08
9.724731231824241817e+00  3.132333272823176743e-08  3.132333272823176743e-08
9.824731231824241462e+00  2.629558394215145383e-08  2.629558394215145383e-08
9.924731231824241107e+00  2.207797100710694549e-08  2.207797100710694549e-08
1.002473123182424253e+01  1.853930181974224526e-08  1.853930181974224526e-08
1.012473123182424217e+01  1.556982887496597418e-08  1.556982887496597418e-08
1.022473123182424182e+01  1.307767740940478162e-08  1.307767740940478162e-08
1.032473123182424146e+01  1.098588069640742218e-08  1.098588069640742218e-08
1.042473123182424111e+01  9.229924243702826633e-09  9.229924243702826633e-09
