-1.586956399977803578e+00  1.128980012488719145e-15  1.128980012488719145e-15
-1.486956399977803933e+00  1.627411229899686640e-14  1.627411229899686640e-14
-1.386956399977803844e+00  2.163268703005263121e-13  2.163268703005263121e-13
-1.286956399977803756e+00  2.606850318474501122e-12  2.606850318474501122e-12
-1.186956399977804111e+00  2.827174893131712700e-11  2.827174893131712700e-11
-1.086956399977803578e+00  2.750842958695064616e-10  2.750842958695064616e-10
-9.869563999778037111e-01  2.398058570510147025e-09  2.398058570510147025e-09
-8.869563999778038443e-01  1.871816771166472376e-08  1.871816771166472376e-08
-7.869563999778037555e-01  1.307820369773457213e-07  1.307820369773457213e-07
-6.869563999778036667e-01  8.178073198023330114e-07  8.178073198023330114e-07
-5.869563999778037999e-01  4.576567217820595700e-06  4.576567217820595700e-06
-4.869563999778037111e-01  2.291910560482862192e-05  2.291910560482862192e-05
-3.869563999778036223e-01  1.027105891101575449e-04  1.027105891101575449e-04
-2.869563999778037555e-01  4.118958333059210782e-04  4.118958333059210782e-04
-1.869563999778036667e-01  1.478125811502334352e-03  1.478125811502334352e-03
-8.695639997780379993e-02  4.746634879698632958e-03  4.746634879698632958e-03
1.304360002219628889e-02  1.363987057764912657e-02  1.363987057764912657e-02
1.130436000221963777e-01  3.507398371920174979e-02  3.507398371920174979e-02
2.130436000221962445e-01  8.070710443336112649e-02  8.070710443336112649e-02
3.130436000221963333e-01  1.661854741055771301e-01  1.661854741055771301e-01
4.130436000221962001e-01  3.062203783629264819e-01  3.062203783629264819e-01
5.130436000221962889e-01  5.049450108101254386e-01  5.049450108101254386e-01
6.130436000221963777e-01  7.451437070941365759e-01  7.451437070941365759e-01
7.130436000221964665e-01  9.841337448924120102e-01  9.841337448924120102e-01
8.130436000221965553e-01  1.163454554965680288e+00  1.163454554965680288e+00
9.130436000221962001e-01  1.231556340991994292e+00  1.231556340991994292e+00
1.013043600022196289e+00  1.167992383703020165e+00  1.167992383703020165e+00
1.113043600022196378e+00  9.938075217201118861e-01  9.938075217201118861e-01
1.213043600022196467e+00  7.610190003860535235e-01  7.610190003860535235e-01
1.313043600022196555e+00  5.283007046358715320e-01  5.283007046358715320e-01
1.413043600022196200e+00  3.381964023222842064e-01  3.381964023222842064e-01
1.513043600022196289e+00  2.073885898506128422e-01  2.073885898506128422e-01
1.613043600022196378e+00  1.308634453622934957e-01  1.308634453622934957e-01
1.713043600022196467e+00  9.283138470447480084e-02  9.283138470447480084e-02
1.813043600022196555e+00  7.660188374394119593e-02  7.660188374394119593e-02
1.913043600022196200e+00  6.976093662801745310e-02  6.976093662801745310e-02
2.013043600022196067e+00  6.512251213438265129e-02  6.512251213438265129e-02
2.113043600022196600e+00  5.955315345985018327e-02  5.955315345985018327e-02
2.213043600022196244e+00  5.237773451546698378e-02  5.237773451546698378e-02
2.313043600022196777e+00  4.411994489971132055e-02  4.411994489971132055e-02
2.413043600022196422e+00  3.569271903086047859e-02  3.569271903086047859e-02
2.513043600022196955e+00  2.793748074885560664e-02  2.793748074885560664e-02
2.613043600022196600e+00  2.140559838927817704e-02  2.140559838927817704e-02
2.713043600022196244e+00  1.630776771477570816e-02  1.630776771477570816e-02
2.813043600022196777e+00  1.257130258792696006e-02  1.257130258792696006e-02
2.913043600022196422e+00  9.948937092691923292e-03  9.948937092691923292e-03
3.013043600022196955e+00  8.131205965271545710e-03  8.131205965271545710e-03
3.113043600022196600e+00  6.831346253582429653e-03  6.831346253582429653e-03
3.213043600022197133e+00  5.831297757142786878e-03  5.831297757142786878e-03
3.313043600022196777e+00  4.992847297667579731e-03  4.992847297667579731e-03
3.413043600022196422e+00  4.245867976396677443e-03  4.245867976396677443e-03
3.513043600022196955e+00  3.566580588490253240e-03  3.566580588490253240e-03
3.613043600022196600e+00  2.955602800977454384e-03  2.955602800977454384e-03
3.713043600022197133e+00  2.421150752392718392e-03  2.421150752392718392e-03
3.813043600022196777e+00  1.968998716865946394e-03  1.968998716865946394e-03
3.913043600022196422e+00  1.598411996280363866e-03  1.598411996280363866e-03
4.013043600022196955e+00  1.302198294053112226e-03  1.302198294053112226e-03
4.113043600022196600e+00  1.068894824204121756e-03  1.068894824204121756e-03
4.213043600022197133e+00  8.855043118512140798e-04  8.855043118512140798e-04
4.313043600022196777e+00  7.397811468901147741e-04  7.397811468901147741e-04
4.413043600022196422e+00  6.216309718603119224e-04  6.216309718603119224e-04
4.513043600022196955e+00  5.236065361560950267e-04  5.236065361560950267e-04
4.613043600022196600e+00  4.407233600706953348e-04  4.407233600706953348e-04
4.713043600022197133e+00  3.698994532450242795e-04  3.698994532450242795e-04
4.813043600022196777e+00  3.092925160840819020e-04  3.092925160840819020e-04
4.913043600022196422e+00  2.577210581887947466e-04  2.577210581887947466e-04
5.013043600022196955e+00  2.142586929242208714e-04  2.142586929242208714e-04
5.113043600022196600e+00  1.780124828928051045e-04  1.780124828928051045e-04
5.213043600022197133e+00  1.480483563330961029e-04  1.480483563330961029e-04
5.313043600022196777e+00  1.234081921344423163e-04  1.234081921344423163e-04
5.413043600022196422e+00  1.031661175451130960e-04  1.031661175451130960e-04
5.513043600022196955e+00  8.648595298636928470e-05  8.648595298636928470e-05
5.613043600022196600e+00  7.265910471398942928e-05  7.265910471398942928e-05
5.713043600022197133e+00  6.111701014804541310e-05  6.111701014804541310e-05
5.813043600022196777e+00  5.142196418252949962e-05  5.142196418252949962e-05
5.913043600022196422e+00  4.324460791722426546e-05  4.324460791722426546e-05
6.013043600022196955e+00  3.633672624445338166e-05  3.633672624445338166e-05
6.113043600022196600e+00  3.050595579256066081e-05  3.050595579256066081e-05
6.213043600022197133e+00  2.559610277244969988e-05  2.559610277244969988e-05
6.313043600022196777e+00  2.147411193659673899e-05  2.147411193659673899e-05
6.413043600022196422e+00  1.802288311865594297e-05  1.802288311865594297e-05
6.513043600022196067e+00  1.513822462936753569e-05  1.513822462936753569e-05
6.613043600022197488e+00  1.272809971438552596e-05  1.272809971438552596e-05
6.713043600022197133e+00  1.071267512397100005e-05  1.071267512397100005e-05
6.813043600022196777e+00  9.024231339337921467e-06  9.024231339337921467e-06
6.913043600022196422e+00  7.606525738194089888e-06  7.606525738194089888e-06
7.013043600022196067e+00  6.413591983253813555e-06  6.413591983253813555e-06
7.113043600022197488e+00  5.408175478710990495e-06  5.408175478710990495e-06
7.213043600022197133e+00  4.560068372374162206e-06  4.560068372374162206e-06
7.313043600022196777e+00  3.844568924613628713e-06  3.844568924613628713e-06
7.413043600022196422e+00  3.241203514962298700e-06  3.241203514962298700e-06
7.513043600022196067e+00  2.732758231372707317e-06  2.732758231372707317e-06
7.613043600022197488e+00  2.304596812956147102e-06  2.304596812956147102e-06
7.713043600022197133e+00  1.944202259279000577e-06  1.944202259279000577e-06
7.813043600022196777e+00  1.640868411539837928e-06  1.640868411539837928e-06
7.913043600022196422e+00  1.385476713780518445e-06  1.385476713780518445e-06
8.013043600022196955e+00  1.170312142092907911e-06  1.170312142092907911e-06
8.113043600022198376e+00  9.888925615165302025e-07  9.888925615165302025e-07
8.213043600022196244e+00  8.358022107855145089e-07  8.358022107855145089e-07
8.313043600022197666e+00  7.065304206457741628e-07  7.065304206457741628e-07
8.413043600022195534e+00  5.973212134434942327e-07  5.973212134434942327e-07
8.513043600022196955e+00  5.050396302453119738e-07  5.050396302453119738e-07
8.613043600022198376e+00  4.270584212269706873e-07  4.270584212269706873e-07
8.713043600022196244e+00  3.611658151410237960e-07  3.611658151410237960e-07
8.813043600022197666e+00  3.054925985795867068e-07  3.054925985795867068e-07
8.913043600022195534e+00  2.584552246377393505e-07  2.584552246377393505e-07
9.013043600022196955e+00  2.187111885102544201e-07  2.187111885102544201e-07
9.113043600022196600e+00  1.851232160350194643e-07  1.851232160350194643e-07
9.213043600022196244e+00  1.567295620935886974e-07  1.567295620935886974e-07
9.313043600022195889e+00  1.327185856275463972e-07  1.327185856275463972e-07
9.413043600022195534e+00  1.124065300582547416e-07  1.124065300582547416e-07
9.513043600022196955e+00  9.521797977516916584e-08  9.521797977516916584e-08
9.613043600022196600e+00  8.066876882726833150e-08  8.066876882726833150e-08
9.713043600022196244e+00  6.835123195722776991e-08  6.835123195722776991e-08
9.813043600022195889e+00  5.792168098198220136e-08  5.792168098198220136e-08
9.913043600022195534e+00  4.908992951883504205e-08  4.908992951883504205e-08
1.001304360002219696e+01  4.161062674293497476e-08  4.161062674293497476e-08
1.011304360002219660e+01  3.527612423692310014e-08  3.527612423692310014e-08
1.021304360002219624e+01  2.991059720202217166e-08  2.991059720202217166e-08
1.031304360002219589e+01  2.536516711422614448e-08  2.536516711422614448e-08
1.041304360002219553e+01  2.151381581460887067e-08  2.151381581460887067e-08
