-1.530927828216156250e+00  5.697324495100681410e-166  5.697324495100681410e-166
-1.430927828216155717e+00  1.661179281583891050e-154  1.661179281583891050e-154
-1.330927828216156072e+00  6.572418279341663556e-142  6.572418279341663556e-142
-1.230927828216155984e+00  7.611323453549156263e-130  7.611323453549156263e-130
-1.130927828216155895e+00  2.564659769930522662e-118  2.564659769930522662e-118
-1.030927828216156250e+00  2.514393896038077893e-107  2.514393896038077893e-107
-9.309278282161559392e-01  7.172504691940661747e-97  7.172504691940661747e-97
-8.309278282161560725e-01  5.953088532233385099e-87  5.953088532233385099e-87
-7.309278282161559837e-01  1.437632276072935478e-77  1.437632276072935478e-77
-6.309278282161558948e-01  1.010153238889697034e-68  1.010153238889697034e-68
-5.309278282161560281e-01  2.065193168696679636e-60  2.065193168696679636e-60
-4.309278282161559392e-01  1.228479947568025990e-52  1.228479947568025990e-52
-3.309278282161558504e-01  2.126226060963195185e-45  2.126226060963195185e-45
-2.309278282161559837e-01  1.070741843934192831e-38  1.070741843934192831e-38
-1.309278282161558948e-01  1.568895747829504360e-32  1.568895747829504360e-32
-3.092782821615602806e-02  6.688633040969238759e-27  6.688633040969238759e-27
6.907217178384406076e-02  8.296876521928647705e-22  8.296876521928647705e-22
1.690721717838441496e-01  2.994510612878479027e-17  2.994510612878479027e-17
2.690721717838440163e-01  3.144640905439335672e-13  3.144640905439335672e-13
3.690721717838441052e-01  9.608381429680648132e-10  9.608381429680648132e-10
4.690721717838439719e-01  8.542075072159390127e-07  8.542075072159390127e-07
5.690721717838440608e-01  2.209583944826214489e-04  2.209583944826214489e-04
6.690721717838441496e-01  1.662997514929320797e-02  1.662997514929320797e-02
7.690721717838442384e-01  3.641720977644951063e-01  3.641720977644951063e-01
8.690721717838443272e-01  2.320361807041155355e+00  2.320361807041155355e+00
9.690721717838439719e-01  4.301686157324746240e+00  4.301686157324746240e+00
1.069072171783844061e+00  2.320361807042372160e+00  2.320361807042372160e+00
1.169072171783844150e+00  3.641720979981379336e-01  3.641720979981379336e-01
1.269072171783844238e+00  1.662999909249954916e-02  1.662999909249954916e-02
1.369072171783844327e+00  2.222818882516137907e-04  2.222818882516137907e-04
1.469072171783843972e+00  4.031615145338683095e-05  4.031615145338683095e-05
1.569072171783844061e+00  6.346769027118685054e-04  6.346769027118685054e-04
1.669072171783844150e+00  5.506080841823476381e-03  5.506080841823476381e-03
1.769072171783844238e+00  2.576618480022500185e-02  2.576618480022500185e-02
1.869072171783844327e+00  6.503911717136866277e-02  6.503911717136866277e-02
1.969072171783843972e+00  8.855562333748212556e-02  8.855562333748212556e-02
2.069072171783844283e+00  6.503911735375682290e-02  6.503911735375682290e-02
2.169072171783843928e+00  2.576619082928856622e-02  2.576619082928856622e-02
2.269072171783844460e+00  5.506212869183315511e-03  5.506212869183315511e-03
2.369072171783844105e+00  6.365917765599204709e-04  6.365917765599204709e-04
2.469072171783843750e+00  5.788361747749085203e-05  5.788361747749085203e-05
2.569072171783844283e+00  1.186991739659524391e-04  1.186991739659524391e-04
2.669072171783843928e+00  4.955941094505264674e-04  4.955941094505264674e-04
2.769072171783843572e+00  1.386469273479118891e-03  1.386469273479118891e-03
2.869072171783844105e+00  2.570355477916377775e-03  2.570355477916377775e-03
2.969072171783843750e+00  3.157578803414344461e-03  3.157578803414344461e-03
3.069072171783844283e+00  2.570356003027411858e-03  2.570356003027411858e-03
3.169072171783843928e+00  1.386476309668398764e-03  1.386476309668398764e-03
3.269072171783844460e+00  4.956437594629442859e-04  4.956437594629442859e-04
3.369072171783844105e+00  1.179228317013156333e-04  1.179228317013156333e-04
3.469072171783843750e+00  2.140936594831920192e-05  2.140936594831920192e-05
3.569072171783844283e+00  1.389765121671879555e-05  1.389765121671879555e-05
3.669072171783843928e+00  3.542335063317719962e-05  3.542335063317719962e-05
3.769072171783844460e+00  7.634946579749048721e-05  7.634946579749048721e-05
3.869072171783844105e+00  1.212926899199248231e-04  1.212926899199248231e-04
3.969072171783843750e+00  1.415320595827813759e-04  1.415320595827813759e-04
4.069072171783844283e+00  1.212928319858927673e-04  1.212928319858927673e-04
4.169072171783843928e+00  7.634610197969742278e-05  7.634610197969742278e-05
4.269072171783844460e+00  3.530830572694418275e-05  3.530830572694418275e-05
4.369072171783844105e+00  1.206634917853214027e-05  1.206634917853214027e-05
4.469072171783843750e+00  3.316398018154990864e-06  3.316398018154990864e-06
4.569072171783844283e+00  1.545670955056334328e-06  1.545670955056334328e-06
4.669072171783843928e+00  2.443180717564206103e-06  2.443180717564206103e-06
4.769072171783844460e+00  4.400214966997348368e-06  4.400214966997348368e-06
4.869072171783844105e+00  6.362703390956098492e-06  6.362703390956098492e-06
4.969072171783843750e+00  7.198212814739251463e-06  7.198212814739251463e-06
5.069072171783844283e+00  6.362270845372702188e-06  6.362270845372702188e-06
5.169072171783843928e+00  4.393493131657205364e-06  4.393493131657205364e-06
5.269072171783844460e+00  2.372152587629965915e-06  2.372152587629965915e-06
5.369072171783844105e+00  1.008290716821545026e-06  1.008290716821545026e-06
5.469072171783843750e+00  3.590051664380557653e-07  3.590051664380557653e-07
5.569072171783844283e+00  1.610149450423907980e-07  1.610149450423907980e-07
5.669072171783843928e+00  1.741364180427614518e-07  1.741364180427614518e-07
5.769072171783844460e+00  2.655269308858560176e-07  2.655269308858560176e-07
5.869072171783844105e+00  3.582328983130509130e-07  3.582328983130509130e-07
5.969072171783843750e+00  3.967226213691198059e-07  3.967226213691198059e-07
6.069072171783844283e+00  3.579261755235959289e-07  3.579261755235959289e-07
6.169072171783843928e+00  2.629434150604591975e-07  2.629434150604591975e-07
6.269072171783844460e+00  1.574607004326361663e-07  1.574607004326361663e-07
6.369072171783844105e+00  7.744854582103853653e-08  7.744854582103853653e-08
6.469072171783843750e+00  3.284852279501025327e-08  3.284852279501025327e-08
6.569072171783843395e+00  1.540817268612732270e-08  1.540817268612732270e-08
6.669072171783844816e+00  1.301528319559762106e-08  1.301528319559762106e-08
6.769072171783844460e+00  1.678912530791687374e-08  1.678912530791687374e-08
6.869072171783844105e+00  2.125492425783467484e-08  2.125492425783467484e-08
6.969072171783843750e+00  2.312423237156201405e-08  2.312423237156201405e-08
7.069072171783843395e+00  2.116371245934667301e-08  2.116371245934667301e-08
7.169072171783844816e+00  1.625115413786319882e-08  1.625115413786319882e-08
7.269072171783844460e+00  1.048216834019743897e-08  1.048216834019743897e-08
7.369072171783844105e+00  5.724098156554778879e-09  5.724098156554778879e-09
7.469072171783843750e+00  2.752704271377127107e-09  2.752704271377127107e-09
7.569072171783843395e+00  1.374272059001006867e-09  1.374272059001006867e-09
7.669072171783844816e+00  1.007314826557021502e-09  1.007314826557021502e-09
7.769072171783844460e+00  1.111737242367382681e-09  1.111737242367382681e-09
7.869072171783844105e+00  1.316484396055911585e-09  1.316484396055911585e-09
7.969072171783843750e+00  1.405841799790040604e-09  1.405841799790040604e-09
8.069072171783844283e+00  1.299070403079454109e-09  1.299070403079454109e-09
8.169072171783845704e+00  1.031091712062219346e-09  1.031091712062219346e-09
8.269072171783843572e+00  7.033104989001722599e-10  7.033104989001722599e-10
8.369072171783844993e+00  4.154550758676729255e-10  4.154550758676729255e-10
8.469072171783842862e+00  2.195504890203104361e-10  2.195504890203104361e-10
8.569072171783844283e+00  1.164902672352488306e-10  1.164902672352488306e-10
8.669072171783845704e+00  7.933081830675844976e-11  7.933081830675844976e-11
8.769072171783843572e+00  7.677581963713660568e-11  7.677581963713660568e-11
8.869072171783844993e+00  8.467882350687172020e-11  8.467882350687172020e-11
8.969072171783842862e+00  8.842438898667338084e-11  8.842438898667338084e-11
9.069072171783846059e+00  8.213005153760516774e-11  8.213005153760516774e-11
9.169072171783845704e+00  6.685392767515132269e-11  6.685392767515132269e-11
9.269072171783845349e+00  4.763000175301203341e-11  4.763000175301203341e-11
9.369072171783844993e+00  2.990903236591718650e-11  2.990903236591718650e-11
9.469072171783844638e+00  1.700739297796645991e-11  1.700739297796645991e-11
9.569072171783846059e+00  9.529794464666783943e-12  9.529794464666783943e-12
9.669072171783845704e+00  6.278729527107135955e-12  6.278729527107135955e-12
9.769072171783845349e+00  5.489427859611737276e-12  5.489427859611737276e-12
9.869072171783844993e+00  5.635199951243071547e-12  5.635199951243071547e-12
9.969072171783844638e+00  5.726129396937979335e-12  5.726129396937979335e-12
1.006907217178384606e+01  5.321156113501611208e-12  5.321156113501611208e-12
1.016907217178384570e+01  4.414887728375104383e-12  4.414887728375104383e-12
1.026907217178384535e+01  3.256099474426315843e-12  3.256099474426315843e-12
1.036907217178384499e+01  2.146874703592758427e-12  2.146874703592758427e-12
1.046907217178384464e+01  1.294314861890619865e-12  1.294314861890619865e-12
