-1.552631577240076499e+00  3.195485742973952726e-22  3.195485742973952726e-22
-1.452631577240076410e+00  1.517889106880924176e-20  1.517889106880924176e-20
-1.352631577240076766e+00  6.399114529536733924e-19  6.399114529536733924e-19
-1.252631577240076233e+00  2.327691026289219947e-17  2.327691026289219947e-17
-1.152631577240076588e+00  7.243780657614610072e-16  7.243780657614610072e-16
-1.052631577240076499e+00  1.923531769918348396e-14  1.923531769918348396e-14
-9.526315772400764104e-01  4.354675442494503888e-13  4.354675442494503888e-13
-8.526315772400763215e-01  8.402446229234024787e-12  8.402446229234024787e-12
-7.526315772400764548e-01  1.381661626407477968e-10  1.381661626407477968e-10
-6.526315772400765880e-01  1.936087691333669845e-09  1.936087691333669845e-09
-5.526315772400764992e-01  2.311894318494069571e-08  2.311894318494069571e-08
-4.526315772400764104e-01  2.352486550089888562e-07  2.352486550089888562e-07
-3.526315772400763215e-01  2.039862812591913757e-06  2.039862812591913757e-06
-2.526315772400764548e-01  1.507261657391059958e-05  1.507261657391059958e-05
-1.526315772400763660e-01  9.490516486514075881e-05  9.490516486514075881e-05
-5.263157724007649918e-02  5.092187395717309804e-04  5.092187395717309804e-04
4.736842275992358964e-02  2.328263822915705317e-03  2.328263822915705317e-03
1.473684227599236785e-01  9.071379492756615967e-03  9.071379492756615967e-03
2.473684227599235452e-01  3.011812885166359477e-02  3.011812885166359477e-02
3.473684227599236340e-01  8.521116784183221937e-02  8.521116784183221937e-02
4.473684227599235008e-01  2.054374842587253225e-01  2.054374842587253225e-01
5.473684227599235896e-01  4.220647443822433953e-01  4.220647443822433953e-01
6.473684227599236785e-01  7.389211381650787613e-01  7.389211381650787613e-01
7.473684227599237673e-01  1.102413387642048104e+00  1.102413387642048104e+00
8.473684227599238561e-01  1.401641252701718576e+00  1.401641252701718576e+00
9.473684227599235008e-01  1.518877625581838808e+00  1.518877625581838808e+00
1.047368422759923590e+00  1.403237086843657666e+00  1.403237086843657666e+00
1.147368422759923678e+00  1.106199447915264589e+00  1.106199447915264589e+00
1.247368422759923767e+00  7.460541152549827748e-01  7.460541152549827748e-01
1.347368422759923856e+00  4.341430305500283415e-01  4.341430305500283415e-01
1.447368422759923501e+00  2.242187956932129300e-01  2.242187956932129300e-01
1.547368422759923590e+00  1.121435898594782959e-01  1.121435898594782959e-01
1.647368422759923678e+00  6.576682833315464216e-02  6.576682833315464216e-02
1.747368422759923767e+00  5.263711574564047119e-02  5.263711574564047119e-02
1.847368422759923856e+00  5.149457946275030201e-02  5.149457946275030201e-02
1.947368422759923501e+00  5.176589329822212093e-02  5.176589329822212093e-02
2.047368422759923590e+00  4.948629132215998094e-02  4.948629132215998094e-02
2.147368422759923678e+00  4.405696940000587702e-02  4.405696940000587702e-02
2.247368422759923767e+00  3.642412000893330976e-02  3.642412000893330976e-02
2.347368422759923856e+00  2.805841395094285304e-02  2.805841395094285304e-02
2.447368422759923501e+00  2.030942902264326611e-02  2.030942902264326611e-02
2.547368422759924034e+00  1.404035749638713436e-02  1.404035749638713436e-02
2.647368422759923678e+00  9.537429927795692750e-03  9.537429927795692750e-03
2.747368422759923323e+00  6.631469781845672484e-03  6.631469781845672484e-03
2.847368422759923856e+00  4.914139734798760560e-03  4.914139734798760560e-03
2.947368422759923501e+00  3.938208233524771902e-03  3.938208233524771902e-03
3.047368422759924034e+00  3.342248858635106078e-03  3.342248858635106078e-03
3.147368422759923678e+00  2.894341255739161546e-03  2.894341255739161546e-03
3.247368422759924211e+00  2.480272486474293520e-03  2.480272486474293520e-03
3.347368422759923856e+00  2.067263675841455022e-03  2.067263675841455022e-03
3.447368422759923501e+00  1.665613668024959384e-03  1.665613668024959384e-03
3.547368422759924034e+00  1.299336629074655759e-03  1.299336629074655759e-03
3.647368422759923678e+00  9.886220396243562952e-04  9.886220396243562952e-04
3.747368422759924211e+00  7.425743370655129476e-04  7.425743370655129476e-04
3.847368422759923856e+00  5.590231644865161680e-04  5.590231644865161680e-04
3.947368422759923501e+00  4.280398727267748123e-04  4.280398727267748123e-04
4.047368422759923590e+00  3.364286455246999355e-04  3.364286455246999355e-04
4.147368422759923234e+00  2.714446005164099533e-04  2.714446005164099533e-04
4.247368422759924655e+00  2.229911555476186426e-04  2.229911555476186426e-04
4.347368422759924300e+00  1.843165781972106929e-04  1.843165781972106929e-04
4.447368422759923945e+00  1.516523878300794434e-04  1.516523878300794434e-04
4.547368422759923590e+00  1.233410914542709517e-04  1.233410914542709517e-04
4.647368422759923234e+00  9.889919114084524704e-05  9.889919114084524704e-05
4.747368422759924655e+00  7.827881690753719218e-05  7.827881690753719218e-05
4.847368422759924300e+00  6.141920790248811524e-05  6.141920790248811524e-05
4.947368422759923945e+00  4.806180673955440458e-05  4.806180673955440458e-05
5.047368422759923590e+00  3.774662391843419771e-05  3.774662391843419771e-05
5.147368422759923234e+00  2.989900559394050538e-05  2.989900559394050538e-05
5.247368422759924655e+00  2.393507226257480348e-05  2.393507226257480348e-05
5.347368422759924300e+00  1.934317804668376134e-05  1.934317804668376134e-05
5.447368422759923945e+00  1.572569381210306872e-05  1.572569381210306872e-05
5.547368422759923590e+00  1.280416944056894467e-05  1.280416944056894467e-05
5.647368422759923234e+00  1.040022742914683511e-05  1.040022742914683511e-05
5.747368422759924655e+00  8.406157121260428617e-06  8.406157121260428617e-06
5.847368422759924300e+00  6.756147832013053911e-06  6.756147832013053911e-06
5.947368422759923945e+00  5.404355038560131070e-06  5.404355038560131070e-06
6.047368422759923590e+00  4.311622265020151042e-06  4.311622265020151042e-06
6.147368422759923234e+00  3.439724406827261598e-06  3.439724406827261598e-06
6.247368422759924655e+00  2.750636779907401496e-06  2.750636779907401496e-06
6.347368422759924300e+00  2.208228323914587451e-06  2.208228323914587451e-06
6.447368422759923945e+00  1.780397109699393757e-06  1.780397109699393757e-06
6.547368422759923590e+00  1.440522795834370028e-06  1.440522795834370028e-06
6.647368422759925011e+00  1.167870375654160447e-06  1.167870375654160447e-06
6.747368422759924655e+00  9.470840465884693046e-07  9.470840465884693046e-07
6.847368422759924300e+00  7.671399637720935574e-07  7.671399637720935574e-07
6.947368422759923945e+00  6.201447410922587084e-07  6.201447410922587084e-07
7.047368422759923590e+00  5.002642797910920509e-07  5.002642797910920509e-07
7.147368422759925011e+00  4.029277050206177962e-07  4.029277050206177962e-07
7.247368422759924655e+00  3.243297077111146945e-07  3.243297077111146945e-07
7.347368422759924300e+00  2.611772048331750471e-07  2.611772048331750471e-07
7.447368422759923945e+00  2.105950985179566757e-07  2.105950985179566757e-07
7.547368422759923590e+00  1.701095174734983269e-07  1.701095174734983269e-07
7.647368422759925011e+00  1.376493124753790941e-07  1.376493124753790941e-07
7.747368422759924655e+00  1.115336928146747856e-07  1.115336928146747856e-07
7.847368422759924300e+00  9.043655899680531546e-08  9.043655899680531546e-08
7.947368422759923945e+00  7.333235371192192228e-08  7.333235371192192228e-08
8.047368422759925366e+00  5.943414968370261404e-08  5.943414968370261404e-08
8.147368422759925011e+00  4.813447083396666700e-08  4.813447083396666700e-08
8.247368422759924655e+00  3.895588772206762413e-08  3.895588772206762413e-08
8.347368422759924300e+00  3.151420249102460085e-08  3.151420249102460085e-08
8.447368422759923945e+00  2.549360724418802509e-08  2.549360724418802509e-08
8.547368422759925366e+00  2.063120569150855986e-08  2.063120569150855986e-08
8.647368422759925011e+00  1.670768770069493213e-08  1.670768770069493213e-08
8.747368422759924655e+00  1.354132752060101302e-08  1.354132752060101302e-08
8.847368422759924300e+00  1.098333388039601672e-08  1.098333388039601672e-08
8.947368422759923945e+00  8.913495791628038211e-09  8.913495791628038211e-09
9.047368422759925366e+00  7.235786946583395983e-09  7.235786946583395983e-09
9.147368422759925011e+00  5.874020957665828747e-09  5.874020957665828747e-09
9.247368422759924655e+00  4.767812716481502497e-09  4.767812716481502497e-09
9.347368422759924300e+00  3.869080828968740094e-09  3.869080828968740094e-09
9.447368422759923945e+00  3.139216719320585392e-09  3.139216719320585392e-09
9.547368422759925366e+00  2.546923062068655993e-09  2.546923062068655993e-09
9.647368422759925011e+00  2.066632427970064238e-09  2.066632427970064238e-09
9.747368422759924655e+00  1.677372005635093462e-09  1.677372005635093462e-09
9.847368422759924300e+00  1.361937193272988296e-09  1.361937193272988296e-09
9.947368422759923945e+00  1.106260970693517368e-09  1.106260970693517368e-09
1.004736842275992537e+01  8.989010279195725226e-10  8.989010279195725226e-10
1.014736842275992501e+01  7.306001063839363328e-10  7.306001063839363328e-10
1.024736842275992466e+01  5.938999336727334995e-10  5.938999336727334995e-10
1.034736842275992430e+01  4.828036284583726012e-10  4.828036284583726012e-10
1.044736842275992394e+01  3.924870734130729211e-10  3.924870734130729211e-10
