-1.598900982044821895e+00  2.177509420583772890e-134  2.177509420583772890e-134
-1.498900982044822250e+00  3.120378084252811034e-125  3.120378084252811034e-125
-1.398900982044822161e+00  4.908445567907393638e-115  4.908445567907393638e-115
-1.298900982044822072e+00  2.901075042264496782e-105  2.901075042264496782e-105
-1.198900982044822427e+00  6.307979929684929010e-96  6.307979929684929010e-96
-1.098900982044821895e+00  5.045766880454137663e-87  5.045766880454137663e-87
-9.989009820448220278e-01  1.484805538722907041e-78  1.484805538722907041e-78
-8.989009820448221610e-01  1.607376054059265158e-70  1.607376054059265158e-70
-7.989009820448220722e-01  6.401340479873705851e-63  6.401340479873705851e-63
-6.989009820448219834e-01  9.378424333982699853e-56  9.378424333982699853e-56
-5.989009820448221166e-01  5.054687934280352281e-49  5.054687934280352281e-49
-4.989009820448220278e-01  1.002222932598594512e-42  1.002222932598594512e-42
-3.989009820448219390e-01  7.310378132741945484e-37  7.310378132741945484e-37
-2.989009820448220722e-01  1.961647031581455446e-31  1.961647031581455446e-31
-1.989009820448219834e-01  1.936454991735343864e-26  1.936454991735343864e-26
-9.890098204482211663e-02  7.032333643092212484e-22  7.032333643092212484e-22
1.099017955177972183e-03  9.395005644675352923e-18  9.395005644675352923e-18
1.010990179551780610e-01  4.617428099688522333e-14  4.617428099688522333e-14
2.010990179551779278e-01  8.348505849937990014e-11  8.348505849937990014e-11
3.010990179551780166e-01  5.552938814508201846e-08  5.552938814508201846e-08
4.010990179551778834e-01  1.358759328266984395e-05  1.358759328266984395e-05
5.010990179551779722e-01  1.223116168584183943e-03  1.223116168584183943e-03
6.010990179551780610e-01  4.050404472064939032e-02  4.050404472064939032e-02
7.010990179551781498e-01  4.934402801933742699e-01  4.934402801933742699e-01
8.010990179551782386e-01  2.211445910607209075e+00  2.211445910607209075e+00
9.010990179551778834e-01  3.646057911823825659e+00  3.646057911823825659e+00
1.001099017955177972e+00  2.211445910947592797e+00  2.211445910947592797e+00
1.101099017955178061e+00  4.934403040578985156e-01  4.934403040578985156e-01
1.201099017955178150e+00  4.050505946622666442e-02  4.050505946622666442e-02
1.301099017955178239e+00  1.249286801965488001e-03  1.249286801965488001e-03
1.401099017955177883e+00  4.229651774427951850e-04  4.229651774427951850e-04
1.501099017955177972e+00  3.884121905226176497e-03  3.884121905226176497e-03
1.601099017955178061e+00  2.235125884367818172e-02  2.235125884367818172e-02
1.701099017955178150e+00  7.801355860485632843e-02  7.801355860485632843e-02
1.801099017955178239e+00  1.651547048979624122e-01  1.651547048979624122e-01
1.901099017955177883e+00  2.120628399609989778e-01  2.120628399609989778e-01
2.001099017955177750e+00  1.651547341487555054e-01  1.651547341487555054e-01
2.101099017955178283e+00  7.801405656087816165e-02  7.801405656087816165e-02
2.201099017955177928e+00  2.235732511680072268e-02  2.235732511680072268e-02
2.301099017955178461e+00  3.937020442139772120e-03  3.937020442139772120e-03
2.401099017955178105e+00  7.405894330690369507e-04  7.405894330690369507e-04
2.501099017955178638e+00  1.510559156657419102e-03  1.510559156657419102e-03
2.601099017955178283e+00  4.767787886580932694e-03  4.767787886580932694e-03
2.701099017955177928e+00  1.096825397636974619e-02  1.096825397636974619e-02
2.801099017955178461e+00  1.808355529014500293e-02  1.808355529014500293e-02
2.901099017955178105e+00  2.136320516370679087e-02  2.136320516370679087e-02
3.001099017955178638e+00  1.808366261177312556e-02  1.808366261177312556e-02
3.101099017955178283e+00  1.096913762878994059e-02  1.096913762878994059e-02
3.201099017955178816e+00  4.772691161742079712e-03  4.772691161742079712e-03
3.301099017955178461e+00  1.514442721593571095e-03  1.514442721593571095e-03
3.401099017955178105e+00  4.500785093978783400e-04  4.500785093978783400e-04
3.501099017955178638e+00  4.190891577124415072e-04  4.190891577124415072e-04
3.601099017955178283e+00  8.843787965782369748e-04  8.843787965782369748e-04
3.701099017955178816e+00  1.641401805640646224e-03  1.641401805640646224e-03
3.801099017955178461e+00  2.387532146181404157e-03  2.387532146181404157e-03
3.901099017955178105e+00  2.705411604554102539e-03  2.705411604554102539e-03
4.001099017955178638e+00  2.387618732554267018e-03  2.387618732554267018e-03
4.101099017955178283e+00  1.641549549827031954e-03  1.641549549827031954e-03
4.201099017955178816e+00  8.812072210569851707e-04  8.812072210569851707e-04
4.301099017955178461e+00  3.767569660977990458e-04  3.767569660977990458e-04
4.401099017955178105e+00  1.507765393980820077e-04  1.507765393980820077e-04
4.501099017955178638e+00  1.085398397852980898e-04  1.085398397852980898e-04
4.601099017955178283e+00  1.639687319114874306e-04  1.639687319114874306e-04
4.701099017955178816e+00  2.614894200737907510e-04  2.614894200737907510e-04
4.801099017955178461e+00  3.518591399957568967e-04  3.518591399957568967e-04
4.901099017955178105e+00  3.887665335633627879e-04  3.887665335633627879e-04
5.001099017955178638e+00  3.518198199999088630e-04  3.518198199999088630e-04
5.101099017955178283e+00  2.608737542944160521e-04  2.608737542944160521e-04
5.201099017955178816e+00  1.590706235818195699e-04  1.590706235818195699e-04
5.301099017955178461e+00  8.149911645372204542e-05  8.149911645372204542e-05
5.401099017955178105e+00  3.944641166931705172e-05  3.944641166931705172e-05
5.501099017955178638e+00  2.657672268501217274e-05  2.657672268501217274e-05
5.601099017955178283e+00  3.148595567462263666e-05  3.148595567462263666e-05
5.701099017955178816e+00  4.401600453640646781e-05  4.401600453640646781e-05
5.801099017955178461e+00  5.580761396488064088e-05  5.580761396488064088e-05
5.901099017955178105e+00  6.055288289101239373e-05  6.055288289101239373e-05
6.001099017955178638e+00  5.572061557995764916e-05  5.572061557995764916e-05
6.101099017955178283e+00  4.347300824445158478e-05  4.347300824445158478e-05
6.201099017955178816e+00  2.889195901909536002e-05  2.889195901909536002e-05
6.301099017955178461e+00  1.671623673199763591e-05  1.671623673199763591e-05
6.401099017955178105e+00  9.207017876986232804e-06  9.207017876986232804e-06
6.501099017955177750e+00  6.190594122917053063e-06  6.190594122917053063e-06
6.601099017955179171e+00  6.258165453705904981e-06  6.258165453705904981e-06
6.701099017955178816e+00  7.779025478916005851e-06  7.779025478916005851e-06
6.801099017955178461e+00  9.347469502404324808e-06  9.347469502404324808e-06
6.901099017955178105e+00  9.980344894656971867e-06  9.980344894656971867e-06
7.001099017955177750e+00  9.289051017529670253e-06  9.289051017529670253e-06
7.101099017955179171e+00  7.518246079275202954e-06  7.518246079275202954e-06
7.201099017955178816e+00  5.318091680951551151e-06  5.318091680951551151e-06
7.301099017955178461e+00  3.357129892909168344e-06  3.357129892909168344e-06
7.401099017955178105e+00  2.028495714269203644e-06  2.028495714269203644e-06
7.501099017955177750e+00  1.389729164387054593e-06  1.389729164387054593e-06
7.601099017955179171e+00  1.274038097906893848e-06  1.274038097906893848e-06
7.701099017955178816e+00  1.433312823213388283e-06  1.433312823213388283e-06
7.801099017955178461e+00  1.635448093153825115e-06  1.635448093153825115e-06
7.901099017955178105e+00  1.717012142079622826e-06  1.717012142079622826e-06
8.001099017955180415e+00  1.609601493865225550e-06  1.609601493865225550e-06
8.101099017955178283e+00  1.339136704700635340e-06  1.339136704700635340e-06
8.201099017955179704e+00  9.930839735974613153e-07  9.930839735974613153e-07
8.301099017955177573e+00  6.692177285853339888e-07  6.692177285853339888e-07
8.401099017955178994e+00  4.333367745562676976e-07  4.333367745562676976e-07
8.501099017955180415e+00  3.042121165462685894e-07  3.042121165462685894e-07
8.601099017955178283e+00  2.631175705103211141e-07  2.631175705103211141e-07
8.701099017955179704e+00  2.732132053597240155e-07  2.732132053597240155e-07
8.801099017955177573e+00  2.966990817626595236e-07  2.966990817626595236e-07
8.901099017955178994e+00  3.057499013656519006e-07  3.057499013656519006e-07
9.001099017955178638e+00  2.876004767461758746e-07  2.876004767461758746e-07
9.101099017955178283e+00  2.443327053153550085e-07  2.443327053153550085e-07
9.201099017955177928e+00  1.879927220911718524e-07  1.879927220911718524e-07
9.301099017955177573e+00  1.332504057194004268e-07  1.332504057194004268e-07
9.401099017955177217e+00  9.101600085859476090e-08  9.101600085859476090e-08
9.501099017955178638e+00  6.548947294205773869e-08  6.548947294205773869e-08
9.601099017955178283e+00  5.477682574183403126e-08  5.477682574183403126e-08
9.701099017955177928e+00  5.347753926204008401e-08  5.347753926204008401e-08
9.801099017955177573e+00  5.548669307926856977e-08  5.548669307926856977e-08
9.901099017955177217e+00  5.603547228874043918e-08  5.603547228874043918e-08
1.000109901795517864e+01  5.270808363184886703e-08  5.270808363184886703e-08
1.010109901795517828e+01  4.548730363284221338e-08  4.548730363284221338e-08
1.020109901795517793e+01  3.603374764079502832e-08  3.603374764079502832e-08
1.030109901795517757e+01  2.658249216377260678e-08  2.658249216377260678e-08
1.040109901795517722e+01  1.894076979223679091e-08  1.894076979223679091e-08
