-1.609690764310892419e+00  0.000000000000000000e+00  0.000000000000000000e+00
-1.509690764310892330e+00  0.000000000000000000e+00  0.000000000000000000e+00
-1.409690764310892241e+00  0.000000000000000000e+00  0.000000000000000000e+00
-1.309690764310892597e+00  0.000000000000000000e+00  0.000000000000000000e+00
-1.209690764310892508e+00  0.000000000000000000e+00  0.000000000000000000e+00
-1.109690764310892419e+00  0.000000000000000000e+00  0.000000000000000000e+00
-1.009690764310892330e+00  1.985613327534451608e-313  1.985613327534451608e-313
-9.096907643108922414e-01  2.727007547836309628e-281  2.727007547836309628e-281
-8.096907643108923747e-01  6.859620241715901939e-251  6.859620241715901939e-251
-7.096907643108925079e-01  3.160355069421470323e-222  3.160355069421470323e-222
-6.096907643108924191e-01  2.666820327564655897e-195  2.666820327564655897e-195
-5.096907643108923303e-01  4.121674650474330391e-170  4.121674650474330391e-170
-4.096907643108922414e-01  1.166744413185444481e-146  1.166744413185444481e-146
-3.096907643108923747e-01  6.049226209489965641e-125  6.049226209489965641e-125
-2.096907643108922858e-01  5.744417448755663290e-105  5.744417448755663290e-105
-1.096907643108924191e-01  9.991121322253284058e-87  9.991121322253284058e-87
-9.690764310892330258e-03  3.182764790187538279e-70  3.182764790187538279e-70
9.030923568910775856e-02  1.857021490537902703e-55  1.857021490537902703e-55
1.903092356891076253e-01  1.984501295597684227e-42  1.984501295597684227e-42
2.903092356891077142e-01  3.884256634983703234e-31  3.884256634983703234e-31
3.903092356891075809e-01  1.392472150842425085e-21  1.392472150842425085e-21
4.903092356891076697e-01  9.142967844890716985e-14  9.142967844890716985e-14
5.903092356891077586e-01  1.099537230024641189e-07  1.099537230024641189e-07
6.903092356891078474e-01  2.421891918725421929e-03  2.421891918725421929e-03
7.903092356891079362e-01  9.770609347411949308e-01  9.770609347411949308e-01
8.903092356891075809e-01  7.219558058876202722e+00  7.219558058876202722e+00
9.903092356891076697e-01  9.770609347411773893e-01  9.770609347411773893e-01
1.090309235689107759e+00  2.421891918725338228e-03  2.421891918725338228e-03
1.190309235689107847e+00  1.099537230024585206e-07  1.099537230024585206e-07
1.290309235689107936e+00  9.153682169963281520e-14  9.153682169963281520e-14
1.390309235689107581e+00  6.415110179554721627e-12  6.415110179554721627e-12
1.490309235689107670e+00  5.198217617829197670e-08  5.198217617829197670e-08
1.590309235689107759e+00  5.700537804438490037e-05  5.700537804438490037e-05
1.690309235689107847e+00  8.460348241403806147e-03  8.460348241403806147e-03
1.790309235689107936e+00  1.699306369857412347e-01  1.699306369857412347e-01
1.890309235689107581e+00  4.619193626168074385e-01  4.619193626168074385e-01
1.990309235689107670e+00  1.699306369857397359e-01  1.699306369857397359e-01
2.090309235689107759e+00  8.460348241403658695e-03  8.460348241403658695e-03
2.190309235689107847e+00  5.700537804471622578e-05  5.700537804471622578e-05
2.290309235689107936e+00  5.198410865728896323e-08  5.198410865728896323e-08
2.390309235689107581e+00  2.964025638586856393e-09  2.964025638586856393e-09
2.490309235689108114e+00  1.193185247204503210e-06  1.193185247204503210e-06
2.590309235689107759e+00  1.268865114219516808e-04  1.268865114219516808e-04
2.690309235689107403e+00  3.556835092355109616e-03  3.556835092355109616e-03
2.790309235689107936e+00  2.628165403205732012e-02  2.628165403205732012e-02
2.890309235689107581e+00  5.118967221345966517e-02  5.118967221345966517e-02
2.990309235689108114e+00  2.628165403205700440e-02  2.628165403205700440e-02
3.090309235689107759e+00  3.556835092355199821e-03  3.556835092355199821e-03
3.190309235689108291e+00  1.268865115852321486e-04  1.268865115852321486e-04
3.290309235689107936e+00  1.193293854725880572e-06  1.193293854725880572e-06
3.390309235689107581e+00  2.953302102330948700e-08  2.953302102330948700e-08
3.490309235689108114e+00  2.392244148363797896e-06  2.392244148363797896e-06
3.590309235689107759e+00  7.922018217402028472e-05  7.922018217402028472e-05
3.690309235689108291e+00  9.650993908967843123e-04  9.650993908967843123e-04
3.790309235689107936e+00  4.325275391971994746e-03  4.325275391971994746e-03
3.890309235689107581e+00  7.131173540380036056e-03  7.131173540380036056e-03
3.990309235689108114e+00  4.325275391971965255e-03  4.325275391971965255e-03
4.090309235689107759e+00  9.650993909053585083e-04  9.650993909053585083e-04
4.190309235689108291e+00  7.922018563973470806e-05  7.922018563973470806e-05
4.290309235689107936e+00  2.392870514424316467e-06  2.392870514424316467e-06
4.390309235689107581e+00  7.775087232625838187e-08  7.775087232625838187e-08
4.490309235689108114e+00  1.873040157496124544e-06  1.873040157496124544e-06
4.590309235689107759e+00  3.079969792729975549e-05  3.079969792729975549e-05
4.690309235689108291e+00  2.275806946085060889e-04  2.275806946085060889e-04
4.790309235689107936e+00  7.555945154575327257e-04  7.555945154575327257e-04
4.890309235689107581e+00  1.127214559561833147e-03  1.127214559561833147e-03
4.990309235689108114e+00  7.555945154578901871e-04  7.555945154578901871e-04
5.090309235689107759e+00  2.275806947133093806e-04  2.275806947133093806e-04
5.190309235689108291e+00  3.079971333209091346e-05  3.079971333209091346e-05
5.290309235689107936e+00  1.874117803949271386e-06  1.874117803949271386e-06
5.390309235689107581e+00  9.758324465841574922e-08  9.758324465841574922e-08
5.490309235689108114e+00  9.327535340357637355e-07  9.327535340357637355e-07
5.590309235689107759e+00  9.612319850094860988e-06  9.612319850094860988e-06
5.690309235689108291e+00  5.089231346589066850e-05  5.089231346589066850e-05
5.790309235689107936e+00  1.383396508792267005e-04  1.383396508792267005e-04
5.890309235689107581e+00  1.930685356491203979e-04  1.930685356491203979e-04
5.990309235689108114e+00  1.383396508823260551e-04  1.383396508823260551e-04
6.090309235689107759e+00  5.089231385738868685e-05  5.089231385738868685e-05
6.190309235689108291e+00  9.612345452360545063e-06  9.612345452360545063e-06
6.290309235689107936e+00  9.333178872497234251e-07  9.333178872497234251e-07
6.390309235689107581e+00  7.404149091901420259e-08  7.404149091901420259e-08
6.490309235689107226e+00  3.627595972338997519e-07  3.627595972338997519e-07
6.590309235689108647e+00  2.671701284505809722e-06  2.671701284505809722e-06
6.690309235689108291e+00  1.114823362016522291e-05  1.114823362016522291e-05
6.790309235689107936e+00  2.626990305574115002e-05  2.626990305574115002e-05
6.890309235689107581e+00  3.495768042164276664e-05  3.495768042164276664e-05
6.990309235689107226e+00  2.626990306596071095e-05  2.626990306596071095e-05
7.090309235689108647e+00  1.114823425718825340e-05  1.114823425718825340e-05
7.190309235689108291e+00  2.671717263675840623e-06  2.671717263675840623e-06
7.290309235689107936e+00  3.623869573729680129e-07  3.623869573729680129e-07
7.390309235689107581e+00  4.036077584433597216e-08  4.036077584433597216e-08
7.490309235689107226e+00  1.219437085595985067e-07  1.219437085595985067e-07
7.590309235689108647e+00  6.949034229416649845e-07  6.949034229416649845e-07
7.690309235689108291e+00  2.425350210081325873e-06  2.425350210081325873e-06
7.790309235689107936e+00  5.134465591155386439e-06  5.134465591155386439e-06
7.890309235689107581e+00  6.592784316455838481e-06  6.592784316455838481e-06
7.990309235689109002e+00  5.134465607578668343e-06  5.134465607578668343e-06
8.090309235689108647e+00  2.425350664070451405e-06  2.425350664070451405e-06
8.190309235689108291e+00  6.948982958563297339e-07  6.948982958563297339e-07
8.290309235689107936e+00  1.211813603871697743e-07  1.211813603871697743e-07
8.390309235689107581e+00  1.768594883808158941e-08  1.768594883808158941e-08
8.490309235689109002e+00  3.745506475101908338e-08  3.745506475101908338e-08
8.590309235689108647e+00  1.736284018269384109e-07  1.736284018269384109e-07
8.690309235689108291e+00  5.273414235550913253e-07  5.273414235550913253e-07
8.790309235689107936e+00  1.027119407444049473e-06  1.027119407444049473e-06
8.890309235689107581e+00  1.282716897708614219e-06  1.282716897708614219e-06
8.990309235689109002e+00  1.027119420421107739e-06  1.027119420421107739e-06
9.090309235689108647e+00  5.273413878112354403e-07  5.273413878112354403e-07
9.190309235689108291e+00  1.736110385115020847e-07  1.736110385115020847e-07
9.290309235689107936e+00  3.683241926768804045e-08  3.683241926768804045e-08
9.390309235689107581e+00  6.682376519722588897e-09  6.682376519722588897e-09
9.490309235689109002e+00  1.085684336350495904e-08  1.085684336350495904e-08
9.590309235689108647e+00  4.230564500960856749e-08  4.230564500960856749e-08
9.690309235689108291e+00  1.149344411401414426e-07  1.149344411401414426e-07
9.790309235689107936e+00  2.094226693297838861e-07  2.094226693297838861e-07
9.890309235689107581e+00  2.557894030091598088e-07  2.557894030091598088e-07
9.990309235689109002e+00  2.094226706904574802e-07  2.094226706904574802e-07
1.009030923568910865e+01  1.149340469807744966e-07  1.149340469807744966e-07
1.019030923568910829e+01  4.228873647662208859e-08  4.228873647662208859e-08
1.029030923568910794e+01  1.050129407419578181e-08  1.050129407419578181e-08
1.039030923568910758e+01  2.275859090090806974e-09  2.275859090090806974e-09
