-1.575268763922048620e+00  4.205393056415979024e-13  4.205393056415979024e-13
-1.475268763922048088e+00  3.841454363355972444e-12  3.841454363355972444e-12
-1.375268763922048443e+00  3.261826287696573580e-11  3.261826287696573580e-11
-1.275268763922048354e+00  2.549922992518755454e-10  2.549922992518755454e-10
-1.175268763922048265e+00  1.826805710027345081e-09  1.826805710027345081e-09
-1.075268763922048620e+00  1.196710213338392262e-08  1.196710213338392262e-08
-9.752687639220483096e-01  7.160428935742832930e-08  7.160428935742832930e-08
-8.752687639220484428e-01  3.911108641743105632e-07  3.911108641743105632e-07
-7.752687639220483540e-01  1.949596208775785773e-06  1.949596208775785773e-06
-6.752687639220482652e-01  8.867579312240071946e-06  8.867579312240071946e-06
-5.752687639220483984e-01  3.679961102300484827e-05  3.679961102300484827e-05
-4.752687639220483096e-01  1.393277296754756296e-04  1.393277296754756296e-04
-3.752687639220482207e-01  4.812553465310130717e-04  4.812553465310130717e-04
-2.752687639220483540e-01  1.516526235485116461e-03  1.516526235485116461e-03
-1.752687639220482652e-01  4.359698410455034069e-03  4.359698410455034069e-03
-7.526876392204839838e-02  1.143386239318497366e-02  1.143386239318497366e-02
2.473123607795169043e-02  2.735639094496485763e-02  2.735639094496485763e-02
1.247312360779517793e-01  5.971104013615800149e-02  5.971104013615800149e-02
2.247312360779516460e-01  1.189002123335307914e-01  1.189002123335307914e-01
3.247312360779517348e-01  2.159966310985608207e-01  2.159966310985608207e-01
4.247312360779516016e-01  3.579768972773604840e-01  3.579768972773604840e-01
5.247312360779516904e-01  5.412765435682422854e-01  5.412765435682422854e-01
6.247312360779517793e-01  7.467257909675539818e-01  7.467257909675539818e-01
7.247312360779518681e-01  9.399802182811978213e-01  9.399802182811978213e-01
8.247312360779519569e-01  1.079842030397229591e+00  1.079842030397229591e+00
9.247312360779516016e-01  1.132433061881102043e+00  1.132433061881102043e+00
1.024731236077951690e+00  1.084721522866509247e+00  1.084721522866509247e+00
1.124731236077951779e+00  9.500693689315542478e-01  9.500693689315542478e-01
1.224731236077951868e+00  7.625905760752704765e-01  7.625905760752704765e-01
1.324731236077951957e+00  5.635450481173699400e-01  5.635450481173699400e-01
1.424731236077951602e+00  3.871167004374129195e-01  3.871167004374129195e-01
1.524731236077951690e+00  2.520877611663100426e-01  2.520877611663100426e-01
1.624731236077951779e+00  1.614562684584028296e-01  1.614562684584028296e-01
1.724731236077951868e+00  1.075977381808739392e-01  1.075977381808739392e-01
1.824731236077951957e+00  7.883885656309773393e-02  7.883885656309773393e-02
1.924731236077951602e+00  6.435368920035490492e-02  6.435368920035490492e-02
2.024731236077951912e+00  5.640829625653645540e-02  5.640829625653645540e-02
2.124731236077951557e+00  5.054411953189755224e-02  5.054411953189755224e-02
2.224731236077952090e+00  4.477105424713012649e-02  4.477105424713012649e-02
2.324731236077951735e+00  3.858773716158309802e-02  3.858773716158309802e-02
2.424731236077951380e+00  3.220883293965969008e-02  3.220883293965969008e-02
2.524731236077951912e+00  2.607275897125495984e-02  2.607275897125495984e-02
2.624731236077951557e+00  2.057630099055120926e-02  2.057630099055120926e-02
2.724731236077951202e+00  1.596244029461117708e-02  1.596244029461117708e-02
2.824731236077951735e+00  1.230253971268771562e-02  1.230253971268771562e-02
2.924731236077951380e+00  9.530286534637291695e-03  9.530286534637291695e-03
3.024731236077951912e+00  7.496321602455638562e-03  7.496321602455638562e-03
3.124731236077951557e+00  6.021933266457469083e-03  6.021933266457469083e-03
3.224731236077952090e+00  4.939337816199040020e-03  4.939337816199040020e-03
3.324731236077951735e+00  4.114329503352864500e-03  4.114329503352864500e-03
3.424731236077951380e+00  3.453126638112160706e-03  3.453126638112160706e-03
3.524731236077951912e+00  2.898376269759811961e-03  2.898376269759811961e-03
3.624731236077951557e+00  2.419821745997899690e-03  2.419821745997899690e-03
3.724731236077952090e+00  2.004027703013404674e-03  2.004027703013404674e-03
3.824731236077951735e+00  1.645823969907237892e-03  1.645823969907237892e-03
3.924731236077951380e+00  1.342521298695135631e-03  1.342521298695135631e-03
4.024731236077951912e+00  1.090830383312306690e-03  1.090830383312306690e-03
4.124731236077951557e+00  8.858350061731780356e-04  8.858350061731780356e-04
4.224731236077952090e+00  7.212141375000208875e-04  7.212141375000208875e-04
4.324731236077951735e+00  5.900098112765443789e-04  5.900098112765443789e-04
4.424731236077951380e+00  4.854507927492229921e-04  4.854507927492229921e-04
4.524731236077951912e+00  4.015656683750931676e-04  4.015656683750931676e-04
4.624731236077951557e+00  3.334983632800199958e-04  3.334983632800199958e-04
4.724731236077952090e+00  2.775548902822355256e-04  2.775548902822355256e-04
4.824731236077951735e+00  2.310656266492068067e-04  2.310656266492068067e-04
4.924731236077951380e+00  1.921574534448820218e-04  1.921574534448820218e-04
5.024731236077951912e+00  1.595128859323217529e-04  1.595128859323217529e-04
5.124731236077951557e+00  1.321651024057114124e-04  1.321651024057114124e-04
5.224731236077952090e+00  1.093501031391660462e-04  1.093501031391660462e-04
5.324731236077951735e+00  9.041641911746628772e-05  9.041641911746628772e-05
5.424731236077951380e+00  7.478075338050323129e-05  7.478075338050323129e-05
5.524731236077951912e+00  6.191367019244241050e-05  6.191367019244241050e-05
5.624731236077951557e+00  5.134055169010972642e-05  5.134055169010972642e-05
5.724731236077952090e+00  4.264691479812430082e-05  4.264691479812430082e-05
5.824731236077951735e+00  3.548172129907715597e-05  3.548172129907715597e-05
5.924731236077951380e+00  2.955619309393373891e-05  2.955619309393373891e-05
6.024731236077951912e+00  2.463827555152532984e-05  2.463827555152532984e-05
6.124731236077951557e+00  2.054423503905739866e-05  2.054423503905739866e-05
6.224731236077952090e+00  1.712920638104158466e-05  1.712920638104158466e-05
6.324731236077951735e+00  1.427820727480731119e-05  1.427820727480731119e-05
6.424731236077951380e+00  1.189856781257513666e-05  1.189856781257513666e-05
6.524731236077951024e+00  9.914144939746318339e-06  9.914144939746318339e-06
6.624731236077952445e+00  8.261250196690213444e-06  8.261250196690213444e-06
6.724731236077952090e+00  6.885963128870359266e-06  6.885963128870359266e-06
6.824731236077951735e+00  5.742415279883629336e-06  5.742415279883629336e-06
6.924731236077951380e+00  4.791660989400506031e-06  4.791660989400506031e-06
7.024731236077951024e+00  4.000844972945098148e-06  4.000844972945098148e-06
7.124731236077952445e+00  3.342486068873775517e-06  3.342486068873775517e-06
7.224731236077952090e+00  2.793791179644211881e-06  2.793791179644211881e-06
7.324731236077951735e+00  2.335979277777932272e-06  2.335979277777932272e-06
7.424731236077951380e+00  1.953630923185752913e-06  1.953630923185752913e-06
7.524731236077951024e+00  1.634090048877817147e-06  1.634090048877817147e-06
7.624731236077952445e+00  1.366940668557141980e-06  1.366940668557141980e-06
7.724731236077952090e+00  1.143570070946422316e-06  1.143570070946422316e-06
7.824731236077951735e+00  9.568182444495949210e-07  9.568182444495949210e-07
7.924731236077951380e+00  8.007043117625652180e-07  8.007043117625652180e-07
8.024731236077952801e+00  6.702159162944884582e-07  6.702159162944884582e-07
8.124731236077952445e+00  5.611464690881019299e-07  5.611464690881019299e-07
8.224731236077952090e+00  4.699668043174156105e-07  4.699668043174156105e-07
8.324731236077951735e+00  3.937207884761841956e-07  3.937207884761841956e-07
8.424731236077951380e+00  3.299376807142169669e-07  3.299376807142169669e-07
8.524731236077952801e+00  2.765568322369090063e-07  2.765568322369090063e-07
8.624731236077952445e+00  2.318623157169525025e-07  2.318623157169525025e-07
8.724731236077952090e+00  1.944262686042898642e-07  1.944262686042898642e-07
8.824731236077951735e+00  1.630602753666273295e-07  1.630602753666273295e-07
8.924731236077951380e+00  1.367742302519112959e-07  1.367742302519112959e-07
9.024731236077952801e+00  1.147420299878262959e-07  1.147420299878262959e-07
9.124731236077952445e+00  9.627330605131140586e-08  9.627330605131140586e-08
9.224731236077952090e+00  8.079031292868498215e-08  8.079031292868498215e-08
9.324731236077951735e+00  6.780907773746646610e-08  6.780907773746646610e-08
9.424731236077951380e+00  5.692398288677399434e-08  5.692398288677399434e-08
9.524731236077952801e+00  4.779507146547866281e-08  4.779507146547866281e-08
9.624731236077952445e+00  4.013750409232342732e-08  4.013750409232342732e-08
9.724731236077952090e+00  3.371273036819394487e-08  3.371273036819394487e-08
9.824731236077951735e+00  2.832105158572417870e-08  2.832105158572417870e-08
9.924731236077951380e+00  2.379533735829071861e-08  2.379533735829071861e-08
1.002473123607795280e+01  1.999571813593813258e-08  1.999571813593813258e-08
1.012473123607795245e+01  1.680511334819449584e-08  1.680511334819449584e-08
1.022473123607795209e+01  1.412547786264295444e-08  1.412547786264295444e-08
1.032473123607795173e+01  1.187466381024457646e-08  1.187466381024457646e-08
1.042473123607795138e+01  9.983805291810297579e-09  9.983805291810297579e-09
