-1.560785708995396703e+00  0.000000000000000000e+00  0.000000000000000000e+00
-1.460785708995397059e+00  0.000000000000000000e+00  0.000000000000000000e+00
-1.360785708995396970e+00  0.000000000000000000e+00  0.000000000000000000e+00
-1.260785708995396881e+00  0.000000000000000000e+00  0.000000000000000000e+00
-1.160785708995397236e+00  0.000000000000000000e+00  0.000000000000000000e+00
-1.060785708995396703e+00  0.000000000000000000e+00  0.000000000000000000e+00
-9.607857089953968366e-01  0.000000000000000000e+00  0.000000000000000000e+00
-8.607857089953969698e-01  0.000000000000000000e+00  0.000000000000000000e+00
-7.607857089953968810e-01  0.000000000000000000e+00  0.000000000000000000e+00
-6.607857089953967922e-01  0.000000000000000000e+00  0.000000000000000000e+00
-5.607857089953969254e-01  0.000000000000000000e+00  0.000000000000000000e+00
-4.607857089953968366e-01  0.000000000000000000e+00  0.000000000000000000e+00
-3.607857089953967478e-01  0.000000000000000000e+00  0.000000000000000000e+00
-2.607857089953968810e-01  0.000000000000000000e+00  0.000000000000000000e+00
-1.607857089953967922e-01  0.000000000000000000e+00  0.000000000000000000e+00
-6.078570899539692540e-02  0.000000000000000000e+00  0.000000000000000000e+00
3.921429100460316342e-02  0.000000000000000000e+00  0.000000000000000000e+00
1.392142910046032522e-01  0.000000000000000000e+00  0.000000000000000000e+00
2.392142910046031190e-01  1.818722107332861154e-265  1.818722107332861154e-265
3.392142910046032078e-01  6.801734179480908657e-195  6.801734179480908657e-195
4.392142910046030746e-01  3.532733826891748426e-135  3.532733826891748426e-135
5.392142910046031634e-01  2.548238840333390993e-86  2.548238840333390993e-86
6.392142910046032522e-01  2.552744196289353175e-48  2.552744196289353175e-48
7.392142910046033411e-01  3.551504885598907690e-21  3.551504885598907690e-21
8.392142910046034299e-01  6.862075432716795262e-05  6.862075432716795262e-05
9.392142910046030746e-01  1.841350701516616795e+01  1.841350701516616795e+01
1.039214291004603163e+00  6.862075432716039031e-05  6.862075432716039031e-05
1.139214291004603252e+00  3.551504885598124528e-21  3.551504885598124528e-21
1.239214291004603341e+00  2.552744196288518780e-48  2.552744196288518780e-48
1.339214291004603430e+00  2.548238840334080001e-86  2.548238840334080001e-86
1.439214291004603075e+00  1.331849478002862083e-68  1.331849478002862083e-68
1.539214291004603163e+00  3.577006685764183484e-44  3.577006685764183484e-44
1.639214291004603252e+00  3.580167412138594792e-25  3.580167412138594792e-25
1.739214291004603341e+00  1.335383158212580430e-11  1.335383158212580430e-11
1.839214291004603430e+00  1.856211377498188280e-03  1.856211377498188280e-03
1.939214291004603075e+00  9.615412988393079452e-01  9.615412988393079452e-01
2.039214291004602941e+00  1.856211377498086148e-03  1.856211377498086148e-03
2.139214291004603474e+00  1.335383158212433250e-11  1.335383158212433250e-11
2.239214291004603119e+00  3.580167412138009800e-25  3.580167412138009800e-25
2.339214291004603652e+00  3.577006685763370509e-44  3.577006685763370509e-44
2.439214291004603297e+00  5.015930017777568617e-47  5.015930017777568617e-47
2.539214291004603830e+00  9.691578994244090216e-31  9.691578994244090216e-31
2.639214291004603474e+00  4.501082040308770221e-18  4.501082040308770221e-18
2.739214291004603119e+00  5.024798319218532098e-09  5.024798319218532098e-09
2.839214291004603652e+00  1.348340746293827039e-03  1.348340746293827039e-03
2.939214291004603297e+00  8.696810361908631493e-02  8.696810361908631493e-02
3.039214291004603830e+00  1.348340746293727726e-03  1.348340746293727726e-03
3.139214291004603474e+00  5.024798319218532098e-09  5.024798319218532098e-09
3.239214291004604007e+00  4.501082040307777982e-18  4.501082040307777982e-18
3.339214291004603652e+00  9.691578994241334913e-31  9.691578994241334913e-31
3.439214291004603297e+00  1.163745822110196791e-36  1.163745822110196791e-36
3.539214291004603830e+00  1.907174530885006227e-24  1.907174530885006227e-24
3.639214291004603474e+00  6.033679397504978077e-15  6.033679397504978077e-15
3.739214291004604007e+00  3.684966208932083582e-08  3.684966208932083582e-08
3.839214291004603652e+00  4.344544776514007163e-04  4.344544776514007163e-04
3.939214291004603297e+00  9.888138334258613285e-03  9.888138334258613285e-03
4.039214291004603830e+00  4.344544776513767012e-04  4.344544776513767012e-04
4.139214291004603474e+00  3.684966208931677933e-08  3.684966208931677933e-08
4.239214291004604007e+00  6.033679397503991212e-15  6.033679397503991212e-15
4.339214291004603652e+00  1.907174530884585988e-24  1.907174530884585988e-24
4.439214291004603297e+00  9.169199599074803017e-31  9.169199599074803017e-31
4.539214291004603830e+00  5.419468774714814020e-21  5.419468774714814020e-21
4.639214291004603474e+00  2.158291755023964336e-13  2.158291755023964336e-13
4.739214291004604007e+00  5.791501530635332881e-08  5.791501530635332881e-08
4.839214291004603652e+00  1.047128041077533472e-04  1.047128041077533472e-04
4.939214291004603297e+00  1.275663103651008146e-03  1.275663103651008146e-03
5.039214291004603830e+00  1.047128041077486851e-04  1.047128041077486851e-04
5.139214291004603474e+00  5.791501530634818044e-08  5.791501530634818044e-08
5.239214291004604007e+00  2.158291755023680346e-13  2.158291755023680346e-13
5.339214291004603652e+00  5.419468774713851055e-21  5.419468774713851055e-21
5.439214291004603297e+00  4.283566279961070949e-27  4.283566279961070949e-27
5.539214291004603830e+00  5.952974935426756282e-19  5.952974935426756282e-19
5.639214291004603474e+00  1.282907217428083636e-12  1.282907217428083636e-12
5.739214291004604007e+00  4.286433609833717720e-08  4.286433609833717720e-08
5.839214291004603652e+00  2.220427581983182766e-05  2.220427581983182766e-05
5.939214291004603297e+00  1.783268688555279162e-04  1.783268688555279162e-04
6.039214291004603830e+00  2.220427581983100434e-05  2.220427581983100434e-05
6.139214291004603474e+00  4.286433609833406700e-08  4.286433609833406700e-08
6.239214291004604007e+00  1.282907217427942272e-12  1.282907217427942272e-12
6.339214291004603652e+00  5.952974935425942577e-19  5.952974935425942577e-19
6.439214291004603297e+00  1.082427845931308119e-24  1.082427845931308119e-24
6.539214291004602941e+00  1.028987258724070045e-17  1.028987258724070045e-17
6.639214291004604362e+00  2.761156488706160511e-12  2.761156488706160511e-12
6.739214291004604007e+00  2.083148948009617686e-08  2.083148948009617686e-08
6.839214291004603652e+00  4.418734475632918638e-06  4.418734475632918638e-06
6.939214291004603297e+00  2.635261795220448033e-05  2.635261795220448033e-05
7.039214291004602941e+00  4.418734475632918638e-06  4.418734475632918638e-06
7.139214291004604362e+00  2.083148948009354974e-08  2.083148948009354974e-08
7.239214291004604007e+00  2.761156488705630598e-12  2.761156488705630598e-12
7.339214291004603652e+00  1.028987258724221038e-17  1.028987258724221038e-17
7.439214291004603297e+00  4.508270727290092028e-23  4.508270727290092028e-23
7.539214291004602941e+00  5.633312647079454939e-17  5.633312647079454939e-17
7.639214291004604362e+00  3.168544062692266248e-12  3.168544062692266248e-12
7.739214291004604007e+00  7.830426019832937093e-09  7.830426019832937093e-09
7.839214291004603652e+00  8.502385160045935512e-07  8.502385160045935512e-07
7.939214291004603297e+00  4.056261100889962641e-06  4.056261100889962641e-06
8.039214291004604718e+00  8.502385160045464350e-07  8.502385160045464350e-07
8.139214291004604362e+00  7.830426019832075170e-09  7.830426019832075170e-09
8.239214291004604007e+00  3.168544062691737143e-12  3.168544062691737143e-12
8.339214291004603652e+00  5.633312647091878266e-17  5.633312647091878266e-17
8.439214291004603297e+00  5.801643225970283520e-22  5.801643225970283520e-22
8.539214291004604718e+00  1.438716552798293567e-16  1.438716552798293567e-16
8.639214291004604362e+00  2.400394943545983515e-12  2.400394943545983515e-12
8.739214291004604007e+00  2.490098951109670226e-09  2.490098951109670226e-09
8.839214291004603652e+00  1.606116140872685987e-07  1.606116140872685987e-07
8.939214291004603297e+00  6.441154657294973720e-07  6.441154657294973720e-07
9.039214291004604718e+00  1.606116140872606843e-07  1.606116140872606843e-07
9.139214291004604362e+00  2.490098951109426621e-09  2.490098951109426621e-09
9.239214291004604007e+00  2.400394943545625259e-12  2.400394943545625259e-12
9.339214291004603652e+00  1.438716552828005520e-16  1.438716552828005520e-16
9.439214291004603297e+00  3.346693318759963593e-21  3.346693318759963593e-21
9.539214291004604718e+00  2.160735944535247896e-16  2.160735944535247896e-16
9.639214291004604362e+00  1.363573062989043038e-12  1.363573062989043038e-12
9.739214291004604007e+00  7.063483340005865004e-10  7.063483340005865004e-10
9.839214291004603652e+00  3.003469543064589303e-08  3.003469543064589303e-08
9.939214291004603297e+00  1.048313876758653450e-07  1.048313876758653450e-07
1.003921429100460472e+01  3.003469543064456293e-08  3.003469543064456293e-08
1.013921429100460436e+01  7.063483340005238414e-10  7.063483340005238414e-10
1.023921429100460401e+01  1.363573062988861284e-12  1.363573062988861284e-12
1.033921429100460365e+01  2.160735944831530493e-16  2.160735944831530493e-16
1.043921429100460330e+01  1.080453402466099862e-20  1.080453402466099862e-20
