-1.500000000000000000e+00  1.517170567307426718e-80  1.517170567307426718e-80
-1.399999999999999467e+00  2.999297196678576883e-74  2.999297196678576883e-74
-1.299999999999999822e+00  3.281146418853591581e-68  3.281146418853591581e-68
-1.199999999999999734e+00  1.986336105594435062e-62  1.986336105594435062e-62
-1.099999999999999645e+00  6.654277060502723291e-57  6.654277060502723291e-57
-9.999999999999997780e-01  1.233587723174101953e-51  1.233587723174101953e-51
-8.999999999999996891e-01  1.265494361241067949e-46  1.265494361241067949e-46
-7.999999999999998224e-01  7.184084084840352023e-42  7.184084084840352023e-42
-6.999999999999997335e-01  2.256854785645615508e-37  2.256854785645615508e-37
-5.999999999999996447e-01  3.923348089437976229e-33  3.923348089437976229e-33
-4.999999999999997780e-01  3.774253651231582543e-29  3.774253651231582543e-29
-3.999999999999996891e-01  2.009214680888076043e-25  2.009214680888076043e-25
-2.999999999999996003e-01  5.918922020543525459e-22  5.918922020543525459e-22
-1.999999999999997335e-01  9.648946769629310105e-19  9.648946769629310105e-19
-9.999999999999964473e-02  8.704387554799716963e-16  8.704387554799716963e-16
2.220446049250313081e-16  4.345277780206192852e-13  4.345277780206192852e-13
1.000000000000003109e-01  1.200377611858266414e-10  1.200377611858266414e-10
2.000000000000003997e-01  1.835013423375355022e-08  1.835013423375355022e-08
3.000000000000002665e-01  1.552321314960120708e-06  1.552321314960120708e-06
4.000000000000003553e-01  7.266830206298554847e-05  7.266830206298554847e-05
5.000000000000002220e-01  1.882475884331924086e-03  1.882475884331924086e-03
6.000000000000003109e-01  2.698577198665679314e-02  2.698577198665679314e-02
7.000000000000003997e-01  2.140727008255766672e-01  2.140727008255766672e-01
8.000000000000004885e-01  9.397422369424576205e-01  9.397422369424576205e-01
9.000000000000005773e-01  2.282849189107676757e+00  2.282849189107676757e+00
1.000000000000000222e+00  3.068786772318712774e+00  3.068786772318712774e+00
1.100000000000000311e+00  2.282849189107670540e+00  2.282849189107670540e+00
1.200000000000000400e+00  9.397422369424525135e-01  9.397422369424525135e-01
1.300000000000000488e+00  2.140727008255749741e-01  2.140727008255749741e-01
1.400000000000000577e+00  2.698577198665650517e-02  2.698577198665650517e-02
1.500000000000000222e+00  1.882475884331924086e-03  1.882475884331924086e-03
1.600000000000000311e+00  7.266830206298503347e-05  7.266830206298503347e-05
1.700000000000000400e+00  1.552321314960103979e-06  1.552321314960103979e-06
1.800000000000000488e+00  1.835013423375315979e-08  1.835013423375315979e-08
1.900000000000000577e+00  1.200377611858236687e-10  1.200377611858236687e-10
2.000000000000000000e+00  4.345277780206192852e-13  4.345277780206192852e-13
2.100000000000000533e+00  8.704387554799654840e-16  8.704387554799654840e-16
2.200000000000000178e+00  9.648946769629242697e-19  9.648946769629242697e-19
2.300000000000000711e+00  5.918922020543314810e-22  5.918922020543314810e-22
2.400000000000000355e+00  2.009214680887990636e-25  2.009214680887990636e-25
2.500000000000000000e+00  3.774253651231582543e-29  3.774253651231582543e-29
2.600000000000000533e+00  3.923348089437808593e-33  3.923348089437808593e-33
2.700000000000000178e+00  2.256854785645551194e-37  2.256854785645551194e-37
2.799999999999999822e+00  7.184084084840352023e-42  7.184084084840352023e-42
2.900000000000000355e+00  1.265494361241031972e-46  1.265494361241031972e-46
3.000000000000000000e+00  1.233587723174101953e-51  1.233587723174101953e-51
3.100000000000000533e+00  6.654277060502345217e-57  6.654277060502345217e-57
3.200000000000000178e+00  1.986336105594435062e-62  1.986336105594435062e-62
3.300000000000000711e+00  3.281146418853218486e-68  3.281146418853218486e-68
3.400000000000000355e+00  2.999297196678491268e-74  2.999297196678491268e-74
3.500000000000000000e+00  1.517170567307426718e-80  1.517170567307426718e-80
3.600000000000000533e+00  4.246883355507268005e-87  4.246883355507268005e-87
3.700000000000000178e+00  6.578505974315777165e-94  6.578505974315777165e-94
3.800000000000000711e+00  5.639040719376438846e-101  5.639040719376438846e-101
3.900000000000000355e+00  2.674879389626822127e-108  2.674879389626822127e-108
4.000000000000000000e+00  7.021407759811087908e-116  7.021407759811087908e-116
4.100000000000000533e+00  1.019917871962388378e-123  1.019917871962388378e-123
4.200000000000000178e+00  8.198364546906445476e-132  8.198364546906445476e-132
4.300000000000000711e+00  3.646785891774540888e-140  3.646785891774540888e-140
4.400000000000000355e+00  8.976650632133806862e-149  8.976650632133806862e-149
4.500000000000000000e+00  1.222754856761865086e-157  1.222754856761865086e-157
4.600000000000000533e+00  9.216912969754796104e-167  9.216912969754796104e-167
4.700000000000000178e+00  3.844612676131201551e-176  3.844612676131201551e-176
4.800000000000000711e+00  8.874435085270505293e-186  8.874435085270505293e-186
4.900000000000000355e+00  1.133573949906510615e-195  1.133573949906510615e-195
5.000000000000000000e+00  8.012720865681956514e-206  8.012720865681956514e-206
5.100000000000000533e+00  3.134232337023806697e-216  3.134232337023806697e-216
5.200000000000000178e+00  6.784273958514194966e-227  6.784273958514194966e-227
5.300000000000000711e+00  8.126369838894399964e-238  8.126369838894399964e-238
5.400000000000000355e+00  5.386551380612980423e-249  5.386551380612980423e-249
5.500000000000000000e+00  1.975813946515219640e-260  1.975813946515219640e-260
5.600000000000000533e+00  4.010534928789715662e-272  4.010534928789715662e-272
5.700000000000000178e+00  4.504842132169624658e-284  4.504842132169624658e-284
5.800000000000000711e+00  2.800127880741197617e-296  2.800127880741197617e-296
5.900000000000000355e+00  9.631571926028227935e-309  9.631571926028227935e-309
6.000000000000000000e+00  1.832983546071024679e-321  1.832983546071024679e-321
6.100000000000000533e+00  0.000000000000000000e+00  0.000000000000000000e+00
6.200000000000000178e+00  0.000000000000000000e+00  0.000000000000000000e+00
6.300000000000000711e+00  0.000000000000000000e+00  0.000000000000000000e+00
6.400000000000000355e+00  0.000000000000000000e+00  0.000000000000000000e+00
6.500000000000000000e+00  0.000000000000000000e+00  0.000000000000000000e+00
6.599999999999999645e+00  0.000000000000000000e+00  0.000000000000000000e+00
6.700000000000001066e+00  0.000000000000000000e+00  0.000000000000000000e+00
6.800000000000000711e+00  0.000000000000000000e+00  0.000000000000000000e+00
6.900000000000000355e+00  0.000000000000000000e+00  0.000000000000000000e+00
7.000000000000000000e+00  0.000000000000000000e+00  0.000000000000000000e+00
7.099999999999999645e+00  0.000000000000000000e+00  0.000000000000000000e+00
7.200000000000001066e+00  0.000000000000000000e+00  0.000000000000000000e+00
7.300000000000000711e+00  0.000000000000000000e+00  0.000000000000000000e+00
7.400000000000000355e+00  0.000000000000000000e+00  0.000000000000000000e+00
7.500000000000000000e+00  0.000000000000000000e+00  0.000000000000000000e+00
7.599999999999999645e+00  0.000000000000000000e+00  0.000000000000000000e+00
7.700000000000001066e+00  0.000000000000000000e+00  0.000000000000000000e+00
7.800000000000000711e+00  0.000000000000000000e+00  0.000000000000000000e+00
7.900000000000000355e+00  0.000000000000000000e+00  0.000000000000000000e+00
8.000000000000000000e+00  0.000000000000000000e+00  0.000000000000000000e+00
8.100000000000001421e+00  0.000000000000000000e+00  0.000000000000000000e+00
8.200000000000001066e+00  0.000000000000000000e+00  0.000000000000000000e+00
8.300000000000000711e+00  0.000000000000000000e+00  0.000000000000000000e+00
8.400000000000000355e+00  0.000000000000000000e+00  0.000000000000000000e+00
8.500000000000000000e+00  0.000000000000000000e+00  0.000000000000000000e+00
8.600000000000001421e+00  0.000000000000000000e+00  0.000000000000000000e+00
8.700000000000001066e+00  0.000000000000000000e+00  0.000000000000000000e+00
8.800000000000000711e+00  0.000000000000000000e+00  0.000000000000000000e+00
8.900000000000000355e+00  0.000000000000000000e+00  0.000000000000000000e+00
9.000000000000000000e+00  0.000000000000000000e+00  0.000000000000000000e+00
9.100000000000001421e+00  0.000000000000000000e+00  0.000000000000000000e+00
9.200000000000001066e+00  0.000000000000000000e+00  0.000000000000000000e+00
9.300000000000000711e+00  0.000000000000000000e+00  0.000000000000000000e+00
9.400000000000000355e+00  0.000000000000000000e+00  0.000000000000000000e+00
9.500000000000000000e+00  0.000000000000000000e+00  0.000000000000000000e+00
9.600000000000001421e+00  0.000000000000000000e+00  0.000000000000000000e+00
9.700000000000001066e+00  0.000000000000000000e+00  0.000000000000000000e+00
9.800000000000000711e+00  0.000000000000000000e+00  0.000000000000000000e+00
9.900000000000000355e+00  0.000000000000000000e+00  0.000000000000000000e+00
1.000000000000000000e+01  0.000000000000000000e+00  0.000000000000000000e+00
1.010000000000000142e+01  0.000000000000000000e+00  0.000000000000000000e+00
1.020000000000000107e+01  0.000000000000000000e+00  0.000000000000000000e+00
1.030000000000000071e+01  0.000000000000000000e+00  0.000000000000000000e+00
1.040000000000000036e+01  0.000000000000000000e+00  0.000000000000000000e+00
1.050000000000000000e+01  0.000000000000000000e+00  0.000000000000000000e+00
