-1.548838934810389478e+00  0.000000000000000000e+00  0.000000000000000000e+00
-1.448838934810389389e+00  0.000000000000000000e+00  0.000000000000000000e+00
-1.348838934810389745e+00  0.000000000000000000e+00  0.000000000000000000e+00
-1.248838934810389212e+00  0.000000000000000000e+00  0.000000000000000000e+00
-1.148838934810389567e+00  0.000000000000000000e+00  0.000000000000000000e+00
-1.048838934810389478e+00  0.000000000000000000e+00  0.000000000000000000e+00
-9.488389348103893894e-01  0.000000000000000000e+00  0.000000000000000000e+00
-8.488389348103893006e-01  0.000000000000000000e+00  0.000000000000000000e+00
-7.488389348103894338e-01  0.000000000000000000e+00  0.000000000000000000e+00
-6.488389348103895671e-01  0.000000000000000000e+00  0.000000000000000000e+00
-5.488389348103894783e-01  4.109866946408326367e-305  4.109866946408326367e-305
-4.488389348103893894e-01  9.370552207513207506e-266  9.370552207513207506e-266
-3.488389348103893006e-01  4.124412507833466553e-229  4.124412507833466553e-229
-2.488389348103894338e-01  3.504438911995755781e-195  3.504438911995755781e-195
-1.488389348103893450e-01  5.748233226787097718e-164  5.748233226787097718e-164
-4.883893481038947826e-02  1.820160794585780304e-135  1.820160794585780304e-135
5.116106518961061056e-02  1.112614251780216734e-109  1.112614251780216734e-109
1.511610651896106994e-01  1.312922133308997279e-86  1.312922133308997279e-86
2.511610651896105662e-01  2.990837442439249487e-66  2.990837442439249487e-66
3.511610651896106550e-01  1.315243415544851553e-48  1.315243415544851553e-48
4.511610651896105217e-01  1.116551994571280584e-33  1.116551994571280584e-33
5.511610651896106106e-01  1.829832155861535023e-21  1.829832155861535023e-21
6.511610651896106994e-01  5.788993299208827432e-12  5.788993299208827432e-12
7.511610651896107882e-01  3.535528370986836568e-05  3.535528370986836568e-05
8.511610651896108770e-01  4.168358797743288435e-01  4.168358797743288435e-01
9.511610651896105217e-01  9.487140894881433084e+00  9.487140894881433084e+00
1.051161065189610611e+00  4.168358797743174082e-01  4.168358797743174082e-01
1.151161065189610699e+00  3.535528370986642090e-05  3.535528370986642090e-05
1.251161065189610788e+00  5.788993299208354065e-12  5.788993299208354065e-12
1.351161065189610877e+00  1.829950954380106890e-21  1.829950954380106890e-21
1.451161065189610522e+00  3.461365283071545486e-18  3.461365283071545486e-18
1.551161065189610611e+00  4.431120753222519804e-12  4.431120753222519804e-12
1.651161065189610699e+00  2.492352587774926847e-07  2.492352587774926847e-07
1.751161065189610788e+00  6.159353371065084699e-04  6.159353371065084699e-04
1.851161065189610877e+00  6.687911304568001924e-02  6.687911304568001924e-02
1.951161065189610522e+00  3.190624037875844921e-01  3.190624037875844921e-01
2.051161065189610611e+00  6.687911304567908943e-02  6.687911304567908943e-02
2.151161065189610699e+00  6.159353371064914479e-04  6.159353371064914479e-04
2.251161065189610788e+00  2.492352587774825203e-07  2.492352587774825203e-07
2.351161065189610877e+00  4.431121715130122927e-12  4.431121715130122927e-12
2.451161065189610522e+00  9.108375240078884332e-14  9.108375240078884332e-14
2.551161065189611055e+00  1.073829121424701984e-09  1.073829121424701984e-09
2.651161065189610699e+00  1.576397635331196293e-06  1.576397635331196293e-06
2.751161065189610344e+00  2.881483926301842851e-04  2.881483926301842851e-04
2.851161065189610877e+00  6.558227187631436236e-03  6.558227187631436236e-03
2.951161065189610522e+00  1.858559814113560499e-02  1.858559814113560499e-02
3.051161065189611055e+00  6.558227187631313938e-03  6.558227187631313938e-03
3.151161065189610699e+00  2.881483926301842851e-04  2.881483926301842851e-04
3.251161065189611232e+00  1.576397635331142083e-06  1.576397635331142083e-06
3.351161065189610877e+00  1.073829951863410432e-09  1.073829951863410432e-09
3.451161065189610522e+00  4.573637366554691516e-12  4.573637366554691516e-12
3.551161065189611055e+00  5.071762450604344178e-09  5.071762450604344178e-09
3.651161065189610699e+00  1.202837202319774212e-06  1.202837202319774212e-06
3.751161065189611232e+00  5.979566109698688598e-05  5.979566109698688598e-05
3.851161065189610877e+00  6.230850967898308177e-04  6.230850967898308177e-04
3.951161065189610522e+00  1.360942973615468813e-03  1.360942973615468813e-03
4.051161065189610611e+00  6.230850967898221441e-04  6.230850967898221441e-04
4.151161065189610255e+00  5.979566109698524612e-05  5.979566109698524612e-05
4.251161065189611676e+00  1.202837202325388982e-06  1.202837202325388982e-06
4.351161065189611321e+00  5.071781580938443066e-09  5.071781580938443066e-09
4.451161065189610966e+00  2.299735433271051725e-11  2.299735433271051725e-11
4.551161065189610611e+00  5.133640963423016687e-09  5.133640963423016687e-09
4.651161065189610255e+00  4.078155484833408807e-07  4.078155484833408807e-07
4.751161065189611676e+00  9.281839100989276641e-06  9.281839100989276641e-06
4.851161065189611321e+00  6.052519388155772084e-05  6.052519388155772084e-05
4.951161065189610966e+00  1.130759487920211971e-04  1.130759487920211971e-04
5.051161065189610611e+00  6.052519388155705676e-05  6.052519388155705676e-05
5.151161065189610255e+00  9.281839100989102152e-06  9.281839100989102152e-06
5.251161065189611676e+00  4.078155485672805222e-07  4.078155485672805222e-07
5.351161065189611321e+00  5.133713371299395656e-09  5.133713371299395656e-09
5.451161065189610966e+00  4.105115953601318554e-11  4.105115953601318554e-11
5.551161065189610611e+00  2.447048599623636658e-09  2.447048599623636658e-09
5.651161065189610255e+00  9.375717173361426481e-08  9.375717173361426481e-08
5.751161065189611676e+00  1.267592646934912986e-06  1.267592646934912986e-06
5.851161065189611321e+00  6.047346301950464808e-06  6.047346301950464808e-06
5.951161065189610966e+00  1.018028372311516779e-05  1.018028372311516779e-05
6.051161065189610611e+00  6.047346301950408057e-06  6.047346301950408057e-06
6.151161065189610255e+00  1.267592646935267893e-06  1.267592646935267893e-06
6.251161065189611676e+00  9.375717203420349378e-08  9.375717203420349378e-08
6.351161065189611321e+00  2.447130986307965436e-09  2.447130986307965436e-09
6.451161065189610966e+00  3.631604084625517010e-11  3.631604084625517010e-11
6.551161065189610611e+00  7.659735977019760423e-10  7.659735977019760423e-10
6.651161065189612032e+00  1.743181191571903704e-08  1.743181191571903704e-08
6.751161065189611676e+00  1.624612741280775782e-07  1.624612741280775782e-07
6.851161065189611321e+00  6.200036558761790501e-07  6.200036558761790501e-07
6.951161065189610966e+00  9.688927707093024042e-07  9.688927707093024042e-07
7.051161065189610611e+00  6.200036558761807441e-07  6.200036558761807441e-07
7.151161065189612032e+00  1.624612741293723740e-07  1.624612741293723740e-07
7.251161065189611676e+00  1.743181229927311495e-08  1.743181229927311495e-08
7.351161065189611321e+00  7.659753868998558092e-10  7.659753868998558092e-10
7.451161065189610966e+00  1.929193806293810117e-11  1.929193806293810117e-11
7.551161065189610611e+00  1.855170844021263000e-10  1.855170844021263000e-10
7.651161065189612032e+00  2.855421417826916881e-09  2.855421417826916881e-09
7.751161065189611676e+00  2.013267932574605384e-08  2.013267932574605384e-08
7.851161065189611321e+00  6.498908494720520842e-08  6.498908494720520842e-08
7.951161065189610966e+00  9.604764129944391691e-08  9.604764129944391691e-08
8.051161065189612387e+00  6.498908494721011857e-08  6.498908494721011857e-08
8.151161065189612032e+00  2.013267932756121897e-08  2.013267932756121897e-08
8.251161065189611676e+00  2.855421512618323137e-09  2.855421512618323137e-09
8.351161065189611321e+00  1.854521724282586518e-10  1.854521724282586518e-10
8.451161065189610966e+00  7.180720276764469425e-12  7.180720276764469425e-12
8.551161065189612387e+00  3.804901986240573341e-11  3.804901986240573341e-11
8.651161065189612032e+00  4.315822698189566362e-10  4.315822698189566362e-10
8.751161065189611676e+00  2.449326041897185468e-09  2.449326041897185468e-09
8.851161065189611321e+00  6.941233995734772274e-09  6.941233995734772274e-09
8.951161065189610966e+00  9.822756544141260707e-09  9.822756544141260707e-09
9.051161065189612387e+00  6.941233995743406385e-09  6.941233995743406385e-09
9.151161065189612032e+00  2.449326042685391812e-09  2.449326042685391812e-09
9.251161065189611676e+00  4.315820327069957747e-10  4.315820327069957747e-10
9.351161065189611321e+00  3.798738470306489353e-11  3.798738470306489353e-11
9.451161065189610966e+00  2.085084700258469429e-12  2.085084700258469429e-12
9.551161065189612387e+00  6.974017095761891004e-12  6.974017095761891004e-12
9.651161065189612032e+00  6.183287302335203789e-11  6.183287302335203789e-11
9.751161065189611676e+00  2.949862279744912501e-10  2.949862279744912501e-10
9.851161065189611321e+00  7.532737164327151097e-10  7.532737164327151097e-10
9.951161065189610966e+00  1.029603095701090655e-09  1.029603095701090655e-09
1.005116106518961239e+01  7.532737164378829205e-10  7.532737164378829205e-10
1.015116106518961203e+01  2.949862271784186773e-10  2.949862271784186773e-10
1.025116106518961168e+01  6.183257110202426199e-11  6.183257110202426199e-11
1.035116106518961132e+01  6.941393213422322546e-12  6.941393213422322546e-12
1.045116106518961097e+01  5.072566547433812797e-13  5.072566547433812797e-13
