-1.662782467622568205e+00  1.884893474736797757e-28  1.884893474736797757e-28
-1.562782467622568561e+00  2.425250560331419268e-26  2.425250560331419268e-26
-1.462782467622568472e+00  2.961446604722959444e-24  2.961446604722959444e-24
-1.362782467622568383e+00  3.055126326887623953e-22  3.055126326887623953e-22
-1.262782467622568738e+00  2.586984909472850880e-20  2.586984909472850880e-20
-1.162782467622568205e+00  1.785856714461958925e-18  1.785856714461958925e-18
-1.062782467622568561e+00  1.003352069738811700e-16  1.003352069738811700e-16
-9.627824676225684719e-01  4.585814658512121767e-15  4.585814658512121767e-15
-8.627824676225683831e-01  1.704818723430536587e-13  1.704818723430536587e-13
-7.627824676225682943e-01  5.154898091658983627e-12  5.154898091658983627e-12
-6.627824676225684275e-01  1.267756355055629365e-10  1.267756355055629365e-10
-5.627824676225683387e-01  2.535846654894211638e-09  2.535846654894211638e-09
-4.627824676225682499e-01  4.125539199399465590e-08  4.125539199399465590e-08
-3.627824676225683831e-01  5.458943343577336963e-07  5.458943343577336963e-07
-2.627824676225682943e-01  5.874980339646055337e-06  5.874980339646055337e-06
-1.627824676225684275e-01  5.142498029529852995e-05  5.142498029529852995e-05
-6.278246762256833868e-02  3.661101039187488262e-04  3.661101039187488262e-04
3.721753237743175013e-02  2.119918579715706144e-03  2.119918579715706144e-03
1.372175323774316169e-01  9.983816940334205858e-03  9.983816940334205858e-03
2.372175323774317057e-01  3.824231516254712054e-02  3.824231516254712054e-02
3.372175323774315725e-01  1.191412855486021216e-01  1.191412855486021216e-01
4.372175323774316613e-01  3.018921822594469173e-01  3.018921822594469173e-01
5.372175323774317501e-01  6.221789107771621419e-01  6.221789107771621419e-01
6.372175323774318390e-01  1.042938921341143965e+00  1.042938921341143965e+00
7.372175323774319278e-01  1.422004677561391928e+00  1.422004677561391928e+00
8.372175323774315725e-01  1.577246535725826959e+00  1.577246535725826959e+00
9.372175323774316613e-01  1.423810409366964791e+00  1.423810409366964791e+00
1.037217532377431750e+00  1.047834607598230106e+00  1.047834607598230106e+00
1.137217532377431839e+00  6.329549042859448083e-01  6.329549042859448083e-01
1.237217532377431928e+00  3.230210119095356380e-01  3.230210119095356380e-01
1.337217532377431572e+00  1.564466499158943535e-01  1.564466499158943535e-01
1.437217532377431661e+00  9.763711536523317358e-02  9.763711536523317358e-02
1.537217532377431750e+00  9.527625080802902546e-02  9.527625080802902546e-02
1.637217532377431839e+00  1.126107660404429556e-01  1.126107660404429556e-01
1.737217532377431928e+00  1.295240610170862727e-01  1.295240610170862727e-01
1.837217532377431572e+00  1.363721652322009981e-01  1.363721652322009981e-01
1.937217532377431661e+00  1.300936867223140003e-01  1.300936867223140003e-01
2.037217532377431972e+00  1.125825229108089326e-01  1.125825229108089326e-01
2.137217532377431617e+00  8.897638184654406424e-02  8.897638184654406424e-02
2.237217532377432150e+00  6.523093377988120611e-02  6.523093377988120611e-02
2.337217532377431795e+00  4.585975688945066048e-02  4.585975688945066048e-02
2.437217532377432327e+00  3.281235280591029979e-02  3.281235280591029979e-02
2.537217532377431972e+00  2.567976490224000222e-02  2.567976490224000222e-02
2.637217532377431617e+00  2.268900221132465200e-02  2.268900221132465200e-02
2.737217532377432150e+00  2.177375254709030053e-02  2.177375254709030053e-02
2.837217532377431795e+00  2.128565841788356006e-02  2.128565841788356006e-02
2.937217532377432327e+00  2.026979215172574483e-02  2.026979215172574483e-02
3.037217532377431972e+00  1.842834418899230720e-02  1.842834418899230720e-02
3.137217532377432505e+00  1.592764931130145889e-02  1.592764931130145889e-02
3.237217532377432150e+00  1.316219913377952681e-02  1.316219913377952681e-02
3.337217532377431795e+00  1.054649119734593112e-02  1.054649119734593112e-02
3.437217532377432327e+00  8.375730098248315367e-03  8.375730098248315367e-03
3.537217532377431972e+00  6.770051223015586921e-03  6.770051223015586921e-03
3.637217532377432505e+00  5.691199150116563361e-03  5.691199150116563361e-03
3.737217532377432150e+00  5.002434922033498210e-03  5.002434922033498210e-03
3.837217532377431795e+00  4.538164064803371783e-03  4.538164064803371783e-03
3.937217532377432327e+00  4.158150583189976560e-03  4.158150583189976560e-03
4.037217532377431972e+00  3.775219333245179512e-03  3.775219333245179512e-03
4.137217532377432505e+00  3.357812942381801016e-03  3.357812942381801016e-03
4.237217532377432150e+00  2.915886868102537249e-03  2.915886868102537249e-03
4.337217532377431795e+00  2.480300547645031273e-03  2.480300547645031273e-03
4.437217532377432327e+00  2.083924915306278706e-03  2.083924915306278706e-03
4.537217532377431972e+00  1.749206835964831324e-03  1.749206835964831324e-03
4.637217532377432505e+00  1.483439077091554953e-03  1.483439077091554953e-03
4.737217532377432150e+00  1.280376602722565820e-03  1.280376602722565820e-03
4.837217532377431795e+00  1.125493014907615486e-03  1.125493014907615486e-03
4.937217532377432327e+00  1.002042884353524952e-03  1.002042884353524952e-03
5.037217532377431972e+00  8.958342193206971036e-04  8.958342193206971036e-04
5.137217532377432505e+00  7.977228980880053883e-04  7.977228980880053883e-04
5.237217532377432150e+00  7.038626111803340758e-04  7.038626111803340758e-04
5.337217532377431795e+00  6.144003981086758803e-04  6.144003981086758803e-04
5.437217532377432327e+00  5.315289568799927465e-04  5.315289568799927465e-04
5.537217532377431972e+00  4.576806539856950479e-04  4.576806539856950479e-04
5.637217532377432505e+00  3.943353458092574751e-04  3.943353458092574751e-04
5.737217532377432150e+00  3.415722651829151794e-04  3.415722651829151794e-04
5.837217532377431795e+00  2.982346981576638740e-04  2.982346981576638740e-04
5.937217532377432327e+00  2.624427143850255740e-04  2.624427143850255740e-04
6.037217532377431972e+00  2.321784816999315011e-04  2.321784816999315011e-04
6.137217532377432505e+00  2.057420561474933621e-04  2.057420561474933621e-04
6.237217532377432150e+00  1.819831432905707699e-04  1.819831432905707699e-04
6.337217532377431795e+00  1.603130945474300062e-04  1.603130945474300062e-04
6.437217532377431439e+00  1.405652995307089858e-04  1.405652995307089858e-04
6.537217532377432860e+00  1.227941620493592460e-04  1.227941620493592460e-04
6.637217532377432505e+00  1.070907299071052358e-04  1.070907299071052358e-04
6.737217532377432150e+00  9.346196934278894403e-05  9.346196934278894403e-05
6.837217532377431795e+00  8.178623937714267988e-05  8.178623937714267988e-05
6.937217532377431439e+00  7.183100924723191075e-05  7.183100924723191075e-05
7.037217532377432860e+00  6.330539112055294179e-05  6.330539112055294179e-05
7.137217532377432505e+00  5.591918732957296015e-05  5.591918732957296015e-05
7.237217532377432150e+00  4.942788939977533081e-05  4.942788939977533081e-05
7.337217532377431795e+00  4.365424565033312936e-05  4.365424565033312936e-05
7.437217532377431439e+00  3.848719186707794311e-05  3.848719186707794311e-05
7.537217532377432860e+00  3.386545592880117777e-05  3.386545592880117777e-05
7.637217532377432505e+00  2.975531000037873576e-05  2.975531000037873576e-05
7.737217532377432150e+00  2.613057400784489970e-05  2.613057400784489970e-05
7.837217532377431795e+00  2.295965876858265797e-05  2.295965876858265797e-05
7.937217532377433216e+00  2.020080630411519033e-05  2.020080630411519033e-05
8.037217532377432860e+00  1.780391673401388440e-05  1.780391673401388440e-05
8.137217532377432505e+00  1.571597603801762132e-05  1.571597603801762132e-05
8.237217532377432150e+00  1.388705939334665498e-05  1.388705939334665498e-05
8.337217532377431795e+00  1.227474848278975476e-05  1.227474848278975476e-05
8.437217532377433216e+00  1.084601326058026017e-05  1.084601326058026017e-05
8.537217532377432860e+00  9.576695906702554866e-06  9.576695906702554866e-06
8.637217532377432505e+00  8.449417759534596893e-06  8.449417759534596893e-06
8.737217532377432150e+00  7.450941436397112824e-06  7.450941436397112824e-06
8.837217532377431795e+00  6.569854209007029313e-06  6.569854209007029313e-06
8.937217532377433216e+00  5.795069367734159193e-06  5.795069367734159193e-06
9.037217532377432860e+00  5.115246441233165270e-06  5.115246441233165270e-06
9.137217532377432505e+00  4.518934793892227610e-06  4.518934793892227610e-06
9.237217532377432150e+00  3.995103277577031887e-06  3.995103277577031887e-06
9.337217532377431795e+00  3.533722407475139119e-06  3.533722407475139119e-06
9.437217532377433216e+00  3.126165957972233197e-06  3.126165957972233197e-06
9.537217532377432860e+00  2.765334495469457741e-06  2.765334495469457741e-06
9.637217532377432505e+00  2.445522557628198711e-06  2.445522557628198711e-06
9.737217532377432150e+00  2.162124164766038391e-06  2.162124164766038391e-06
9.837217532377431795e+00  1.911291774945679927e-06  1.911291774945679927e-06
9.937217532377433216e+00  1.689642951593640016e-06  1.689642951593640016e-06
1.003721753237743286e+01  1.494066678299045251e-06  1.494066678299045251e-06
1.013721753237743251e+01  1.321637067610468791e-06  1.321637067610468791e-06
1.023721753237743215e+01  1.169609908219327468e-06  1.169609908219327468e-06
1.033721753237743179e+01  1.035462790310785697e-06  1.035462790310785697e-06
