-1.530927872339942208e+00  3.335958347628949394e-07  3.335958347628949394e-07
-1.430927872339942120e+00  1.053482405215035377e-06  1.053482405215035377e-06
-1.330927872339942475e+00  3.181539871784587827e-06  3.181539871784587827e-06
-1.230927872339941942e+00  9.180274736409890099e-06  9.180274736409890099e-06
-1.130927872339942297e+00  2.529488125529637612e-05  2.529488125529637612e-05
-1.030927872339942208e+00  6.652866497850131085e-05  6.652866497850131085e-05
-9.309278723399421196e-01  1.669863462148361139e-04  1.669863462148361139e-04
-8.309278723399420308e-01  3.999276405500416191e-04  3.999276405500416191e-04
-7.309278723399421640e-01  9.138296058670902300e-04  9.138296058670902300e-04
-6.309278723399422972e-01  1.992058803591879347e-03  1.992058803591879347e-03
-5.309278723399422084e-01  4.142587694340680096e-03  4.142587694340680096e-03
-4.309278723399421196e-01  8.217882185481226870e-03  8.217882185481226870e-03
-3.309278723399420308e-01  1.555096123645455242e-02  1.555096123645455242e-02
-2.309278723399421640e-01  2.807096418303491395e-02  2.807096418303491395e-02
-1.309278723399420752e-01  4.833437791374832482e-02  4.833437791374832482e-02
-3.092787233994220841e-02  7.938736744310269378e-02  7.938736744310269378e-02
6.907212766005788041e-02  1.243776683909854075e-01  1.243776683909854075e-01
1.690721276600579692e-01  1.858788109376888764e-01  1.858788109376888764e-01
2.690721276600578360e-01  2.649818160431713365e-01  2.649818160431713365e-01
3.690721276600579248e-01  3.603338167988921481e-01  3.603338167988921481e-01
4.690721276600577916e-01  4.674154889667598844e-01  4.674154889667598844e-01
5.690721276600578804e-01  5.783887285302768966e-01  5.783887285302768966e-01
6.690721276600579692e-01  6.827617275228070604e-01  6.827617275228070604e-01
7.690721276600580580e-01  7.689031556232428510e-01  7.689031556232428510e-01
8.690721276600581469e-01  8.261472513138035101e-01  8.261472513138035101e-01
9.690721276600577916e-01  8.469769404588674000e-01  8.469769404588674000e-01
1.069072127660057880e+00  8.286701605686351835e-01  8.286701605686351835e-01
1.169072127660057969e+00  7.739109864330515620e-01  7.739109864330515620e-01
1.269072127660058058e+00  6.901746148586950236e-01  6.901746148586950236e-01
1.369072127660058147e+00  5.880783289737940844e-01  5.880783289737940844e-01
1.469072127660057792e+00  4.791977677637184185e-01  4.791977677637184185e-01
1.569072127660057880e+00  3.739637839726998036e-01  3.739637839726998036e-01
1.669072127660057969e+00  2.801526676042951913e-01  2.801526676042951913e-01
1.769072127660058058e+00  2.022272736102015134e-01  2.022272736102015134e-01
1.869072127660058147e+00  1.414962674966908085e-01  1.414962674966908085e-01
1.969072127660057792e+00  9.684305939366935623e-02  9.684305939366935623e-02
2.069072127660057880e+00  6.569177498766276546e-02  6.569177498766276546e-02
2.169072127660057969e+00  4.491747773993115533e-02  4.491747773993115533e-02
2.269072127660058058e+00  3.152077766191241359e-02  3.152077766191241359e-02
2.369072127660058147e+00  2.301183312038237658e-02  2.301183312038237658e-02
2.469072127660057792e+00  1.754163252766940267e-02  1.754163252766940267e-02
2.569072127660058324e+00  1.386311063749153666e-02  1.386311063749153666e-02
2.669072127660057969e+00  1.120781137264553057e-02  1.120781137264553057e-02
2.769072127660057614e+00  9.143018022265966133e-03  9.143018022265966133e-03
2.869072127660058147e+00  7.446820610908655089e-03  7.446820610908655089e-03
2.969072127660057792e+00  6.015547651361297793e-03  6.015547651361297793e-03
3.069072127660058324e+00  4.803465130510631634e-03  4.803465130510631634e-03
3.169072127660057969e+00  3.787998816046713596e-03  3.787998816046713596e-03
3.269072127660058502e+00  2.952343574865749689e-03  2.952343574865749689e-03
3.369072127660058147e+00  2.278534511818610959e-03  2.278534511818610959e-03
3.469072127660057792e+00  1.746042757765546875e-03  1.746042757765546875e-03
3.569072127660058324e+00  1.332789415907694591e-03  1.332789415907694591e-03
3.669072127660057969e+00  1.016830571163033570e-03  1.016830571163033570e-03
3.769072127660058502e+00  7.778565996405603514e-04  7.778565996405603514e-04
3.869072127660058147e+00  5.981807813780956043e-04  5.981807813780956043e-04
3.969072127660057792e+00  4.631819373987773169e-04  4.631819373987773169e-04
4.069072127660058769e+00  3.613029462721370683e-04  3.613029462721370683e-04
4.169072127660058413e+00  2.837526745237956135e-04  2.837526745237956135e-04
4.269072127660058058e+00  2.240534592824467276e-04  2.240534592824467276e-04
4.369072127660057703e+00  1.775463828523515981e-04  1.775463828523515981e-04
4.469072127660057347e+00  1.409292858248477093e-04  1.409292858248477093e-04
4.569072127660058769e+00  1.118679510468286158e-04  1.118679510468286158e-04
4.669072127660058413e+00  8.869414799053896019e-05  8.869414799053896019e-05
4.769072127660058058e+00  7.018659393016364470e-05  7.018659393016364470e-05
4.869072127660057703e+00  5.542144613695468048e-05  5.542144613695468048e-05
4.969072127660057347e+00  4.367568974255638245e-05  4.367568974255638245e-05
5.069072127660058769e+00  3.436751024368482616e-05  3.436751024368482616e-05
5.169072127660058413e+00  2.702051582900720955e-05  2.702051582900720955e-05
5.269072127660058058e+00  2.124210143368357665e-05  2.124210143368357665e-05
5.369072127660057703e+00  1.670946137240782002e-05  1.670946137240782002e-05
5.469072127660057347e+00  1.315934215004496406e-05  1.315934215004496406e-05
5.569072127660058769e+00  1.037947158521677950e-05  1.037947158521677950e-05
5.669072127660058413e+00  8.200774182184493148e-06  8.200774182184493148e-06
5.769072127660058058e+00  6.490134909726081111e-06  6.490134909726081111e-06
5.869072127660057703e+00  5.143767563261766171e-06  5.143767563261766171e-06
5.969072127660057347e+00  4.081321654713147728e-06  4.081321654713147728e-06
6.069072127660058769e+00  3.240829818104760947e-06  3.240829818104760947e-06
6.169072127660058413e+00  2.574526430754804644e-06  2.574526430754804644e-06
6.269072127660058058e+00  2.045497810534956829e-06  2.045497810534956829e-06
6.369072127660057703e+00  1.625073393909741184e-06  1.625073393909741184e-06
6.469072127660057347e+00  1.290840238883810324e-06  1.290840238883810324e-06
6.569072127660056992e+00  1.025156988016886219e-06  1.025156988016886219e-06
6.669072127660058413e+00  8.140519584376792573e-07  8.140519584376792573e-07
6.769072127660058058e+00  6.464068896607280177e-07  6.464068896607280177e-07
6.869072127660057703e+00  5.133477954576741058e-07  5.133477954576741058e-07
6.969072127660057347e+00  4.077836809890585856e-07  4.077836809890585856e-07
7.069072127660056992e+00  3.240505224531664195e-07  3.240505224531664195e-07
7.169072127660058413e+00  2.576310332889856715e-07  2.576310332889856715e-07
7.269072127660058058e+00  2.049303721367708290e-07  2.049303721367708290e-07
7.369072127660057703e+00  1.630945708959709318e-07  1.630945708959709318e-07
7.469072127660057347e+00  1.298627532876919416e-07  1.298627532876919416e-07
7.569072127660056992e+00  1.034468538485267917e-07  1.034468538485267917e-07
7.669072127660058413e+00  8.243411153115645557e-08  8.243411153115645557e-08
7.769072127660058058e+00  6.570853780278567749e-08  6.570853780278567749e-08
7.869072127660057703e+00  5.238814402320439338e-08  5.238814402320439338e-08
7.969072127660057347e+00  4.177513869352329300e-08  4.177513869352329300e-08
8.069072127660058769e+00  3.331666832909200663e-08  3.331666832909200663e-08
8.169072127660058413e+00  2.657401689274100112e-08  2.657401689274100112e-08
8.269072127660058058e+00  2.119850685478152008e-08  2.119850685478152008e-08
8.369072127660057703e+00  1.691265436466915362e-08  1.691265436466915362e-08
8.469072127660057347e+00  1.349541222024598511e-08  1.349541222024598511e-08
8.569072127660058769e+00  1.077057962046642461e-08  1.077057962046642461e-08
8.669072127660058413e+00  8.597663381927914016e-09  8.597663381927914016e-09
8.769072127660058058e+00  6.864641714816430708e-09  6.864641714816430708e-09
8.869072127660057703e+00  5.482212175972080430e-09  5.482212175972080430e-09
8.969072127660057347e+00  4.379205221992928342e-09  4.379205221992928342e-09
9.069072127660058769e+00  3.498919689955291110e-09  3.498919689955291110e-09
9.169072127660058413e+00  2.796192146837829450e-09  2.796192146837829450e-09
9.269072127660058058e+00  2.235053264124321392e-09  2.235053264124321392e-09
9.369072127660057703e+00  1.786855147409016868e-09  1.786855147409016868e-09
9.469072127660057347e+00  1.428776888084203279e-09  1.428776888084203279e-09
9.569072127660058769e+00  1.142633672236520626e-09  1.142633672236520626e-09
9.669072127660058413e+00  9.139290754935062741e-10  9.139290754935062741e-10
9.769072127660058058e+00  7.311016893633196712e-10  7.311016893633196712e-10
9.869072127660057703e+00  5.849266197622253855e-10  5.849266197622253855e-10
9.969072127660057347e+00  4.680401065407346516e-10  4.680401065407346516e-10
1.006907212766005877e+01  3.745618352316094887e-10  3.745618352316094887e-10
1.016907212766005841e+01  2.997946739302254570e-10  2.997946739302254570e-10
1.026907212766005806e+01  2.399857513629069334e-10  2.399857513629069334e-10
1.036907212766005770e+01  1.921361536044874785e-10  1.921361536044874785e-10
1.046907212766005735e+01  1.538491954962703669e-10  1.538491954962703669e-10
