-1.500000000000000000e+00  0.000000000000000000e+00  0.000000000000000000e+00
-1.399999999999999911e+00  0.000000000000000000e+00  0.000000000000000000e+00
-1.299999999999999822e+00  0.000000000000000000e+00  0.000000000000000000e+00
-1.199999999999999734e+00  0.000000000000000000e+00  0.000000000000000000e+00
-1.100000000000000089e+00  0.000000000000000000e+00  0.000000000000000000e+00
-1.000000000000000000e+00  0.000000000000000000e+00  0.000000000000000000e+00
-8.999999999999999112e-01  0.000000000000000000e+00  0.000000000000000000e+00
-7.999999999999998224e-01  0.000000000000000000e+00  0.000000000000000000e+00
-6.999999999999997335e-01  0.000000000000000000e+00  0.000000000000000000e+00
-5.999999999999998668e-01  0.000000000000000000e+00  0.000000000000000000e+00
-5.000000000000000000e-01  4.320584330710263282e-305  4.320584330710263282e-305
-3.999999999999999112e-01  9.850990692841181552e-266  9.850990692841181552e-266
-2.999999999999998224e-01  4.335875659017074985e-229  4.335875659017074985e-229
-1.999999999999997335e-01  3.684115337196578783e-195  3.684115337196578783e-195
-9.999999999999964473e-02  6.042951446549562705e-164  6.042951446549562705e-164
1.110223024625156540e-16  1.913482434104848421e-135  1.913482434104848421e-135
1.000000000000001998e-01  1.169659204312578128e-109  1.169659204312578128e-109
2.000000000000002887e-01  1.380237090540097999e-86  1.380237090540097999e-86
3.000000000000001554e-01  3.144180957195573568e-66  3.144180957195573568e-66
4.000000000000002442e-01  1.382677387461182624e-48  1.382677387461182624e-48
5.000000000000001110e-01  1.173798839493786546e-33  1.173798839493786546e-33
6.000000000000001998e-01  1.923649656676659786e-21  1.923649656676659786e-21
7.000000000000002887e-01  6.085801332572720303e-12  6.085801332572720303e-12
8.000000000000003775e-01  3.716798786835870085e-05  3.716798786835870085e-05
9.000000000000004663e-01  4.382075123392232263e-01  4.382075123392232263e-01
1.000000000000000000e+00  9.973557010035818848e+00  9.973557010035818848e+00
1.100000000000000089e+00  4.382075123392111804e-01  4.382075123392111804e-01
1.200000000000000178e+00  3.716798786835665442e-05  3.716798786835665442e-05
1.300000000000000266e+00  6.085801332572222703e-12  6.085801332572222703e-12
1.400000000000000355e+00  1.923649656676440862e-21  1.923649656676440862e-21
1.500000000000000000e+00  1.173798839493786546e-33  1.173798839493786546e-33
1.600000000000000089e+00  1.382677387461065031e-48  1.382677387461065031e-48
1.700000000000000178e+00  3.144180957195216187e-66  3.144180957195216187e-66
1.800000000000000266e+00  1.380237090539744745e-86  1.380237090539744745e-86
1.900000000000000355e+00  1.169659204312312218e-109  1.169659204312312218e-109
2.000000000000000000e+00  1.913482434104848421e-135  1.913482434104848421e-135
2.100000000000000089e+00  6.042951446548532416e-164  6.042951446548532416e-164
2.200000000000000178e+00  3.684115337195950662e-195  3.684115337195950662e-195
2.300000000000000266e+00  4.335875659015596524e-229  4.335875659015596524e-229
2.400000000000000355e+00  9.850990692836701345e-266  9.850990692836701345e-266
2.500000000000000000e+00  4.320584330710263282e-305  4.320584330710263282e-305
2.600000000000000533e+00  0.000000000000000000e+00  0.000000000000000000e+00
2.700000000000000178e+00  0.000000000000000000e+00  0.000000000000000000e+00
2.799999999999999822e+00  0.000000000000000000e+00  0.000000000000000000e+00
2.900000000000000355e+00  0.000000000000000000e+00  0.000000000000000000e+00
3.000000000000000000e+00  0.000000000000000000e+00  0.000000000000000000e+00
3.100000000000000533e+00  0.000000000000000000e+00  0.000000000000000000e+00
3.200000000000000178e+00  0.000000000000000000e+00  0.000000000000000000e+00
3.300000000000000711e+00  0.000000000000000000e+00  0.000000000000000000e+00
3.400000000000000355e+00  0.000000000000000000e+00  0.000000000000000000e+00
3.500000000000000000e+00  0.000000000000000000e+00  0.000000000000000000e+00
3.600000000000000533e+00  0.000000000000000000e+00  0.000000000000000000e+00
3.700000000000000178e+00  0.000000000000000000e+00  0.000000000000000000e+00
3.800000000000000711e+00  0.000000000000000000e+00  0.000000000000000000e+00
3.900000000000000355e+00  0.000000000000000000e+00  0.000000000000000000e+00
4.000000000000000000e+00  0.000000000000000000e+00  0.000000000000000000e+00
4.100000000000000533e+00  0.000000000000000000e+00  0.000000000000000000e+00
4.200000000000000178e+00  0.000000000000000000e+00  0.000000000000000000e+00
4.300000000000000711e+00  0.000000000000000000e+00  0.000000000000000000e+00
4.400000000000000355e+00  0.000000000000000000e+00  0.000000000000000000e+00
4.500000000000000000e+00  0.000000000000000000e+00  0.000000000000000000e+00
4.600000000000000533e+00  0.000000000000000000e+00  0.000000000000000000e+00
4.700000000000000178e+00  0.000000000000000000e+00  0.000000000000000000e+00
4.800000000000000711e+00  0.000000000000000000e+00  0.000000000000000000e+00
4.900000000000000355e+00  0.000000000000000000e+00  0.000000000000000000e+00
5.000000000000000000e+00  0.000000000000000000e+00  0.000000000000000000e+00
5.100000000000000533e+00  0.000000000000000000e+00  0.000000000000000000e+00
5.200000000000000178e+00  0.000000000000000000e+00  0.000000000000000000e+00
5.300000000000000711e+00  0.000000000000000000e+00  0.000000000000000000e+00
5.400000000000000355e+00  0.000000000000000000e+00  0.000000000000000000e+00
5.500000000000000000e+00  0.000000000000000000e+00  0.000000000000000000e+00
5.600000000000000533e+00  0.000000000000000000e+00  0.000000000000000000e+00
5.700000000000000178e+00  0.000000000000000000e+00  0.000000000000000000e+00
5.800000000000000711e+00  0.000000000000000000e+00  0.000000000000000000e+00
5.900000000000000355e+00  0.000000000000000000e+00  0.000000000000000000e+00
6.000000000000000000e+00  0.000000000000000000e+00  0.000000000000000000e+00
6.100000000000000533e+00  0.000000000000000000e+00  0.000000000000000000e+00
6.200000000000000178e+00  0.000000000000000000e+00  0.000000000000000000e+00
6.300000000000000711e+00  0.000000000000000000e+00  0.000000000000000000e+00
6.400000000000000355e+00  0.000000000000000000e+00  0.000000000000000000e+00
6.500000000000000000e+00  0.000000000000000000e+00  0.000000000000000000e+00
6.599999999999999645e+00  0.000000000000000000e+00  0.000000000000000000e+00
6.700000000000001066e+00  0.000000000000000000e+00  0.000000000000000000e+00
6.800000000000000711e+00  0.000000000000000000e+00  0.000000000000000000e+00
6.900000000000000355e+00  0.000000000000000000e+00  0.000000000000000000e+00
7.000000000000000000e+00  0.000000000000000000e+00  0.000000000000000000e+00
7.099999999999999645e+00  0.000000000000000000e+00  0.000000000000000000e+00
7.200000000000001066e+00  0.000000000000000000e+00  0.000000000000000000e+00
7.300000000000000711e+00  0.000000000000000000e+00  0.000000000000000000e+00
7.400000000000000355e+00  0.000000000000000000e+00  0.000000000000000000e+00
7.500000000000000000e+00  0.000000000000000000e+00  0.000000000000000000e+00
7.599999999999999645e+00  0.000000000000000000e+00  0.000000000000000000e+00
7.700000000000001066e+00  0.000000000000000000e+00  0.000000000000000000e+00
7.800000000000000711e+00  0.000000000000000000e+00  0.000000000000000000e+00
7.900000000000000355e+00  0.000000000000000000e+00  0.000000000000000000e+00
8.000000000000000000e+00  0.000000000000000000e+00  0.000000000000000000e+00
8.100000000000001421e+00  0.000000000000000000e+00  0.000000000000000000e+00
8.200000000000001066e+00  0.000000000000000000e+00  0.000000000000000000e+00
8.300000000000000711e+00  0.000000000000000000e+00  0.000000000000000000e+00
8.400000000000000355e+00  0.000000000000000000e+00  0.000000000000000000e+00
8.500000000000000000e+00  0.000000000000000000e+00  0.000000000000000000e+00
8.600000000000001421e+00  0.000000000000000000e+00  0.000000000000000000e+00
8.700000000000001066e+00  0.000000000000000000e+00  0.000000000000000000e+00
8.800000000000000711e+00  0.000000000000000000e+00  0.000000000000000000e+00
8.900000000000000355e+00  0.000000000000000000e+00  0.000000000000000000e+00
9.000000000000000000e+00  0.000000000000000000e+00  0.000000000000000000e+00
9.100000000000001421e+00  0.000000000000000000e+00  0.000000000000000000e+00
9.200000000000001066e+00  0.000000000000000000e+00  0.000000000000000000e+00
9.300000000000000711e+00  0.000000000000000000e+00  0.000000000000000000e+00
9.400000000000000355e+00  0.000000000000000000e+00  0.000000000000000000e+00
9.500000000000000000e+00  0.000000000000000000e+00  0.000000000000000000e+00
9.600000000000001421e+00  0.000000000000000000e+00  0.000000000000000000e+00
9.700000000000001066e+00  0.000000000000000000e+00  0.000000000000000000e+00
9.800000000000000711e+00  0.000000000000000000e+00  0.000000000000000000e+00
9.900000000000000355e+00  0.000000000000000000e+00  0.000000000000000000e+00
1.000000000000000000e+01  0.000000000000000000e+00  0.000000000000000000e+00
1.010000000000000142e+01  0.000000000000000000e+00  0.000000000000000000e+00
1.020000000000000107e+01  0.000000000000000000e+00  0.000000000000000000e+00
1.030000000000000071e+01  0.000000000000000000e+00  0.000000000000000000e+00
1.040000000000000036e+01  0.000000000000000000e+00  0.000000000000000000e+00
1.050000000000000000e+01  0.000000000000000000e+00  0.000000000000000000e+00
