-1.575268735231447614e+00  4.189433213958587083e-10  4.189433213958587083e-10
-1.475268735231447526e+00  2.225089512126511684e-09  2.225089512126511684e-09
-1.375268735231447437e+00  1.115109801478198046e-08  1.115109801478198046e-08
-1.275268735231447792e+00  5.247620990841820908e-08  5.247620990841820908e-08
-1.175268735231447703e+00  2.312669021656640711e-07  2.312669021656640711e-07
-1.075268735231447614e+00  9.530526675268429134e-07  9.530526675268429134e-07
-9.752687352314475255e-01  3.669454378139588143e-06  3.669454378139588143e-06
-8.752687352314474367e-01  1.319327348123838663e-05  1.319327348123838663e-05
-7.752687352314475699e-01  4.428365472379919954e-05  4.428365472379919954e-05
-6.752687352314477032e-01  1.387387992067367455e-04  1.387387992067367455e-04
-5.752687352314476144e-01  4.056665924877381267e-04  4.056665924877381267e-04
-4.752687352314475255e-01  1.106950702946676119e-03  1.106950702946676119e-03
-3.752687352314474367e-01  2.818751190928691676e-03  2.818751190928691676e-03
-2.752687352314475699e-01  6.697969746247417824e-03  6.697969746247417824e-03
-1.752687352314474811e-01  1.485185430304638947e-02  1.485185430304638947e-02
-7.526873523144761435e-02  3.073021053305488581e-02  3.073021053305488581e-02
2.473126476855247446e-02  5.933303761482711103e-02  5.933303761482711103e-02
1.247312647685525633e-01  1.068993310208369713e-01  1.068993310208369713e-01
2.247312647685524301e-01  1.797233277818323927e-01  1.797233277818323927e-01
3.247312647685525189e-01  2.819628502630538991e-01  2.819628502630538991e-01
4.247312647685523856e-01  4.128086212305098202e-01  4.128086212305098202e-01
5.247312647685524745e-01  5.640184994633943294e-01  5.640184994633943294e-01
6.247312647685525633e-01  7.192084417975225241e-01  7.192084417975225241e-01
7.247312647685526521e-01  8.560118726342494933e-01  8.560118726342494933e-01
8.247312647685527409e-01  9.511403778631328798e-01  9.511403778631328798e-01
9.247312647685523856e-01  9.869063205534248651e-01  9.869063205534248651e-01
1.024731264768552474e+00  9.567278472933549160e-01  9.567278472933549160e-01
1.124731264768552563e+00  8.672679465709161040e-01  8.672679465709161040e-01
1.224731264768552652e+00  7.362484119064813815e-01  7.362484119064813815e-01
1.324731264768552741e+00  5.869081326716425462e-01  5.869081326716425462e-01
1.424731264768552386e+00  4.414624967631805008e-01  4.414624967631805008e-01
1.524731264768552474e+00  3.160483742409223029e-01  3.160483742409223029e-01
1.624731264768552563e+00  2.185942547152930349e-01  2.185942547152930349e-01
1.724731264768552652e+00  1.495775603750798544e-01  1.495775603750798544e-01
1.824731264768552741e+00  1.045478460472778481e-01  1.045478460472778481e-01
1.924731264768552386e+00  7.701185895172425744e-02  7.701185895172425744e-02
2.024731264768552474e+00  6.066452949082380003e-02  6.066452949082380003e-02
2.124731264768552563e+00  5.058832135090014087e-02  5.058832135090014087e-02
2.224731264768552652e+00  4.355315282945316363e-02  4.355315282945316363e-02
2.324731264768552741e+00  3.777381291379623002e-02  3.777381291379623002e-02
2.424731264768552386e+00  3.246762211456454689e-02  3.246762211456454689e-02
2.524731264768552919e+00  2.743081492188599244e-02  2.743081492188599244e-02
2.624731264768552563e+00  2.272516773639170554e-02  2.272516773639170554e-02
2.724731264768552208e+00  1.848467420539750064e-02  1.848467420539750064e-02
2.824731264768552741e+00  1.481676424317161962e-02  1.481676424317161962e-02
2.924731264768552386e+00  1.176604363225476450e-02  1.176604363225476450e-02
3.024731264768552919e+00  9.313929687574202740e-03  9.313929687574202740e-03
3.124731264768552563e+00  7.395329274810861532e-03  7.395329274810861532e-03
3.224731264768553096e+00  5.920190547599775942e-03  5.920190547599775942e-03
3.324731264768552741e+00  4.792844389162855684e-03  4.792844389162855684e-03
3.424731264768552386e+00  3.925798256033688483e-03  3.925798256033688483e-03
3.524731264768552919e+00  3.247274978759828040e-03  3.247274978759828040e-03
3.624731264768552563e+00  2.703414683574901015e-03  2.703414683574901015e-03
3.724731264768553096e+00  2.256807583598992480e-03  2.256807583598992480e-03
3.824731264768552741e+00  1.883105609602045644e-03  1.883105609602045644e-03
3.924731264768552386e+00  1.567129760001397757e-03  1.567129760001397757e-03
4.024731264768552919e+00  1.299393276815978592e-03  1.299393276815978592e-03
4.124731264768552563e+00  1.073480454126360785e-03  1.073480454126360785e-03
4.224731264768553096e+00  8.843574139307276965e-04  8.843574139307276965e-04
4.324731264768552741e+00  7.274734014491054772e-04  7.274734014491054772e-04
4.424731264768552386e+00  5.984211582007085235e-04  5.984211582007085235e-04
4.524731264768552919e+00  4.929238472598091152e-04  4.929238472598091152e-04
4.624731264768552563e+00  4.069630642298852855e-04  4.069630642298852855e-04
4.724731264768553096e+00  3.369254072871731348e-04  3.369254072871731348e-04
4.824731264768552741e+00  2.797033857604602118e-04  2.797033857604602118e-04
4.924731264768552386e+00  2.327302347233033239e-04  2.327302347233033239e-04
5.024731264768552919e+00  1.939552478147835277e-04  1.939552478147835277e-04
5.124731264768552563e+00  1.617787996993590692e-04  1.617787996993590692e-04
5.224731264768553096e+00  1.349684713341942348e-04  1.349684713341942348e-04
5.324731264768552741e+00  1.125739627614982721e-04  1.125739627614982721e-04
5.424731264768552386e+00  9.385235049843630001e-05  9.385235049843630001e-05
5.524731264768552919e+00  7.820915112267821023e-05  7.820915112267821023e-05
5.624731264768552563e+00  6.515590574487223341e-05  6.515590574487223341e-05
5.724731264768553096e+00  5.428203700319795687e-05  5.428203700319795687e-05
5.824731264768552741e+00  4.523741112133660065e-05  4.523741112133660065e-05
5.924731264768552386e+00  3.772193418533106141e-05  3.772193418533106141e-05
6.024731264768552919e+00  3.147912636576501443e-05  3.147912636576501443e-05
6.124731264768552563e+00  2.629151926546016894e-05  2.629151926546016894e-05
6.224731264768553096e+00  2.197660719415306166e-05  2.197660719415306166e-05
6.324731264768552741e+00  1.838278577684068408e-05  1.838278577684068408e-05
6.424731264768552386e+00  1.538517455378990228e-05  1.538517455378990228e-05
6.524731264768552030e+00  1.288146148231781785e-05  1.288146148231781785e-05
6.624731264768553451e+00  1.078798135993580255e-05  1.078798135993580255e-05
6.724731264768553096e+00  9.036211516973435503e-06  9.036211516973435503e-06
6.824731264768552741e+00  7.569792992595774094e-06  7.569792992595774094e-06
6.924731264768552386e+00  6.342104017069412106e-06  6.342104017069412106e-06
7.024731264768552030e+00  5.314347945197243323e-06  5.314347945197243323e-06
7.124731264768553451e+00  4.454078518418567739e-06  4.454078518418567739e-06
7.224731264768553096e+00  3.734070514568212931e-06  3.734070514568212931e-06
7.324731264768552741e+00  3.131447423671691590e-06  3.131447423671691590e-06
7.424731264768552386e+00  2.626992218847507225e-06  2.626992218847507225e-06
7.524731264768552030e+00  2.204585834284423604e-06  2.204585834284423604e-06
7.624731264768553451e+00  1.850735790456232210e-06  1.850735790456232210e-06
7.724731264768553096e+00  1.554171812673004637e-06  1.554171812673004637e-06
7.824731264768552741e+00  1.305495348671050732e-06  1.305495348671050732e-06
7.924731264768552386e+00  1.096875895864279118e-06  1.096875895864279118e-06
8.024731264768554695e+00  9.217899290576066096e-07  9.217899290576066096e-07
8.124731264768552563e+00  7.747990821683290921e-07  7.747990821683290921e-07
8.224731264768553984e+00  6.513640691879869130e-07  6.513640691879869130e-07
8.324731264768551853e+00  5.476903516431975444e-07  5.476903516431975444e-07
8.424731264768553274e+00  4.606012016895502498e-07  4.606012016895502498e-07
8.524731264768554695e+00  3.874337540882521854e-07  3.874337540882521854e-07
8.624731264768552563e+00  3.259538977843970101e-07  3.259538977843970101e-07
8.724731264768553984e+00  2.742863460430850021e-07  2.742863460430850021e-07
8.824731264768551853e+00  2.308568292517352031e-07  2.308568292517352031e-07
8.924731264768553274e+00  1.943439723984768437e-07  1.943439723984768437e-07
9.024731264768554695e+00  1.636389758160409273e-07  1.636389758160409273e-07
9.124731264768552563e+00  1.378116737257073841e-07  1.378116737257073841e-07
9.224731264768553984e+00  1.160818907907449260e-07  1.160818907907449260e-07
9.324731264768551853e+00  9.779526290404470406e-08  9.779526290404470406e-08
9.424731264768553274e+00  8.240285581043653493e-08  8.240285581043653493e-08
9.524731264768554695e+00  6.944402738000030320e-08  6.944402738000030320e-08
9.624731264768552563e+00  5.853205716644492478e-08  5.853205716644492478e-08
9.724731264768553984e+00  4.934212585591064286e-08  4.934212585591064286e-08
9.824731264768551853e+00  4.160127724838689486e-08  4.160127724838689486e-08
9.924731264768553274e+00  3.508004163515540151e-08  3.508004163515540151e-08
1.002473126476855469e+01  2.958544357249056589e-08  2.958544357249056589e-08
1.012473126476855256e+01  2.495515888732187569e-08  2.495515888732187569e-08
1.022473126476855398e+01  2.105262428715183136e-08  2.105262428715183136e-08
1.032473126476855185e+01  1.776293718379789900e-08  1.776293718379789900e-08
1.042473126476855327e+01  1.498941267683055221e-08  1.498941267683055221e-08
