-1.649413755845856588e+00  8.668791782346301648e-08  8.668791782346301648e-08
-1.549413755845856500e+00  2.973520344789177941e-07  2.973520344789177941e-07
-1.449413755845856855e+00  9.793989665945228468e-07  9.793989665945228468e-07
-1.349413755845856322e+00  3.085534787148805924e-06  3.085534787148805924e-06
-1.249413755845856677e+00  9.274681778942898524e-06  9.274681778942898524e-06
-1.149413755845856588e+00  2.655664437302813241e-05  2.655664437302813241e-05
-1.049413755845856500e+00  7.236177128275117466e-05  7.236177128275117466e-05
-9.494137558458564108e-01  1.875080908942935239e-04  1.875080908942935239e-04
-8.494137558458565440e-01  4.618682872130892392e-04  4.618682872130892392e-04
-7.494137558458566772e-01  1.081134466355112818e-03  1.081134466355112818e-03
-6.494137558458565884e-01  2.404485160714350724e-03  2.404485160714350724e-03
-5.494137558458564996e-01  5.080305829541421903e-03  5.080305829541421903e-03
-4.494137558458564108e-01  1.019637475280293047e-02  1.019637475280293047e-02
-3.494137558458565440e-01  1.943861530809712357e-02  1.943861530809712357e-02
-2.494137558458564552e-01  3.519921505659041883e-02  3.519921505659041883e-02
-1.494137558458565884e-01  6.053969288956126404e-02  6.053969288956126404e-02
-4.941375584585649960e-02  9.889726994647313196e-02  9.889726994647313196e-02
5.058624415414358921e-02  1.534503819224306287e-01  1.534503819224306287e-01
1.505862441541434560e-01  2.261516505658997533e-01  2.261516505658997533e-01
2.505862441541435448e-01  3.165885139463278652e-01  3.165885139463278652e-01
3.505862441541434116e-01  4.209967300081582930e-01  4.209967300081582930e-01
4.505862441541435004e-01  5.318481568075140720e-01  5.318481568075140720e-01
5.505862441541435892e-01  6.383772678634500597e-01  6.383772678634500597e-01
6.505862441541436780e-01  7.281663514634368894e-01  7.281663514634368894e-01
7.505862441541437668e-01  7.895344920048584791e-01  7.895344920048584791e-01
8.505862441541434116e-01  8.141162822313388059e-01  8.141162822313388059e-01
9.505862441541435004e-01  7.988469560179307649e-01  7.988469560179307649e-01
1.050586244154143589e+00  7.467003218006295073e-01  7.467003218006295073e-01
1.150586244154143678e+00  6.659273578389590664e-01  6.659273578389590664e-01
1.250586244154143767e+00  5.680537801233103146e-01  5.680537801233103146e-01
1.350586244154143412e+00  4.652950537593004143e-01  4.652950537593004143e-01
1.450586244154143500e+00  3.681746356919206042e-01  3.681746356919206042e-01
1.550586244154143589e+00  2.839590412061237523e-01  2.839590412061237523e-01
1.650586244154143678e+00  2.161612966626810795e-01  2.161612966626810795e-01
1.750586244154143767e+00  1.649872866317651232e-01  1.649872866317651232e-01
1.850586244154143412e+00  1.283539556024803074e-01  1.283539556024803074e-01
1.950586244154143500e+00  1.030517419348395275e-01  1.030517419348395275e-01
2.050586244154143589e+00  8.572149148659678752e-02  8.572149148659678752e-02
2.150586244154143678e+00  7.348372346150433554e-02  7.348372346150433554e-02
2.250586244154143767e+00  6.421293928337287737e-02  6.421293928337287737e-02
2.350586244154143412e+00  5.654474423820285423e-02  5.654474423820285423e-02
2.450586244154143944e+00  4.973273940284245187e-02  4.973273940284245187e-02
2.550586244154143589e+00  4.345541918933262110e-02  4.345541918933262110e-02
2.650586244154143234e+00  3.763739069918115715e-02  3.763739069918115715e-02
2.750586244154143767e+00  3.231430959777031181e-02  3.231430959777031181e-02
2.850586244154143412e+00  2.754653892601811524e-02  2.754653892601811524e-02
2.950586244154143944e+00  2.337377107257678638e-02  2.337377107257678638e-02
3.050586244154143589e+00  1.979864028076535123e-02  1.979864028076535123e-02
3.150586244154144122e+00  1.678790471831655140e-02  1.678790471831655140e-02
3.250586244154143767e+00  1.428225561891745439e-02  1.428225561891745439e-02
3.350586244154143412e+00  1.220862290122805109e-02  1.220862290122805109e-02
3.450586244154143944e+00  1.049130425373051914e-02  1.049130425373051914e-02
3.550586244154143589e+00  9.060142252049084924e-03  9.060142252049084924e-03
3.650586244154144122e+00  7.855305084277629940e-03  7.855305084277629940e-03
3.750586244154143767e+00  6.829053042315581454e-03  6.829053042315581454e-03
3.850586244154143412e+00  5.945283817603764197e-03  5.945283817603764197e-03
3.950586244154143944e+00  5.177748242569311238e-03  5.177748242569311238e-03
4.050586244154143145e+00  4.507722744837291268e-03  4.507722744837291268e-03
4.150586244154144566e+00  3.921715601226657966e-03  3.921715601226657966e-03
4.250586244154144211e+00  3.409551133124777943e-03  3.409551133124777943e-03
4.350586244154143856e+00  2.962972577074592887e-03  2.962972577074592887e-03
4.450586244154143500e+00  2.574757109777211627e-03  2.574757109777211627e-03
4.550586244154143145e+00  2.238250504751980018e-03  2.238250504751980018e-03
4.650586244154144566e+00  1.947195296901568957e-03  1.947195296901568957e-03
4.750586244154144211e+00  1.695729773768413044e-03  1.695729773768413044e-03
4.850586244154143856e+00  1.478459485444491789e-03  1.478459485444491789e-03
4.950586244154143500e+00  1.290534903767332322e-03  1.290534903767332322e-03
5.050586244154143145e+00  1.127699203765816522e-03  1.127699203765816522e-03
5.150586244154144566e+00  9.862939132907035458e-04  9.862939132907035458e-04
5.250586244154144211e+00  8.632257588234884364e-04  8.632257588234884364e-04
5.350586244154143856e+00  7.559060295438695034e-04  7.559060295438695034e-04
5.450586244154143500e+00  6.621759503728139561e-04  6.621759503728139561e-04
5.550586244154143145e+00  5.802299961392353659e-04  5.802299961392353659e-04
5.650586244154144566e+00  5.085456948406411916e-04  5.085456948406411916e-04
5.750586244154144211e+00  4.458246944786076974e-04  4.458246944786076974e-04
5.850586244154143856e+00  3.909466068880470126e-04  3.909466068880470126e-04
5.950586244154143500e+00  3.429348182843839710e-04  3.429348182843839710e-04
6.050586244154143145e+00  3.009321388522845538e-04  3.009321388522845538e-04
6.150586244154144566e+00  2.641837012088409662e-04  2.641837012088409662e-04
6.250586244154144211e+00  2.320246581965553639e-04  2.320246581965553639e-04
6.350586244154143856e+00  2.038707108400084219e-04  2.038707108400084219e-04
6.450586244154143500e+00  1.792100968582532568e-04  1.792100968582532568e-04
6.550586244154144921e+00  1.575962350660655982e-04  1.575962350660655982e-04
6.650586244154144566e+00  1.386406659547147007e-04  1.386406659547147007e-04
6.750586244154144211e+00  1.220062249222954803e-04  1.220062249222954803e-04
6.850586244154143856e+00  1.074005421758163496e-04  1.074005421758163496e-04
6.950586244154143500e+00  9.457001361174684542e-05  9.457001361174684542e-05
7.050586244154144921e+00  8.329436809114124562e-05  8.329436809114124562e-05
7.150586244154144566e+00  7.338190345400883753e-05  7.338190345400883753e-05
7.250586244154144211e+00  6.466540302236425237e-05  6.466540302236425237e-05
7.350586244154143856e+00  5.699869300224223289e-05  5.699869300224223289e-05
7.450586244154143500e+00  5.025376695141493512e-05  5.025376695141493512e-05
7.550586244154144921e+00  4.431838745724416364e-05  4.431838745724416364e-05
7.650586244154144566e+00  3.909407435189200916e-05  3.909407435189200916e-05
7.750586244154144211e+00  3.449439831699098859e-05  3.449439831699098859e-05
7.850586244154143856e+00  3.044351358778126787e-05  3.044351358778126787e-05
7.950586244154145277e+00  2.687487953301258029e-05  2.687487953301258029e-05
8.050586244154144921e+00  2.373013536181203849e-05  2.373013536181203849e-05
8.150586244154144566e+00  2.095810362570821870e-05  2.095810362570821870e-05
8.250586244154144211e+00  1.851390616082519580e-05  1.851390616082519580e-05
8.350586244154143856e+00  1.635818099931478427e-05  1.635818099931478427e-05
8.450586244154145277e+00  1.445639129717238165e-05  1.445639129717238165e-05
8.550586244154144921e+00  1.277821830230542696e-05  1.277821830230542696e-05
8.650586244154144566e+00  1.129703055718389106e-05  1.129703055718389106e-05
8.750586244154144211e+00  9.989421444274544437e-06  9.989421444274544437e-06
8.850586244154143856e+00  8.834807180862941806e-06  8.834807180862941806e-06
8.950586244154145277e+00  7.815077610082012089e-06  7.815077610082012089e-06
9.050586244154144921e+00  6.914292639129021859e-06  6.914292639129021859e-06
9.150586244154144566e+00  6.118417884706479494e-06  6.118417884706479494e-06
9.250586244154144211e+00  5.415093906409642669e-06  5.415093906409642669e-06
9.350586244154143856e+00  4.793434247712200505e-06  4.793434247712200505e-06
9.450586244154145277e+00  4.243848287844426058e-06  4.243848287844426058e-06
9.550586244154144921e+00  3.757885590413973462e-06  3.757885590413973462e-06
9.650586244154144566e+00  3.328098997209487782e-06  3.328098997209487782e-06
9.750586244154144211e+00  2.947924160486990316e-06  2.947924160486990316e-06
9.850586244154143856e+00  2.611573549853483303e-06  2.611573549853483303e-06
9.950586244154145277e+00  2.313943232470191911e-06  2.313943232470191911e-06
1.005058624415414492e+01  2.050530930007779856e-06  2.050530930007779856e-06
1.015058624415414457e+01  1.817364021762387030e-06  1.817364021762387030e-06
1.025058624415414421e+01  1.610936304923761517e-06  1.610936304923761517e-06
1.035058624415414386e+01  1.428152449499493135e-06  1.428152449499493135e-06
