-1.541666666239957628e+00  1.017938400891916557e-16  1.017938400891916557e-16
-1.441666666239957539e+00  1.815985200701013974e-15  1.815985200701013974e-15
-1.341666666239957451e+00  2.930683019737517553e-14  2.930683019737517553e-14
-1.241666666239957806e+00  4.230866678363177858e-13  4.230866678363177858e-13
-1.141666666239957717e+00  5.439914360274896759e-12  5.439914360274896759e-12
-1.041666666239957628e+00  6.218626027018540916e-11  6.218626027018540916e-11
-9.416666662399575394e-01  6.315661624257801221e-10  6.315661624257801221e-10
-8.416666662399574506e-01  5.696751671534262452e-09  5.696751671534262452e-09
-7.416666662399575838e-01  4.563069906268306533e-08  4.563069906268306533e-08
-6.416666662399577170e-01  3.245478265221953153e-07  3.245478265221953153e-07
-5.416666662399576282e-01  2.049639170013011944e-06  2.049639170013011944e-06
-4.416666662399575394e-01  1.149332665628523057e-05  1.149332665628523057e-05
-3.416666662399574506e-01  5.722420281992381927e-05  5.722420281992381927e-05
-2.416666662399575838e-01  2.529748042576988984e-04  2.529748042576988984e-04
-1.416666662399574950e-01  9.929723283647429004e-04  9.929723283647429004e-04
-4.166666623995762819e-02  3.460659041134973943e-03  3.460659041134973943e-03
5.833333376004246063e-02  1.070883179226658245e-02  1.070883179226658245e-02
1.583333337600425494e-01  2.942301482391079803e-02  2.942301482391079803e-02
2.583333337600424162e-01  7.177853735171904614e-02  7.177853735171904614e-02
3.583333337600425050e-01  1.554767859434102173e-01  1.554767859434102173e-01
4.583333337600423718e-01  2.990213289045496325e-01  2.990213289045496325e-01
5.583333337600424606e-01  5.106324511427895452e-01  5.106324511427895452e-01
6.583333337600425494e-01  7.742688358313846164e-01  7.742688358313846164e-01
7.583333337600426383e-01  1.042477995200281171e+00  1.042477995200281171e+00
8.583333337600427271e-01  1.246417140834400028e+00  1.246417140834400028e+00
9.583333337600423718e-01  1.323560965265347500e+00  1.323560965265347500e+00
1.058333333760042461e+00  1.248666682781341519e+00  1.248666682781341519e+00
1.158333333760042549e+00  1.047342561125674365e+00  1.047342561125674365e+00
1.258333333760042638e+00  7.824078718889729833e-01  7.824078718889729833e-01
1.358333333760042727e+00  5.228554258391630016e-01  5.228554258391630016e-01
1.458333333760042372e+00  3.160790878338988752e-01  3.160790878338988752e-01
1.558333333760042461e+00  1.778167677325655782e-01  1.778167677325655782e-01
1.658333333760042549e+00  9.931798665003425952e-02  9.931798665003425952e-02
1.758333333760042638e+00  6.140953546724887274e-02  6.140953546724887274e-02
1.858333333760042727e+00  4.572798138736214324e-02  4.572798138736214324e-02
1.958333333760042372e+00  3.961179813712541881e-02  3.961179813712541881e-02
2.058333333760042461e+00  3.619902324626344398e-02  3.619902324626344398e-02
2.158333333760042549e+00  3.262071529591688279e-02  3.262071529591688279e-02
2.258333333760042638e+00  2.818550962922094366e-02  2.818550962922094366e-02
2.358333333760042727e+00  2.316505316348789825e-02  2.316505316348789825e-02
2.458333333760042372e+00  1.811859786612424542e-02  1.811859786612424542e-02
2.558333333760042905e+00  1.355531006175475853e-02  1.355531006175475853e-02
2.658333333760042549e+00  9.792524073286212535e-03  9.792524073286212535e-03
2.758333333760042194e+00  6.932399674064645793e-03  6.932399674064645793e-03
2.858333333760042727e+00  4.906994125056344212e-03  4.906994125056344212e-03
2.958333333760042372e+00  3.551149171536333287e-03  3.551149171536333287e-03
3.058333333760042905e+00  2.672009421699814320e-03  2.672009421699814320e-03
3.158333333760042549e+00  2.097458699717087618e-03  2.097458699717087618e-03
3.258333333760043082e+00  1.699280158500084863e-03  1.699280158500084863e-03
3.358333333760042727e+00  1.396045779848984706e-03  1.396045779848984706e-03
3.458333333760042372e+00  1.144276230104467659e-03  1.144276230104467659e-03
3.558333333760042905e+00  9.256471865582493542e-04  9.256471865582493542e-04
3.658333333760042549e+00  7.352881772825258563e-04  7.352881772825258563e-04
3.758333333760043082e+00  5.734065921757381789e-04  5.734065921757381789e-04
3.858333333760042727e+00  4.404916664114871859e-04  4.404916664114871859e-04
3.958333333760042372e+00  3.353447051431423425e-04  3.353447051431423425e-04
4.058333333760042905e+00  2.548936392348823262e-04  2.548936392348823262e-04
4.158333333760042549e+00  1.948643298079478212e-04  1.948643298079478212e-04
4.258333333760043082e+00  1.506544404651511532e-04  1.506544404651511532e-04
4.358333333760042727e+00  1.180427429699289123e-04  1.180427429699289123e-04
4.458333333760042372e+00  9.359669467049170591e-05  9.359669467049170591e-05
4.558333333760042905e+00  7.479056733657770805e-05  7.479056733657770805e-05
4.658333333760042549e+00  5.991960448938678257e-05  5.991960448938678257e-05
4.758333333760043082e+00  4.791142006717191986e-05  4.791142006717191986e-05
4.858333333760042727e+00  3.811752250870105489e-05  3.811752250870105489e-05
4.958333333760042372e+00  3.013634093185263535e-05  3.013634093185263535e-05
5.058333333760042905e+00  2.368890918493468960e-05  2.368890918493468960e-05
5.158333333760042549e+00  1.854671783517623392e-05  1.854671783517623392e-05
5.258333333760043082e+00  1.449972964420196211e-05  1.449972964420196211e-05
5.358333333760042727e+00  1.134931924910764154e-05  1.134931924910764154e-05
5.458333333760042372e+00  8.912828761652328094e-06  8.912828761652328094e-06
5.558333333760042905e+00  7.030590620516951339e-06  7.030590620516951339e-06
5.658333333760042549e+00  5.570573708029860025e-06  5.570573708029860025e-06
5.758333333760043082e+00  4.429142543049456064e-06  4.429142543049456064e-06
5.858333333760042727e+00  3.528442244213145567e-06  3.528442244213145567e-06
5.958333333760042372e+00  2.811777948918669452e-06  2.811777948918669452e-06
6.058333333760042905e+00  2.238406327563914945e-06  2.238406327563914945e-06
6.158333333760042549e+00  1.778783428818851570e-06  1.778783428818851570e-06
6.258333333760043082e+00  1.410821173841306101e-06  1.410821173841306101e-06
6.358333333760042727e+00  1.117281398810986771e-06  1.117281398810986771e-06
6.458333333760042372e+00  8.841610217068028265e-07  8.841610217068028265e-07
6.558333333760042017e+00  6.997981798470286242e-07  6.997981798470286242e-07
6.658333333760043438e+00  5.544198294617482314e-07  5.544198294617482314e-07
6.758333333760043082e+00  4.399071940849647751e-07  4.399071940849647751e-07
6.858333333760042727e+00  3.496337211018453222e-07  3.496337211018453222e-07
6.958333333760042372e+00  2.783021911808946897e-07  2.783021911808946897e-07
7.058333333760042017e+00  2.217594523975745999e-07  2.217594523975745999e-07
7.158333333760043438e+00  1.767964021517384015e-07  1.767964021517384015e-07
7.258333333760043082e+00  1.409514706567215188e-07  1.409514706567215188e-07
7.358333333760042727e+00  1.123346458849022310e-07  1.123346458849022310e-07
7.458333333760042372e+00  8.948238955321369703e-08  8.948238955321369703e-08
7.558333333760042017e+00  7.124626486367040112e-08  7.124626486367040112e-08
7.658333333760043438e+00  5.671231250075851194e-08  5.671231250075851194e-08
7.758333333760043082e+00  4.514503799068035833e-08  4.514503799068035833e-08
7.858333333760042727e+00  3.594906435517748525e-08  3.594906435517748525e-08
7.958333333760042372e+00  2.864229528865560417e-08  2.864229528865560417e-08
8.058333333760042905e+00  2.283598785579797401e-08  2.283598785579797401e-08
8.158333333760044326e+00  1.821878948037025294e-08  1.821878948037025294e-08
8.258333333760042194e+00  1.454315655452329593e-08  1.454315655452329593e-08
8.358333333760043615e+00  1.161349031606453599e-08  1.161349031606453599e-08
8.458333333760041484e+00  9.275819564462835479e-09  9.275819564462835479e-09
8.558333333760042905e+00  7.409037498154948742e-09  7.409037498154948742e-09
8.658333333760044326e+00  5.917691388493950451e-09  5.917691388493950451e-09
8.758333333760042194e+00  4.726239343779323661e-09  4.726239343779323661e-09
8.858333333760043615e+00  3.774601498995634236e-09  3.774601498995634236e-09
8.958333333760041484e+00  3.014779840758725126e-09  3.014779840758725126e-09
9.058333333760042905e+00  2.408309602338978713e-09  2.408309602338978713e-09
9.158333333760044326e+00  1.924327328530924760e-09  1.924327328530924760e-09
9.258333333760042194e+00  1.538081688866692466e-09  1.538081688866692466e-09
9.358333333760043615e+00  1.229759005761048054e-09  1.229759005761048054e-09
9.458333333760041484e+00  9.835365222105511662e-10  9.835365222105511662e-10
9.558333333760042905e+00  7.868078202443919628e-10  7.868078202443919628e-10
9.658333333760044326e+00  6.295456873098718465e-10  6.295456873098718465e-10
9.758333333760042194e+00  5.037797780415042577e-10  5.037797780415042577e-10
9.858333333760043615e+00  4.031723247378426631e-10  4.031723247378426631e-10
9.958333333760041484e+00  3.226775631742149769e-10  3.226775631742149769e-10
1.005833333376004290e+01  2.582714946397276047e-10  2.582714946397276047e-10
1.015833333376004433e+01  2.067393465405908343e-10  2.067393465405908343e-10
1.025833333376004219e+01  1.655091773176058340e-10  1.655091773176058340e-10
1.035833333376004362e+01  1.325215760192531233e-10  1.325215760192531233e-10
1.045833333376004148e+01  1.061271643696029777e-10  1.061271643696029777e-10
