-1.636361284981222131e+00  4.236148733460408727e-26  4.236148733460408727e-26
-1.536361284981222042e+00  3.709438481801577324e-24  3.709438481801577324e-24
-1.436361284981222397e+00  3.018778925441159930e-22  3.018778925441159930e-22
-1.336361284981221864e+00  2.098178192320359182e-20  2.098178192320359182e-20
-1.236361284981222219e+00  1.217314700480210384e-18  1.217314700480210384e-18
-1.136361284981222131e+00  5.860104603513624404e-17  5.860104603513624404e-17
-1.036361284981222042e+00  2.336846943160604997e-15  2.336846943160604997e-15
-9.363612849812219530e-01  7.715504658183224139e-14  7.715504658183224139e-14
-8.363612849812220862e-01  2.108819821482398082e-12  2.108819821482398082e-12
-7.363612849812222194e-01  4.771250871462738362e-11  4.771250871462738362e-11
-6.363612849812221306e-01  8.935811708032334964e-10  8.935811708032334964e-10
-5.363612849812220418e-01  1.385291966573207700e-08  1.385291966573207700e-08
-4.363612849812219530e-01  1.777676476302510613e-07  1.777676476302510613e-07
-3.363612849812220862e-01  1.888285217608437785e-06  1.888285217608437785e-06
-2.363612849812219974e-01  1.660296384727098272e-05  1.660296384727098272e-05
-1.363612849812221306e-01  1.208388772207367621e-04  1.208388772207367621e-04
-3.636128498122204178e-02  7.279989172673739187e-04  7.279989172673739187e-04
6.363871501877804704e-02  3.630427895753764438e-03  3.630427895753764438e-03
1.636387150187779138e-01  1.498608042608664051e-02  1.498608042608664051e-02
2.636387150187780026e-01  5.120610711788178143e-02  5.120610711788178143e-02
3.636387150187778694e-01  1.448303448441610186e-01  1.448303448441610186e-01
4.636387150187779582e-01  3.390805815013497315e-01  3.390805815013497315e-01
5.636387150187780470e-01  6.571359898480968464e-01  6.571359898480968464e-01
6.636387150187781359e-01  1.054205377264752830e+00  1.054205377264752830e+00
7.636387150187782247e-01  1.400026540561882138e+00  1.400026540561882138e+00
8.636387150187778694e-01  1.539417715026078604e+00  1.539417715026078604e+00
9.636387150187779582e-01  1.402164893979261029e+00  1.402164893979261029e+00
1.063638715018778047e+00  1.059701875109837710e+00  1.059701875109837710e+00
1.163638715018778136e+00  6.685251569049743825e-01  6.685251569049743825e-01
1.263638715018778225e+00  3.601966997577115137e-01  3.601966997577115137e-01
1.363638715018777869e+00  1.803631732342171889e-01  1.803631732342171889e-01
1.463638715018777958e+00  1.055905205510622169e-01  1.055905205510622169e-01
1.563638715018778047e+00  9.072514679572954432e-02  9.072514679572954432e-02
1.663638715018778136e+00  9.962621700081726595e-02  9.962621700081726595e-02
1.763638715018778225e+00  1.114932038824347632e-01  1.114932038824347632e-01
1.863638715018777869e+00  1.165431468528236869e-01  1.165431468528236869e-01
1.963638715018777958e+00  1.116247471518723167e-01  1.116247471518723167e-01
2.063638715018778047e+00  9.784647393264811477e-02  9.784647393264811477e-02
2.163638715018778136e+00  7.889160079075077658e-02  7.889160079075077658e-02
2.263638715018778225e+00  5.921402371131505304e-02  5.921402371131505304e-02
2.363638715018777869e+00  4.240043754551311300e-02  4.240043754551311300e-02
2.463638715018778402e+00  3.026243994758598399e-02  3.026243994758598399e-02
2.563638715018778047e+00  2.283782800190006096e-02  2.283782800190006096e-02
2.663638715018777692e+00  1.901104920394633066e-02  1.901104920394633066e-02
2.763638715018778225e+00  1.728372032860523225e-02  1.728372032860523225e-02
2.863638715018777869e+00  1.635052737069935327e-02  1.635052737069935327e-02
2.963638715018778402e+00  1.536890713956728417e-02  1.536890713956728417e-02
3.063638715018778047e+00  1.397878793093480961e-02  1.397878793093480961e-02
3.163638715018778580e+00  1.218355976648397010e-02  1.218355976648397010e-02
3.263638715018778225e+00  1.018685316697369968e-02  1.018685316697369968e-02
3.363638715018777869e+00  8.244374612635595526e-03  8.244374612635595526e-03
3.463638715018778402e+00  6.560851579988329421e-03  6.560851579988329421e-03
3.563638715018778047e+00  5.241202265344665871e-03  5.241202265344665871e-03
3.663638715018778580e+00  4.289360400481320723e-03  4.289360400481320723e-03
3.763638715018778225e+00  3.637935912574254138e-03  3.637935912574254138e-03
3.863638715018777869e+00  3.188797706704844977e-03  3.188797706704844977e-03
3.963638715018778402e+00  2.848391359630182869e-03  2.848391359630182869e-03
4.063638715018777603e+00  2.549128499294762117e-03  2.549128499294762117e-03
4.163638715018779024e+00  2.255709078674159040e-03  2.255709078674159040e-03
4.263638715018778669e+00  1.960219124417443386e-03  1.960219124417443386e-03
4.363638715018778313e+00  1.671663596112791389e-03  1.671663596112791389e-03
4.463638715018777958e+00  1.404995086261023310e-03  1.404995086261023310e-03
4.563638715018777603e+00  1.172886984143282430e-03  1.172886984143282430e-03
4.663638715018779024e+00  9.814962424962410739e-04  9.814962424962410739e-04
4.763638715018778669e+00  8.298863231999874463e-04  8.298863231999874463e-04
4.863638715018778313e+00  7.118853282437872859e-04  7.118853282437872859e-04
4.963638715018777958e+00  6.189233121214542891e-04  6.189233121214542891e-04
5.063638715018777603e+00  5.426507788872509102e-04  5.426507788872509102e-04
5.163638715018779024e+00  4.766438167165518744e-04  4.766438167165518744e-04
5.263638715018778669e+00  4.170212442234405201e-04  4.170212442234405201e-04
5.363638715018778313e+00  3.621800371557642832e-04  3.621800371557642832e-04
5.463638715018777958e+00  3.120367474374163949e-04  3.120367474374163949e-04
5.563638715018777603e+00  2.671647617709155720e-04  2.671647617709155720e-04
5.663638715018779024e+00  2.281056812117114010e-04  2.281056812117114010e-04
5.763638715018778669e+00  1.949822811470045328e-04  1.949822811470045328e-04
5.863638715018778313e+00  1.674083567484712526e-04  1.674083567484712526e-04
5.963638715018777958e+00  1.446081837032939048e-04  1.446081837032939048e-04
6.063638715018777603e+00  1.256306768228799425e-04  1.256306768228799425e-04
6.163638715018779024e+00  1.095584675573092455e-04  1.095584675573092455e-04
6.263638715018778669e+00  9.565024400375741933e-05  9.565024400375741933e-05
6.363638715018778313e+00  8.339664882868595447e-05  8.339664882868595447e-05
6.463638715018777958e+00  7.250244739133856694e-05  7.250244739133856694e-05
6.563638715018779379e+00  6.282470331934211739e-05  6.282470331934211739e-05
6.663638715018779024e+00  5.429898097666264079e-05  5.429898097666264079e-05
6.763638715018778669e+00  4.687778451281574530e-05  4.687778451281574530e-05
6.863638715018778313e+00  4.049342514610634208e-05  4.049342514610634208e-05
6.963638715018777958e+00  3.504626100598318681e-05  3.504626100598318681e-05
7.063638715018779379e+00  3.041174301669110594e-05  3.041174301669110594e-05
7.163638715018779024e+00  2.645675058123671595e-05  2.645675058123671595e-05
7.263638715018778669e+00  2.305652981095337344e-05  2.305652981095337344e-05
7.363638715018778313e+00  2.010656725999507719e-05  2.010656725999507719e-05
7.463638715018777958e+00  1.752729444184265246e-05  1.752729444184265246e-05
7.563638715018779379e+00  1.526240641159404903e-05  1.526240641159404903e-05
7.663638715018779024e+00  1.327320186266869568e-05  1.327320186266869568e-05
7.763638715018778669e+00  1.153169578393488436e-05  1.153169578393488436e-05
7.863638715018778313e+00  1.001467609024883996e-05  1.001467609024883996e-05
7.963638715018779735e+00  8.699868746356906907e-06  8.699868746356906907e-06
8.063638715018779379e+00  7.564384594491428788e-06  7.564384594491428788e-06
8.163638715018779024e+00  6.584926545154541470e-06  6.584926545154541470e-06
8.263638715018778669e+00  5.738933906897455316e-06  5.738933906897455316e-06
8.363638715018778313e+00  5.005880100468625241e-06  5.005880100468625241e-06
8.463638715018779735e+00  4.368189200956471885e-06  4.368189200956471885e-06
8.563638715018779379e+00  3.811550062678815136e-06  3.811550062678815136e-06
8.663638715018779024e+00  3.324671480257985483e-06  3.324671480257985483e-06
8.763638715018778669e+00  2.898678945098949593e-06  2.898678945098949593e-06
8.863638715018778313e+00  2.526395868163316327e-06  2.526395868163316327e-06
8.963638715018779735e+00  2.201708067581585701e-06  2.201708067581585701e-06
9.063638715018779379e+00  1.919123164600502034e-06  1.919123164600502034e-06
9.163638715018779024e+00  1.673546771601472895e-06  1.673546771601472895e-06
9.263638715018778669e+00  1.460231973268761070e-06  1.460231973268761070e-06
9.363638715018778313e+00  1.274828046442185656e-06  1.274828046442185656e-06
9.463638715018779735e+00  1.113455346806037424e-06  1.113455346806037424e-06
9.563638715018779379e+00  9.727545549272399010e-07  9.727545549272399010e-07
9.663638715018779024e+00  8.498868396946139382e-07  8.498868396946139382e-07
9.763638715018778669e+00  7.424863385663579698e-07  7.424863385663579698e-07
9.863638715018778313e+00  6.485817742730530130e-07  6.485817742730530130e-07
9.963638715018779735e+00  5.665089069396905271e-07  5.665089069396905271e-07
1.006363871501877938e+01  4.948321700186202473e-07  4.948321700186202473e-07
1.016363871501877902e+01  4.322861344831854120e-07  4.322861344831854120e-07
1.026363871501877867e+01  3.777391650427541284e-07  3.777391650427541284e-07
1.036363871501877831e+01  3.301753962801589902e-07  3.301753962801589902e-07
