-1.601790851612981292e+00  0.000000000000000000e+00  0.000000000000000000e+00
-1.501790851612981648e+00  0.000000000000000000e+00  0.000000000000000000e+00
-1.401790851612981559e+00  0.000000000000000000e+00  0.000000000000000000e+00
-1.301790851612981470e+00  0.000000000000000000e+00  0.000000000000000000e+00
-1.201790851612981825e+00  0.000000000000000000e+00  0.000000000000000000e+00
-1.101790851612981292e+00  0.000000000000000000e+00  0.000000000000000000e+00
-1.001790851612981648e+00  0.000000000000000000e+00  0.000000000000000000e+00
-9.017908516129815588e-01  0.000000000000000000e+00  0.000000000000000000e+00
-8.017908516129814700e-01  0.000000000000000000e+00  0.000000000000000000e+00
-7.017908516129813812e-01  0.000000000000000000e+00  0.000000000000000000e+00
-6.017908516129815144e-01  0.000000000000000000e+00  0.000000000000000000e+00
-5.017908516129814256e-01  0.000000000000000000e+00  0.000000000000000000e+00
-4.017908516129813368e-01  0.000000000000000000e+00  0.000000000000000000e+00
-3.017908516129814700e-01  0.000000000000000000e+00  0.000000000000000000e+00
-2.017908516129813812e-01  0.000000000000000000e+00  0.000000000000000000e+00
-1.017908516129815144e-01  0.000000000000000000e+00  0.000000000000000000e+00
-1.790851612981425589e-03  0.000000000000000000e+00  0.000000000000000000e+00
9.820914838701866323e-02  0.000000000000000000e+00  0.000000000000000000e+00
1.982091483870185300e-01  0.000000000000000000e+00  0.000000000000000000e+00
2.982091483870186188e-01  0.000000000000000000e+00  0.000000000000000000e+00
3.982091483870184856e-01  0.000000000000000000e+00  0.000000000000000000e+00
4.982091483870185744e-01  0.000000000000000000e+00  0.000000000000000000e+00
5.982091483870186632e-01  1.294001937831259926e-194  1.294001937831259926e-194
6.982091483870187520e-01  4.847919531163462687e-86  4.847919531163462687e-86
7.982091483870188409e-01  6.756591896880933337e-21  6.756591896880933337e-21
8.982091483870184856e-01  3.503093936215275050e+01  3.503093936215275050e+01
9.982091483870185744e-01  6.756591896877956421e-21  6.756591896877956421e-21
1.098209148387018663e+00  4.847919531159191486e-86  4.847919531159191486e-86
1.198209148387018752e+00  1.294001937829568107e-194  1.294001937829568107e-194
1.298209148387018841e+00  0.000000000000000000e+00  0.000000000000000000e+00
1.398209148387018486e+00  1.040808104894272583e-271  1.040808104894272583e-271
1.498209148387018574e+00  5.415381957723575251e-174  5.415381957723575251e-174
1.598209148387018663e+00  5.434547972567693868e-98  5.434547972567693868e-98
1.698209148387018752e+00  1.051898085499598804e-43  1.051898085499598804e-43
1.798209148387018841e+00  3.926990109139206930e-11  3.926990109139206930e-11
1.898209148387018486e+00  2.827625275074282740e+00  2.827625275074282740e+00
1.998209148387018574e+00  3.926990109138340975e-11  3.926990109138340975e-11
2.098209148387018885e+00  1.051898085499135413e-43  1.051898085499135413e-43
2.198209148387018530e+00  5.434547972564141886e-98  5.434547972564141886e-98
2.298209148387019063e+00  5.415381957718649214e-174  5.415381957718649214e-174
2.398209148387018708e+00  4.374399344743849095e-182  4.374399344743849095e-182
2.498209148387019241e+00  6.096642276434394453e-117  6.096642276434394453e-117
2.598209148387018885e+00  2.836483546439095778e-66  2.836483546439095778e-66
2.698209148387018530e+00  4.405417716312507327e-30  4.405417716312507327e-30
2.798209148387019063e+00  2.284079358950600912e-08  2.284079358950600912e-08
2.898209148387018708e+00  3.953234294074043920e-01  3.953234294074043920e-01
2.998209148387019241e+00  2.284079358949926926e-08  2.284079358949926926e-08
3.098209148387018885e+00  4.405417716312507327e-30  4.405417716312507327e-30
3.198209148387019418e+00  2.836483546436596750e-66  2.836483546436596750e-66
3.298209148387019063e+00  6.096642276427462957e-117  6.096642276427462957e-117
3.398209148387018708e+00  1.332969259565875620e-137  1.332969259565875620e-137
3.498209148387019241e+00  9.615001318076199453e-89  9.615001318076199453e-89
3.598209148387018885e+00  9.632000903342252794e-51  9.632000903342252794e-51
3.698209148387019418e+00  1.340051945512019040e-23  1.340051945512019040e-23
3.798209148387019063e+00  2.589194673826179813e-07  2.589194673826179813e-07
3.898209148387018708e+00  6.947774730487560335e-02  6.947774730487560335e-02
3.998209148387019241e+00  2.589194673825609654e-07  2.589194673825609654e-07
4.098209148387018885e+00  1.340051945511428648e-23  1.340051945511428648e-23
4.198209148387019418e+00  9.632000903335956045e-51  9.632000903335956045e-51
4.298209148387019063e+00  9.615001318067727506e-89  9.615001318067727506e-89
4.398209148387018708e+00  3.698157089896874252e-111  3.698157089896874252e-111
4.498209148387019241e+00  4.513243095416949343e-72  4.513243095416949343e-72
4.598209148387018885e+00  1.135278621346700476e-41  1.135278621346700476e-41
4.698209148387019418e+00  5.886085344584036528e-20  5.886085344584036528e-20
4.798209148387019063e+00  6.290150141956754858e-07  6.290150141956754858e-07
4.898209148387018708e+00  1.385497769459992194e-02  1.385497769459992194e-02
4.998209148387019241e+00  6.290150141955637833e-07  6.290150141955637833e-07
5.098209148387018885e+00  5.886085344581944487e-20  5.886085344581944487e-20
5.198209148387019418e+00  1.135278621346103640e-41  1.135278621346103640e-41
5.298209148387019063e+00  4.513243095413741671e-72  4.513243095413741671e-72
5.398209148387018708e+00  9.958827240975345266e-94  9.958827240975345266e-94
5.498209148387019241e+00  3.717871209488777333e-61  3.717871209488777333e-61
5.598209148387018885e+00  8.019349087720092668e-36  8.019349087720092668e-36
5.698209148387019418e+00  9.994073329290264063e-18  9.994073329290264063e-18
5.798209148387019063e+00  7.196222440458692379e-07  7.196222440458692379e-07
5.898209148387018708e+00  2.993817080126585668e-03  2.993817080126585668e-03
5.998209148387019241e+00  7.196222440457632529e-07  7.196222440457632529e-07
6.098209148387018885e+00  9.994073329287352056e-18  9.994073329287352056e-18
6.198209148387019418e+00  8.019349087716560609e-36  8.019349087716560609e-36
6.298209148387019063e+00  3.717871209486664581e-61  3.717871209486664581e-61
6.398209148387018708e+00  1.915952908946463314e-81  1.915952908946463314e-81
6.498209148387018352e+00  1.589702327557982222e-53  1.589702327557982222e-53
6.598209148387019773e+00  8.242138446503112289e-32  8.242138446503112289e-32
6.698209148387019418e+00  2.670281925303553700e-16  2.670281925303553700e-16
6.798209148387019063e+00  5.405892965556573052e-07  5.405892965556573052e-07
6.898209148387018708e+00  6.838657991687897104e-04  6.838657991687897104e-04
6.998209148387018352e+00  5.405892965556573052e-07  5.405892965556573052e-07
7.098209148387019773e+00  2.670281925302206720e-16  2.670281925302206720e-16
7.198209148387019418e+00  8.242138446496787835e-32  8.242138446496787835e-32
7.298209148387019063e+00  1.589702327557982222e-53  1.589702327557982222e-53
7.398209148387018708e+00  2.253714328281706755e-72  2.253714328281706755e-72
7.498209148387018352e+00  6.052899630444325817e-48  6.052899630444325817e-48
7.598209148387019773e+00  6.058248113462841797e-29  6.058248113462841797e-29
7.698209148387019418e+00  2.259693910279178593e-15  2.259693910279178593e-15
7.798209148387019063e+00  3.141023248741167197e-07  3.141023248741167197e-07
7.898209148387018708e+00  1.627090325429272053e-04  1.627090325429272053e-04
7.998209148387020129e+00  3.141023248740469454e-07  3.141023248740469454e-07
8.098209148387020662e+00  2.259693910278182656e-15  2.259693910278182656e-15
8.198209148387018530e+00  6.058248113458795968e-29  6.058248113458795968e-29
8.298209148387019951e+00  6.052899630444325817e-48  6.052899630444325817e-48
8.398209148387017819e+00  1.917388584055538120e-65  1.917388584055538120e-65
8.498209148387019241e+00  9.941094023724048766e-44  9.941094023724048766e-44
8.598209148387020662e+00  7.703073348160620826e-27  7.703073348160620826e-27
8.698209148387018530e+00  8.920714526038740220e-15  8.920714526038740220e-15
8.798209148387019951e+00  1.543977640434668669e-07  1.543977640434668669e-07
8.898209148387017819e+00  3.993816697530534358e-05  3.993816697530534358e-05
8.998209148387019241e+00  1.543977640434364532e-07  1.543977640434364532e-07
9.098209148387018885e+00  8.920714526035253455e-15  8.920714526035253455e-15
9.198209148387018530e+00  7.703073348156021877e-27  7.703073348156021877e-27
9.298209148387018175e+00  9.941094023716278460e-44  9.941094023716278460e-44
9.398209148387017819e+00  5.190936825633612171e-60  5.190936825633612171e-60
9.498209148387019241e+00  1.813409242834250608e-40  1.813409242834250608e-40
9.598209148387018885e+00  2.876091453683939501e-25  2.876091453683939501e-25
9.698209148387018530e+00  2.070926756075917785e-14  2.070926756075917785e-14
9.798209148387018175e+00  6.769895542728785983e-08  6.769895542728785983e-08
9.898209148387017819e+00  1.004741584290796703e-05  1.004741584290796703e-05
9.998209148387019241e+00  6.769895542727582932e-08  6.769895542727582932e-08
1.009820914838701889e+01  2.070926756075182567e-14  2.070926756075182567e-14
1.019820914838701853e+01  2.876091453682406307e-25  2.876091453682406307e-25
1.029820914838701817e+01  1.813409242832962268e-40  1.813409242832962268e-40
1.039820914838701782e+01  1.147496174831170198e-55  1.147496174831170198e-55
