-1.510101010100994845e+00  4.177188823708820565e-13  4.177188823708820565e-13
-1.410101010100994756e+00  3.938633717964751625e-12  3.938633717964751625e-12
-1.310101010100995111e+00  3.398227515210268514e-11  3.398227515210268514e-11
-1.210101010100994579e+00  2.678581235451741416e-10  2.678581235451741416e-10
-1.110101010100994934e+00  1.927448939718654606e-09  1.927448939718654606e-09
-1.010101010100994845e+00  1.265714495150482467e-08  1.265714495150482467e-08
-9.101010101009947562e-01  7.583852109522849091e-08  7.583852109522849091e-08
-8.101010101009946673e-01  4.145797507511797777e-07  4.145797507511797777e-07
-7.101010101009948006e-01  2.067621876963603803e-06  2.067621876963603803e-06
-6.101010101009949338e-01  9.407377310993107999e-06  9.407377310993107999e-06
-5.101010101009948450e-01  3.904762880628046955e-05  3.904762880628046955e-05
-4.101010101009947562e-01  1.478584527897772226e-04  1.478584527897772226e-04
-3.101010101009946673e-01  5.107650104976572611e-04  5.107650104976572611e-04
-2.101010101009948006e-01  1.609601987619407263e-03  1.609601987619407263e-03
-1.101010101009947117e-01  4.627405988632234471e-03  4.627405988632234471e-03
-1.010101010099484498e-02  1.213607144190506290e-02  1.213607144190506290e-02
8.989898989900524384e-02  2.903621199634369779e-02  2.903621199634369779e-02
1.898989898990053327e-01  6.337576405675401925e-02  6.337576405675401925e-02
2.898989898990051994e-01  1.261909475675735415e-01  1.261909475675735415e-01
3.898989898990052883e-01  2.292216183844055233e-01  2.292216183844055233e-01
4.898989898990051550e-01  3.798450205729644868e-01  3.798450205729644868e-01
5.898989898990052438e-01  5.742257831185214600e-01  5.742257831185214600e-01
6.898989898990053327e-01  7.919314648580280114e-01  7.919314648580280114e-01
7.898989898990054215e-01  9.963844022302029702e-01  9.963844022302029702e-01
8.898989898990055103e-01  1.143697163070844569e+00  1.143697163070844569e+00
9.898989898990051550e-01  1.197731017279495047e+00  1.197731017279495047e+00
1.089898989899005244e+00  1.144481505429365775e+00  1.144481505429365775e+00
1.189898989899005333e+00  9.980058187889847554e-01  9.980058187889847554e-01
1.289898989899005421e+00  7.944801623047378358e-01  7.944801623047378358e-01
1.389898989899005510e+00  5.778013528626321227e-01  5.778013528626321227e-01
1.489898989899005155e+00  3.845204319418186190e-01  3.845204319418186190e-01
1.589898989899005244e+00  2.350064845975703420e-01  2.350064845975703420e-01
1.689898989899005333e+00  1.330025730760380220e-01  1.330025730760380220e-01
1.789898989899005421e+00  7.102595531030285458e-02  7.102595531030285458e-02
1.889898989899005510e+00  3.723895197951913871e-02  3.723895197951913871e-02
1.989898989899005155e+00  2.053627470063754124e-02  2.053627470063754124e-02
2.089898989899005244e+00  1.284539915111236087e-02  1.284539915111236087e-02
2.189898989899005333e+00  9.291567870987440733e-03  9.291567870987440733e-03
2.289898989899005421e+00  7.373759278222802999e-03  7.373759278222802999e-03
2.389898989899005510e+00  6.009784130278491773e-03  6.009784130278491773e-03
2.489898989899005155e+00  4.828486656386345340e-03  4.828486656386345340e-03
2.589898989899005688e+00  3.755792782321207800e-03  3.755792782321207800e-03
2.689898989899005333e+00  2.811411749826103756e-03  2.811411749826103756e-03
2.789898989899004977e+00  2.024307123495530571e-03  2.024307123495530571e-03
2.889898989899005510e+00  1.405557395295002881e-03  1.405557395295002881e-03
2.989898989899005155e+00  9.458139948096502304e-04  9.458139948096502304e-04
3.089898989899005688e+00  6.216527076082689531e-04  6.216527076082689531e-04
3.189898989899005333e+00  4.035757507166834630e-04  4.035757507166834630e-04
3.289898989899005866e+00  2.624971251459971258e-04  2.624971251459971258e-04
3.389898989899005510e+00  1.736863752362361975e-04  1.736863752362361975e-04
3.489898989899005155e+00  1.183216006898268262e-04  1.183216006898268262e-04
3.589898989899005688e+00  8.334463530618451159e-05  8.334463530618451159e-05
3.689898989899005333e+00  6.041070669276870199e-05  6.041070669276870199e-05
3.789898989899005866e+00  4.456836323678626860e-05  4.456836323678626860e-05
3.889898989899005510e+00  3.305998705880619379e-05  3.305998705880619379e-05
3.989898989899005155e+00  2.441096476947620715e-05  2.441096476947620715e-05
4.089898989899005244e+00  1.782572381639248315e-05  1.782572381639248315e-05
4.189898989899004889e+00  1.283371444703785733e-05  1.283371444703785733e-05
4.289898989899006310e+00  9.107446685409343158e-06  9.107446685409343158e-06
4.389898989899005954e+00  6.383283098962171654e-06  6.383283098962171654e-06
4.489898989899005599e+00  4.434988838902091204e-06  4.434988838902091204e-06
4.589898989899005244e+00  3.069217100681938145e-06  3.069217100681938145e-06
4.689898989899004889e+00  2.126720534065120799e-06  2.126720534065120799e-06
4.789898989899006310e+00  1.482463383918282862e-06  1.482463383918282862e-06
4.889898989899005954e+00  1.042955146087313782e-06  1.042955146087313782e-06
4.989898989899005599e+00  7.414165097752740828e-07  7.414165097752740828e-07
5.089898989899005244e+00  5.320260948152894867e-07  5.320260948152894867e-07
5.189898989899004889e+00  3.843398164575827426e-07  3.843398164575827426e-07
5.289898989899006310e+00  2.785520421214989472e-07  2.785520421214989472e-07
5.389898989899005954e+00  2.018561248214546476e-07  2.018561248214546476e-07
5.489898989899005599e+00  1.458718442806544549e-07  1.458718442806544549e-07
5.589898989899005244e+00  1.049534467739836381e-07  1.049534467739836381e-07
5.689898989899004889e+00  7.514474589990100199e-08  7.514474589990100199e-08
5.789898989899006310e+00  5.356580985552367833e-08  5.356580985552367833e-08
5.889898989899005954e+00  3.806318035496532221e-08  3.806318035496532221e-08
5.989898989899005599e+00  2.700800144438647510e-08  2.700800144438647510e-08
6.089898989899005244e+00  1.917096360176917560e-08  1.917096360176917560e-08
6.189898989899004889e+00  1.363512071623127524e-08  1.363512071623127524e-08
6.289898989899006310e+00  9.727935253637979572e-09  9.727935253637979572e-09
6.389898989899005954e+00  6.965064993340960196e-09  6.965064993340960196e-09
6.489898989899005599e+00  5.003539488691745489e-09  5.003539488691745489e-09
6.589898989899005244e+00  3.603700302154746318e-09  3.603700302154746318e-09
6.689898989899006665e+00  2.599418832435282242e-09  2.599418832435282242e-09
6.789898989899006310e+00  1.875740363092998222e-09  1.875740363092998222e-09
6.889898989899005954e+00  1.352760606675387429e-09  1.352760606675387429e-09
6.989898989899005599e+00  9.744014246707208067e-10  9.744014246707208067e-10
7.089898989899005244e+00  7.008140330945170460e-10  7.008140330945170460e-10
7.189898989899006665e+00  5.033295322693247566e-10  5.033295322693247566e-10
7.289898989899006310e+00  3.611195890217905525e-10  3.611195890217905525e-10
7.389898989899005954e+00  2.589662765110237369e-10  2.589662765110237369e-10
7.489898989899005599e+00  1.857372078590042345e-10  1.857372078590042345e-10
7.589898989899005244e+00  1.333094503041893715e-10  1.333094503041893715e-10
7.689898989899006665e+00  9.578625527366530241e-11  9.578625527366530241e-11
7.789898989899006310e+00  6.891389948250755013e-11  6.891389948250755013e-11
7.889898989899005954e+00  4.964288324774875492e-11  4.964288324774875492e-11
7.989898989899005599e+00  3.579799181137520608e-11  3.579799181137520608e-11
8.089898989899007020e+00  2.583244876885617290e-11  2.583244876885617290e-11
8.189898989899006665e+00  1.864724831175445578e-11  1.864724831175445578e-11
8.289898989899006310e+00  1.346042444926868899e-11  1.346042444926868899e-11
8.389898989899005954e+00  9.713818190142477405e-12  9.713818190142477405e-12
8.489898989899005599e+00  7.007350589269002036e-12  7.007350589269002036e-12
8.589898989899007020e+00  5.053014424604102618e-12  5.053014424604102618e-12
8.689898989899006665e+00  3.642726648119049704e-12  3.642726648119049704e-12
8.789898989899006310e+00  2.625787203757132962e-12  2.625787203757132962e-12
8.889898989899005954e+00  1.892950078842225642e-12  1.892950078842225642e-12
8.989898989899005599e+00  1.365051682104342556e-12  1.365051682104342556e-12
9.089898989899007020e+00  9.848088663432191282e-13  9.848088663432191282e-13
9.189898989899006665e+00  7.108539995796098208e-13  7.108539995796098208e-13
9.289898989899006310e+00  5.133754132177485726e-13  5.133754132177485726e-13
9.389898989899005954e+00  3.709270798478581768e-13  3.709270798478581768e-13
9.489898989899005599e+00  2.680984402719212545e-13  2.680984402719212545e-13
9.589898989899007020e+00  1.938195898281583640e-13  1.938195898281583640e-13
9.689898989899006665e+00  1.401351022096183739e-13  1.401351022096183739e-13
9.789898989899006310e+00  1.013215975121176201e-13  1.013215975121176201e-13
9.889898989899005954e+00  7.325545653460883228e-14  7.325545653460883228e-14
9.989898989899005599e+00  5.296102377540715497e-14  5.296102377540715497e-14
1.008989898989900702e+01  3.828804971077772797e-14  3.828804971077772797e-14
1.018989898989900666e+01  2.768116148077448871e-14  2.768116148077448871e-14
1.028989898989900631e+01  2.001468330801083264e-14  2.001468330801083264e-14
1.038989898989900595e+01  1.447387324709236486e-14  1.447387324709236486e-14
1.048989898989900560e+01  1.046922553888898480e-14  1.046922553888898480e-14
