-1.563829765788285364e+00  3.749348737023533518e-11  3.749348737023533518e-11
-1.463829765788284831e+00  2.417772743026202863e-10  2.417772743026202863e-10
-1.363829765788285187e+00  1.460612115558685227e-09  1.460612115558685227e-09
-1.263829765788285098e+00  8.220760953282964403e-09  8.220760953282964403e-09
-1.163829765788285009e+00  4.298211564324078493e-08  4.298211564324078493e-08
-1.063829765788285364e+00  2.084468945842448131e-07  2.084468945842448131e-07
-9.638297657882850533e-01  9.368611633796428367e-07  9.368611633796428367e-07
-8.638297657882851865e-01  3.900576317176602914e-06  3.900576317176602914e-06
-7.638297657882850977e-01  1.503986613166597103e-05  1.503986613166597103e-05
-6.638297657882850089e-01  5.369773599285655545e-05  5.369773599285655545e-05
-5.638297657882851421e-01  1.775114801209707466e-04  1.775114801209707466e-04
-4.638297657882850533e-01  5.432906808961089021e-04  5.432906808961089021e-04
-3.638297657882849645e-01  1.539427631433891832e-03  1.539427631433891832e-03
-2.638297657882850977e-01  4.038302775057320097e-03  4.038302775057320097e-03
-1.638297657882850089e-01  9.807220418906864232e-03  9.807220418906864232e-03
-6.382976578828514214e-02  2.204944939118484368e-02  2.204944939118484368e-02
3.617023421171494668e-02  4.589374202156382143e-02  4.589374202156382143e-02
1.361702342117150355e-01  8.843291585215086459e-02  8.843291585215086459e-02
2.361702342117149023e-01  1.577545444719515855e-01  1.577545444719515855e-01
3.361702342117149911e-01  2.605327903207735329e-01  2.605327903207735329e-01
4.361702342117148579e-01  3.983493512753719656e-01  3.983493512753719656e-01
5.361702342117149467e-01  5.638988100640078827e-01  5.638988100640078827e-01
6.361702342117150355e-01  7.390889466141346009e-01  7.390889466141346009e-01
7.361702342117151243e-01  8.969929919080338321e-01  8.969929919080338321e-01
8.361702342117152131e-01  1.008191520182647904e+00  1.008191520182647904e+00
9.361702342117148579e-01  1.049713463526962043e+00  1.049713463526962043e+00
1.036170234211714947e+00  1.012909536722882420e+00  1.012909536722882420e+00
1.136170234211715035e+00  9.065722586666338234e-01  9.065722586666338234e-01
1.236170234211715124e+00  7.537595682721641710e-01  7.537595682721641710e-01
1.336170234211715213e+00  5.838764387197752370e-01  5.838764387197752370e-01
1.436170234211714858e+00  4.237101271171430650e-01  4.237101271171430650e-01
1.536170234211714947e+00  2.910922460145693447e-01  2.910922460145693447e-01
1.636170234211715035e+00  1.929794961419686039e-01  1.929794961419686039e-01
1.736170234211715124e+00  1.274103172943174822e-01  1.274103172943174822e-01
1.836170234211715213e+00  8.736923635741968008e-02  8.736923635741968008e-02
1.936170234211714858e+00  6.453299300379329584e-02  6.453299300379329584e-02
2.036170234211715169e+00  5.172744157656179037e-02  5.172744157656179037e-02
2.136170234211714813e+00  4.391558533849918011e-02  4.391558533849918011e-02
2.236170234211715346e+00  3.814356778161583778e-02  3.814356778161583778e-02
2.336170234211714991e+00  3.300619703879825728e-02  3.300619703879825728e-02
2.436170234211714636e+00  2.804325975474364699e-02  2.804325975474364699e-02
2.536170234211715169e+00  2.326354502863439006e-02  2.326354502863439006e-02
2.636170234211714813e+00  1.883917879022846756e-02  1.883917879022846756e-02
2.736170234211714458e+00  1.494104169500491859e-02  1.494104169500491859e-02
2.836170234211714991e+00  1.166949061056822903e-02  1.166949061056822903e-02
2.936170234211714636e+00  9.041407006507705402e-03  9.041407006507705402e-03
3.036170234211715169e+00  7.006002263399871248e-03  7.006002263399871248e-03
3.136170234211714813e+00  5.471312688119396410e-03  5.471312688119396410e-03
3.236170234211715346e+00  4.330319612454624351e-03  4.330319612454624351e-03
3.336170234211714991e+00  3.480875885970530475e-03  3.480875885970530475e-03
3.436170234211714636e+00  2.837524943820738700e-03  2.837524943820738700e-03
3.536170234211715169e+00  2.335913492193585159e-03  2.335913492193585159e-03
3.636170234211714813e+00  1.931860739565410736e-03  1.931860739565410736e-03
3.736170234211715346e+00  1.597466933411284106e-03  1.597466933411284106e-03
3.836170234211714991e+00  1.316278341694177663e-03  1.316278341694177663e-03
3.936170234211714636e+00  1.078854250745338956e-03  1.078854250745338956e-03
4.036170234211715169e+00  8.793998885404045573e-04  8.793998885404045573e-04
4.136170234211714813e+00  7.136052240743987612e-04  7.136052240743987612e-04
4.236170234211715346e+00  5.775148482064431255e-04  5.775148482064431255e-04
4.336170234211714991e+00  4.671241226913705946e-04  4.671241226913705946e-04
4.436170234211714636e+00  3.783938388388245538e-04  3.783938388388245538e-04
4.536170234211715169e+00  3.074398681202097331e-04  3.074398681202097331e-04
4.636170234211714813e+00  2.507394717844438001e-04  2.507394717844438001e-04
4.736170234211715346e+00  2.052736399165241055e-04  2.052736399165241055e-04
4.836170234211714991e+00  1.685820464905561894e-04  1.685820464905561894e-04
4.936170234211714636e+00  1.387415730249677321e-04  1.387415730249677321e-04
5.036170234211715169e+00  1.142944503473295918e-04  1.142944503473295918e-04
5.136170234211714813e+00  9.415381875001237275e-05  9.415381875001237275e-05
5.236170234211715346e+00  7.750885481380782242e-05  7.750885481380782242e-05
5.336170234211714991e+00  6.374329578765953216e-05  6.374329578765953216e-05
5.436170234211714636e+00  5.237331950939563385e-05  5.237331950939563385e-05
5.536170234211715169e+00  4.300488648389239315e-05  4.300488648389239315e-05
5.636170234211714813e+00  3.530722921752365705e-05  3.530722921752365705e-05
5.736170234211715346e+00  2.899786586509409854e-05  2.899786586509409854e-05
5.836170234211714991e+00  2.383467825700497891e-05  2.383467825700497891e-05
5.936170234211714636e+00  1.961154950995886004e-05  1.961154950995886004e-05
6.036170234211715169e+00  1.615525485761898730e-05  1.615525485761898730e-05
6.136170234211714813e+00  1.332238469985267440e-05  1.332238469985267440e-05
6.236170234211715346e+00  1.099587868164957358e-05  1.099587868164957358e-05
6.336170234211714991e+00  9.081229943470868436e-06  9.081229943470868436e-06
6.436170234211714636e+00  7.502628890874142600e-06  7.502628890874142600e-06
6.536170234211714281e+00  6.199340164501243277e-06  6.199340164501243277e-06
6.636170234211715702e+00  5.122530097524065100e-06  5.122530097524065100e-06
6.736170234211715346e+00  4.232652132975973111e-06  4.232652132975973111e-06
6.836170234211714991e+00  3.497397553585517118e-06  3.497397553585517118e-06
6.936170234211714636e+00  2.890149140327841170e-06  2.890149140327841170e-06
7.036170234211714281e+00  2.388840090158754572e-06  2.388840090158754572e-06
7.136170234211715702e+00  1.975113892340981099e-06  1.975113892340981099e-06
7.236170234211715346e+00  1.633693047471872316e-06  1.633693047471872316e-06
7.336170234211714991e+00  1.351885682211846617e-06  1.351885682211846617e-06
7.436170234211714636e+00  1.119181647007314592e-06  1.119181647007314592e-06
7.536170234211714281e+00  9.269088945972770684e-07  9.269088945972770684e-07
7.636170234211715702e+00  7.679348095344612156e-07  7.679348095344612156e-07
7.736170234211715346e+00  6.364056224741206768e-07  6.364056224741206768e-07
7.836170234211714991e+00  5.275211370126592746e-07  5.275211370126592746e-07
7.936170234211714636e+00  4.373431649757865743e-07  4.373431649757865743e-07
8.036170234211716945e+00  3.626356748244779959e-07  3.626356748244779959e-07
8.136170234211714813e+00  3.007337453815563139e-07  3.007337453815563139e-07
8.236170234211716235e+00  2.494376237522730906e-07  2.494376237522730906e-07
8.336170234211714103e+00  2.069278014882138870e-07  2.069278014882138870e-07
8.436170234211715524e+00  1.716970860187960050e-07  1.716970860187960050e-07
8.536170234211716945e+00  1.424960534581422421e-07  1.424960534581422421e-07
8.636170234211714813e+00  1.182888714312622225e-07  1.182888714312622225e-07
8.736170234211716235e+00  9.821713295397284309e-08  9.821713295397284309e-08
8.836170234211714103e+00  8.156994060123533082e-08  8.156994060123533082e-08
8.936170234211715524e+00  6.775896735790521305e-08  6.775896735790521305e-08
9.036170234211716945e+00  5.629758044216343815e-08  5.629758044216343815e-08
9.136170234211716590e+00  4.678335852526359102e-08  4.678335852526359102e-08
9.236170234211716235e+00  3.888348683906911130e-08  3.888348683906911130e-08
9.336170234211715879e+00  3.232260770579153484e-08  3.232260770579153484e-08
9.436170234211715524e+00  2.687276147288609178e-08  2.687276147288609178e-08
9.536170234211716945e+00  2.234509327875962070e-08  2.234509327875962070e-08
9.636170234211716590e+00  1.858303582848090369e-08  1.858303582848090369e-08
9.736170234211716235e+00  1.545671271225211993e-08  1.545671271225211993e-08
9.836170234211715879e+00  1.285834193653253749e-08  1.285834193653253749e-08
9.936170234211715524e+00  1.069845423037649087e-08  1.069845423037649087e-08
1.003617023421171695e+01  8.902773575858240169e-09  8.902773575858240169e-09
1.013617023421171659e+01  7.409636729260526358e-09  7.409636729260526358e-09
1.023617023421171623e+01  6.167853322362495926e-09  6.167853322362495926e-09
1.033617023421171588e+01  5.134928240142349291e-09  5.134928240142349291e-09
1.043617023421171552e+01  4.275583705967961063e-09  4.275583705967961063e-09
