-1.636360985538787727e+00  1.357896272800135587e-20  1.357896272800135587e-20
-1.536360985538787638e+00  4.556914400076982516e-19  4.556914400076982516e-19
-1.436360985538787993e+00  1.416955285538506852e-17  1.416955285538506852e-17
-1.336360985538787460e+00  3.896686806243791864e-16  3.896686806243791864e-16
-1.236360985538787816e+00  9.324207780712170719e-15  9.324207780712170719e-15
-1.136360985538787727e+00  1.930550555246077241e-13  1.930550555246077241e-13
-1.036360985538787638e+00  3.451799598081208424e-12  3.451799598081208424e-12
-9.363609855387875491e-01  5.325818248227170980e-11  5.325818248227170980e-11
-8.363609855387876824e-01  7.088892284240613928e-10  7.088892284240613928e-10
-7.363609855387878156e-01  8.138977073828116527e-09  8.138977073828116527e-09
-6.363609855387877268e-01  8.060055165819724250e-08  8.060055165819724250e-08
-5.363609855387876379e-01  6.884501835759892624e-07  6.884501835759892624e-07
-4.363609855387875491e-01  5.071872471605062180e-06  5.071872471605062180e-06
-3.363609855387876824e-01  3.222722612215732287e-05  3.222722612215732287e-05
-2.363609855387875935e-01  1.766180405423654941e-04  1.766180405423654941e-04
-1.363609855387877268e-01  8.348417085597304322e-04  8.348417085597304322e-04
-3.636098553878763795e-02  3.403533104466232792e-03  3.403533104466232792e-03
6.363901446121245087e-02  1.196775693398169707e-02  1.196775693398169707e-02
1.636390144612123176e-01  3.629552441061869444e-02  3.629552441061869444e-02
2.636390144612124065e-01  9.494064712096154934e-02  9.494064712096154934e-02
3.636390144612122732e-01  2.141966127086311067e-01  2.141966127086311067e-01
4.636390144612123621e-01  4.168111483192213917e-01  4.168111483192213917e-01
5.636390144612124509e-01  6.995887151773928503e-01  6.995887151773928503e-01
6.636390144612125397e-01  1.012851268566961505e+00  1.012851268566961505e+00
7.636390144612126285e-01  1.265027089608415034e+00  1.265027089608415034e+00
8.636390144612122732e-01  1.363422157777582022e+00  1.363422157777582022e+00
9.636390144612123621e-01  1.268983655398956190e+00  1.268983655398956190e+00
1.063639014461212451e+00  1.021961425756501063e+00  1.021961425756501063e+00
1.163639014461212540e+00  7.161270276243776323e-01  7.161270276243776323e-01
1.263639014461212629e+00  4.438126807127296125e-01  4.438126807127296125e-01
1.363639014461212273e+00  2.548533515695808327e-01  2.548533515695808327e-01
1.463639014461212362e+00  1.517143812549525128e-01  1.517143812549525128e-01
1.563639014461212451e+00  1.099215109122690937e-01  1.099215109122690937e-01
1.663639014461212540e+00  1.006846914363725976e-01  1.006846914363725976e-01
1.763639014461212629e+00  1.027785228614913476e-01  1.027785228614913476e-01
1.863639014461212273e+00  1.043875288207722629e-01  1.043875288207722629e-01
1.963639014461212362e+00  1.006900865448143723e-01  1.006900865448143723e-01
2.063639014461212451e+00  9.112716716490851243e-02  9.112716716490851243e-02
2.163639014461212540e+00  7.742533350678465487e-02  7.742533350678465487e-02
2.263639014461212629e+00  6.219077843684243240e-02  6.219077843684243240e-02
2.363639014461212273e+00  4.787156407067332670e-02  4.787156407067332670e-02
2.463639014461212806e+00  3.610695603169469803e-02  3.610695603169469803e-02
2.563639014461212451e+00  2.751500872656447230e-02  2.751500872656447230e-02
2.663639014461212096e+00  2.185334904301642484e-02  2.185334904301642484e-02
2.763639014461212629e+00  1.838076455128540010e-02  1.838076455128540010e-02
2.863639014461212273e+00  1.623205440312499095e-02  1.623205440312499095e-02
2.963639014461212806e+00  1.468282997963704824e-02  1.468282997963704824e-02
3.063639014461212451e+00  1.326798200053044656e-02  1.326798200053044656e-02
3.163639014461212984e+00  1.178081453312534131e-02  1.178081453312534131e-02
3.263639014461212629e+00  1.020469634873480760e-02  1.020469634873480760e-02
3.363639014461212273e+00  8.625074458910446037e-03  8.625074458910446037e-03
3.463639014461212806e+00  7.153285542538031540e-03  7.153285542538031540e-03
3.563639014461212451e+00  5.876601761555963650e-03  5.876601761555963650e-03
3.663639014461212984e+00  4.836302271505626797e-03  4.836302271505626797e-03
3.763639014461212629e+00  4.027991834970828453e-03  4.027991834970828453e-03
3.863639014461212273e+00  3.415158387144747419e-03  3.415158387144747419e-03
3.963639014461212806e+00  2.947057077002813302e-03  2.947057077002813302e-03
4.063639014461212895e+00  2.574275038031637302e-03  2.574275038031637302e-03
4.163639014461212540e+00  2.258502245898050959e-03  2.258502245898050959e-03
4.263639014461212184e+00  1.975969136951297687e-03  1.975969136951297687e-03
4.363639014461211829e+00  1.715984810114098893e-03  1.715984810114098893e-03
4.463639014461213250e+00  1.476820180012166847e-03  1.476820180012166847e-03
4.563639014461212895e+00  1.261045380584740723e-03  1.261045380584740723e-03
4.663639014461212540e+00  1.071761686007426714e-03  1.071761686007426714e-03
4.763639014461212184e+00  9.103664009089757403e-04  9.103664009089757403e-04
4.863639014461211829e+00  7.758291795156788129e-04  7.758291795156788129e-04
4.963639014461213250e+00  6.650626667741124957e-04  6.650626667741124957e-04
5.063639014461212895e+00  5.738405915450412982e-04  5.738405915450412982e-04
5.163639014461212540e+00  4.977830109555160228e-04  4.977830109555160228e-04
5.263639014461212184e+00  4.330977449297908843e-04  4.330977449297908843e-04
5.363639014461211829e+00  3.769548066452712860e-04  3.769548066452712860e-04
5.463639014461213250e+00  3.275196934776711407e-04  3.275196934776711407e-04
5.563639014461212895e+00  2.837564028556577669e-04  2.837564028556577669e-04
5.663639014461212540e+00  2.451332933238938461e-04  2.451332933238938461e-04
5.763639014461212184e+00  2.113421802784593397e-04  2.113421802784593397e-04
5.863639014461211829e+00  1.820966192745172179e-04  1.820966192745172179e-04
5.963639014461213250e+00  1.570295767126664635e-04  1.570295767126664635e-04
6.063639014461212895e+00  1.356766293541809051e-04  1.356766293541809051e-04
6.163639014461212540e+00  1.175133439040356451e-04  1.175133439040356451e-04
6.263639014461212184e+00  1.020130692863631736e-04  1.020130692863631736e-04
6.363639014461211829e+00  8.869899587073626845e-05  8.869899587073626845e-05
6.463639014461211474e+00  7.717614305482850252e-05  7.717614305482850252e-05
6.563639014461212895e+00  6.714014953206564164e-05  6.714014953206564164e-05
6.663639014461212540e+00  5.836754090787887043e-05  5.836754090787887043e-05
6.763639014461212184e+00  5.069570319245450302e-05  5.069570319245450302e-05
6.863639014461211829e+00  4.400072908465582671e-05  4.400072908465582671e-05
6.963639014461211474e+00  3.817900323127006401e-05  3.817900323127006401e-05
7.063639014461212895e+00  3.313532266637089036e-05  3.313532266637089036e-05
7.163639014461212540e+00  2.877763877017644142e-05  2.877763877017644142e-05
7.263639014461212184e+00  2.501676625962760697e-05  2.501676625962760697e-05
7.363639014461211829e+00  2.176874989068430688e-05  2.176874989068430688e-05
7.463639014461211474e+00  1.895778735219252959e-05  1.895778735219252959e-05
7.563639014461212895e+00  1.651830133166364836e-05  1.651830133166364836e-05
7.663639014461212540e+00  1.439556576738957236e-05  1.439556576738957236e-05
7.763639014461212184e+00  1.254495662325708725e-05  1.254495662325708725e-05
7.863639014461211829e+00  1.093028987646689758e-05  1.093028987646689758e-05
7.963639014461213250e+00  9.521823738351464854e-06  9.521823738351464854e-06
8.063639014461212895e+00  8.294411026329759798e-06  8.294411026329759798e-06
8.163639014461212540e+00  7.226092764249534798e-06  7.226092764249534798e-06
8.263639014461212184e+00  6.297217811162997042e-06  6.297217811162997042e-06
8.363639014461211829e+00  5.490016819779131481e-06  5.490016819779131481e-06
8.463639014461213250e+00  4.788477024911675602e-06  4.788477024911675602e-06
8.563639014461212895e+00  4.178352490956701601e-06  4.178352490956701601e-06
8.663639014461212540e+00  3.647180313771813506e-06  3.647180313771813506e-06
8.763639014461212184e+00  3.184229754299001023e-06  3.184229754299001023e-06
8.863639014461211829e+00  2.780365561256856388e-06  2.780365561256856388e-06
8.963639014461213250e+00  2.427844963078500913e-06  2.427844963078500913e-06
9.063639014461212895e+00  2.120085578451813966e-06  2.120085578451813966e-06
9.163639014461212540e+00  1.851441602319552181e-06  1.851441602319552181e-06
9.263639014461212184e+00  1.617014650493741360e-06  1.617014650493741360e-06
9.363639014461211829e+00  1.412510773012505209e-06  1.412510773012505209e-06
9.463639014461213250e+00  1.234141974894702452e-06  1.234141974894702452e-06
9.563639014461212895e+00  1.078562182394730448e-06  1.078562182394730448e-06
9.663639014461212540e+00  9.428245904639344989e-07  9.428245904639344989e-07
9.763639014461212184e+00  8.243486319649772065e-07  8.243486319649772065e-07
9.863639014461211829e+00  7.208885407379420814e-07  7.208885407379420814e-07
9.963639014461213250e+00  6.304997734304291739e-07  6.304997734304291739e-07
1.006363901446121289e+01  5.515030649512571014e-07  5.515030649512571014e-07
1.016363901446121254e+01  4.824479752447241191e-07  4.824479752447241191e-07
1.026363901446121218e+01  4.220784182031567862e-07  4.220784182031567862e-07
1.036363901446121183e+01  3.693022260629794206e-07  3.693022260629794206e-07
