-1.586956465476482947e+00  1.357062991613392125e-165  1.357062991613392125e-165
-1.486956465476482858e+00  1.594619798027813881e-154  1.594619798027813881e-154
-1.386956465476482769e+00  6.251891488790942344e-142  6.251891488790942344e-142
-1.286956465476483125e+00  7.240114835546123648e-130  7.240114835546123648e-130
-1.186956465476483036e+00  2.439579836993131299e-118  2.439579836993131299e-118
-1.086956465476482947e+00  2.391765458696411765e-107  2.391765458696411765e-107
-9.869564654764828582e-01  6.822697510343387048e-97  6.822697510343387048e-97
-8.869564654764827694e-01  5.662752978518163065e-87  5.662752978518163065e-87
-7.869564654764829026e-01  1.367518122612509986e-77  1.367518122612509986e-77
-6.869564654764830358e-01  9.608874840865788471e-69  9.608874840865788471e-69
-5.869564654764829470e-01  1.964472509342148599e-60  1.964472509342148599e-60
-4.869564654764828582e-01  1.168566273535800590e-52  1.168566273535800590e-52
-3.869564654764827694e-01  2.022528792328440082e-45  2.022528792328440082e-45
-2.869564654764829026e-01  1.018521147994355589e-38  1.018521147994355589e-38
-1.869564654764828138e-01  1.492379799309476633e-32  1.492379799309476633e-32
-8.695646547648294700e-02  6.362424558257628781e-27  6.362424558257628781e-27
1.304353452351714182e-02  7.892233079107673875e-22  7.892233079107673875e-22
1.130435345235172306e-01  2.848466606949676173e-17  2.848466606949676173e-17
2.130435345235170974e-01  2.991274958742463378e-13  2.991274958742463378e-13
3.130435345235171862e-01  9.139775137738470949e-10  9.139775137738470949e-10
4.130435345235170530e-01  8.125473154932072288e-07  8.125473154932072288e-07
5.130435345235171418e-01  2.101821264223057578e-04  2.101821264223057578e-04
6.130435345235172306e-01  1.581892169072335319e-02  1.581892169072335319e-02
7.130435345235173195e-01  3.464112149757384018e-01  3.464112149757384018e-01
8.130435345235174083e-01  2.207196426345194862e+00  2.207196426345194862e+00
9.130435345235170530e-01  4.091890447814710896e+00  4.091890447814710896e+00
1.013043534523517142e+00  2.207196426348150275e+00  2.207196426348150275e+00
1.113043534523517231e+00  3.464112155395008830e-01  3.464112155395008830e-01
1.213043534523517319e+00  1.581897946328109095e-02  1.581897946328109095e-02
1.313043534523517408e+00  2.133755842482371881e-04  2.133755842482371881e-04
1.413043534523517053e+00  9.603026323798129931e-05  9.603026323798129931e-05
1.513043534523517142e+00  1.531410355403013852e-03  1.531410355403013852e-03
1.613043534523517231e+00  1.328562125930787818e-02  1.328562125930787818e-02
1.713043534523517319e+00  6.217122167272947503e-02  6.217122167272947503e-02
1.813043534523517408e+00  1.569328716073254415e-01  1.569328716073254415e-01
1.913043534523517053e+00  2.136758442089024823e-01  2.136758442089024823e-01
2.013043534523517142e+00  1.569328727236493637e-01  1.569328727236493637e-01
2.113043534523517231e+00  6.217125857415664592e-02  6.217125857415664592e-02
2.213043534523517319e+00  1.328642934627918305e-02  1.328642934627918305e-02
2.313043534523517408e+00  1.543135480152065626e-03  1.543135480152065626e-03
2.413043534523517053e+00  2.079692277269724388e-04  2.079692277269724388e-04
2.513043534523517586e+00  7.216018786888687281e-04  7.216018786888687281e-04
2.613043534523517231e+00  3.033239603422456607e-03  3.033239603422456607e-03
2.713043534523516875e+00  8.486009180242148550e-03  8.486009180242148550e-03
2.813043534523517408e+00  1.573209218064992518e-02  1.573209218064992518e-02
2.913043534523517053e+00  1.932624568503593654e-02  1.932624568503593654e-02
3.013043534523517586e+00  1.573210034941998139e-02  1.573210034941998139e-02
3.113043534523517231e+00  8.486121484758080147e-03  8.486121484758080147e-03
3.213043534523517764e+00  3.034324406871800276e-03  3.034324406871800276e-03
3.313043534523517408e+00  7.269032548912792964e-04  7.269032548912792964e-04
3.413043534523517053e+00  1.591371125164105270e-04  1.591371125164105270e-04
3.513043534523517586e+00  1.977504615352926320e-04  1.977504615352926320e-04
3.613043534523517231e+00  5.487256729262932628e-04  5.487256729262932628e-04
3.713043534523517764e+00  1.185311584622664172e-03  1.185311584622664172e-03
3.813043534523517408e+00  1.883135389870098852e-03  1.883135389870098852e-03
3.913043534523517053e+00  2.197365329385831279e-03  2.197365329385831279e-03
4.013043534523517586e+00  1.883147051310138809e-03  1.883147051310138809e-03
4.113043534523517231e+00  1.185379646766552934e-03  1.185379646766552934e-03
4.213043534523517764e+00  5.485864064824709421e-04  5.485864064824709421e-04
4.313043534523517408e+00  1.893535146946495726e-04  1.893535146946495726e-04
4.413043534523517053e+00  5.933079023947868141e-05  5.933079023947868141e-05
4.513043534523517586e+00  4.781884768171346003e-05  4.781884768171346003e-05
4.613043534523517231e+00  9.446243236028290229e-05  9.446243236028290229e-05
4.713043534523517764e+00  1.731172519994733205e-04  1.731172519994733205e-04
4.813043534523517408e+00  2.505655390332513677e-04  2.505655390332513677e-04
4.913043534523517053e+00  2.834824748620354295e-04  2.834824748620354295e-04
5.013043534523517586e+00  2.505667372276107452e-04  2.505667372276107452e-04
5.113043534523517231e+00  1.730591277023706890e-04  1.730591277023706890e-04
5.213043534523517764e+00  9.357610275217375349e-05  9.357610275217375349e-05
5.313043534523517408e+00  4.030014027826621354e-05  4.030014027826621354e-05
5.413043534523517053e+00  1.597204521585422250e-05  1.597204521585422250e-05
5.513043534523517586e+00  1.096949451115401670e-05  1.096949451115401670e-05
5.613043534523517231e+00  1.636810358106951960e-05  1.636810358106951960e-05
5.713043534523517764e+00  2.636423343843099015e-05  2.636423343843099015e-05
5.813043534523517408e+00  3.576693458611095074e-05  3.576693458611095074e-05
5.913043534523517053e+00  3.963029246581399606e-05  3.963029246581399606e-05
6.013043534523517586e+00  3.575865002092848692e-05  3.575865002092848692e-05
6.113043534523517231e+00  2.627998040787798325e-05  2.627998040787798325e-05
6.213043534523517764e+00  1.577708983864121737e-05  1.577708983864121737e-05
6.313043534523517408e+00  7.885251601114838822e-06  7.885251601114838822e-06
6.413043534523517053e+00  3.672765569430130264e-06  3.672765569430130264e-06
6.513043534523516698e+00  2.404527715885586785e-06  2.404527715885586785e-06
6.613043534523518119e+00  2.904341608449455199e-06  2.904341608449455199e-06
6.713043534523517764e+00  4.170256434249269782e-06  4.170256434249269782e-06
6.813043534523517408e+00  5.371442751935249425e-06  5.371442751935249425e-06
6.913043534523517053e+00  5.857887818710093050e-06  5.857887818710093050e-06
7.013043534523516698e+00  5.363733452944501666e-06  5.363733452944501666e-06
7.113043534523518119e+00  4.121959227049683665e-06  4.121959227049683665e-06
7.213043534523517764e+00  2.668647658304691342e-06  2.668647658304691342e-06
7.313043534523517408e+00  1.484446232856701959e-06  1.484446232856701959e-06
7.413043534523517053e+00  7.768745130223913228e-07  7.768745130223913228e-07
7.513043534523516698e+00  5.071186062494067633e-07  5.071186062494067633e-07
7.613043534523518119e+00  5.279217672873272697e-07  5.279217672873272697e-07
7.713043534523517764e+00  6.827569665150259026e-07  6.827569665150259026e-07
7.813043534523517408e+00  8.391200007220775475e-07  8.391200007220775475e-07
7.913043534523517053e+00  9.024083579291931987e-07  9.024083579291931987e-07
8.013043534523518474e+00  8.351445507550267334e-07  8.351445507550267334e-07
8.113043534523518119e+00  6.638148286976008804e-07  6.638148286976008804e-07
8.213043534523517764e+00  4.550814349786998082e-07  4.550814349786998082e-07
8.313043534523517408e+00  2.743870992503848143e-07  2.743870992503848143e-07
8.413043534523517053e+00  1.567323819852557896e-07  1.567323819852557896e-07
8.513043534523518474e+00  1.038159461314116931e-07  1.038159461314116931e-07
8.613043534523518119e+00  9.776414101420774329e-08  9.776414101420774329e-08
8.713043534523517764e+00  1.152570269197446239e-07  1.152570269197446239e-07
8.813043534523517408e+00  1.354019209535490193e-07  1.354019209535490193e-07
8.913043534523517053e+00  1.435870250243173219e-07  1.435870250243173219e-07
9.013043534523518474e+00  1.338849658261743270e-07  1.338849658261743270e-07
9.113043534523518119e+00  1.092553145339014057e-07  1.092553145339014057e-07
9.213043534523517764e+00  7.834255163331864794e-08  7.834255163331864794e-08
9.313043534523517408e+00  5.029520692148288255e-08  5.029520692148288255e-08
9.413043534523517053e+00  3.074595749675830649e-08  3.074595749675830649e-08
9.513043534523518474e+00  2.079426664168281533e-08  2.079426664168281533e-08
9.613043534523518119e+00  1.833445102141501661e-08  1.833445102141501661e-08
9.713043534523517764e+00  1.997587206143314757e-08  1.997587206143314757e-08
9.813043534523517408e+00  2.245903747194924979e-08  2.245903747194924979e-08
9.913043534523517053e+00  2.346033239335128739e-08  2.346033239335128739e-08
1.001304353452351847e+01  2.197799556435307031e-08  2.197799556435307031e-08
1.011304353452351812e+01  1.831286008286834506e-08  1.831286008286834506e-08
1.021304353452351776e+01  1.361473445465863195e-08  1.361473445465863195e-08
1.031304353452351741e+01  9.189717568087928706e-09  9.189717568087928706e-09
1.041304353452351705e+01  5.929229015687203934e-09  5.929229015687203934e-09
