-1.603492328577169168e+00  0.000000000000000000e+00  0.000000000000000000e+00
-1.503492328577168635e+00  0.000000000000000000e+00  0.000000000000000000e+00
-1.403492328577168990e+00  0.000000000000000000e+00  0.000000000000000000e+00
-1.303492328577168902e+00  0.000000000000000000e+00  0.000000000000000000e+00
-1.203492328577168813e+00  0.000000000000000000e+00  0.000000000000000000e+00
-1.103492328577169168e+00  0.000000000000000000e+00  0.000000000000000000e+00
-1.003492328577168635e+00  0.000000000000000000e+00  0.000000000000000000e+00
-9.034923285771689905e-01  0.000000000000000000e+00  0.000000000000000000e+00
-8.034923285771689017e-01  0.000000000000000000e+00  0.000000000000000000e+00
-7.034923285771688128e-01  0.000000000000000000e+00  0.000000000000000000e+00
-6.034923285771689461e-01  0.000000000000000000e+00  0.000000000000000000e+00
-5.034923285771688573e-01  0.000000000000000000e+00  0.000000000000000000e+00
-4.034923285771687684e-01  0.000000000000000000e+00  0.000000000000000000e+00
-3.034923285771689017e-01  0.000000000000000000e+00  0.000000000000000000e+00
-2.034923285771688128e-01  0.000000000000000000e+00  0.000000000000000000e+00
-1.034923285771689461e-01  0.000000000000000000e+00  0.000000000000000000e+00
-3.492328577168857251e-03  0.000000000000000000e+00  0.000000000000000000e+00
9.650767142283123157e-02  0.000000000000000000e+00  0.000000000000000000e+00
1.965076714228310983e-01  1.730021983484963281e-265  1.730021983484963281e-265
2.965076714228311872e-01  6.470009689154460896e-195  6.470009689154460896e-195
3.965076714228310539e-01  3.360440365068443140e-135  3.360440365068443140e-135
4.965076714228311427e-01  2.423959765580698368e-86  2.423959765580698368e-86
5.965076714228312316e-01  2.428245392733859143e-48  2.428245392733859143e-48
6.965076714228313204e-01  3.378295948439722628e-21  3.378295948439722628e-21
7.965076714228314092e-01  6.527408064743684757e-05  6.527408064743684757e-05
8.965076714228310539e-01  1.751546968107637525e+01  1.751546968107637525e+01
9.965076714228311427e-01  6.527408064742966473e-05  6.527408064742966473e-05
1.096507671422831232e+00  3.378295948438978211e-21  3.378295948438978211e-21
1.196507671422831320e+00  2.428245392733065465e-48  2.428245392733065465e-48
1.296507671422831409e+00  2.423959765582313195e-86  2.423959765582313195e-86
1.396507671422831054e+00  1.958299269694057018e-68  1.958299269694057018e-68
1.496507671422831143e+00  5.259490427496871886e-44  5.259490427496871886e-44
1.596507671422831232e+00  5.264137835670950336e-25  5.264137835670950336e-25
1.696507671422831320e+00  1.963495054569386976e-11  1.963495054569386976e-11
1.796507671422831409e+00  2.729300453984703171e-03  2.729300453984703171e-03
1.896507671422831054e+00  1.413812637537141370e+00  1.413812637537141370e+00
1.996507671422831143e+00  2.729300453984552684e-03  2.729300453984552684e-03
2.096507671422831010e+00  1.963495054569170488e-11  1.963495054569170488e-11
2.196507671422831542e+00  5.264137835670090755e-25  5.264137835670090755e-25
2.296507671422831187e+00  5.259490427495677067e-44  5.259490427495677067e-44
2.396507671422830832e+00  1.140024085715601318e-46  1.140024085715601318e-46
2.496507671422831365e+00  2.202708858156880044e-30  2.202708858156880044e-30
2.596507671422831010e+00  1.023009076990170365e-17  1.023009076990170365e-17
2.696507671422830654e+00  1.142039679475134027e-08  1.142039679475134027e-08
2.796507671422831187e+00  3.064518286895437978e-03  3.064518286895437978e-03
2.896507671422830832e+00  1.976617147037021960e-01  1.976617147037021960e-01
2.996507671422831365e+00  3.064518286895212464e-03  3.064518286895212464e-03
3.096507671422831010e+00  1.142039679475134027e-08  1.142039679475134027e-08
3.196507671422831542e+00  1.023009076989944954e-17  1.023009076989944954e-17
3.296507671422831187e+00  2.202708858156253663e-30  2.202708858156253663e-30
3.396507671422830832e+00  4.088456058220630204e-36  4.088456058220630204e-36
3.496507671422831365e+00  6.700259727558619954e-24  6.700259727558619954e-24
3.596507671422831010e+00  2.119744072785142593e-14  2.119744072785142593e-14
3.696507671422831542e+00  1.294597336913089907e-07  1.294597336913089907e-07
3.796507671422831187e+00  1.526319585819130341e-03  1.526319585819130341e-03
3.896507671422830832e+00  3.473887365243780168e-02  3.473887365243780168e-02
3.996507671422831365e+00  1.526319585819045990e-03  1.526319585819045990e-03
4.096507671422831010e+00  1.294597336912947235e-07  1.294597336912947235e-07
4.196507671422831542e+00  2.119744072784795810e-14  2.119744072784795810e-14
4.296507671422831187e+00  6.700259727557143239e-24  6.700259727557143239e-24
4.396507671422830832e+00  4.979331871873190224e-30  4.979331871873190224e-30
4.496507671422831365e+00  2.943042672291495254e-20  2.943042672291495254e-20
4.596507671422831010e+00  1.172060398968658030e-12  1.172060398968658030e-12
4.696507671422831542e+00  3.145075070978377429e-07  3.145075070978377429e-07
4.796507671422831187e+00  5.686429124977017023e-04  5.686429124977017023e-04
4.896507671422830832e+00  6.927488847299960971e-03  6.927488847299960971e-03
4.996507671422831365e+00  5.686429124976764404e-04  5.686429124976764404e-04
5.096507671422831010e+00  3.145075070978097908e-07  3.145075070978097908e-07
5.196507671422831542e+00  1.172060398968503943e-12  1.172060398968503943e-12
5.296507671422831187e+00  2.943042672290972845e-20  2.943042672290972845e-20
5.396507671422830832e+00  3.595432585064551432e-26  3.595432585064551432e-26
5.496507671422831365e+00  4.997036664644386311e-18  4.997036664644386311e-18
5.596507671422831010e+00  1.076895917144571287e-11  1.076895917144571287e-11
5.696507671422831542e+00  3.598111220229346190e-07  3.598111220229346190e-07
5.796507671422831187e+00  1.863867756661775020e-04  1.863867756661775020e-04
5.896507671422830832e+00  1.496908540063292834e-03  1.496908540063292834e-03
5.996507671422831365e+00  1.863867756661705902e-04  1.863867756661705902e-04
6.096507671422831010e+00  3.598111220229084668e-07  3.598111220229084668e-07
6.196507671422831542e+00  1.076895917144452702e-11  1.076895917144452702e-11
6.296507671422831187e+00  4.997036664643716858e-18  4.997036664643716858e-18
6.396507671422830832e+00  1.402519754587974777e-23  1.402519754587974777e-23
6.496507671422830477e+00  1.335140962651440105e-16  1.335140962651440105e-16
6.596507671422831898e+00  3.582681030408154609e-11  3.582681030408154609e-11
6.696507671422831542e+00  2.702946482778286526e-07  2.702946482778286526e-07
6.796507671422831187e+00  5.733436786003653695e-05  5.733436786003653695e-05
6.896507671422830832e+00  3.419328995843948552e-04  3.419328995843948552e-04
6.996507671422830477e+00  5.733436786003653695e-05  5.733436786003653695e-05
7.096507671422831898e+00  2.702946482777945595e-07  2.702946482777945595e-07
7.196507671422831542e+00  3.582681030407467015e-11  3.582681030407467015e-11
7.296507671422831187e+00  1.335140962651743077e-16  1.335140962651743077e-16
7.396507671422830832e+00  8.965680005069982710e-22  8.965680005069982710e-22
7.496507671422830477e+00  1.129846955139340214e-15  1.129846955139340214e-15
7.596507671422831898e+00  6.354999421723375827e-11  6.354999421723375827e-11
7.696507671422831542e+00  1.570511624370583599e-07  1.570511624370583599e-07
7.796507671422831187e+00  1.705283300666823372e-05  1.705283300666823372e-05
7.896507671422830832e+00  8.135451627146360267e-05  8.135451627146360267e-05
7.996507671422832253e+00  1.705283300666728843e-05  1.705283300666728843e-05
8.096507671422831010e+00  1.570511624370410486e-07  1.570511624370410486e-07
8.196507671422832431e+00  6.354999421722314709e-11  6.354999421722314709e-11
8.296507671422830299e+00  1.129846955143191827e-15  1.129846955143191827e-15
8.396507671422831720e+00  1.750478329514037187e-20  1.750478329514037187e-20
8.496507671422833141e+00  4.460357263019400087e-15  4.460357263019400087e-15
8.596507671422831010e+00  7.441784832277150864e-11  7.441784832277150864e-11
8.696507671422832431e+00  7.719888202173343347e-08  7.719888202173343347e-08
8.796507671422830299e+00  4.979335074904476904e-06  4.979335074904476904e-06
8.896507671422831720e+00  1.996908348765267179e-05  1.996908348765267179e-05
8.996507671422833141e+00  4.979335074904231265e-06  4.979335074904231265e-06
9.096507671422832786e+00  7.719888202172588958e-08  7.719888202172588958e-08
9.196507671422832431e+00  7.441784832276040632e-11  7.441784832276040632e-11
9.296507671422832075e+00  4.460357263162302240e-15  4.460357263162302240e-15
9.396507671422831720e+00  1.513080082230739044e-19  1.513080082230739044e-19
9.496507671422833141e+00  1.035463378038344014e-14  1.035463378038344014e-14
9.596507671422832786e+00  6.534486426145442790e-11  6.534486426145442790e-11
9.696507671422832431e+00  3.384947771364392992e-08  3.384947771364392992e-08
9.796507671422832075e+00  1.439316417521113806e-06  1.439316417521113806e-06
9.896507671422831720e+00  5.023707921453983514e-06  5.023707921453983514e-06
9.996507671422833141e+00  1.439316417521050067e-06  1.439316417521050067e-06
1.009650767142283279e+01  3.384947771364091898e-08  3.384947771364091898e-08
1.019650767142283243e+01  6.534486426144571666e-11  6.534486426144571666e-11
1.029650767142283208e+01  1.035463378258450722e-14  1.035463378258450722e-14
1.039650767142283172e+01  7.268414263400141910e-19  7.268414263400141910e-19
