-1.575268799072066628e+00  3.524236150542875608e-42  3.524236150542875608e-42
-1.475268799072066539e+00  5.318138497416724702e-39  5.318138497416724702e-39
-1.375268799072066450e+00  7.296044608387540803e-36  7.296044608387540803e-36
-1.275268799072066805e+00  7.541513944936518075e-33  7.541513944936518075e-33
-1.175268799072066717e+00  5.742881471691026619e-30  5.742881471691026619e-30
-1.075268799072066628e+00  3.213250075648265032e-27  3.213250075648265032e-27
-9.752687990720665390e-01  1.320526249264037561e-24  1.320526249264037561e-24
-8.752687990720664502e-01  3.985780766751451778e-22  3.985780766751451778e-22
-7.752687990720665834e-01  8.835668117318237378e-20  8.835668117318237378e-20
-6.752687990720667166e-01  1.438547298175187263e-17  1.438547298175187263e-17
-5.752687990720666278e-01  1.720154531443358021e-15  1.720154531443358021e-15
-4.752687990720665390e-01  1.510668933518226027e-13  1.510668933518226027e-13
-3.752687990720664502e-01  9.743828552132870734e-12  9.743828552132870734e-12
-2.752687990720665834e-01  4.615815760088813889e-10  4.615815760088813889e-10
-1.752687990720664946e-01  1.605926972089558152e-08  1.605926972089558152e-08
-7.526879907206662779e-02  4.103567796495532429e-07  4.103567796495532429e-07
2.473120092793346103e-02  7.701156117748512861e-06  7.701156117748512861e-06
1.247312009279335498e-01  1.061472472799942227e-04  1.061472472799942227e-04
2.247312009279334166e-01  1.074533696912789759e-03  1.074533696912789759e-03
3.247312009279335054e-01  7.988952500033535964e-03  7.988952500033535964e-03
4.247312009279333722e-01  4.362326223557787264e-02  4.362326223557787264e-02
5.247312009279334610e-01  1.749463785691302009e-01  1.749463785691302009e-01
6.247312009279335498e-01  5.152883706058483115e-01  5.152883706058483115e-01
7.247312009279336387e-01  1.114690984970740040e+00  1.114690984970740040e+00
8.247312009279337275e-01  1.770998752741254734e+00  1.770998752741254734e+00
9.247312009279333722e-01  2.066549814554611508e+00  2.066549814554611508e+00
1.024731200927933461e+00  1.771174455995234043e+00  1.771174455995234043e+00
1.124731200927933550e+00  1.115373086408609105e+00  1.115373086408609105e+00
1.224731200927933639e+00  5.174629240809559549e-01  5.174629240809559549e-01
1.324731200927933727e+00  1.808762461071221905e-01  1.808762461071221905e-01
1.424731200927933372e+00  5.748003578217562859e-02  5.748003578217562859e-02
1.524731200927933461e+00  3.573865511742512630e-02  3.573865511742512630e-02
1.624731200927933550e+00  4.869982474349270063e-02  4.869982474349270063e-02
1.724731200927933639e+00  7.015589041731525033e-02  7.015589041731525033e-02
1.824731200927933727e+00  8.831228980090433112e-02  8.831228980090433112e-02
1.924731200927933372e+00  9.541655507112405121e-02  9.541655507112405121e-02
2.024731200927933461e+00  8.840770064522554539e-02  8.840770064522554539e-02
2.124731200927933550e+00  7.032851210039686718e-02  7.032851210039686718e-02
2.224731200927933639e+00  4.823706556489225361e-02  4.823706556489225361e-02
2.324731200927933727e+00  2.894592534646258861e-02  2.894592534646258861e-02
2.424731200927933372e+00  1.596379403830374896e-02  1.596379403830374896e-02
2.524731200927933905e+00  9.277760361430157851e-03  9.277760361430157851e-03
2.624731200927933550e+00  6.974327903370021800e-03  6.974327903370021800e-03
2.724731200927933195e+00  6.892340130167320771e-03  6.892340130167320771e-03
2.824731200927933727e+00  7.432697445621700393e-03  7.432697445621700393e-03
2.924731200927933372e+00  7.682312027526479528e-03  7.682312027526479528e-03
3.024731200927933905e+00  7.283461472739088081e-03  7.283461472739088081e-03
3.124731200927933550e+00  6.272135379392709820e-03  6.272135379392709820e-03
3.224731200927934083e+00  4.914341356919313571e-03  4.914341356919313571e-03
3.324731200927933727e+00  3.538562413866674309e-03  3.538562413866674309e-03
3.424731200927933372e+00  2.399049916107198668e-03  2.399049916107198668e-03
3.524731200927933905e+00  1.609931666196979519e-03  1.609931666196979519e-03
3.624731200927933550e+00  1.154857494311784015e-03  1.154857494311784015e-03
3.724731200927934083e+00  9.409358593532485575e-04  9.409358593532485575e-04
3.824731200927933727e+00  8.573589101171520113e-04  8.573589101171520113e-04
3.924731200927933372e+00  8.145353302951584317e-04  8.145353302951584317e-04
4.024731200927933905e+00  7.593481348084969067e-04  7.593481348084969067e-04
4.124731200927933550e+00  6.732634710617338989e-04  6.732634710617338989e-04
4.224731200927934083e+00  5.618764727703477171e-04  5.618764727703477171e-04
4.324731200927933727e+00  4.423106375071337920e-04  4.423106375071337920e-04
4.424731200927933372e+00  3.324856878519463397e-04  3.324856878519463397e-04
4.524731200927933905e+00  2.444111142399584100e-04  2.444111142399584100e-04
4.624731200927933550e+00  1.819850236787544189e-04  1.819850236787544189e-04
4.724731200927934083e+00  1.423213153560911432e-04  1.423213153560911432e-04
4.824731200927933727e+00  1.188299572825208682e-04  1.188299572825208682e-04
4.924731200927933372e+00  1.043414019775576679e-04  1.043414019775576679e-04
5.024731200927933905e+00  9.322763958782648785e-05  9.322763958782648785e-05
5.124731200927933550e+00  8.224441385430701927e-05  8.224441385430701927e-05
5.224731200927934083e+00  7.035252904418392910e-05  7.035252904418392910e-05
5.324731200927933727e+00  5.798418448701503288e-05  5.798418448701503288e-05
5.424731200927933372e+00  4.619032830290094755e-05  4.619032830290094755e-05
5.524731200927933905e+00  3.596232418684050470e-05  3.596232418684050470e-05
5.624731200927933550e+00  2.785658848498329384e-05  2.785658848498329384e-05
5.724731200927934083e+00  2.191448177895055960e-05  2.191448177895055960e-05
5.824731200927933727e+00  1.778556700471066633e-05  1.778556700471066633e-05
5.924731200927933372e+00  1.493559362517559316e-05  1.493559362517559316e-05
6.024731200927933905e+00  1.283989663701704491e-05  1.283989663701704491e-05
6.124731200927933550e+00  1.110614953269837439e-05  1.110614953269837439e-05
6.224731200927934083e+00  9.514733666100364594e-06  9.514733666100364594e-06
6.324731200927933727e+00  7.995489202259925977e-06  7.995489202259925977e-06
6.424731200927933372e+00  6.571994197470239605e-06  6.571994197470239605e-06
6.524731200927933017e+00  5.302296771185969762e-06  5.302296771185969762e-06
6.624731200927934438e+00  4.234887329299753933e-06  4.234887329299753933e-06
6.724731200927934083e+00  3.386896454312774726e-06  3.386896454312774726e-06
6.824731200927933727e+00  2.742181346752236905e-06  2.742181346752236905e-06
6.924731200927933372e+00  2.261902501119333355e-06  2.261902501119333355e-06
7.024731200927933017e+00  1.899277825446990823e-06  1.899277825446990823e-06
7.124731200927934438e+00  1.612153711453116789e-06  1.612153711453116789e-06
7.224731200927934083e+00  1.370182402190516063e-06  1.370182402190516063e-06
7.324731200927933727e+00  1.156321014947432444e-06  1.156321014947432444e-06
7.424731200927933372e+00  9.642503080878929834e-07  9.642503080878929834e-07
7.524731200927933017e+00  7.939705821066686081e-07  7.939705821066686081e-07
7.624731200927934438e+00  6.475397166025508786e-07  6.475397166025508786e-07
7.724731200927934083e+00  5.261344672001149399e-07  5.261344672001149399e-07
7.824731200927933727e+00  4.287711337945564251e-07  4.287711337945564251e-07
7.924731200927933372e+00  3.523963614965228658e-07  3.523963614965228658e-07
8.024731200927934793e+00  2.927588786759923671e-07  2.927588786759923671e-07
8.124731200927934438e+00  2.454655549924457462e-07  2.454655549924457462e-07
8.224731200927934083e+00  2.068015776221810918e-07  2.068015776221810918e-07
8.324731200927933727e+00  1.741314322071491779e-07  1.741314322071491779e-07
8.424731200927933372e+00  1.458994987203903332e-07  1.458994987203903332e-07
8.524731200927934793e+00  1.213678335917446897e-07  1.213678335917446897e-07
8.624731200927934438e+00  1.002595173350420367e-07  1.002595173350420367e-07
8.724731200927934083e+00  8.244295829795545841e-08  8.244295829795545841e-08
8.824731200927933727e+00  6.773026159014280198e-08  6.773026159014280198e-08
8.924731200927933372e+00  5.580148523243654471e-08  5.580148523243654471e-08
9.024731200927934793e+00  4.622472748587696587e-08  4.622472748587696587e-08
9.124731200927934438e+00  3.852498804406662308e-08  3.852498804406662308e-08
9.224731200927934083e+00  3.225841812154763740e-08  3.225841812154763740e-08
9.324731200927933727e+00  2.706399937684351863e-08  2.706399937684351863e-08
9.424731200927933372e+00  2.268273058984295216e-08  2.268273058984295216e-08
9.524731200927934793e+00  1.894856522596827671e-08  1.894856522596827671e-08
9.624731200927934438e+00  1.576277564399445936e-08  1.576277564399445936e-08
9.724731200927934083e+00  1.306440068986434162e-08  1.306440068986434162e-08
9.824731200927933727e+00  1.080611066690248851e-08  1.080611066690248851e-08
9.924731200927933372e+00  8.939849958178076928e-09  8.939849958178076928e-09
1.002473120092793479e+01  7.412147512277555958e-09  7.412147512277555958e-09
1.012473120092793444e+01  6.166204423729300684e-09  6.166204423729300684e-09
1.022473120092793408e+01  5.146995987257618579e-09  5.146995987257618579e-09
1.032473120092793373e+01  4.306214898071260145e-09  4.306214898071260145e-09
1.042473120092793337e+01  3.605205673208309907e-09  3.605205673208309907e-09
