-1.623593664904566580e+00  4.198210027719826960e-13  4.198210027719826960e-13
-1.523593664904566491e+00  3.767532958406821034e-12  3.767532958406821034e-12
-1.423593664904566403e+00  3.169579421477688350e-11  3.169579421477688350e-11
-1.323593664904566758e+00  2.465772180844343316e-10  2.465772180844343316e-10
-1.223593664904566669e+00  1.761893772625347027e-09  1.761893772625347027e-09
-1.123593664904566580e+00  1.152509799358318489e-08  1.152509799358318489e-08
-1.023593664904566491e+00  6.890209939213572170e-08  6.890209939213572170e-08
-9.235936649045664026e-01  3.761652698729405122e-07  3.761652698729405122e-07
-8.235936649045665359e-01  1.874529771502918726e-06  1.874529771502918726e-06
-7.235936649045666691e-01  8.524528567241535095e-06  8.524528567241535095e-06
-6.235936649045665803e-01  3.537167512078518772e-05  3.537167512078518772e-05
-5.235936649045664915e-01  1.339107938803059459e-04  1.339107938803059459e-04
-4.235936649045664026e-01  4.625208914248859029e-04  4.625208914248859029e-04
-3.235936649045665359e-01  1.457444013481121832e-03  1.457444013481121832e-03
-2.235936649045664470e-01  4.189776247911112736e-03  4.189776247911112736e-03
-1.235936649045665803e-01  1.098815899038166344e-02  1.098815899038166344e-02
-2.359366490456649146e-02  2.629015730421165736e-02  2.629015730421165736e-02
7.640633509543359736e-02  5.738476259023384679e-02  5.738476259023384679e-02
1.764063350954334641e-01  1.142716285554428862e-01  1.142716285554428862e-01
2.764063350954335530e-01  2.075988779351444213e-01  2.075988779351444213e-01
3.764063350954334197e-01  3.440863139375531787e-01  3.440863139375531787e-01
4.764063350954335085e-01  5.203367453456300140e-01  5.203367453456300140e-01
5.764063350954335974e-01  7.179741733272552162e-01  7.179741733272552162e-01
6.764063350954336862e-01  9.040605743116996162e-01  9.040605743116996162e-01
7.764063350954337750e-01  1.039091143476544410e+00  1.039091143476544410e+00
8.764063350954334197e-01  1.090606720314053479e+00  1.090606720314053479e+00
9.764063350954335085e-01  1.046178083241581902e+00  1.046178083241581902e+00
1.076406335095433597e+00  9.187158305003347847e-01  9.187158305003347847e-01
1.176406335095433686e+00  7.410239490858622213e-01  7.410239490858622213e-01
1.276406335095433775e+00  5.527007069463921729e-01  5.527007069463921729e-01
1.376406335095433420e+00  3.864554851049343265e-01  3.864554851049343265e-01
1.476406335095433509e+00  2.601071858882211263e-01  2.601071858882211263e-01
1.576406335095433597e+00  1.762372031498970204e-01  1.762372031498970204e-01
1.676406335095433686e+00  1.271921831824468496e-01  1.271921831824468496e-01
1.776406335095433775e+00  1.014587885010979351e-01  1.014587885010979351e-01
1.876406335095433420e+00  8.842776742857806627e-02  8.842776742857806627e-02
1.976406335095433509e+00  8.059466976419991935e-02  8.059466976419991935e-02
2.076406335095433597e+00  7.375113667527645467e-02  7.375113667527645467e-02
2.176406335095433686e+00  6.619089634689544199e-02  6.619089634689544199e-02
2.276406335095433775e+00  5.772157974507023670e-02  5.772157974507023670e-02
2.376406335095433420e+00  4.886121259716082882e-02  4.886121259716082882e-02
2.476406335095433953e+00  4.030705112692782588e-02  4.030705112692782588e-02
2.576406335095433597e+00  3.263960413405723321e-02  3.263960413405723321e-02
2.676406335095433242e+00  2.619826979707610276e-02  2.619826979707610276e-02
2.776406335095433775e+00  2.107108199098741905e-02  2.107108199098741905e-02
2.876406335095433420e+00  1.715042994370433518e-02  1.715042994370433518e-02
2.976406335095433953e+00  1.421507814166548915e-02  1.421507814166548915e-02
3.076406335095433597e+00  1.200887177257753576e-02  1.200887177257753576e-02
3.176406335095434130e+00  1.029856316760595358e-02  1.029856316760595358e-02
3.276406335095433775e+00  8.904966077707200320e-03  8.904966077707200320e-03
3.376406335095433420e+00  7.710494331526140770e-03  7.710494331526140770e-03
3.476406335095433953e+00  6.650777718876922477e-03  6.650777718876922477e-03
3.576406335095433597e+00  5.698824776676909322e-03  5.698824776676909322e-03
3.676406335095434130e+00  4.848477146926252757e-03  4.848477146926252757e-03
3.776406335095433775e+00  4.101200813266401429e-03  4.101200813266401429e-03
3.876406335095433420e+00  3.457725524071612530e-03  3.457725524071612530e-03
3.976406335095433953e+00  2.914253408766009218e-03  2.914253408766009218e-03
4.076406335095433597e+00  2.462023095169041734e-03  2.462023095169041734e-03
4.176406335095434130e+00  2.088776764130940468e-03  2.088776764130940468e-03
4.276406335095433775e+00  1.780878740688923018e-03  1.780878740688923018e-03
4.376406335095433420e+00  1.525234262081979261e-03  1.525234262081979261e-03
4.476406335095433953e+00  1.310578707347018809e-03  1.310578707347018809e-03
4.576406335095433597e+00  1.128046801227293016e-03  1.128046801227293016e-03
4.676406335095434130e+00  9.711467456889966501e-04  9.711467456889966501e-04
4.776406335095433775e+00  8.353590393440711147e-04  8.353590393440711147e-04
4.876406335095433420e+00  7.175825422922074790e-04  7.175825422922074790e-04
4.976406335095433953e+00  6.155987512622040003e-04  6.155987512622040003e-04
5.076406335095433597e+00  5.276539414233380465e-04  5.276539414233380465e-04
5.176406335095434130e+00  4.521928427885993492e-04  4.521928427885993492e-04
5.276406335095433775e+00  3.877303416276301319e-04  3.877303416276301319e-04
5.376406335095433420e+00  3.328228071684134130e-04  3.328228071684134130e-04
5.476406335095433953e+00  2.860947871854308553e-04  2.860947871854308553e-04
5.576406335095433597e+00  2.462835603058706837e-04  2.462835603058706837e-04
5.676406335095434130e+00  2.122766152221688214e-04  2.122766152221688214e-04
5.776406335095433775e+00  1.831301984834401227e-04  1.831301984834401227e-04
5.876406335095433420e+00  1.580673777168326542e-04  1.580673777168326542e-04
5.976406335095433953e+00  1.364603438888430521e-04  1.364603438888430521e-04
6.076406335095433597e+00  1.178041274109831301e-04  1.178041274109831301e-04
6.176406335095434130e+00  1.016885438885636010e-04  1.016885438885636010e-04
6.276406335095433775e+00  8.777327168695287093e-05  8.777327168695287093e-05
6.376406335095433420e+00  7.576859865111179333e-05  7.576859865111179333e-05
6.476406335095433064e+00  6.542231470571809406e-05  6.542231470571809406e-05
6.576406335095434486e+00  5.651184365535600582e-05  5.651184365535600582e-05
6.676406335095434130e+00  4.884006066502571687e-05  4.884006066502571687e-05
6.776406335095433775e+00  4.223319154378656271e-05  4.223319154378656271e-05
6.876406335095433420e+00  3.653951096190218749e-05  3.653951096190218749e-05
6.976406335095433064e+00  3.162802680548460615e-05  3.162802680548460615e-05
7.076406335095434486e+00  2.738678900033558430e-05  2.738678900033558430e-05
7.176406335095434130e+00  2.372079735304974963e-05  2.372079735304974963e-05
7.276406335095433775e+00  2.054967388941986533e-05  2.054967388941986533e-05
7.376406335095433420e+00  1.780532670896764908e-05  1.780532670896764908e-05
7.476406335095433064e+00  1.542980424848870943e-05  1.542980424848870943e-05
7.576406335095434486e+00  1.337346564028716601e-05  1.337346564028716601e-05
7.676406335095434130e+00  1.159351154433319438e-05  1.159351154433319438e-05
7.776406335095433775e+00  1.005285417540283471e-05  1.005285417540283471e-05
7.876406335095433420e+00  8.719265509988038341e-06  8.719265509988038341e-06
7.976406335095434841e+00  7.564728676731519693e-06  7.564728676731519693e-06
8.076406335095434486e+00  6.564922972998405709e-06  6.564922972998405709e-06
8.176406335095434130e+00  5.698789309015586722e-06  5.698789309015586722e-06
8.276406335095433775e+00  4.948142395864661240e-06  4.948142395864661240e-06
8.376406335095433420e+00  4.297313193798028094e-06  4.297313193798028094e-06
8.476406335095434841e+00  3.732817232216258848e-06  3.732817232216258848e-06
8.576406335095434486e+00  3.243050887233757543e-06  3.243050887233757543e-06
8.676406335095434130e+00  2.818019535619294784e-06  2.818019535619294784e-06
8.776406335095433775e+00  2.449100343732833484e-06  2.449100343732833484e-06
8.876406335095433420e+00  2.128839962532669974e-06  2.128839962532669974e-06
8.976406335095434841e+00  1.850784870772623105e-06  1.850784870772623105e-06
9.076406335095434486e+00  1.609340295667488374e-06  1.609340295667488374e-06
9.176406335095434130e+00  1.399652807861553985e-06  1.399652807861553985e-06
9.276406335095433775e+00  1.217511743967687838e-06  1.217511743967687838e-06
9.376406335095433420e+00  1.059265274292535313e-06  1.059265274292535313e-06
9.476406335095434841e+00  9.217478796827495711e-07  9.217478796827495711e-07
9.576406335095434486e+00  8.022169559415608828e-07  8.022169559415608828e-07
9.676406335095434130e+00  6.982970511365382658e-07  6.982970511365382658e-07
9.776406335095433775e+00  6.079307865226462323e-07  6.079307865226462323e-07
9.876406335095433420e+00  5.293358219879868349e-07  5.293358219879868349e-07
9.976406335095434841e+00  4.609673558498953016e-07  4.609673558498953016e-07
1.007640633509543449e+01  4.014856672000102958e-07  4.014856672000102958e-07
1.017640633509543413e+01  3.497281815465465945e-07  3.497281815465465945e-07
1.027640633509543377e+01  3.046855135821288322e-07  3.046855135821288322e-07
1.037640633509543342e+01  2.654809392934227848e-07  2.654809392934227848e-07
