-1.500000000000000000e+00  3.835216347344893091e-26  3.835216347344893091e-26
-1.399999999999999911e+00  3.937065399550777898e-24  3.937065399550777898e-24
-1.299999999999999822e+00  3.345477663785424076e-22  3.345477663785424076e-22
-1.200000000000000178e+00  2.353132514183654504e-20  2.353132514183654504e-20
-1.100000000000000089e+00  1.370053035331760260e-18  1.370053035331760260e-18
-1.000000000000000000e+00  6.602845238727317455e-17  6.602845238727317455e-17
-8.999999999999999112e-01  2.634071755552964973e-15  2.634071755552964973e-15
-7.999999999999998224e-01  8.698148729031312194e-14  8.698148729031312194e-14
-6.999999999999999556e-01  2.377545306663693319e-12  2.377545306663693319e-12
-6.000000000000000888e-01  5.379396032698057423e-11  5.379396032698057423e-11
-5.000000000000000000e-01  1.007490545906019455e-09  1.007490545906019455e-09
-3.999999999999999112e-01  1.561892664013196331e-08  1.561892664013196331e-08
-2.999999999999998224e-01  2.004306501058965132e-07  2.004306501058965132e-07
-1.999999999999999556e-01  2.129020433314040189e-06  2.129020433314040189e-06
-9.999999999999986677e-02  1.871967344939364102e-05  1.871967344939364102e-05
0.000000000000000000e+00  1.362446482140149270e-04  1.362446482140149270e-04
1.000000000000000888e-01  8.208114001884900517e-04  8.208114001884900517e-04
2.000000000000001776e-01  4.093266790237525508e-03  4.093266790237525508e-03
3.000000000000000444e-01  1.689660566689445143e-02  1.689660566689445143e-02
4.000000000000001332e-01  5.773399759036782625e-02  5.773399759036782625e-02
5.000000000000000000e-01  1.632926117496844298e-01  1.632926117496844298e-01
6.000000000000000888e-01  3.822999008086334638e-01  3.822999008086334638e-01
7.000000000000001776e-01  7.408743850884672577e-01  7.408743850884672577e-01
8.000000000000002665e-01  1.188468618532668719e+00  1.188468618532668719e+00
9.000000000000003553e-01  1.578096664957800543e+00  1.578096664957800543e+00
1.000000000000000000e+00  1.734531653919272776e+00  1.734531653919272776e+00
1.100000000000000089e+00  1.578096664957799211e+00  1.578096664957799211e+00
1.200000000000000178e+00  1.188468618532666721e+00  1.188468618532666721e+00
1.300000000000000266e+00  7.408743850884653703e-01  7.408743850884653703e-01
1.400000000000000355e+00  3.822999008086320760e-01  3.822999008086320760e-01
1.500000000000000000e+00  1.632926117496844298e-01  1.632926117496844298e-01
1.600000000000000089e+00  5.773399759036767359e-02  5.773399759036767359e-02
1.700000000000000178e+00  1.689660566689440632e-02  1.689660566689440632e-02
1.800000000000000266e+00  4.093266790237492549e-03  4.093266790237492549e-03
1.900000000000000355e+00  8.208114001884841970e-04  8.208114001884841970e-04
2.000000000000000000e+00  1.362446482140149270e-04  1.362446482140149270e-04
2.100000000000000089e+00  1.871967344939357665e-05  1.871967344939357665e-05
2.200000000000000178e+00  2.129020433314028754e-06  2.129020433314028754e-06
2.300000000000000266e+00  2.004306501058943956e-07  2.004306501058943956e-07
2.400000000000000355e+00  1.561892664013179787e-08  1.561892664013179787e-08
2.500000000000000000e+00  1.007490545906019455e-09  1.007490545906019455e-09
2.600000000000000533e+00  5.379396032697981167e-11  5.379396032697981167e-11
2.700000000000000178e+00  2.377545306663676355e-12  2.377545306663676355e-12
2.799999999999999822e+00  8.698148729031312194e-14  8.698148729031312194e-14
2.900000000000000355e+00  2.634071755552927502e-15  2.634071755552927502e-15
3.000000000000000000e+00  6.602845238727317455e-17  6.602845238727317455e-17
3.100000000000000533e+00  1.370053035331740808e-18  1.370053035331740808e-18
3.200000000000000178e+00  2.353132514183654504e-20  2.353132514183654504e-20
3.300000000000000711e+00  3.345477663785305116e-22  3.345477663785305116e-22
3.400000000000000355e+00  3.937065399550694879e-24  3.937065399550694879e-24
3.500000000000000000e+00  3.835216347344893091e-26  3.835216347344893091e-26
3.600000000000000533e+00  3.092501016890150802e-28  3.092501016890150802e-28
3.700000000000000178e+00  2.064108768723922742e-30  2.064108768723922742e-30
3.800000000000000711e+00  1.140402211833321662e-32  1.140402211833321662e-32
3.900000000000000355e+00  5.215383726612107059e-35  5.215383726612107059e-35
4.000000000000000000e+00  1.974318561661095310e-37  1.974318561661095310e-37
4.100000000000000533e+00  6.186584284941060479e-40  6.186584284941060479e-40
4.200000000000000178e+00  1.604676098801085087e-42  1.604676098801085087e-42
4.300000000000000711e+00  3.445296304602538715e-45  3.445296304602538715e-45
4.400000000000000355e+00  6.123060028269727923e-48  6.123060028269727923e-48
4.500000000000000000e+00  9.007685205922839007e-51  9.007685205922839007e-51
4.600000000000000533e+00  1.096883814289458064e-53  1.096883814289458064e-53
4.700000000000000178e+00  1.105632509901872175e-56  1.105632509901872175e-56
4.800000000000000711e+00  9.224943538564372152e-60  9.224943538564372152e-60
4.900000000000000355e+00  6.371172704498867219e-63  6.371172704498867219e-63
5.000000000000000000e+00  3.642317355120463322e-66  3.642317355120463322e-66
5.100000000000000533e+00  1.723609714144917538e-69  1.723609714144917538e-69
5.200000000000000178e+00  6.751539726342808224e-73  6.751539726342808224e-73
5.300000000000000711e+00  2.189119483020618295e-76  2.189119483020618295e-76
5.400000000000000355e+00  5.875419081783058542e-80  5.875419081783058542e-80
5.500000000000000000e+00  1.305301920683031412e-83  1.305301920683031412e-83
5.600000000000000533e+00  2.400412331373742134e-87  2.400412331373742134e-87
5.700000000000000178e+00  3.653957281450639111e-91  3.653957281450639111e-91
5.800000000000000711e+00  4.604090234470450004e-95  4.604090234470450004e-95
5.900000000000000355e+00  4.802052812771255014e-99  4.802052812771255014e-99
6.000000000000000000e+00  4.145842334687921743e-103  4.145842334687921743e-103
6.100000000000000533e+00  2.962793452789388969e-107  2.962793452789388969e-107
6.200000000000000178e+00  1.752639982940359403e-111  1.752639982940359403e-111
6.300000000000000711e+00  8.581966169909110696e-116  8.581966169909110696e-116
6.400000000000000355e+00  3.478432865874579182e-120  3.478432865874579182e-120
6.500000000000000000e+00  1.167033164527154132e-124  1.167033164527154132e-124
6.599999999999999645e+00  3.241048383910087790e-129  3.241048383910087790e-129
6.700000000000001066e+00  7.450588459682508439e-134  7.450588459682508439e-134
6.800000000000000711e+00  1.417745837239559466e-138  1.417745837239559466e-138
6.900000000000000355e+00  2.233103903082445413e-143  2.233103903082445413e-143
7.000000000000000000e+00  2.911536405985016501e-148  2.911536405985016501e-148
7.099999999999999645e+00  3.142232119714319756e-153  3.142232119714319756e-153
7.200000000000001066e+00  2.807094587466375891e-158  2.807094587466375891e-158
7.300000000000000711e+00  2.075766861604626521e-163  2.075766861604626521e-163
7.400000000000000355e+00  1.270582432868048013e-168  1.270582432868048013e-168
7.500000000000000000e+00  6.437687081058591288e-174  6.437687081058591288e-174
7.599999999999999645e+00  2.699974260153367449e-179  2.699974260153367449e-179
7.700000000000001066e+00  9.373291627426083933e-185  9.373291627426083933e-185
7.800000000000000711e+00  2.693564496742558744e-190  2.693564496742558744e-190
7.900000000000000355e+00  6.407157108167235314e-196  6.407157108167235314e-196
8.000000000000000000e+00  1.261554775868385892e-201  1.261554775868385892e-201
8.100000000000001421e+00  2.056125386189355887e-207  2.056125386189355887e-207
8.200000000000001066e+00  2.773932077709533979e-213  2.773932077709533979e-213
8.300000000000000711e+00  3.097738795346616835e-219  3.097738795346616835e-219
8.400000000000000355e+00  2.863495541569637864e-225  2.863495541569637864e-225
8.500000000000000000e+00  2.191043359908431730e-231  2.191043359908431730e-231
8.600000000000001421e+00  1.387740226909198876e-237  1.387740226909198876e-237
8.700000000000001066e+00  7.275588491370355201e-244  7.275588491370355201e-244
8.800000000000000711e+00  3.157408847186240475e-250  3.157408847186240475e-250
8.900000000000000355e+00  1.134217281740440392e-256  1.134217281740440392e-256
9.000000000000000000e+00  3.372596953212234024e-263  3.372596953212234024e-263
9.100000000000001421e+00  8.301094748125822942e-270  8.301094748125822942e-270
9.200000000000001066e+00  1.691254802749020613e-276  1.691254802749020613e-276
9.300000000000000711e+00  2.852236014681196750e-283  2.852236014681196750e-283
9.400000000000000355e+00  3.981664107460086725e-290  3.981664107460086725e-290
9.500000000000000000e+00  4.600939531765589329e-297  4.600939531765589329e-297
9.600000000000001421e+00  4.400795372938808144e-304  4.400795372938808144e-304
9.700000000000001066e+00  3.484324298287480749e-311  3.484324298287480749e-311
9.800000000000000711e+00  2.283541771139491052e-318  2.283541771139491052e-318
9.900000000000000355e+00  0.000000000000000000e+00  0.000000000000000000e+00
1.000000000000000000e+01  0.000000000000000000e+00  0.000000000000000000e+00
1.010000000000000142e+01  0.000000000000000000e+00  0.000000000000000000e+00
1.020000000000000107e+01  0.000000000000000000e+00  0.000000000000000000e+00
1.030000000000000071e+01  0.000000000000000000e+00  0.000000000000000000e+00
1.040000000000000036e+01  0.000000000000000000e+00  0.000000000000000000e+00
1.050000000000000000e+01  0.000000000000000000e+00  0.000000000000000000e+00
