-1.598900662892797975e+00  9.534001146861257738e-12  9.534001146861257738e-12
-1.498900662892797886e+00  6.764312897064767873e-11  6.764312897064767873e-11
-1.398900662892797797e+00  4.506344508383864241e-10  4.506344508383864241e-10
-1.298900662892798152e+00  2.794095780320651516e-09  2.794095780320651516e-09
-1.198900662892798064e+00  1.605029225815635766e-08  1.605029225815635766e-08
-1.098900662892797975e+00  8.521455495428563133e-08  8.521455495428563133e-08
-9.989006628927978859e-01  4.176255763172110932e-07  4.176255763172110932e-07
-8.989006628927977971e-01  1.888026024476889637e-06  1.888026024476889637e-06
-7.989006628927979303e-01  7.870702265485932577e-06  7.870702265485932577e-06
-6.989006628927980636e-01  3.024901899202071234e-05  3.024901899202071234e-05
-5.989006628927979747e-01  1.071637364612255846e-04  1.071637364612255846e-04
-4.989006628927978859e-01  3.499382428999603953e-04  3.499382428999603953e-04
-3.989006628927977971e-01  1.053229171213535681e-03  1.053229171213535681e-03
-2.989006628927979303e-01  2.921667236289970417e-03  2.921667236289970417e-03
-1.989006628927978415e-01  7.469787783010982743e-03  7.469787783010982743e-03
-9.890066289279797473e-02  1.760158893945315550e-02  1.760158893945315550e-02
1.099337107202114083e-03  3.822614290311391466e-02  3.822614290311391466e-02
1.010993371072022029e-01  7.651299128390610937e-02  7.651299128390610937e-02
2.010993371072020697e-01  1.411495588965667458e-01  1.411495588965667458e-01
3.010993371072021585e-01  2.399939359080765222e-01  2.399939359080765222e-01
4.010993371072020253e-01  3.761048418642496949e-01  3.761048418642496949e-01
5.010993371072021141e-01  5.432810873729698731e-01  5.432810873729698731e-01
6.010993371072022029e-01  7.234008114709431503e-01  7.234008114709431503e-01
7.010993371072022917e-01  8.880260361872028829e-01  8.880260361872028829e-01
8.010993371072023805e-01  1.005210522538933171e+00  1.005210522538933171e+00
9.010993371072020253e-01  1.049629271792127394e+00  1.049629271792127394e+00
1.001099337107202114e+00  1.011712960905382985e+00  1.011712960905382985e+00
1.101099337107202203e+00  9.012968924405683202e-01  9.012968924405683202e-01
1.201099337107202292e+00  7.438805266848509401e-01  7.438805266848509401e-01
1.301099337107202381e+00  5.714190351001063872e-01  5.714190351001063872e-01
1.401099337107202025e+00  4.121529665575850987e-01  4.121529665575850987e-01
1.501099337107202114e+00  2.838039736204779895e-01  2.838039736204779895e-01
1.601099337107202203e+00  1.920217628094625095e-01  1.920217628094625095e-01
1.701099337107202292e+00  1.331372685896434482e-01  1.331372685896434482e-01
1.801099337107202381e+00  9.873846234962264934e-02  9.873846234962264934e-02
1.901099337107202025e+00  7.975254381821353378e-02  7.975254381821353378e-02
2.001099337107202114e+00  6.887486209071674859e-02  6.887486209071674859e-02
2.101099337107202203e+00  6.134215273773833965e-02  6.134215273773833965e-02
2.201099337107202292e+00  5.464949346085841431e-02  5.464949346085841431e-02
2.301099337107202381e+00  4.785724740001899569e-02  4.785724740001899569e-02
2.401099337107202025e+00  4.090560550483837710e-02  4.090560550483837710e-02
2.501099337107202558e+00  3.410737963327292732e-02  3.410737963327292732e-02
2.601099337107202203e+00  2.783703753340039874e-02  2.783703753340039874e-02
2.701099337107201848e+00  2.237408213522249986e-02  2.237408213522249986e-02
2.801099337107202381e+00  1.785025746899428570e-02  1.785025746899428570e-02
2.901099337107202025e+00  1.425867967884074383e-02  1.425867967884074383e-02
3.001099337107202558e+00  1.149349916740714968e-02  1.149349916740714968e-02
3.101099337107202203e+00  9.397761746403502509e-03  9.397761746403502509e-03
3.201099337107202736e+00  7.805177246545406435e-03  7.805177246545406435e-03
3.301099337107202381e+00  6.568717268273076455e-03  6.568717268273076455e-03
3.401099337107202025e+00  5.574789413927125348e-03  5.574789413927125348e-03
3.501099337107202558e+00  4.745558163108246075e-03  4.745558163108246075e-03
3.601099337107202203e+00  4.033677006973387415e-03  4.033677006973387415e-03
3.701099337107202736e+00  3.413679317739150721e-03  3.413679317739150721e-03
3.801099337107202381e+00  2.873248046662463511e-03  2.873248046662463511e-03
3.901099337107202025e+00  2.406230591004001034e-03  2.406230591004001034e-03
4.001099337107202558e+00  2.008062927356260487e-03  2.008062927356260487e-03
4.101099337107202203e+00  1.673442876662405675e-03  1.673442876662405675e-03
4.201099337107202736e+00  1.395673135121678005e-03  1.395673135121678005e-03
4.301099337107202381e+00  1.166994416834232036e-03  1.166994416834232036e-03
4.401099337107202025e+00  9.793250415102191641e-04  9.793250415102191641e-04
4.501099337107202558e+00  8.250044733964154425e-04  8.250044733964154425e-04
4.601099337107202203e+00  6.973259631083069147e-04  6.973259631083069147e-04
4.701099337107202736e+00  5.907936194690434914e-04  5.907936194690434914e-04
4.801099337107202381e+00  5.011360289441553484e-04  5.011360289441553484e-04
4.901099337107202025e+00  4.251545700427276095e-04  4.251545700427276095e-04
5.001099337107202558e+00  3.604921562200429411e-04  3.604921562200429411e-04
5.101099337107202203e+00  3.053924867733116876e-04  3.053924867733116876e-04
5.201099337107202736e+00  2.584946495902720439e-04  2.584946495902720439e-04
5.301099337107202381e+00  2.186829709290934903e-04  2.186829709290934903e-04
5.401099337107202025e+00  1.849929021223876491e-04  1.849929021223876491e-04
5.501099337107202558e+00  1.565623287676881593e-04  1.565623287676881593e-04
5.601099337107202203e+00  1.326133058047758288e-04  1.326133058047758288e-04
5.701099337107202736e+00  1.124498825149285874e-04  1.124498825149285874e-04
5.801099337107202381e+00  9.546110891832821363e-05  9.546110891832821363e-05
5.901099337107202025e+00  8.112257944733278095e-05  8.112257944733278095e-05
6.001099337107202558e+00  6.899367607723984092e-05  6.899367607723984092e-05
6.101099337107202203e+00  5.871038144629465413e-05  5.871038144629465413e-05
6.201099337107202736e+00  4.997502143379333383e-05  4.997502143379333383e-05
6.301099337107202381e+00  4.254476820348666069e-05  4.254476820348666069e-05
6.401099337107202025e+00  3.622053054489417939e-05  3.622053054489417939e-05
6.501099337107201670e+00  3.083732367534621957e-05  3.083732367534621957e-05
6.601099337107203091e+00  2.625661569813430584e-05  2.625661569813430584e-05
6.701099337107202736e+00  2.236065962368542819e-05  2.236065962368542819e-05
6.801099337107202381e+00  1.904850885906761597e-05  1.904850885906761597e-05
6.901099337107202025e+00  1.623328000857425486e-05  1.623328000857425486e-05
7.001099337107201670e+00  1.384022882372979354e-05  1.384022882372979354e-05
7.101099337107203091e+00  1.180528831895569674e-05  1.180528831895569674e-05
7.201099337107202736e+00  1.007383194948696747e-05  1.007383194948696747e-05
7.301099337107202381e+00  8.599532839788923740e-06  8.599532839788923740e-06
7.401099337107202025e+00  7.343272226273678362e-06  7.343272226273678362e-06
7.501099337107201670e+00  6.272100453627210431e-06  6.272100453627210431e-06
7.601099337107203091e+00  5.358275490211591199e-06  5.358275490211591199e-06
7.701099337107202736e+00  4.578405230979517147e-06  4.578405230979517147e-06
7.801099337107202381e+00  3.912710004851999217e-06  3.912710004851999217e-06
7.901099337107202025e+00  3.344408374053594103e-06  3.344408374053594103e-06
8.001099337107202558e+00  2.859217612029153202e-06  2.859217612029153202e-06
8.101099337107203979e+00  2.444952661630433921e-06  2.444952661630433921e-06
8.201099337107201848e+00  2.091204332250401603e-06  2.091204332250401603e-06
8.301099337107203269e+00  1.789078142779510723e-06  1.789078142779510723e-06
8.401099337107201137e+00  1.530978169315242307e-06  1.530978169315242307e-06
8.501099337107202558e+00  1.310424136691389028e-06  1.310424136691389028e-06
8.601099337107203979e+00  1.121893750758712392e-06  1.121893750758712392e-06
8.701099337107201848e+00  9.606852865560302862e-07  9.606852865560302862e-07
8.801099337107203269e+00  8.227975053509381756e-07  8.227975053509381756e-07
8.901099337107201137e+00  7.048251354918409304e-07  7.048251354918409304e-07
9.001099337107202558e+00  6.038686378577909001e-07  6.038686378577909001e-07
9.101099337107203979e+00  5.174570501825512392e-07  5.174570501825512392e-07
9.201099337107201848e+00  4.434825982019793993e-07  4.434825982019793993e-07
9.301099337107203269e+00  3.801456395325399195e-07  3.801456395325399195e-07
9.401099337107201137e+00  3.259084574971937279e-07  3.259084574971937279e-07
9.501099337107202558e+00  2.794564735744178877e-07  2.794564735744178877e-07
9.601099337107203979e+00  2.396655845392549463e-07  2.396655845392549463e-07
9.701099337107201848e+00  2.055745198906385095e-07  2.055745198906385095e-07
9.801099337107203269e+00  1.763613201778526953e-07  1.763613201778526953e-07
9.901099337107201137e+00  1.513232281379327685e-07  1.513232281379327685e-07
1.000109933710720256e+01  1.298594445371705282e-07  1.298594445371705282e-07
1.010109933710720398e+01  1.114563230069859267e-07  1.114563230069859267e-07
1.020109933710720185e+01  9.567466522746703573e-08  9.567466522746703573e-08
1.030109933710720327e+01  8.213883666352445618e-08  8.213883666352445618e-08
1.040109933710720114e+01  7.052746239901974001e-08  7.052746239901974001e-08
