-1.520408163265156709e+00  3.799608833206031340e-94  3.799608833206031340e-94
-1.420408163265156176e+00  4.540904910484561810e-87  4.540904910484561810e-87
-1.320408163265156531e+00  5.515932015839238553e-80  5.515932015839238553e-80
-1.220408163265156443e+00  3.368548929280993735e-73  3.368548929280993735e-73
-1.120408163265156354e+00  1.027307350035130628e-66  1.027307350035130628e-66
-1.020408163265156709e+00  1.564461529453062980e-60  1.564461529453062980e-60
-9.204081632651563982e-01  1.189695988298032336e-54  1.189695988298032336e-54
-8.204081632651565315e-01  4.517661802672301705e-49  4.517661802672301705e-49
-7.204081632651564426e-01  8.566393987823111406e-44  8.566393987823111406e-44
-6.204081632651563538e-01  8.111272337772880994e-39  8.111272337772880994e-39
-5.204081632651564870e-01  3.835186884002732282e-34  3.835186884002732282e-34
-4.204081632651563982e-01  9.055046596478640080e-30  9.055046596478640080e-30
-3.204081632651563094e-01  1.067582527526777892e-25  1.067582527526777892e-25
-2.204081632651564426e-01  6.285196137938013062e-22  6.285196137938013062e-22
-1.204081632651563538e-01  1.847748346849308194e-18  1.847748346849308194e-18
-2.040816326515648704e-02  2.712522939213934039e-15  2.712522939213934039e-15
7.959183673484360177e-02  1.988431464065364463e-12  1.988431464065364463e-12
1.795918367348436906e-01  7.278710451343018634e-10  7.278710451343018634e-10
2.795918367348435574e-01  1.330469337157046266e-07  1.330469337157046266e-07
3.795918367348436462e-01  1.214400413268191601e-05  1.214400413268191601e-05
4.795918367348435130e-01  5.535101032690981386e-04  5.535101032690981386e-04
5.795918367348436018e-01  1.259783188361191658e-02  1.259783188361191658e-02
6.795918367348436906e-01  1.431768074093255905e-01  1.431768074093255905e-01
7.795918367348437794e-01  8.125613289089990143e-01  8.125613289089990143e-01
8.795918367348438682e-01  2.302747052255670113e+00  2.302747052255670113e+00
9.795918367348435130e-01  3.258689117765411591e+00  3.258689117765411591e+00
1.079591836734843602e+00  2.302747087507929002e+00  2.302747087507929002e+00
1.179591836734843691e+00  8.125620040234250441e-01  8.125620040234250441e-01
1.279591836734843779e+00  1.431859349338349408e-01  1.431859349338349408e-01
1.379591836734843868e+00  1.268503490377828960e-02  1.268503490377828960e-02
1.479591836734843513e+00  1.142236284193040878e-03  1.142236284193040878e-03
1.579591836734843602e+00  2.820799530686727338e-03  2.820799530686727338e-03
1.679591836734843691e+00  9.468757908062917783e-03  9.468757908062917783e-03
1.779591836734843779e+00  2.255686099984829593e-02  2.255686099984829593e-02
1.879591836734843868e+00  3.797289435865128238e-02  3.797289435865128238e-02
1.979591836734843513e+00  4.517229299850736984e-02  4.517229299850736984e-02
2.079591836734843824e+00  3.797298545116880447e-02  3.797298545116880447e-02
2.179591836734843469e+00  2.255751826949243394e-02  2.255751826949243394e-02
2.279591836734844001e+00  9.472359500606482990e-03  9.472359500606482990e-03
2.379591836734843646e+00  2.825470703001230644e-03  2.825470703001230644e-03
2.479591836734843291e+00  6.487913423724063749e-04  6.487913423724063749e-04
2.579591836734843824e+00  2.574238630687953103e-04  2.574238630687953103e-04
2.679591836734843469e+00  3.918391936672122587e-04  3.918391936672122587e-04
2.779591836734843113e+00  6.833274678070220274e-04  6.833274678070220274e-04
2.879591836734843646e+00  9.660786304988034376e-04  9.660786304988034376e-04
2.979591836734843291e+00  1.084587318667819484e-03  1.084587318667819484e-03
3.079591836734843824e+00  9.660714121118486484e-04  9.660714121118486484e-04
3.179591836734843469e+00  6.827787827573115380e-04  6.827787827573115380e-04
3.279591836734844001e+00  3.831769781786545500e-04  3.831769781786545500e-04
3.379591836734843646e+00  1.716591225392151616e-04  1.716591225392151616e-04
3.479591836734843291e+00  6.380226085183489349e-05  6.380226085183489349e-05
3.579591836734843824e+00  2.497775333758522648e-05  2.497775333758522648e-05
3.679591836734843469e+00  1.872188359330313143e-05  1.872188359330313143e-05
3.779591836734844001e+00  2.379032978115823701e-05  2.379032978115823701e-05
3.879591836734843646e+00  3.010561697032109553e-05  3.010561697032109553e-05
3.979591836734843291e+00  3.274640673644801719e-05  3.274640673644801719e-05
4.079591836734843824e+00  3.001831428477447097e-05  3.001831428477447097e-05
4.179591836734843469e+00  2.314544681112664076e-05  2.314544681112664076e-05
4.279591836734844001e+00  1.502454517300930144e-05  1.502454517300930144e-05
4.379591836734843646e+00  8.254598650252072451e-06  8.254598650252072451e-06
4.479591836734843291e+00  3.934636962811715509e-06  3.934636962811715509e-06
4.579591836734843824e+00  1.807330161731061087e-06  1.807330161731061087e-06
4.679591836734843469e+00  1.065391372011099136e-06  1.065391372011099136e-06
4.779591836734844001e+00  9.757335721182782546e-07  9.757335721182782546e-07
4.879591836734843646e+00  1.074830568023307163e-06  1.074830568023307163e-06
4.979591836734843291e+00  1.126758887206012599e-06  1.126758887206012599e-06
5.079591836734843824e+00  1.047141979966225965e-06  1.047141979966225965e-06
5.179591836734843469e+00  8.503189310013669988e-07  8.503189310013669988e-07
5.279591836734844001e+00  6.025212103322532462e-07  6.025212103322532462e-07
5.379591836734843646e+00  3.742300776236590810e-07  3.742300776236590810e-07
5.479591836734843291e+00  2.073278845704546587e-07  2.073278845704546587e-07
5.579591836734843824e+00  1.085043509219415789e-07  1.085043509219415789e-07
5.679591836734843469e+00  6.202288859745854362e-08  6.202288859745854362e-08
5.779591836734844001e+00  4.617178651551494820e-08  4.617178651551494820e-08
5.879591836734843646e+00  4.330982828349958500e-08  4.330982828349958500e-08
5.979591836734843291e+00  4.269387571872760077e-08  4.269387571872760077e-08
6.079591836734843824e+00  3.954333241628915714e-08  3.954333241628915714e-08
6.179591836734843469e+00  3.312418601008440278e-08  3.312418601008440278e-08
6.279591836734844001e+00  2.486505580159115393e-08  2.486505580159115393e-08
6.379591836734843646e+00  1.675615635815875105e-08  1.675615635815875105e-08
6.479591836734843291e+00  1.026263115917602342e-08  1.026263115917602342e-08
6.579591836734842936e+00  5.918023549074368036e-09  5.918023549074368036e-09
6.679591836734844357e+00  3.485579111389465566e-09  3.485579111389465566e-09
6.779591836734844001e+00  2.363147638891382646e-09  2.363147638891382646e-09
6.879591836734843646e+00  1.936496807212244315e-09  1.936496807212244315e-09
6.979591836734843291e+00  1.760449311184469163e-09  1.760449311184469163e-09
7.079591836734842936e+00  1.592839226976899019e-09  1.592839226976899019e-09
7.179591836734844357e+00  1.352425071133969920e-09  1.352425071133969920e-09
7.279591836734844001e+00  1.054626519420694929e-09  1.054626519420694929e-09
7.379591836734843646e+00  7.524399129663820194e-10  7.524399129663820194e-10
7.479591836734843291e+00  4.948566783313630662e-10  4.948566783313630662e-10
7.579591836734842936e+00  3.069619334014847153e-10  3.069619334014847153e-10
7.679591836734844357e+00  1.887215043551987070e-10  1.887215043551987070e-10
7.779591836734844001e+00  1.243010362644865581e-10  1.243010362644865581e-10
7.879591836734843646e+00  9.323907325707957301e-11  9.323907325707957301e-11
7.979591836734843291e+00  7.818384779276868354e-11  7.818384779276868354e-11
8.079591836734845600e+00  6.801159340457498263e-11  6.801159340457498263e-11
8.179591836734843469e+00  5.758347240326204266e-11  5.758347240326204266e-11
8.279591836734844890e+00  4.591784335070360645e-11  4.591784335070360645e-11
8.379591836734842758e+00  3.409709353242728590e-11  3.409709353242728590e-11
8.479591836734844179e+00  2.362549782273282538e-11  2.362549782273282538e-11
8.579591836734845600e+00  1.549891011846144575e-11  1.549891011846144575e-11
8.679591836734843469e+00  9.938010867125605368e-12  9.938010867125605368e-12
8.779591836734844890e+00  6.556082141739589922e-12  6.556082141739589922e-12
8.879591836734842758e+00  4.688841977452934607e-12  4.688841977452934607e-12
8.979591836734844179e+00  3.683789731526522727e-12  3.683789731526522727e-12
9.079591836734845600e+00  3.061166404507630187e-12  3.061166404507630187e-12
9.179591836734845245e+00  2.550856465038584054e-12  2.550856465038584054e-12
9.279591836734844890e+00  2.051996178193138050e-12  2.051996178193138050e-12
9.379591836734844534e+00  1.564512129505968623e-12  1.564512129505968623e-12
9.479591836734844179e+00  1.126259556543052800e-12  1.126259556543052800e-12
9.579591836734845600e+00  7.716007278867322807e-13  7.716007278867322807e-13
9.679591836734845245e+00  5.135845772075780782e-13  5.135845772075780782e-13
9.779591836734844890e+00  3.437733378633970093e-13  3.437733378633970093e-13
9.879591836734844534e+00  2.409317471480929047e-13  2.409317471480929047e-13
9.979591836734844179e+00  1.810119891435234268e-13  1.810119891435234268e-13
1.007959183673484560e+01  1.441072912174952303e-13  1.441072912174952303e-13
1.017959183673484524e+01  1.172727461359369777e-13  1.172727461359369777e-13
1.027959183673484489e+01  9.413249090789238449e-14  9.413249090789238449e-14
1.037959183673484453e+01  7.285887975072873036e-14  7.285887975072873036e-14
1.047959183673484418e+01  5.388738889739058498e-14  5.388738889739058498e-14
