-1.611110602922007473e+00  4.194107436470488296e-26  4.194107436470488296e-26
-1.511110602922007384e+00  3.751109503513871411e-24  3.751109503513871411e-24
-1.411110602922007295e+00  3.071872814711997183e-22  3.071872814711997183e-22
-1.311110602922007651e+00  2.138861688294891435e-20  2.138861688294891435e-20
-1.211110602922007562e+00  1.241571817749157109e-18  1.241571817749157109e-18
-1.111110602922007473e+00  5.977889442969492783e-17  5.977889442969492783e-17
-1.011110602922007384e+00  2.383957334001359952e-15  2.383957334001359952e-15
-9.111106029220072955e-01  7.871224685494057669e-14  7.871224685494057669e-14
-8.111106029220074287e-01  2.151401501325829116e-12  2.151401501325829116e-12
-7.111106029220075619e-01  4.867612901391912482e-11  4.867612901391912482e-11
-6.111106029220074731e-01  9.116300762456219273e-10  9.116300762456219273e-10
-5.111106029220073843e-01  1.413274054291481663e-08  1.413274054291481663e-08
-4.111106029220072955e-01  1.813585465402461077e-07  1.813585465402461077e-07
-3.111106029220074287e-01  1.926429048016341608e-06  1.926429048016341608e-06
-2.111106029220073399e-01  1.693835023662920806e-05  1.693835023662920806e-05
-1.111106029220074731e-01  1.232798752757364210e-04  1.232798752757364210e-04
-1.111060292200738431e-02  7.427047812664170755e-04  7.427047812664170755e-04
8.888939707799270451e-02  3.703763440973538174e-03  3.703763440973538174e-03
1.888893970779925713e-01  1.528879861235111874e-02  1.528879861235111874e-02
2.888893970779926601e-01  5.224044054048031238e-02  5.224044054048031238e-02
3.888893970779925269e-01  1.477556853556794558e-01  1.477556853556794558e-01
4.888893970779926157e-01  3.459287842103004329e-01  3.459287842103004329e-01
5.888893970779927045e-01  6.704050012867496244e-01  6.704050012867496244e-01
6.888893970779927933e-01  1.075482130686810089e+00  1.075482130686810089e+00
7.888893970779928821e-01  1.428250809894684448e+00  1.428250809894684448e+00
8.888893970779925269e-01  1.570359153906051963e+00  1.570359153906051963e+00
9.888893970779926157e-01  1.430105473560069118e+00  1.430105473560069118e+00
1.088889397077992705e+00  1.080249403974656630e+00  1.080249403974656630e+00
1.188889397077992793e+00  6.802830900071125120e-01  6.802830900071125120e-01
1.288889397077992882e+00  3.642430708108878035e-01  3.642430708108878035e-01
1.388889397077992527e+00  1.785731742967175961e-01  1.785731742967175961e-01
1.488889397077992616e+00  9.940626248673550824e-02  9.940626248673550824e-02
1.588889397077992705e+00  8.097094077326222328e-02  8.097094077326222328e-02
1.688889397077992793e+00  8.694396804234419407e-02  8.694396804234419407e-02
1.788889397077992882e+00  9.677069518154031436e-02  9.677069518154031436e-02
1.888889397077992527e+00  1.010172349980998224e-01  1.010172349980998224e-01
1.988889397077992616e+00  9.666645551906132006e-02  9.666645551906132006e-02
2.088889397077992705e+00  8.460528561685118354e-02  8.460528561685118354e-02
2.188889397077992793e+00  6.800655164090241289e-02  6.800655164090241289e-02
2.288889397077992882e+00  5.072655434768903737e-02  5.072655434768903737e-02
2.388889397077992527e+00  3.588059215415102116e-02  3.588059215415102116e-02
2.488889397077993060e+00  2.505742521477088286e-02  2.505742521477088286e-02
2.588889397077992705e+00  1.832024957837939325e-02  1.832024957837939325e-02
2.688889397077992349e+00  1.474028604264796677e-02  1.474028604264796677e-02
2.788889397077992882e+00  1.305639825217056772e-02  1.305639825217056772e-02
2.888889397077992527e+00  1.216423474754296623e-02  1.216423474754296623e-02
2.988889397077993060e+00  1.134185345379261703e-02  1.134185345379261703e-02
3.088889397077992705e+00  1.026401481896179781e-02  1.026401481896179781e-02
3.188889397077993237e+00  8.902874367217684937e-03  8.902874367217684937e-03
3.288889397077992882e+00  7.395632655581300258e-03  7.395632655581300258e-03
3.388889397077992527e+00  5.926976858025207774e-03  5.926976858025207774e-03
3.488889397077993060e+00  4.648450838978990599e-03  4.648450838978990599e-03
3.588889397077992705e+00  3.640077824923454008e-03  3.640077824923454008e-03
3.688889397077993237e+00  2.908155150538968819e-03  2.908155150538968819e-03
3.788889397077992882e+00  2.406162927223953751e-03  2.406162927223953751e-03
3.888889397077992527e+00  2.063920322581914209e-03  2.063920322581914209e-03
3.988889397077993060e+00  1.813114962175516563e-03  1.813114962175516563e-03
4.088889397077992705e+00  1.602928521623859332e-03  1.602928521623859332e-03
4.188889397077993237e+00  1.404957401728346416e-03  1.404957401728346416e-03
4.288889397077992882e+00  1.210181256012725186e-03  1.210181256012725186e-03
4.388889397077992527e+00  1.021972883689138255e-03  1.021972883689138255e-03
4.488889397077993060e+00  8.486672649434682039e-04  8.486672649434682039e-04
4.588889397077992705e+00  6.979132396210764372e-04  6.979132396210764372e-04
4.688889397077993237e+00  5.736495553054119737e-04  5.736495553054119737e-04
4.788889397077992882e+00  4.754934389500287866e-04  4.754934389500287866e-04
4.888889397077992527e+00  3.997486168456290548e-04  3.997486168456290548e-04
4.988889397077993060e+00  3.410978475095159668e-04  3.410978475095159668e-04
5.088889397077992705e+00  2.942140691620135718e-04  2.942140691620135718e-04
5.188889397077993237e+00  2.548431542622821332e-04  2.548431542622821332e-04
5.288889397077992882e+00  2.202359007486277527e-04  2.202359007486277527e-04
5.388889397077992527e+00  1.890428630693470526e-04  1.890428630693470526e-04
5.488889397077993060e+00  1.608983932315227055e-04  1.608983932315227055e-04
5.588889397077992705e+00  1.359241965116210439e-04  1.359241965116210439e-04
5.688889397077993237e+00  1.143186343998908814e-04  1.143186343998908814e-04
5.788889397077992882e+00  9.611078021533159103e-05  9.611078021533159103e-05
5.888889397077992527e+00  8.108185063324288534e-05  8.108185063324288534e-05
5.988889397077993060e+00  6.880867585203287668e-05  6.880867585203287668e-05
6.088889397077992705e+00  5.876700428486670679e-05  5.876700428486670679e-05
6.188889397077993237e+00  5.043955490007992194e-05  5.043955490007992194e-05
6.288889397077992882e+00  4.339371430656798568e-05  4.339371430656798568e-05
6.388889397077992527e+00  3.731611348416419082e-05  3.731611348416419082e-05
6.488889397077992172e+00  3.200879607762535184e-05  3.200879607762535184e-05
6.588889397077993593e+00  2.736117503988816366e-05  2.736117503988816366e-05
6.688889397077993237e+00  2.331377985693717427e-05  2.331377985693717427e-05
6.788889397077992882e+00  1.982630591103775244e-05  1.982630591103775244e-05
6.888889397077992527e+00  1.685668988500982595e-05  1.685668988500982595e-05
6.988889397077992172e+00  1.435237622627607764e-05  1.435237622627607764e-05
7.088889397077993593e+00  1.225111730699545535e-05  1.225111730699545535e-05
7.188889397077993237e+00  1.048700676854009416e-05  1.048700676854009416e-05
7.288889397077992882e+00  8.997635009498424985e-06  8.997635009498424985e-06
7.388889397077992527e+00  7.729538377098820842e-06  7.729538377098820842e-06
7.488889397077992172e+00  6.640715349539189297e-06  6.640715349539189297e-06
7.588889397077993593e+00  5.700328477764899701e-06  5.700328477764899701e-06
7.688889397077993237e+00  4.886512667901721662e-06  4.886512667901721662e-06
7.788889397077992882e+00  4.183443320360863204e-06  4.183443320360863204e-06
7.888889397077992527e+00  3.578628328198833977e-06  3.578628328198833977e-06
7.988889397077993948e+00  3.060988390127713959e-06  3.060988390127713959e-06
8.088889397077993593e+00  2.619873757313168082e-06  2.619873757313168082e-06
8.188889397077993237e+00  2.244858445715759169e-06  2.244858445715759169e-06
8.288889397077992882e+00  1.926002935381112754e-06  1.926002935381112754e-06
8.388889397077992527e+00  1.654268480721747875e-06  1.654268480721747875e-06
8.488889397077993948e+00  1.421850234567332072e-06  1.421850234567332072e-06
8.588889397077993593e+00  1.222314535364970434e-06  1.222314535364970434e-06
8.688889397077993237e+00  1.050531686961125849e-06  1.050531686961125849e-06
8.788889397077992882e+00  9.024637101144140414e-07  9.024637101144140414e-07
8.888889397077992527e+00  7.748914962261584846e-07  7.748914962261584846e-07
8.988889397077993948e+00  6.651565049797166143e-07  6.651565049797166143e-07
9.088889397077993593e+00  5.709640492084089054e-07  5.709640492084089054e-07
9.188889397077993237e+00  4.902634038075783711e-07  4.902634038075783711e-07
9.288889397077992882e+00  4.211950365336940515e-07  4.211950365336940515e-07
9.388889397077992527e+00  3.620818820563593701e-07  3.620818820563593701e-07
9.488889397077993948e+00  3.114394068185944025e-07  3.114394068185944025e-07
9.588889397077993593e+00  2.679847935254906815e-07  2.679847935254906815e-07
9.688889397077993237e+00  2.306345007142313230e-07  2.306345007142313230e-07
9.788889397077992882e+00  1.984879712853503363e-07  1.984879712853503363e-07
9.888889397077992527e+00  1.708011115959787883e-07  1.708011115959787883e-07
9.988889397077993948e+00  1.469556693339794790e-07  1.469556693339794790e-07
1.008888939707799359e+01  1.264303336506452795e-07  1.264303336506452795e-07
1.018888939707799324e+01  1.087774030990746261e-07  1.087774030990746261e-07
1.028888939707799288e+01  9.360641355148959995e-08  9.360641355148959995e-08
1.038888939707799253e+01  8.057408209322061838e-08  8.057408209322061838e-08
