-1.649419536978639300e+00  1.029843712041831690e-16  1.029843712041831690e-16
-1.549419536978639655e+00  1.736989834858623385e-15  1.736989834858623385e-15
-1.449419536978639567e+00  2.735044442652848067e-14  2.735044442652848067e-14
-1.349419536978639478e+00  3.905781327902133494e-13  3.905781327902133494e-13
-1.249419536978639833e+00  4.997110640900975973e-12  4.997110640900975973e-12
-1.149419536978639300e+00  5.698965620176805045e-11  5.698965620176805045e-11
-1.049419536978639655e+00  5.781072321579625838e-10  5.781072321579625838e-10
-9.494195369786395666e-01  5.211333034147850951e-09  5.211333034147850951e-09
-8.494195369786394778e-01  4.172841834073726957e-08  4.172841834073726957e-08
-7.494195369786393890e-01  2.967356784144241450e-07  2.967356784144241450e-07
-6.494195369786395222e-01  1.873781535775522188e-06  1.873781535775522188e-06
-5.494195369786394334e-01  1.050647997678944943e-05  1.050647997678944943e-05
-4.494195369786393446e-01  5.230856788377854328e-05  5.230856788377854328e-05
-3.494195369786394778e-01  2.312380805592323917e-04  2.312380805592323917e-04
-2.494195369786393890e-01  9.076394857025241137e-04  9.076394857025241137e-04
-1.494195369786395222e-01  3.163247768613992005e-03  3.163247768613992005e-03
-4.941953697863943340e-02  9.788549290607597569e-03  9.788549290607597569e-03
5.058046302136065542e-02  2.689485813463145594e-02  2.689485813463145594e-02
1.505804630213605222e-01  6.561266577143953782e-02  6.561266577143953782e-02
2.505804630213606110e-01  1.421271479721423481e-01  1.421271479721423481e-01
3.505804630213604778e-01  2.733655040857009277e-01  2.733655040857009277e-01
4.505804630213605666e-01  4.668737684487729300e-01  4.668737684487729300e-01
5.505804630213606554e-01  7.080543264389753677e-01  7.080543264389753677e-01
6.505804630213607442e-01  9.536487329973966087e-01  9.536487329973966087e-01
7.505804630213608331e-01  1.140914137379383186e+00  1.140914137379383186e+00
8.505804630213604778e-01  1.212957396775895758e+00  1.212957396775895758e+00
9.505804630213605666e-01  1.147026433546621371e+00  1.147026433546621371e+00
1.050580463021360655e+00  9.668683345853973377e-01  9.668683345853973377e-01
1.150580463021360744e+00  7.301780122537564477e-01  7.301780122537564477e-01
1.250580463021360833e+00  5.001112120477183565e-01  5.001112120477183565e-01
1.350580463021360478e+00  3.197757947125731137e-01  3.197757947125731137e-01
1.450580463021360567e+00  2.029582243441199474e-01  2.029582243441199474e-01
1.550580463021360655e+00  1.406903503460282812e-01  1.406903503460282812e-01
1.650580463021360744e+00  1.142490625854275105e-01  1.142490625854275105e-01
1.750580463021360833e+00  1.056775506101402112e-01  1.056775506101402112e-01
1.850580463021360478e+00  1.025519960991423535e-01  1.025519960991423535e-01
1.950580463021360567e+00  9.830503548675879888e-02  9.830503548675879888e-02
2.050580463021360877e+00  9.065850890972310117e-02  9.065850890972310117e-02
2.150580463021360522e+00  7.986335408108612144e-02  7.986335408108612144e-02
2.250580463021361055e+00  6.734164956953109238e-02  6.734164956953109238e-02
2.350580463021360700e+00  5.476636017218551589e-02  5.476636017218551589e-02
2.450580463021361233e+00  4.349821004277559106e-02  4.349821004277559106e-02
2.550580463021360877e+00  3.432141122877630651e-02  3.432141122877630651e-02
2.650580463021360522e+00  2.742348411816985729e-02  2.742348411816985729e-02
2.750580463021361055e+00  2.253976138347620062e-02  2.253976138347620062e-02
2.850580463021360700e+00  1.916694364186825872e-02  1.916694364186825872e-02
2.950580463021361233e+00  1.676210698977167665e-02  1.676210698977167665e-02
3.050580463021360877e+00  1.487741857093011905e-02  1.487741857093011905e-02
3.150580463021361410e+00  1.321847546013095280e-02  1.321847546013095280e-02
3.250580463021361055e+00  1.164109577312437763e-02  1.164109577312437763e-02
3.350580463021360700e+00  1.011266987267253094e-02  1.011266987267253094e-02
3.450580463021361233e+00  8.662856723873589571e-03  8.662856723873589571e-03
3.550580463021360877e+00  7.340614042237763280e-03  7.340614042237763280e-03
3.650580463021361410e+00  6.185617857331811471e-03  6.185617857331811471e-03
3.750580463021361055e+00  5.215076189682904713e-03  5.215076189682904713e-03
3.850580463021360700e+00  4.422719689681481499e-03  4.422719689681481499e-03
3.950580463021361233e+00  3.785101957097280253e-03  3.785101957097280253e-03
4.050580463021360877e+00  3.270533884880374217e-03  3.270533884880374217e-03
4.150580463021361410e+00  2.847209925259691198e-03  2.847209925259691198e-03
4.250580463021361055e+00  2.488666690049180178e-03  2.488666690049180178e-03
4.350580463021360700e+00  2.176138673999413777e-03  2.176138673999413777e-03
4.450580463021361233e+00  1.898355025080111173e-03  1.898355025080111173e-03
4.550580463021360877e+00  1.649779053020288769e-03  1.649779053020288769e-03
4.650580463021361410e+00  1.428311357719114563e-03  1.428311357719114563e-03
4.750580463021361055e+00  1.233223018182723211e-03  1.233223018182723211e-03
4.850580463021360700e+00  1.063730578798392822e-03  1.063730578798392822e-03
4.950580463021361233e+00  9.183017024486591923e-04  9.183017024486591923e-04
5.050580463021360877e+00  7.945608722350061548e-04  7.945608722350061548e-04
5.150580463021361410e+00  6.895644896683843315e-04  6.895644896683843315e-04
5.250580463021361055e+00  6.002128292872274630e-04  6.002128292872274630e-04
5.350580463021360700e+00  5.236244730927450868e-04  5.236244730927450868e-04
5.450580463021361233e+00  4.573786814182985070e-04  4.573786814182985070e-04
5.550580463021360877e+00  3.996038458162177402e-04  3.996038458162177402e-04
5.650580463021361410e+00  3.489399639157736844e-04  3.489399639157736844e-04
5.750580463021361055e+00  3.044261532435783109e-04  3.044261532435783109e-04
5.850580463021360700e+00  2.653650298535798857e-04  2.653650298535798857e-04
5.950580463021361233e+00  2.312027302172203356e-04  2.312027302172203356e-04
6.050580463021360877e+00  2.014451700106007783e-04  2.014451700106007783e-04
6.150580463021361410e+00  1.756144957811047445e-04  1.756144957811047445e-04
6.250580463021361055e+00  1.532383125862707364e-04  1.532383125862707364e-04
6.350580463021360700e+00  1.338590948014747558e-04  1.338590948014747558e-04
6.450580463021360345e+00  1.170511827263405702e-04  1.170511827263405702e-04
6.550580463021361766e+00  1.024359656406280509e-04  1.024359656406280509e-04
6.650580463021361410e+00  8.969020974960462426e-05  8.969020974960462426e-05
6.750580463021361055e+00  7.854644512845632804e-05  7.854644512845632804e-05
6.850580463021360700e+00  6.878701690345956593e-05  6.878701690345956593e-05
6.950580463021360345e+00  6.023462449795222460e-05  6.023462449795222460e-05
7.050580463021361766e+00  5.274216921155261092e-05  5.274216921155261092e-05
7.150580463021361410e+00  4.618397445189269994e-05  4.618397445189269994e-05
7.250580463021361055e+00  4.044941939250656828e-05  4.044941939250656828e-05
7.350580463021360700e+00  3.543910499690006057e-05  3.543910499690006057e-05
7.450580463021360345e+00  3.106305375877301087e-05  3.106305375877301087e-05
7.550580463021361766e+00  2.724017796080450615e-05  2.724017796080450615e-05
7.650580463021361410e+00  2.389827375752531961e-05  2.389827375752531961e-05
7.750580463021361055e+00  2.097399636008028749e-05  2.097399636008028749e-05
7.850580463021360700e+00  1.841252874335393957e-05  1.841252874335393957e-05
7.950580463021362121e+00  1.616688470265971071e-05  1.616688470265971071e-05
8.050580463021361766e+00  1.419693928220059980e-05  1.419693928220059980e-05
8.150580463021361410e+00  1.246834559331684561e-05  1.246834559331684561e-05
8.250580463021361055e+00  1.095149282095196751e-05  1.095149282095196751e-05
8.350580463021360700e+00  9.620613845399958778e-06  9.620613845399958778e-06
8.450580463021362121e+00  8.453090738207810721e-06  8.453090738207810721e-06
8.550580463021361766e+00  7.428953637861259499e-06  7.428953637861259499e-06
8.650580463021361410e+00  6.530534443285552690e-06  6.530534443285552690e-06
8.750580463021361055e+00  5.742223531225915302e-06  5.742223531225915302e-06
8.850580463021360700e+00  5.050281206057651144e-06  5.050281206057651144e-06
8.950580463021362121e+00  4.442668885007685490e-06  4.442668885007685490e-06
9.050580463021361766e+00  3.908881191402283924e-06  3.908881191402283924e-06
9.150580463021361410e+00  3.439774069283594611e-06  3.439774069283594611e-06
9.250580463021361055e+00  3.027393102084340535e-06  3.027393102084340535e-06
9.350580463021360700e+00  2.664810003912876479e-06  2.664810003912876479e-06
9.450580463021362121e+00  2.345974849825255515e-06  2.345974849825255515e-06
9.550580463021361766e+00  2.065588780344246608e-06  2.065588780344246608e-06
9.650580463021361410e+00  1.818998376758342147e-06  1.818998376758342147e-06
9.750580463021361055e+00  1.602109910431289730e-06  1.602109910431289730e-06
9.850580463021360700e+00  1.411319857108120234e-06  1.411319857108120234e-06
9.950580463021362121e+00  1.243457520412693612e-06  1.243457520412693612e-06
1.005058046302136177e+01  1.095736044769818310e-06  1.095736044769818310e-06
1.015058046302136141e+01  9.657090779080037784e-07  9.657090779080037784e-07
1.025058046302136106e+01  8.512314444362875369e-07  8.512314444362875369e-07
1.035058046302136070e+01  7.504231129779022160e-07  7.504231129779022160e-07
