-1.520408163264245438e+00  1.305231646263250845e-20  1.305231646263250845e-20
-1.420408163264245793e+00  4.785490775162531610e-19  4.785490775162531610e-19
-1.320408163264245704e+00  1.536118021559377960e-17  1.536118021559377960e-17
-1.220408163264245616e+00  4.273469825770586776e-16  4.273469825770586776e-16
-1.120408163264245971e+00  1.027089868132885745e-14  1.027089868132885745e-14
-1.020408163264245438e+00  2.130348954088999897e-13  2.130348954088999897e-13
-9.204081632642455713e-01  3.811957473731595273e-12  3.811957473731595273e-12
-8.204081632642457045e-01  5.883576200039887882e-11  5.883576200039887882e-11
-7.204081632642456157e-01  7.832631009213212086e-10  7.832631009213212086e-10
-6.204081632642455268e-01  8.993678168322581760e-09  8.993678168322581760e-09
-5.204081632642456601e-01  8.906892894376479001e-08  8.906892894376479001e-08
-4.204081632642455713e-01  7.608033375374158475e-07  7.608033375374158475e-07
-3.204081632642454824e-01  5.604991468667557343e-06  5.604991468667557343e-06
-2.204081632642456157e-01  3.561503777041246602e-05  3.561503777041246602e-05
-1.204081632642455268e-01  1.951854933871364128e-04  1.951854933871364128e-04
-2.040816326424566007e-02  9.226080275166737271e-04  9.226080275166737271e-04
7.959183673575442874e-02  3.761338797637394423e-03  3.761338797637394423e-03
1.795918367357545176e-01  1.322583934513137278e-02  1.322583934513137278e-02
2.795918367357543843e-01  4.011065061498927942e-02  4.011065061498927942e-02
3.795918367357544732e-01  1.049185008890580473e-01  1.049185008890580473e-01
4.795918367357543399e-01  2.367013932887874483e-01  2.367013932887874483e-01
5.795918367357544287e-01  4.605818754553741012e-01  4.605818754553741012e-01
6.795918367357545176e-01  7.729868143681454251e-01  7.729868143681454251e-01
7.795918367357546064e-01  1.118924330529763145e+00  1.118924330529763145e+00
8.795918367357546952e-01  1.397018955383827477e+00  1.397018955383827477e+00
9.795918367357543399e-01  1.504526757877630017e+00  1.504526757877630017e+00
1.079591836735754429e+00  1.397824121833278754e+00  1.397824121833278754e+00
1.179591836735754518e+00  1.120778120806113831e+00  1.120778120806113831e+00
1.279591836735754606e+00  7.763516916071817597e-01  7.763516916071817597e-01
1.379591836735754695e+00  4.660744756177648829e-01  4.660744756177648829e-01
1.479591836735754340e+00  2.449691234065502488e-01  2.449691234065502488e-01
1.579591836735754429e+00  1.164580916390336729e-01  1.164580916390336729e-01
1.679591836735754518e+00  5.506408384725910987e-02  5.506408384725910987e-02
1.779591836735754606e+00  3.122196946226864223e-02  3.122196946226864223e-02
1.879591836735754695e+00  2.387844902962753257e-02  2.387844902962753257e-02
1.979591836735754340e+00  2.181388815039688248e-02  2.181388815039688248e-02
2.079591836735754207e+00  2.035494464018926600e-02  2.035494464018926600e-02
2.179591836735754740e+00  1.812085832689473014e-02  1.812085832689473014e-02
2.279591836735754384e+00  1.510138055577164677e-02  1.510138055577164677e-02
2.379591836735754917e+00  1.174417135900555735e-02  1.174417135900555735e-02
2.479591836735754562e+00  8.541438195424801497e-03  8.541438195424801497e-03
2.579591836735755095e+00  5.844336154553404251e-03  5.844336154553404251e-03
2.679591836735754740e+00  3.806349320147449453e-03  3.806349320147449453e-03
2.779591836735754384e+00  2.409697336866219088e-03  2.409697336866219088e-03
2.879591836735754917e+00  1.532612898280484321e-03  1.532612898280484321e-03
2.979591836735754562e+00  1.019325060536032095e-03  1.019325060536032095e-03
3.079591836735755095e+00  7.292729995939469965e-04  7.292729995939469965e-04
3.179591836735754740e+00  5.596502108269308610e-04  5.596502108269308610e-04
3.279591836735755273e+00  4.473216580922725525e-04  4.473216580922725525e-04
3.379591836735754917e+00  3.600086167345475864e-04  3.600086167345475864e-04
3.479591836735754562e+00  2.848690853808695696e-04  2.848690853808695696e-04
3.579591836735755095e+00  2.189433739598078434e-04  2.189433739598078434e-04
3.679591836735754740e+00  1.628666488360658033e-04  1.628666488360658033e-04
3.779591836735755273e+00  1.175451716408409855e-04  1.175451716408409855e-04
3.879591836735754917e+00  8.289764512930477040e-05  8.289764512930477040e-05
3.979591836735754562e+00  5.776716337187602944e-05  5.776716337187602944e-05
4.079591836735755095e+00  4.033331993980319492e-05  4.033331993980319492e-05
4.179591836735754740e+00  2.860741569750803467e-05  2.860741569750803467e-05
4.279591836735755273e+00  2.080433558573834574e-05  2.080433558573834574e-05
4.379591836735754917e+00  1.553221809090526932e-05  1.553221809090526932e-05
4.479591836735754562e+00  1.182587516337040363e-05  1.182587516337040363e-05
4.579591836735755095e+00  9.083281945797413724e-06  9.083281945797413724e-06
4.679591836735754740e+00  6.963565453370121695e-06  6.963565453370121695e-06
4.779591836735755273e+00  5.287491845736303450e-06  5.287491845736303450e-06
4.879591836735754917e+00  3.961048017413430716e-06  3.961048017413430716e-06
4.979591836735754562e+00  2.926846161596140654e-06  2.926846161596140654e-06
5.079591836735755095e+00  2.138980640278715608e-06  2.138980640278715608e-06
5.179591836735754740e+00  1.553667415151911238e-06  1.553667415151911238e-06
5.279591836735755273e+00  1.128356366951179222e-06  1.128356366951179222e-06
5.379591836735754917e+00  8.240022493078641557e-07  8.240022493078641557e-07
5.479591836735754562e+00  6.074299458798941126e-07  6.074299458798941126e-07
5.579591836735755095e+00  4.525270188786187781e-07  4.525270188786187781e-07
5.679591836735754740e+00  3.401277933171934606e-07  3.401277933171934606e-07
5.779591836735755273e+00  2.569868152278292187e-07  2.569868152278292187e-07
5.879591836735754917e+00  1.943587336311732027e-07  1.943587336311732027e-07
5.979591836735754562e+00  1.465988553619611118e-07  1.465988553619611118e-07
6.079591836735755095e+00  1.100223490601922519e-07  1.100223490601922519e-07
6.179591836735754740e+00  8.209984796636516057e-08  8.209984796636516057e-08
6.279591836735755273e+00  6.096078895215170568e-08  6.096078895215170568e-08
6.379591836735754917e+00  4.512614134691318143e-08  4.512614134691318143e-08
6.479591836735754562e+00  3.338473167263724221e-08  3.338473167263724221e-08
6.579591836735754207e+00  2.474337691211800868e-08  2.474337691211800868e-08
6.679591836735755628e+00  1.840486979037440350e-08  1.840486979037440350e-08
6.779591836735755273e+00  1.374970600894591328e-08  1.374970600894591328e-08
6.879591836735754917e+00  1.031297896787461386e-08  1.031297896787461386e-08
6.979591836735754562e+00  7.756585543374110226e-09  7.756585543374110226e-09
7.079591836735754207e+00  5.840271184906633996e-09  5.840271184906633996e-09
7.179591836735755628e+00  4.395158661840179674e-09  4.395158661840179674e-09
7.279591836735755273e+00  3.302064002159167739e-09  3.302064002159167739e-09
7.379591836735754917e+00  2.475327718885560808e-09  2.475327718885560808e-09
7.479591836735754562e+00  1.851702718893995047e-09  1.851702718893995047e-09
7.579591836735754207e+00  1.383218437170057945e-09  1.383218437170057945e-09
7.679591836735755628e+00  1.032802378885874822e-09  1.032802378885874822e-09
7.779591836735755273e+00  7.716053487704237842e-10  7.716053487704237842e-10
7.879591836735754917e+00  5.772685387456789559e-10  5.772685387456789559e-10
7.979591836735754562e+00  4.326637254687756416e-10  4.326637254687756416e-10
8.079591836735755095e+00  3.248663987293642692e-10  3.248663987293642692e-10
8.179591836735756516e+00  2.442677391929368733e-10  2.442677391929368733e-10
8.279591836735754384e+00  1.838058093277467049e-10  1.838058093277467049e-10
8.379591836735755805e+00  1.383216228547879848e-10  1.383216228547879848e-10
8.479591836735753674e+00  1.040445538934519660e-10  1.040445538934519660e-10
8.579591836735755095e+00  7.820085164143493662e-11  7.820085164143493662e-11
8.679591836735756516e+00  5.872885265785808216e-11  5.872885265785808216e-11
8.779591836735754384e+00  4.407897273546710984e-11  4.407897273546710984e-11
8.879591836735755805e+00  3.307604872911140094e-11  3.307604872911140094e-11
8.979591836735753674e+00  2.482459389003861000e-11  2.482459389003861000e-11
9.079591836735755095e+00  1.864212676803390858e-11  1.864212676803390858e-11
9.179591836735754740e+00  1.401040253793795862e-11  1.401040253793795862e-11
9.279591836735754384e+00  1.053822002773816565e-11  1.053822002773816565e-11
9.379591836735754029e+00  7.932183016501697810e-12  7.932183016501697810e-12
9.479591836735753674e+00  5.973438195744397088e-12  5.973438195744397088e-12
9.579591836735755095e+00  4.499261234418038394e-12  4.499261234418038394e-12
9.679591836735754740e+00  3.388718098431397611e-12  3.388718098431397611e-12
9.779591836735754384e+00  2.551739382655005081e-12  2.551739382655005081e-12
9.879591836735754029e+00  1.920974641075910567e-12  1.920974641075910567e-12
9.979591836735753674e+00  1.445826104090838764e-12  1.445826104090838764e-12
1.007959183673575509e+01  1.088124408457221535e-12  1.088124408457221535e-12
1.017959183673575474e+01  8.189987562969127455e-13  8.189987562969127455e-13
1.027959183673575438e+01  6.165939412770643502e-13  6.165939412770643502e-13
1.037959183673575403e+01  4.643808834353563394e-13  4.643808834353563394e-13
1.047959183673575367e+01  3.498854138620132751e-13  3.498854138620132751e-13
