-1.500000072078527147e+00  6.095233056033385963e-07  6.095233056033385963e-07
-1.400000072078527058e+00  1.847846757479979274e-06  1.847846757479979274e-06
-1.300000072078526969e+00  5.354036881024675935e-06  5.354036881024675935e-06
-1.200000072078527324e+00  1.482642806133773245e-05  1.482642806133773245e-05
-1.100000072078527236e+00  3.924022427292815407e-05  3.924022427292815407e-05
-1.000000072078527147e+00  9.925815469701640425e-05  9.925815469701640425e-05
-9.000000720785270580e-01  2.399610110117598246e-04  2.399610110117598246e-04
-8.000000720785269692e-01  5.544404904993297488e-04  5.544404904993297488e-04
-7.000000720785271024e-01  1.224359527261553813e-03  1.224359527261553813e-03
-6.000000720785272357e-01  2.584060996448777226e-03  2.584060996448777226e-03
-5.000000720785271469e-01  5.212383084944813456e-03  5.212383084944813456e-03
-4.000000720785270580e-01  1.004869495175442218e-02  1.004869495175442218e-02
-3.000000720785269692e-01  1.851495958017341376e-02  1.851495958017341376e-02
-2.000000720785271024e-01  3.260435731404454085e-02  3.260435731404454085e-02
-1.000000720785270136e-01  5.487421109197417046e-02  5.487421109197417046e-02
-7.207852714685714091e-08  8.826747539145260446e-02  8.826747539145260446e-02
9.999992792147294196e-02  1.356978262337182606e-01  1.356978262337182606e-01
1.999999279214730308e-01  1.993814941028362042e-01  1.993814941028362042e-01
2.999999279214728976e-01  2.799861647029300293e-01  2.799861647029300293e-01
3.999999279214729864e-01  3.757751587152106665e-01  3.757751587152106665e-01
4.999999279214728531e-01  4.820136446017351806e-01  4.820136446017351806e-01
5.999999279214729420e-01  5.909222835651344319e-01  5.909222835651344319e-01
6.999999279214730308e-01  6.923746723578919626e-01  6.923746723578919626e-01
7.999999279214731196e-01  7.753392106524665817e-01  7.753392106524665817e-01
8.999999279214732084e-01  8.298165512169558555e-01  8.298165512169558555e-01
9.999999279214728531e-01  8.488133625562397366e-01  8.488133625562397366e-01
1.099999927921472942e+00  8.298165512169556335e-01  8.298165512169556335e-01
1.199999927921473031e+00  7.753392106524662486e-01  7.753392106524662486e-01
1.299999927921473120e+00  6.923746723578915185e-01  6.923746723578915185e-01
1.399999927921473208e+00  5.909222835651339878e-01  5.909222835651339878e-01
1.499999927921472853e+00  4.820136446017351806e-01  4.820136446017351806e-01
1.599999927921472942e+00  3.757751587152104444e-01  3.757751587152104444e-01
1.699999927921473031e+00  2.799861647029298628e-01  2.799861647029298628e-01
1.799999927921473120e+00  1.993814941028358712e-01  1.993814941028358712e-01
1.899999927921473208e+00  1.356978262337180108e-01  1.356978262337180108e-01
1.999999927921472853e+00  8.826747539145260446e-02  8.826747539145260446e-02
2.099999927921472942e+00  5.487421109197412189e-02  5.487421109197412189e-02
2.199999927921473031e+00  3.260435731404449922e-02  3.260435731404449922e-02
2.299999927921473120e+00  1.851495958017337559e-02  1.851495958017337559e-02
2.399999927921473208e+00  1.004869495175439616e-02  1.004869495175439616e-02
2.499999927921472853e+00  5.212383084944813456e-03  5.212383084944813456e-03
2.599999927921473386e+00  2.584060996448768119e-03  2.584060996448768119e-03
2.699999927921473031e+00  1.224359527261551861e-03  1.224359527261551861e-03
2.799999927921472676e+00  5.544404904993297488e-04  5.544404904993297488e-04
2.899999927921473208e+00  2.399610110117590114e-04  2.399610110117590114e-04
2.999999927921472853e+00  9.925815469701640425e-05  9.925815469701640425e-05
3.099999927921473386e+00  3.924022427292793723e-05  3.924022427292793723e-05
3.199999927921473031e+00  1.482642806133773245e-05  1.482642806133773245e-05
3.299999927921473564e+00  5.354036881024618337e-06  5.354036881024618337e-06
3.399999927921473208e+00  1.847846757479969322e-06  1.847846757479969322e-06
3.499999927921472853e+00  6.095233056033385963e-07  6.095233056033385963e-07
3.599999927921473386e+00  1.921562211295086886e-07  1.921562211295086886e-07
3.699999927921473031e+00  5.789730557914410037e-08  5.789730557914410037e-08
3.799999927921473564e+00  1.667254992385272930e-08  1.667254992385272930e-08
3.899999927921473208e+00  4.588655672783239937e-09  4.588655672783239937e-09
3.999999927921472853e+00  1.207003927812118240e-09  1.207003927812118240e-09
4.099999927921473386e+00  3.034391874293409273e-10  3.034391874293409273e-10
4.199999927921473031e+00  7.290787158955454026e-11  7.290787158955454026e-11
4.299999927921473564e+00  1.674237030010230872e-11  1.674237030010230872e-11
4.399999927921473208e+00  3.674508331285966915e-12  3.674508331285966915e-12
4.499999927921472853e+00  7.707637827982833907e-13  7.707637827982833907e-13
4.599999927921473386e+00  1.545194425106679775e-13  1.545194425106679775e-13
4.699999927921473031e+00  2.960634090796922317e-14  2.960634090796922317e-14
4.799999927921473564e+00  5.421582971337543139e-15  5.421582971337543139e-15
4.899999927921473208e+00  9.488711699968662112e-16  9.488711699968662112e-16
4.999999927921472853e+00  1.587187243445390004e-16  1.587187243445390004e-16
5.099999927921473386e+00  2.537399483354083807e-17  2.537399483354083807e-17
5.199999927921473031e+00  3.876941963739533231e-18  3.876941963739533231e-18
5.299999927921473564e+00  5.661474069679153589e-19  5.661474069679153589e-19
5.399999927921473208e+00  7.901499467236259381e-20  7.901499467236259381e-20
5.499999927921472853e+00  1.053972495675276128e-20  1.053972495675276128e-20
5.599999927921473386e+00  1.343658210495550722e-21  1.343658210495550722e-21
5.699999927921473031e+00  1.637148643980089298e-22  1.637148643980089298e-22
5.799999927921473564e+00  1.906457750195086009e-23  1.906457750195086009e-23
5.899999927921473208e+00  2.121807731120709979e-24  2.121807731120709979e-24
5.999999927921472853e+00  2.256964041238158639e-25  2.256964041238158639e-25
6.099999927921473386e+00  2.294473372498977607e-26  2.294473372498977607e-26
6.199999927921473031e+00  2.229364977505925914e-27  2.229364977505925914e-27
6.299999927921473564e+00  2.070232377067376724e-28  2.070232377067376724e-28
6.399999927921473208e+00  1.837370708194269613e-29  1.837370708194269613e-29
6.499999927921472853e+00  1.558526713200374134e-30  1.558526713200374134e-30
6.599999927921472498e+00  1.263489050020099968e-31  1.263489050020099968e-31
6.699999927921473919e+00  9.789679737535293918e-33  9.789679737535293918e-33
6.799999927921473564e+00  7.249453295473670926e-34  7.249453295473670926e-34
6.899999927921473208e+00  5.130761155526573641e-35  5.130761155526573641e-35
6.999999927921472853e+00  3.470548435325522987e-36  3.470548435325522987e-36
7.099999927921472498e+00  2.243645256378213701e-37  2.243645256378213701e-37
7.199999927921473919e+00  1.386277080955528863e-38  1.386277080955528863e-38
7.299999927921473564e+00  8.186262466184646475e-40  8.186262466184646475e-40
7.399999927921473208e+00  4.620202984644091256e-41  4.620202984644091256e-41
7.499999927921472853e+00  2.492161702291717120e-42  2.492161702291717120e-42
7.599999927921472498e+00  1.284787046330077931e-43  1.284787046330077931e-43
7.699999927921473919e+00  6.330322715653130666e-45  6.330322715653130666e-45
7.799999927921473564e+00  2.980988646385430311e-46  2.980988646385430311e-46
7.899999927921473208e+00  1.341635567750547742e-47  1.341635567750547742e-47
7.999999927921472853e+00  5.770966781197122416e-49  5.770966781197122416e-49
8.099999927921473386e+00  2.372478883281887698e-50  2.372478883281887698e-50
8.199999927921474807e+00  9.321716844175578223e-52  9.321716844175578223e-52
8.299999927921472676e+00  3.500493114668652951e-53  3.500493114668652951e-53
8.399999927921474097e+00  1.256325916223190221e-54  1.256325916223190221e-54
8.499999927921471965e+00  4.309383849384889569e-56  4.309383849384889569e-56
8.599999927921473386e+00  1.412758114915164339e-57  1.412758114915164339e-57
8.699999927921474807e+00  4.426497379047219239e-59  4.426497379047219239e-59
8.799999927921472676e+00  1.325538609687839903e-60  1.325538609687839903e-60
8.899999927921474097e+00  3.793711690876194703e-62  3.793711690876194703e-62
8.999999927921471965e+00  1.037710075748928639e-63  1.037710075748928639e-63
9.099999927921473386e+00  2.712860825047479982e-65  2.712860825047479982e-65
9.199999927921474807e+00  6.778268448338521828e-67  6.778268448338521828e-67
9.299999927921472676e+00  1.618638198872254090e-68  1.618638198872254090e-68
9.399999927921474097e+00  3.694201460843446108e-70  3.694201460843446108e-70
9.499999927921471965e+00  8.058071861940379535e-72  8.058071861940379535e-72
9.599999927921473386e+00  1.679892404432955152e-73  1.679892404432955152e-73
9.699999927921474807e+00  3.347122188041564662e-75  3.347122188041564662e-75
9.799999927921472676e+00  6.373844103861765673e-77  6.373844103861765673e-77
9.899999927921474097e+00  1.160034958365988973e-78  1.160034958365988973e-78
9.999999927921471965e+00  2.017811009476803447e-80  2.017811009476803447e-80
1.009999992792147339e+01  3.354514452745469295e-82  3.354514452745469295e-82
1.019999992792147481e+01  5.329894557499922449e-84  5.329894557499922449e-84
1.029999992792147268e+01  8.093704369779989368e-86  8.093704369779989368e-86
1.039999992792147410e+01  1.174669864289311390e-87  1.174669864289311390e-87
1.049999992792147196e+01  1.629386400088412935e-89  1.629386400088412935e-89
