-1.552631578195087680e+00  1.871541244327146048e-60  1.871541244327146048e-60
-1.452631578195087592e+00  6.647767059699745860e-56  6.647767059699745860e-56
-1.352631578195087947e+00  2.237901618831958462e-51  2.237901618831958462e-51
-1.252631578195087414e+00  4.924348671805999412e-47  4.924348671805999412e-47
-1.152631578195087769e+00  6.954198887580056095e-43  6.954198887580056095e-43
-1.052631578195087680e+00  6.297241574433638275e-39  6.297241574433638275e-39
-9.526315781950875916e-01  3.656248219854149281e-35  3.656248219854149281e-35
-8.526315781950875028e-01  1.361135589618861646e-31  1.361135589618861646e-31
-7.526315781950876360e-01  3.248982385087692026e-28  3.248982385087692026e-28
-6.526315781950877692e-01  4.972485859759637678e-25  4.972485859759637678e-25
-5.526315781950876804e-01  4.879552416220151048e-22  4.879552416220151048e-22
-4.526315781950875916e-01  3.070199867981428266e-19  3.070199867981428266e-19
-3.526315781950875028e-01  1.238607028491552372e-16  1.238607028491552372e-16
-2.526315781950876360e-01  3.203912610180467822e-14  3.203912610180467822e-14
-1.526315781950875472e-01  5.313834372596398012e-12  5.313834372596398012e-12
-5.263157819508768043e-02  5.650873638041331053e-10  5.650873638041331053e-10
4.736842180491240839e-02  3.853039031079800770e-08  3.853039031079800770e-08
1.473684218049124972e-01  1.684501690515375627e-06  1.684501690515375627e-06
2.473684218049123640e-01  4.721931952313291740e-05  4.721931952313291740e-05
3.473684218049124528e-01  8.486883242719406827e-04  8.486883242719406827e-04
4.473684218049123196e-01  9.780407748258487799e-03  9.780407748258487799e-03
5.473684218049124084e-01  7.226798154320673850e-02  7.226798154320673850e-02
6.473684218049124972e-01  3.423853072925138741e-01  3.423853072925138741e-01
7.473684218049125860e-01  1.040074735883964374e+00  1.040074735883964374e+00
8.473684218049126748e-01  2.025789072982298045e+00  2.025789072982298045e+00
9.473684218049123196e-01  2.529905510233885657e+00  2.529905510233885657e+00
1.047368421804912408e+00  2.025799449787196505e+00  2.025799449787196505e+00
1.147368421804912497e+00  1.040144153253314441e+00  1.040144153253314441e+00
1.247368421804912586e+00  3.427528869640918963e-01  3.427528869640918963e-01
1.347368421804912675e+00  7.382633668124773119e-02  7.382633668124773119e-02
1.447368421804912320e+00  1.507059235707206707e-02  1.507059235707206707e-02
1.547368421804912408e+00  1.522890269414990325e-02  1.522890269414990325e-02
1.647368421804912497e+00  3.134763713164068905e-02  3.134763713164068905e-02
1.747368421804912586e+00  5.455554829035940551e-02  5.455554829035940551e-02
1.847368421804912675e+00  7.613656216080436079e-02  7.613656216080436079e-02
1.947368421804912320e+00  8.508631535045707572e-02  8.508631535045707572e-02
2.047368421804912408e+00  7.614817401089600535e-02  7.614817401089600535e-02
2.147368421804912497e+00  5.459702632525655075e-02  5.459702632525655075e-02
2.247368421804912586e+00  3.143186684163913613e-02  3.143186684163913613e-02
2.347368421804912675e+00  1.472458322496524898e-02  1.472458322496524898e-02
2.447368421804912320e+00  6.068036353561365691e-03  6.068036353561365691e-03
2.547368421804912852e+00  3.073408155867608446e-03  3.073408155867608446e-03
2.647368421804912497e+00  2.912187756079782225e-03  2.912187756079782225e-03
2.747368421804912142e+00  3.754785736206999944e-03  3.754785736206999944e-03
2.847368421804912675e+00  4.613241134803505727e-03  4.613241134803505727e-03
2.947368421804912320e+00  4.958834116205816309e-03  4.958834116205816309e-03
3.047368421804912852e+00  4.606459086661701501e-03  4.606459086661701501e-03
3.147368421804912497e+00  3.695613576386737320e-03  3.695613576386737320e-03
3.247368421804913030e+00  2.568431883575105802e-03  2.568431883575105802e-03
3.347368421804912675e+00  1.564162245551808939e-03  1.564162245551808939e-03
3.447368421804912320e+00  8.683464840007363910e-04  8.683464840007363910e-04
3.547368421804912852e+00  4.935761370332459892e-04  4.935761370332459892e-04
3.647368421804912497e+00  3.516045856586989360e-04  3.516045856586989360e-04
3.747368421804913030e+00  3.339302745305220365e-04  3.339302745305220365e-04
3.847368421804912675e+00  3.557301808476221535e-04  3.557301808476221535e-04
3.947368421804912320e+00  3.662793484109871348e-04  3.662793484109871348e-04
4.047368421804913297e+00  3.447644671602761828e-04  3.447644671602761828e-04
4.147368421804912941e+00  2.924715889930636710e-04  2.924715889930636710e-04
4.247368421804912586e+00  2.235553532031368058e-04  2.235553532031368058e-04
4.347368421804912231e+00  1.552906670224139590e-04  1.552906670224139590e-04
4.447368421804911875e+00  1.004217244757195208e-04  1.004217244757195208e-04
4.547368421804913297e+00  6.392593927172292192e-05  6.392593927172292192e-05
4.647368421804912941e+00  4.407182273470259615e-05  4.407182273470259615e-05
4.747368421804912586e+00  3.562246934014384232e-05  3.562246934014384232e-05
4.847368421804912231e+00  3.290515011015383742e-05  3.290515011015383742e-05
4.947368421804911875e+00  3.162346950655711204e-05  3.162346950655711204e-05
5.047368421804913297e+00  2.941483632432859038e-05  2.941483632432859038e-05
5.147368421804912941e+00  2.561786083030705662e-05  2.561786083030705662e-05
5.247368421804912586e+00  2.068508249858421662e-05  2.068508249858421662e-05
5.347368421804912231e+00  1.553082118705874037e-05  1.553082118705874037e-05
5.447368421804911875e+00  1.100339023971120468e-05  1.100339023971120468e-05
5.547368421804913297e+00  7.589617875780338291e-06  7.589617875780338291e-06
5.647368421804912941e+00  5.362635608213195346e-06  5.362635608213195346e-06
5.747368421804912586e+00  4.097540132419810326e-06  4.097540132419810326e-06
5.847368421804912231e+00  3.445490840197474403e-06  3.445490840197474403e-06
5.947368421804911875e+00  3.079657992039906268e-06  3.079657992039906268e-06
6.047368421804913297e+00  2.775034468348489891e-06  2.775034468348489891e-06
6.147368421804912941e+00  2.424910639317650076e-06  2.424910639317650076e-06
6.247368421804912586e+00  2.016234423327187122e-06  2.016234423327187122e-06
6.347368421804912231e+00  1.588344208599561219e-06  1.588344208599561219e-06
6.447368421804911875e+00  1.193735966565117220e-06  1.193735966565117220e-06
6.547368421804911520e+00  8.715255023945038068e-07  8.715255023945038068e-07
6.647368421804912941e+00  6.366189640703163802e-07  6.366189640703163802e-07
6.747368421804912586e+00  4.817280567550756644e-07  4.817280567550756644e-07
6.847368421804912231e+00  3.863489989970875670e-07  3.863489989970875670e-07
6.947368421804911875e+00  3.268345008536890786e-07  3.268345008536890786e-07
7.047368421804911520e+00  2.837197198302639599e-07  2.837197198302639599e-07
7.147368421804912941e+00  2.449964296232602363e-07  2.449964296232602363e-07
7.247368421804912586e+00  2.059211926864453370e-07  2.059211926864453370e-07
7.347368421804912231e+00  1.668086392314932135e-07  1.668086392314932135e-07
7.447368421804911875e+00  1.302856217810894548e-07  1.302856217810894548e-07
7.547368421804911520e+00  9.904642342640531736e-08  9.904642342640531736e-08
7.647368421804912941e+00  7.458352669046917968e-08  7.458352669046917968e-08
7.747368421804912586e+00  5.688491138530602750e-08  5.688491138530602750e-08
7.847368421804912231e+00  4.479368259685757926e-08  4.479368259685757926e-08
7.947368421804911875e+00  3.663818223367674166e-08  3.663818223367674166e-08
8.047368421804913297e+00  3.081212199526717436e-08  3.081212199526717436e-08
8.147368421804912941e+00  2.613128289753001889e-08  2.613128289753001889e-08
8.247368421804912586e+00  2.193726977359347967e-08  2.193726977359347967e-08
8.347368421804912231e+00  1.801298562603286208e-08  1.801298562603286208e-08
8.447368421804911875e+00  1.440876510086057861e-08  1.440876510086057861e-08
8.547368421804913297e+00  1.126677935425840442e-08  1.126677935425840442e-08
8.647368421804912941e+00  8.697128547372985719e-09  8.697128547372985719e-09
8.747368421804912586e+00  6.721956917766703076e-09  6.721956917766703076e-09
8.847368421804912231e+00  5.276461692345204768e-09  5.276461692345204768e-09
8.947368421804911875e+00  4.242462946273706394e-09  4.242462946273706394e-09
9.047368421804913297e+00  3.489812471419740139e-09  3.489812471419740139e-09
9.147368421804912941e+00  2.908488579048661682e-09  2.908488579048661682e-09
9.247368421804912586e+00  2.424218581034060564e-09  2.424218581034060564e-09
9.347368421804912231e+00  1.998720465146588196e-09  1.998720465146588196e-09
9.447368421804911875e+00  1.620211632922265068e-09  1.620211632922265068e-09
9.547368421804913297e+00  1.290735828638544532e-09  1.290735828638544532e-09
9.647368421804912941e+00  1.015309250124673335e-09  1.015309250124673335e-09
9.747368421804912586e+00  7.953690406981193219e-10  7.953690406981193219e-10
9.847368421804912231e+00  6.267036616264994922e-10  6.267036616264994922e-10
9.947368421804911875e+00  5.005925948745270462e-10  5.005925948745270462e-10
1.004736842180491330e+01  4.064013371981325589e-10  4.064013371981325589e-10
1.014736842180491294e+01  3.341360783189509893e-10  3.341360783189509893e-10
1.024736842180491259e+01  2.760880435022113492e-10  2.760880435022113492e-10
1.034736842180491223e+01  2.273472636879866129e-10  2.273472636879866129e-10
1.044736842180491188e+01  1.854238708923140443e-10  1.854238708923140443e-10
