-1.598900866154735922e+00  3.257963874408284782e-22  3.257963874408284782e-22
-1.498900866154735390e+00  1.488029781650313350e-20  1.488029781650313350e-20
-1.398900866154735745e+00  6.191448555827695754e-19  6.191448555827695754e-19
-1.298900866154735656e+00  2.242242766669798181e-17  2.242242766669798181e-17
-1.198900866154735567e+00  6.966982954362664799e-16  6.966982954362664799e-16
-1.098900866154735922e+00  1.848939030528066765e-14  1.848939030528066765e-14
-9.989008661547356116e-01  4.184805206557687436e-13  4.184805206557687436e-13
-8.989008661547357448e-01  8.073840972720165038e-12  8.073840972720165038e-12
-7.989008661547356560e-01  1.327563455869713102e-10  1.327563455869713102e-10
-6.989008661547355672e-01  1.860237219634692228e-09  1.860237219634692228e-09
-5.989008661547357004e-01  2.221293336031670865e-08  2.221293336031670865e-08
-4.989008661547356116e-01  2.260279509607755437e-07  2.260279509607755437e-07
-3.989008661547355228e-01  1.959901766015245237e-06  1.959901766015245237e-06
-2.989008661547356560e-01  1.448175068197525438e-05  1.448175068197525438e-05
-1.989008661547355672e-01  9.118466115917637073e-05  9.118466115917637073e-05
-9.890086615473570042e-02  4.892560135677235297e-04  4.892560135677235297e-04
1.099133845264388398e-03  2.236990453400676711e-03  2.236990453400676711e-03
1.010991338452644772e-01  8.715769787647464559e-03  8.715769787647464559e-03
2.010991338452643440e-01  2.893752146520413640e-02  2.893752146520413640e-02
3.010991338452644328e-01  8.187126793786828061e-02  8.187126793786828061e-02
4.010991338452642996e-01  1.973865808244505970e-01  1.973865808244505970e-01
5.010991338452643884e-01  4.055294344930260864e-01  4.055294344930260864e-01
6.010991338452644772e-01  7.099891037346570677e-01  7.099891037346570677e-01
7.010991338452645660e-01  1.059299891387820880e+00  1.059299891387820880e+00
8.010991338452646549e-01  1.346965046991465353e+00  1.346965046991465353e+00
9.010991338452642996e-01  1.459976990477919623e+00  1.459976990477919623e+00
1.001099133845264388e+00  1.349616909602650683e+00  1.349616909602650683e+00
1.101099133845264477e+00  1.065591473511113607e+00  1.065591473511113607e+00
1.201099133845264566e+00  7.218429445423877322e-01  7.218429445423877322e-01
1.301099133845264655e+00  4.256027373974974326e-01  4.256027373974974326e-01
1.401099133845264300e+00  2.286027211787730606e-01  2.286027211787730606e-01
1.501099133845264388e+00  1.266418006310181810e-01  1.266418006310181810e-01
1.601099133845264477e+00  8.821152729415021598e-02  8.821152729415021598e-02
1.701099133845264566e+00  8.118251904902024085e-02  8.118251904902024085e-02
1.801099133845264655e+00  8.407535777023246448e-02  8.407535777023246448e-02
1.901099133845264300e+00  8.590850047734054085e-02  8.590850047734054085e-02
2.001099133845264610e+00  8.257655453477040497e-02  8.257655453477040497e-02
2.101099133845264255e+00  7.385006306293964706e-02  7.385006306293964706e-02
2.201099133845264788e+00  6.149917839562515226e-02  6.149917839562515226e-02
2.301099133845264433e+00  4.800627361718107222e-02  4.800627361718107222e-02
2.401099133845264078e+00  3.560476642245709311e-02  3.560476642245709311e-02
2.501099133845264610e+00  2.569625900306957839e-02  2.569625900306957839e-02
2.601099133845264255e+00  1.870716605736521751e-02  1.870716605736521751e-02
2.701099133845263900e+00  1.429891063702930232e-02  1.429891063702930232e-02
2.801099133845264433e+00  1.173885944910926966e-02  1.173885944910926966e-02
2.901099133845264078e+00  1.024561713349727773e-02  1.024561713349727773e-02
3.001099133845264610e+00  9.205772391824318737e-03  9.205772391824318737e-03
3.101099133845264255e+00  8.249757350504306058e-03  8.249757350504306058e-03
3.201099133845264788e+00  7.227958534693189503e-03  7.227958534693189503e-03
3.301099133845264433e+00  6.140066972746422921e-03  6.140066972746422921e-03
3.401099133845264078e+00  5.058376307668061879e-03  5.058376307668061879e-03
3.501099133845264610e+00  4.067531344337350398e-03  4.067531344337350398e-03
3.601099133845264255e+00  3.228518142984662404e-03  3.228518142984662404e-03
3.701099133845264788e+00  2.565431225699109970e-03  2.565431225699109970e-03
3.801099133845264433e+00  2.068762384470527928e-03  2.068762384470527928e-03
3.901099133845264078e+00  1.707433323521090731e-03  1.707433323521090731e-03
4.001099133845264610e+00  1.442633805423987076e-03  1.442633805423987076e-03
4.101099133845264255e+00  1.238796051557293498e-03  1.238796051557293498e-03
4.201099133845264788e+00  1.069702886154145138e-03  1.069702886154145138e-03
4.301099133845264433e+00  9.199178303070244377e-04  9.199178303070244377e-04
4.401099133845264078e+00  7.829842218186927778e-04  7.829842218186927778e-04
4.501099133845264610e+00  6.581659823926523049e-04  6.581659823926523049e-04
4.601099133845264255e+00  5.471849013386645508e-04  5.471849013386645508e-04
4.701099133845264788e+00  4.518136217850086457e-04  4.518136217850086457e-04
4.801099133845264433e+00  3.725988287275619698e-04  3.725988287275619698e-04
4.901099133845264078e+00  3.085732172187643802e-04  3.085732172187643802e-04
5.001099133845264610e+00  2.576089609123586796e-04  2.576089609123586796e-04
5.101099133845264255e+00  2.170367693588835540e-04  2.170367693588835540e-04
5.201099133845264788e+00  1.842380085221588699e-04  1.842380085221588699e-04
5.301099133845264433e+00  1.570453977763604323e-04  1.570453977763604323e-04
5.401099133845264078e+00  1.339085480078324917e-04  1.339085480078324917e-04
5.501099133845264610e+00  1.138645473793157626e-04  1.138645473793157626e-04
5.601099133845264255e+00  9.639282539536796093e-05  9.639282539536796093e-05
5.701099133845264788e+00  8.123488275612117328e-05  8.123488275612117328e-05
5.801099133845264433e+00  6.823786999535705051e-05  6.823786999535705051e-05
5.901099133845264078e+00  5.725161779783708295e-05  5.725161779783708295e-05
6.001099133845264610e+00  4.808281952195191914e-05  4.808281952195191914e-05
6.101099133845264255e+00  4.049340665754317683e-05  4.049340665754317683e-05
6.201099133845264788e+00  3.422363295451013524e-05  3.422363295451013524e-05
6.301099133845264433e+00  2.902173877761932662e-05  2.902173877761932662e-05
6.401099133845264078e+00  2.466779469736481210e-05  2.466779469736481210e-05
6.501099133845263722e+00  2.098612170642952647e-05  2.098612170642952647e-05
6.601099133845265143e+00  1.784627664479986349e-05  1.784627664479986349e-05
6.701099133845264788e+00  1.515593077765385794e-05  1.515593077765385794e-05
6.801099133845264433e+00  1.285004009961828628e-05  1.285004009961828628e-05
6.901099133845264078e+00  1.088011693853326786e-05  1.088011693853326786e-05
7.001099133845263722e+00  9.205985911887929247e-06  9.205985911887929247e-06
7.101099133845265143e+00  7.790869807176112208e-06  7.790869807176112208e-06
7.201099133845264788e+00  6.599472267139222112e-06  6.599472267139222112e-06
7.301099133845264433e+00  5.598089646437152595e-06  5.598089646437152595e-06
7.401099133845264078e+00  4.755656349569482273e-06  4.755656349569482273e-06
7.501099133845263722e+00  4.044843905460876693e-06  4.044843905460876693e-06
7.601099133845265143e+00  3.442700617567318632e-06  3.442700617567318632e-06
7.701099133845264788e+00  2.930676894699081270e-06  2.930676894699081270e-06
7.801099133845264433e+00  2.494136914769032483e-06  2.494136914769032483e-06
7.901099133845264078e+00  2.121580832151986586e-06  2.121580832151986586e-06
8.001099133845265499e+00  1.803811671818780882e-06  1.803811671818780882e-06
8.101099133845265143e+00  1.533219664387809124e-06  1.533219664387809124e-06
8.201099133845264788e+00  1.303269339756599191e-06  1.303269339756599191e-06
8.301099133845264433e+00  1.108195874406230118e-06  1.108195874406230118e-06
8.401099133845264078e+00  9.428656634495345354e-07  9.428656634495345354e-07
8.501099133845265499e+00  8.027356846165879072e-07  8.027356846165879072e-07
8.601099133845265143e+00  6.838506545458439817e-07  6.838506545458439817e-07
8.701099133845264788e+00  5.828355367105179206e-07  5.828355367105179206e-07
8.801099133845264433e+00  4.968631846977774034e-07  4.968631846977774034e-07
8.901099133845264078e+00  4.235953708494898667e-07  4.235953708494898667e-07
9.001099133845265499e+00  3.611066371093808177e-07  3.611066371093808177e-07
9.101099133845265143e+00  3.078041480514510068e-07  3.078041480514510068e-07
9.201099133845264788e+00  2.623549615200410791e-07  2.623549615200410791e-07
9.301099133845264433e+00  2.236275499398846469e-07  2.236275499398846469e-07
9.401099133845264078e+00  1.906494175473204298e-07  1.906494175473204298e-07
9.501099133845265499e+00  1.625788454619807259e-07  1.625788454619807259e-07
9.601099133845265143e+00  1.386867941003251732e-07  1.386867941003251732e-07
9.701099133845264788e+00  1.183446853205216355e-07  1.183446853205216355e-07
9.801099133845264433e+00  1.010146312916627654e-07  1.010146312916627654e-07
9.901099133845264078e+00  8.624001808042210807e-08  8.624001808042210807e-08
1.000109913384526550e+01  7.363564681095536365e-08  7.363564681095536365e-08
1.010109913384526514e+01  6.287756074908734556e-08  6.287756074908734556e-08
1.020109913384526479e+01  5.369314372049750009e-08  5.369314372049750009e-08
1.030109913384526443e+01  4.585213014522333656e-08  4.585213014522333656e-08
1.040109913384526408e+01  3.915896949789671991e-08  3.915896949789671991e-08
