-1.530927834943239141e+00  9.540131980888182996e-12  9.540131980888182996e-12
-1.430927834943239496e+00  6.944520181659658333e-11  6.944520181659658333e-11
-1.330927834943239407e+00  4.691695521515864245e-10  4.691695521515864245e-10
-1.230927834943239318e+00  2.931755798238704714e-09  2.931755798238704714e-09
-1.130927834943239674e+00  1.691587187378778584e-08  1.691587187378778584e-08
-1.030927834943239141e+00  9.004351371880233908e-08  9.004351371880233908e-08
-9.309278349432392741e-01  4.419826992441905870e-07  4.419826992441905870e-07
-8.309278349432394073e-01  2.000080864222939665e-06  2.000080864222939665e-06
-7.309278349432393185e-01  8.342982072991319688e-06  8.342982072991319688e-06
-6.309278349432392297e-01  3.207700191736998798e-05  3.207700191736998798e-05
-5.309278349432393629e-01  1.136700236457604266e-04  1.136700236457604266e-04
-4.309278349432392741e-01  3.712501281161749477e-04  3.712501281161749477e-04
-3.309278349432391853e-01  1.117503772391325537e-03  1.117503772391325537e-03
-2.309278349432393185e-01  3.100195154482227392e-03  3.100195154482227392e-03
-1.309278349432392297e-01  7.926552268501137893e-03  7.926552268501137893e-03
-3.092783494323936289e-02  1.867814006793821341e-02  1.867814006793821341e-02
6.907216505676072593e-02  4.056360482340101714e-02  4.056360482340101714e-02
1.690721650567608147e-01  8.118830299596940803e-02  8.118830299596940803e-02
2.690721650567606815e-01  1.497633837434845239e-01  1.497633837434845239e-01
3.690721650567607703e-01  2.546100097966416675e-01  2.546100097966416675e-01
4.690721650567606371e-01  3.989394890449988185e-01  3.989394890449988185e-01
5.690721650567607259e-01  5.761121868425077563e-01  5.761121868425077563e-01
6.690721650567608147e-01  7.668083225756264776e-01  7.668083225756264776e-01
7.690721650567609036e-01  9.407306143472669024e-01  9.407306143472669024e-01
8.690721650567609924e-01  1.063837286926507142e+00  1.063837286926507142e+00
9.690721650567606371e-01  1.109109914203896263e+00  1.109109914203896263e+00
1.069072165056760726e+00  1.066273843769357077e+00  1.066273843769357077e+00
1.169072165056760815e+00  9.457021512855660061e-01  9.457021512855660061e-01
1.269072165056760904e+00  7.744771686001958866e-01  7.744771686001958866e-01
1.369072165056760992e+00  5.866421441206703946e-01  5.866421441206703946e-01
1.469072165056760637e+00  4.124180012888323810e-01  4.124180012888323810e-01
1.569072165056760726e+00  2.709716942121289662e-01  2.709716942121289662e-01
1.669072165056760815e+00  1.687330287336168966e-01  1.687330287336168966e-01
1.769072165056760904e+00  1.022588104144621646e-01  1.022588104144621646e-01
1.869072165056760992e+00  6.301757182869137386e-02  6.301757182869137386e-02
1.969072165056760637e+00  4.165199143674930965e-02  4.165199143674930965e-02
2.069072165056760504e+00  3.050581273800093834e-02  3.050581273800093834e-02
2.169072165056761037e+00  2.442667845543790989e-02  2.442667845543790989e-02
2.269072165056760682e+00  2.048638525944022903e-02  2.048638525944022903e-02
2.369072165056761214e+00  1.729910046001003135e-02  1.729910046001003135e-02
2.469072165056760859e+00  1.436648399173909990e-02  1.436648399173909990e-02
2.569072165056761392e+00  1.161248477933366982e-02  1.161248477933366982e-02
2.669072165056761037e+00  9.110366954678964305e-03  9.110366954678964305e-03
2.769072165056760682e+00  6.947411756079861604e-03  6.947411756079861604e-03
2.869072165056761214e+00  5.171943566170845476e-03  5.171943566170845476e-03
2.969072165056760859e+00  3.783753312221657325e-03  3.783753312221657325e-03
3.069072165056761392e+00  2.744314947803341322e-03  2.744314947803341322e-03
3.169072165056761037e+00  1.993322153880004288e-03  1.993322153880004288e-03
3.269072165056761570e+00  1.464254779992656304e-03  1.464254779992656304e-03
3.369072165056761214e+00  1.095622052580640451e-03  1.095622052580640451e-03
3.469072165056760859e+00  8.371092539210346411e-04  8.371092539210346411e-04
3.569072165056761392e+00  6.513914231515480604e-04  6.513914231515480604e-04
3.669072165056761037e+00  5.130461677483420932e-04  5.130461677483420932e-04
3.769072165056761570e+00  4.060268255014993295e-04  4.060268255014993295e-04
3.869072165056761214e+00  3.208232710328239794e-04  3.208232710328239794e-04
3.969072165056760859e+00  2.519892282942198889e-04  2.519892282942198889e-04
4.069072165056761392e+00  1.963182059760992814e-04  1.963182059760992814e-04
4.169072165056761037e+00  1.516791687685633563e-04  1.516791687685633563e-04
4.269072165056761570e+00  1.163825037566113880e-04  1.163825037566113880e-04
4.369072165056761214e+00  8.890515800151099388e-05  8.890515800151099388e-05
4.469072165056760859e+00  6.782046257169927189e-05  6.782046257169927189e-05
4.569072165056761392e+00  5.181925533829633695e-05  5.181925533829633695e-05
4.669072165056761037e+00  3.975256970441107582e-05  3.975256970441107582e-05
4.769072165056761570e+00  3.066147452143712116e-05  3.066147452143712116e-05
4.869072165056761214e+00  2.378338702856964656e-05  2.378338702856964656e-05
4.969072165056760859e+00  1.853733776654434355e-05  1.853733776654434355e-05
5.069072165056761392e+00  1.449598637642720988e-05  1.449598637642720988e-05
5.169072165056761037e+00  1.135264444168747577e-05  1.135264444168747577e-05
5.269072165056761570e+00  8.889622194611505505e-06  8.889622194611505505e-06
5.369072165056761214e+00  6.951589982672174795e-06  6.951589982672174795e-06
5.469072165056760859e+00  5.425315534891929277e-06  5.425315534891929277e-06
5.569072165056761392e+00  4.225518494136420577e-06  4.225518494136420577e-06
5.669072165056761037e+00  3.285715871169998898e-06  3.285715871169998898e-06
5.769072165056761570e+00  2.552662169401586389e-06  2.552662169401586389e-06
5.869072165056761214e+00  1.983098938953642925e-06  1.983098938953642925e-06
5.969072165056760859e+00  1.541821294230903041e-06  1.541821294230903041e-06
6.069072165056761392e+00  1.200399043767787931e-06  1.200399043767787931e-06
6.169072165056761037e+00  9.361739502979566305e-07  9.361739502979566305e-07
6.269072165056761570e+00  7.313586614220899302e-07  7.313586614220899302e-07
6.369072165056761214e+00  5.721865022997236213e-07  5.721865022997236213e-07
6.469072165056760859e+00  4.481211087191628561e-07  4.481211087191628561e-07
6.569072165056760504e+00  3.511524070458816182e-07  3.511524070458816182e-07
6.669072165056761925e+00  2.752002576063245621e-07  2.752002576063245621e-07
6.769072165056761570e+00  2.156334843287412869e-07  2.156334843287412869e-07
6.869072165056761214e+00  1.688986513717145198e-07  1.688986513717145198e-07
6.969072165056760859e+00  1.322437800987531614e-07  1.322437800987531614e-07
7.069072165056760504e+00  1.035180362673974083e-07  1.035180362673974083e-07
7.169072165056761925e+00  8.102835724912947670e-08  8.102835724912947670e-08
7.269072165056761570e+00  6.343651479542551756e-08  6.343651479542551756e-08
7.369072165056761214e+00  4.968376274199648135e-08  4.968376274199648135e-08
7.469072165056760859e+00  3.893392450498469014e-08  3.893392450498469014e-08
7.569072165056760504e+00  3.052890828177037908e-08  3.052890828177037908e-08
7.669072165056761925e+00  2.395295817862361750e-08  2.395295817862361750e-08
7.769072165056761570e+00  1.880347652329685809e-08  1.880347652329685809e-08
7.869072165056761214e+00  1.476714236527634081e-08  1.476714236527634081e-08
7.969072165056760859e+00  1.160050108685501372e-08  1.160050108685501372e-08
8.069072165056763168e+00  9.114390045357183300e-09  9.114390045357183300e-09
8.169072165056761037e+00  7.161630288187519541e-09  7.161630288187519541e-09
8.269072165056762458e+00  5.627440012376480802e-09  5.627440012376480802e-09
8.369072165056760326e+00  4.422055189789510045e-09  4.422055189789510045e-09
8.469072165056761747e+00  3.475091233979270768e-09  3.475091233979270768e-09
8.569072165056763168e+00  2.731244814085767949e-09  2.731244814085767949e-09
8.669072165056761037e+00  2.147008180132653478e-09  2.147008180132653478e-09
8.769072165056762458e+00  1.688140286188136229e-09  1.688140286188136229e-09
8.869072165056760326e+00  1.327702684807431675e-09  1.327702684807431675e-09
8.969072165056761747e+00  1.044520055259205280e-09  1.044520055259205280e-09
9.069072165056761392e+00  8.219646705965390238e-10  8.219646705965390238e-10
9.169072165056761037e+00  6.469924123493453882e-10  6.469924123493453882e-10
9.269072165056760682e+00  5.093773736346656521e-10  5.093773736346656521e-10
9.369072165056760326e+00  4.011050995818975400e-10  4.011050995818975400e-10
9.469072165056759971e+00  3.158932449541480473e-10  3.158932449541480473e-10
9.569072165056761392e+00  2.488145156542341492e-10  2.488145156542341492e-10
9.669072165056761037e+00  1.960013018594816955e-10  1.960013018594816955e-10
9.769072165056760682e+00  1.544150578186027541e-10  1.544150578186027541e-10
9.869072165056760326e+00  1.216665710287178719e-10  1.216665710287178719e-10
9.969072165056759971e+00  9.587593219215965283e-11  9.587593219215965283e-11
1.006907216505676139e+01  7.556331118851641366e-11  7.556331118851641366e-11
1.016907216505676104e+01  5.956357473452901112e-11  5.956357473452901112e-11
1.026907216505676068e+01  4.695936128677980708e-11  4.695936128677980708e-11
1.036907216505676033e+01  3.702848493443497451e-11  3.702848493443497451e-11
1.046907216505675997e+01  2.920251322378511642e-11  2.920251322378511642e-11
