-1.636361991235291580e+00  1.128631606834717958e-93  1.128631606834717958e-93
-1.536361991235291491e+00  4.233881709749835415e-87  4.233881709749835415e-87
-1.436361991235291846e+00  4.992430810443798097e-80  4.992430810443798097e-80
-1.336361991235291313e+00  3.048000331821835344e-73  3.048000331821835344e-73
-1.236361991235291669e+00  9.295461932219770004e-67  9.295461932219770004e-67
-1.136361991235291580e+00  1.415583333434380349e-60  1.415583333434380349e-60
-1.036361991235291491e+00  1.076481446369757929e-54  1.076481446369757929e-54
-9.363619912352914021e-01  4.087749441103662000e-49  4.087749441103662000e-49
-8.363619912352915353e-01  7.751193817822593400e-44  7.751193817822593400e-44
-7.363619912352916685e-01  7.339382719097108939e-39  7.339382719097108939e-39
-6.363619912352915797e-01  3.470220597806423379e-34  3.470220597806423379e-34
-5.363619912352914909e-01  8.193344982553043183e-30  8.193344982553043183e-30
-4.363619912352914021e-01  9.659886177476337266e-26  9.659886177476337266e-26
-3.363619912352915353e-01  5.687080645301417144e-22  5.687080645301417144e-22
-2.363619912352914465e-01  1.671911843343340935e-18  1.671911843343340935e-18
-1.363619912352915797e-01  2.454392252681648259e-15  2.454392252681648259e-15
-3.636199123529149091e-02  1.799207191886367694e-12  1.799207191886367694e-12
6.363800876470859791e-02  6.586049571424571657e-10  6.586049571424571657e-10
1.636380087647084647e-01  1.203858439809196498e-07  1.203858439809196498e-07
2.636380087647085535e-01  1.098834934403393781e-05  1.098834934403393781e-05
3.636380087647084203e-01  5.008366526988300427e-04  5.008366526988300427e-04
4.636380087647085091e-01  1.139898967441879858e-02  1.139898967441879858e-02
5.636380087647085979e-01  1.295517327389187623e-01  1.295517327389187623e-01
6.636380087647086867e-01  7.352358948484009060e-01  7.352358948484009060e-01
7.636380087647087755e-01  2.083611697289254661e+00  2.083611697289254661e+00
8.636380087647084203e-01  2.948583852723684284e+00  2.948583852723684284e+00
9.636380087647085091e-01  2.083611870461933080e+00  2.083611870461933080e+00
1.063638008764708598e+00  7.352392112700754101e-01  7.352392112700754101e-01
1.163638008764708687e+00  1.295965706490159186e-01  1.295965706490159186e-01
1.263638008764708776e+00  1.182736444065154990e-02  1.182736444065154990e-02
1.363638008764708420e+00  3.392886029601973989e-03  3.392886029601973989e-03
1.463638008764708509e+00  1.380818427901491299e-02  1.380818427901491299e-02
1.563638008764708598e+00  4.651364664034130653e-02  4.651364664034130653e-02
1.663638008764708687e+00  1.108079732073017493e-01  1.108079732073017493e-01
1.763638008764708776e+00  1.865374778920826926e-01  1.865374778920826926e-01
1.863638008764708420e+00  2.219038947653920735e-01  2.219038947653920735e-01
1.963638008764708509e+00  1.865399073311982681e-01  1.865399073311982681e-01
2.063638008764708598e+00  1.108255209844435235e-01  1.108255209844435235e-01
2.163638008764708687e+00  4.661312705755553398e-02  4.661312705755553398e-02
2.263638008764708776e+00  1.424564753799283448e-02  1.424564753799283448e-02
2.363638008764708420e+00  4.493954566690404329e-03  4.493954566690404329e-03
2.463638008764708953e+00  4.968072194725565993e-03  4.968072194725565993e-03
2.563638008764708598e+00  1.025155155499000471e-02  1.025155155499000471e-02
2.663638008764708243e+00  1.820929768153861650e-02  1.820929768153861650e-02
2.763638008764708776e+00  2.576412985400313230e-02  2.576412985400313230e-02
2.863638008764708420e+00  2.892598213607217722e-02  2.892598213607217722e-02
2.963638008764708953e+00  2.576801568224683717e-02  2.576801568224683717e-02
3.063638008764708598e+00  1.822428686009377324e-02  1.822428686009377324e-02
3.163638008764709131e+00  1.027408533474393100e-02  1.027408533474393100e-02
3.263638008764708776e+00  4.747944699398342662e-03  4.747944699398342662e-03
3.363638008764708420e+00  2.142996678000092577e-03  2.142996678000092577e-03
3.463638008764708953e+00  1.630304878323856959e-03  1.630304878323856959e-03
3.563638008764708598e+00  2.269596180013841100e-03  2.269596180013841100e-03
3.663638008764709131e+00  3.366883934867303564e-03  3.366883934867303564e-03
3.763638008764708776e+00  4.348261210773614674e-03  4.348261210773614674e-03
3.863638008764708420e+00  4.740811643895683457e-03  4.740811643895683457e-03
3.963638008764708953e+00  4.348812382539991514e-03  4.348812382539991514e-03
4.063638008764709042e+00  3.359644368551135962e-03  3.359644368551135962e-03
4.163638008764708687e+00  2.199316392792522237e-03  2.199316392792522237e-03
4.263638008764708331e+00  1.254188286895431504e-03  1.254188286895431504e-03
4.363638008764707976e+00  6.963688514724708165e-04  6.963688514724708165e-04
4.463638008764709397e+00  4.983453650623448014e-04  4.983453650623448014e-04
4.563638008764709042e+00  5.390739250349987346e-04  5.390739250349987346e-04
4.663638008764708687e+00  6.858694082045064134e-04  6.858694082045064134e-04
4.763638008764708331e+00  8.264636373857202041e-04  8.264636373857202041e-04
4.863638008764707976e+00  8.825828545843892843e-04  8.825828545843892843e-04
4.963638008764709397e+00  8.238781855855753381e-04  8.238781855855753381e-04
5.063638008764709042e+00  6.718942742720784931e-04  6.718942742720784931e-04
5.163638008764708687e+00  4.821102276108591464e-04  4.821102276108591464e-04
5.263638008764708331e+00  3.122021629875868366e-04  3.122021629875868366e-04
5.363638008764707976e+00  1.970579557757657903e-04  1.970579557757657903e-04
5.463638008764709397e+00  1.426725120047078830e-04  1.426725120047078830e-04
5.563638008764709042e+00  1.347987306216193496e-04  1.347987306216193496e-04
5.663638008764708687e+00  1.512297940063494237e-04  1.512297940063494237e-04
5.763638008764708331e+00  1.708271392530091577e-04  1.708271392530091577e-04
5.863638008764707976e+00  1.786524996104924727e-04  1.786524996104924727e-04
5.963638008764709397e+00  1.684332646611702360e-04  1.684332646611702360e-04
6.063638008764709042e+00  1.424719452975105956e-04  1.424719452975105956e-04
6.163638008764708687e+00  1.087960132974077237e-04  1.087960132974077237e-04
6.263638008764708331e+00  7.667545600731558739e-05  7.667545600731558739e-05
6.363638008764707976e+00  5.272195363358713534e-05  5.272195363358713534e-05
6.463638008764707621e+00  3.920552252606383483e-05  3.920552252606383483e-05
6.563638008764709042e+00  3.461906983221906317e-05  3.461906983221906317e-05
6.663638008764708687e+00  3.539549549030642064e-05  3.539549549030642064e-05
6.763638008764708331e+00  3.766017154343140539e-05  3.766017154343140539e-05
6.863638008764707976e+00  3.846478664930932110e-05  3.846478664930932110e-05
6.963638008764707621e+00  3.639204442964403895e-05  3.639204442964403895e-05
7.063638008764709042e+00  3.157036199241509223e-05  3.157036199241509223e-05
7.163638008764708687e+00  2.520567839884834131e-05  2.520567839884834131e-05
7.263638008764708331e+00  1.885811566129261079e-05  1.885811566129261079e-05
7.363638008764707976e+00  1.377574167060366667e-05  1.377574167060366667e-05
7.463638008764707621e+00  1.052947764182283262e-05  1.052947764182283262e-05
7.563638008764709042e+00  9.005099867920632510e-06  9.005099867920632510e-06
7.663638008764708687e+00  8.639164563169841651e-06  8.639164563169841651e-06
7.763638008764708331e+00  8.729667971391197510e-06  8.729667971391197510e-06
7.863638008764707976e+00  8.693231883431780740e-06  8.693231883431780740e-06
7.963638008764709397e+00  8.209248600853069126e-06  8.209248600853069126e-06
8.063638008764709042e+00  7.243239602345742583e-06  7.243239602345742583e-06
8.163638008764708687e+00  5.973885117018545576e-06  5.973885117018545576e-06
8.263638008764708331e+00  4.669346925103856604e-06  4.669346925103856604e-06
8.363638008764707976e+00  3.566390727342490776e-06  3.566390727342490776e-06
8.463638008764709397e+00  2.794169646415082221e-06  2.794169646415082221e-06
8.563638008764709042e+00  2.357755412295183509e-06  2.357755412295183509e-06
8.663638008764708687e+00  2.169588738726284551e-06  2.169588738726284551e-06
8.763638008764708331e+00  2.102991958297723050e-06  2.102991958297723050e-06
8.863638008764707976e+00  2.042831872162854098e-06  2.042831872162854098e-06
8.963638008764709397e+00  1.917869451499236270e-06  1.917869451499236270e-06
9.063638008764709042e+00  1.710024823089543963e-06  1.710024823089543963e-06
9.163638008764708687e+00  1.444057516502564676e-06  1.444057516502564676e-06
9.263638008764708331e+00  1.166136709213409751e-06  1.166136709213409751e-06
9.363638008764707976e+00  9.212384057591799013e-07  9.212384057591799013e-07
9.463638008764709397e+00  7.373141977142776394e-07  7.373141977142776394e-07
9.563638008764709042e+00  6.198143672796263300e-07  6.198143672796263300e-07
9.663638008764708687e+00  5.555089486115429365e-07  5.555089486115429365e-07
9.763638008764708331e+00  5.215781334224091828e-07  5.215781334224091828e-07
9.863638008764707976e+00  4.953471520314204661e-07  4.953471520314204661e-07
9.963638008764709397e+00  4.612527538969561279e-07  4.612527538969561279e-07
1.006363800876470904e+01  4.135660410900952968e-07  4.135660410900952968e-07
1.016363800876470869e+01  3.551782118662947447e-07  3.551782118662947447e-07
1.026363800876470833e+01  2.939209548164403875e-07  2.939209548164403875e-07
1.036363800876470798e+01  2.382966227640853780e-07  2.382966227640853780e-07
