-1.623594631980860292e+00  3.890116247364409380e-53  3.890116247364409380e-53
-1.523594631980860648e+00  3.242622234325396278e-49  3.242622234325396278e-49
-1.423594631980860559e+00  3.013280936357435906e-45  3.013280936357435906e-45
-1.323594631980860470e+00  1.971265069520961670e-41  1.971265069520961670e-41
-1.223594631980860825e+00  8.750361831826105532e-38  8.750361831826105532e-38
-1.123594631980860292e+00  2.628833183560447701e-34  2.628833183560447701e-34
-1.023594631980860648e+00  5.343970621344979121e-31  5.343970621344979121e-31
-9.235946319808605587e-01  7.350553770142879064e-28  7.350553770142879064e-28
-8.235946319808604699e-01  6.841163249361679394e-25  6.841163249361679394e-25
-7.235946319808603810e-01  4.308177600264241552e-22  4.308177600264241552e-22
-6.235946319808605143e-01  1.835739137381234355e-19  1.835739137381234355e-19
-5.235946319808604255e-01  5.292758219490539051e-17  5.292758219490539051e-17
-4.235946319808603366e-01  1.032539945265325655e-14  1.032539945265325655e-14
-3.235946319808604699e-01  1.362967144050195441e-12  1.362967144050195441e-12
-2.235946319808603810e-01  1.217356081455244204e-10  1.217356081455244204e-10
-1.235946319808605143e-01  7.357048017599364919e-09  7.357048017599364919e-09
-2.359463198086042546e-02  3.008453266554847938e-07  3.008453266554847938e-07
7.640536801913966336e-02  8.324088071013932089e-06  8.324088071013932089e-06
1.764053680191395301e-01  1.558417374957769190e-04  1.558417374957769190e-04
2.764053680191396190e-01  1.974170303554846542e-03  1.974170303554846542e-03
3.764053680191394857e-01  1.692151200465186883e-02  1.692151200465186883e-02
4.764053680191395745e-01  9.814031273183720927e-02  9.814031273183720927e-02
5.764053680191396634e-01  3.851318476162026161e-01  3.851318476162026161e-01
6.764053680191397522e-01  1.022645655779618412e+00  1.022645655779618412e+00
7.764053680191398410e-01  1.837362383378976505e+00  1.837362383378976505e+00
8.764053680191394857e-01  2.233672137333278407e+00  2.233672137333278407e+00
9.764053680191395745e-01  1.837418354053493408e+00  1.837418354053493408e+00
1.076405368019139663e+00  1.022945991315065362e+00  1.022945991315065362e+00
1.176405368019139752e+00  3.864318751104415250e-01  3.864318751104415250e-01
1.276405368019139841e+00  1.027673870741954987e-01  1.027673870741954987e-01
1.376405368019139486e+00  3.046822664048122811e-02  3.046822664048122811e-02
1.476405368019139575e+00  3.459827293609596399e-02  3.459827293609596399e-02
1.576405368019139663e+00  6.478387691775291946e-02  6.478387691775291946e-02
1.676405368019139752e+00  1.053216364813403111e-01  1.053216364813403111e-01
1.776405368019139841e+00  1.411673460173343830e-01  1.411673460173343830e-01
1.876405368019139486e+00  1.556685869543580070e-01  1.556685869543580070e-01
1.976405368019139575e+00  1.412562097815650286e-01  1.412562097815650286e-01
2.076405368019139885e+00  1.056029444898342468e-01  1.056029444898342468e-01
2.176405368019139530e+00  6.540101773104418925e-02  6.540101773104418925e-02
2.276405368019140063e+00  3.442670847784344568e-02  3.442670847784344568e-02
2.376405368019139708e+00  1.723593096256238397e-02  1.723593096256238397e-02
2.476405368019140241e+00  1.125552193494272664e-02  1.125552193494272664e-02
2.576405368019139885e+00  1.175567140688550671e-02  1.175567140688550671e-02
2.676405368019139530e+00  1.478040288471853779e-02  1.478040288471853779e-02
2.776405368019140063e+00  1.766493813709005614e-02  1.766493813709005614e-02
2.876405368019139708e+00  1.881455749643481598e-02  1.881455749643481598e-02
2.976405368019140241e+00  1.765581914843311964e-02  1.765581914843311964e-02
3.076405368019139885e+00  1.460276249345716752e-02  1.460276249345716752e-02
3.176405368019140418e+00  1.071536276440409642e-02  1.071536276440409642e-02
3.276405368019140063e+00  7.119642568315772725e-03  7.119642568315772725e-03
3.376405368019139708e+00  4.530012222521136861e-03  4.530012222521136861e-03
3.476405368019140241e+00  3.107623552264244214e-03  3.107623552264244214e-03
3.576405368019139885e+00  2.610351014469218696e-03  2.610351014469218696e-03
3.676405368019140418e+00  2.637191576956449297e-03  2.637191576956449297e-03
3.776405368019140063e+00  2.814641758396097329e-03  2.814641758396097329e-03
3.876405368019139708e+00  2.887635848989674944e-03  2.887635848989674944e-03
3.976405368019140241e+00  2.741861942641989156e-03  2.741861942641989156e-03
4.076405368019139885e+00  2.386062454869854448e-03  2.386062454869854448e-03
4.176405368019140418e+00  1.909062980037450931e-03  1.909062980037450931e-03
4.276405368019140063e+00  1.425040810091341911e-03  1.425040810091341911e-03
4.376405368019139708e+00  1.025585034358247232e-03  1.025585034358247232e-03
4.476405368019140241e+00  7.541168617774844304e-04  7.541168617774844304e-04
4.576405368019139885e+00  6.059976582225440073e-04  6.059976582225440073e-04
4.676405368019140418e+00  5.456731341138888226e-04  5.456731341138888226e-04
4.776405368019140063e+00  5.281655976514555966e-04  5.281655976514555966e-04
4.876405368019139708e+00  5.157025030748819266e-04  5.157025030748819266e-04
4.976405368019140241e+00  4.860848233617438190e-04  4.860848233617438190e-04
5.076405368019139885e+00  4.335331756145187473e-04  4.335331756145187473e-04
5.176405368019140418e+00  3.644842610906772785e-04  3.644842610906772785e-04
5.276405368019140063e+00  2.911517253376265683e-04  2.911517253376265683e-04
5.376405368019139708e+00  2.253917937346599186e-04  2.253917937346599186e-04
5.476405368019140241e+00  1.746683773815325470e-04  1.746683773815325470e-04
5.576405368019139885e+00  1.407853788723837307e-04  1.407853788723837307e-04
5.676405368019140418e+00  1.209321164811545153e-04  1.209321164811545153e-04
5.776405368019140063e+00  1.099247378320558963e-04  1.099247378320558963e-04
5.876405368019139708e+00  1.024865487730305654e-04  1.024865487730305654e-04
5.976405368019140241e+00  9.480732415207807930e-05  9.480732415207807930e-05
6.076405368019139885e+00  8.513389277356483271e-05  8.513389277356483271e-05
6.176405368019140418e+00  7.353812944238950528e-05  7.353812944238950528e-05
6.276405368019140063e+00  6.120701829452203737e-05  6.120701829452203737e-05
6.376405368019139708e+00  4.962709895995645831e-05  4.962709895995645831e-05
6.476405368019139352e+00  3.994855803421726211e-05  3.994855803421726211e-05
6.576405368019140774e+00  3.267062981733735911e-05  3.267062981733735911e-05
6.676405368019140418e+00  2.764509471605782579e-05  2.764509471605782579e-05
6.776405368019140063e+00  2.429343939996790082e-05  2.429343939996790082e-05
6.876405368019139708e+00  2.189721293706294809e-05  2.189721293706294809e-05
6.976405368019139352e+00  1.984324629754304948e-05  1.984324629754304948e-05
7.076405368019140774e+00  1.775936820874428069e-05  1.775936820874428069e-05
7.176405368019140418e+00  1.553290183401754508e-05  1.553290183401754508e-05
7.276405368019140063e+00  1.324399164932025410e-05  1.324399164932025410e-05
7.376405368019139708e+00  1.106205631284847656e-05  1.106205631284847656e-05
7.476405368019139352e+00  9.149555952606727073e-06  9.149555952606727073e-06
7.576405368019140774e+00  7.600832738759799665e-06  7.600832738759799665e-06
7.676405368019140418e+00  6.423937331024122250e-06  6.423937331024122250e-06
7.776405368019140063e+00  5.557244920068865709e-06  5.557244920068865709e-06
7.876405368019139708e+00  4.904208101622576885e-06  4.904208101622576885e-06
7.976405368019141129e+00  4.369141535523068914e-06  4.369141535523068914e-06
8.076405368019141662e+00  3.882124588441673793e-06  3.882124588441673793e-06
8.176405368019139530e+00  3.408452159844811022e-06  3.408452159844811022e-06
8.276405368019140951e+00  2.944485006545152060e-06  2.944485006545152060e-06
8.376405368019138820e+00  2.505493036137804345e-06  2.505493036137804345e-06
8.476405368019140241e+00  2.111840066562371555e-06  2.111840066562371555e-06
8.576405368019141662e+00  1.778363109236999924e-06  1.778363109236999924e-06
8.676405368019139530e+00  1.509248313504527459e-06  1.509248313504527459e-06
8.776405368019140951e+00  1.298236345681421634e-06  1.298236345681421634e-06
8.876405368019138820e+00  1.132354552596722476e-06  1.132354552596722476e-06
8.976405368019140241e+00  9.968277224456686169e-07  9.968277224456686169e-07
9.076405368019139885e+00  8.791944301685846524e-07  8.791944301685846524e-07
9.176405368019139530e+00  7.715411733047032734e-07  7.715411733047032734e-07
9.276405368019139175e+00  6.707167268880023380e-07  6.707167268880023380e-07
9.376405368019138820e+00  5.770800124335840628e-07  5.770800124335840628e-07
9.476405368019140241e+00  4.926288875633081680e-07  4.926288875633081680e-07
9.576405368019139885e+00  4.192878458811970243e-07  4.192878458811970243e-07
9.676405368019139530e+00  3.578375985357752874e-07  3.578375985357752874e-07
9.776405368019139175e+00  3.076141274521140281e-07  3.076141274521140281e-07
9.876405368019138820e+00  2.668209098454309614e-07  2.668209098454309614e-07
9.976405368019140241e+00  2.331532348483317649e-07  2.331532348483317649e-07
1.007640536801913989e+01  2.044301220276095194e-07  2.044301220276095194e-07
1.017640536801913953e+01  1.790239147551852286e-07  1.790239147551852286e-07
1.027640536801913917e+01  1.560091762792738640e-07  1.560091762792738640e-07
1.037640536801913882e+01  1.350674653779443214e-07  1.350674653779443214e-07
