-1.662783518411059092e+00  3.902548729976298551e-47  3.902548729976298551e-47
-1.562783518411059003e+00  1.138037312626455960e-43  1.138037312626455960e-43
-1.462783518411058914e+00  3.668578634478700430e-40  3.668578634478700430e-40
-1.362783518411059269e+00  8.778625818884039944e-37  8.778625818884039944e-37
-1.262783518411059180e+00  1.493080113410219316e-33  1.493080113410219316e-33
-1.162783518411059092e+00  1.797566693246124395e-30  1.797566693246124395e-30
-1.062783518411059003e+00  1.531229988251996795e-27  1.531229988251996795e-27
-9.627835184110589140e-01  9.228375038405757329e-25  9.228375038405757329e-25
-8.627835184110590472e-01  3.934919945242688220e-22  3.934919945242688220e-22
-7.627835184110591804e-01  1.187057665749767117e-19  1.187057665749767117e-19
-6.627835184110590916e-01  2.533569739290439488e-17  2.533569739290439488e-17
-5.627835184110590028e-01  3.825771369155126413e-15  3.825771369155126413e-15
-4.627835184110589140e-01  4.087241113758067189e-13  4.087241113758067189e-13
-3.627835184110590472e-01  3.089346332651162513e-11  3.089346332651162513e-11
-2.627835184110589584e-01  1.652068424095879780e-09  1.652068424095879780e-09
-1.627835184110590916e-01  6.250497077792475983e-08  6.250497077792475983e-08
-6.278351841105900277e-02  1.673116473482520848e-06  1.673116473482520848e-06
3.721648158894108604e-02  3.168566944082102716e-05  3.168566944082102716e-05
1.372164815889409528e-01  4.245459402475903663e-04  4.245459402475903663e-04
2.372164815889410416e-01  4.024496845836342609e-03  4.024496845836342609e-03
3.372164815889409084e-01  2.699128659085313006e-02  2.699128659085313006e-02
4.372164815889409972e-01  1.280739148616314993e-01  1.280739148616314993e-01
5.372164815889410860e-01  4.299549109294814597e-01  4.299549109294814597e-01
6.372164815889411749e-01  1.021199028747662219e+00  1.021199028747662219e+00
7.372164815889412637e-01  1.716025463304229337e+00  1.716025463304229337e+00
8.372164815889409084e-01  2.040170479147653815e+00  2.040170479147653815e+00
9.372164815889409972e-01  1.716179469774705257e+00  1.716179469774705257e+00
1.037216481588941086e+00  1.021890293312594178e+00  1.021890293312594178e+00
1.137216481588941175e+00  4.324876526106420926e-01  4.324876526106420926e-01
1.237216481588941264e+00  1.358721747328114349e-01  1.358721747328114349e-01
1.337216481588940908e+00  4.718679762617701556e-02  4.718679762617701556e-02
1.437216481588940997e+00  4.801665664391588373e-02  4.801665664391588373e-02
1.537216481588941086e+00  8.102944481863834369e-02  8.102944481863834369e-02
1.637216481588941175e+00  1.242596753558816575e-01  1.242596753558816575e-01
1.737216481588941264e+00  1.610546619534767576e-01  1.610546619534767576e-01
1.837216481588940908e+00  1.756606174438760382e-01  1.756606174438760382e-01
1.937216481588940997e+00  1.612735776002938159e-01  1.612735776002938159e-01
2.037216481588941086e+00  1.248745165919584038e-01  1.248745165919584038e-01
2.137216481588941175e+00  8.215434032885662874e-02  8.215434032885662874e-02
2.237216481588941264e+00  4.727433758165286437e-02  4.727433758165286437e-02
2.337216481588940908e+00  2.638585719510205124e-02  2.638585719510205124e-02
2.437216481588941441e+00  1.820113970113734422e-02  1.820113970113734422e-02
2.537216481588941086e+00  1.811123433243877132e-02  1.811123433243877132e-02
2.637216481588940731e+00  2.148235670577475220e-02  2.148235670577475220e-02
2.737216481588941264e+00  2.489093242513596219e-02  2.489093242513596219e-02
2.837216481588940908e+00  2.626805548510168301e-02  2.626805548510168301e-02
2.937216481588941441e+00  2.485835380512491782e-02  2.485835380512491782e-02
3.037216481588941086e+00  2.108931066348299424e-02  2.108931066348299424e-02
3.137216481588941619e+00  1.616430103257030654e-02  1.616430103257030654e-02
3.237216481588941264e+00  1.143559269748395911e-02  1.143559269748395911e-02
3.337216481588940908e+00  7.853846864623504134e-03  7.853846864623504134e-03
3.437216481588941441e+00  5.738481179080891746e-03  5.738481179080891746e-03
3.537216481588941086e+00  4.876883858432890136e-03  4.876883858432890136e-03
3.637216481588941619e+00  4.785314636944651250e-03  4.785314636944651250e-03
3.737216481588941264e+00  4.957546120260108470e-03  4.957546120260108470e-03
3.837216481588940908e+00  5.018988075588193959e-03  5.018988075588193959e-03
3.937216481588941441e+00  4.784357203727928991e-03  4.784357203727928991e-03
4.037216481588941086e+00  4.245537196340881669e-03  4.245537196340881669e-03
4.137216481588941619e+00  3.515860975008916044e-03  3.515860975008916044e-03
4.237216481588941264e+00  2.755394980450071377e-03  2.755394980450071377e-03
4.337216481588940908e+00  2.102753375244630248e-03  2.102753375244630248e-03
4.437216481588941441e+00  1.633862387778527419e-03  1.633862387778527419e-03
4.537216481588941086e+00  1.354598810632998487e-03  1.354598810632998487e-03
4.637216481588941619e+00  1.219626970131840876e-03  1.219626970131840876e-03
4.737216481588941264e+00  1.162209222571486183e-03  1.162209222571486183e-03
4.837216481588940908e+00  1.121077986142029635e-03  1.121077986142029635e-03
4.937216481588941441e+00  1.056699969832841125e-03  1.056699969832841125e-03
5.037216481588941086e+00  9.556097537559657970e-04  9.556097537559657970e-04
5.137216481588941619e+00  8.255278480576369723e-04  8.255278480576369723e-04
5.237216481588941264e+00  6.856367315682867364e-04  6.856367315682867364e-04
5.337216481588940908e+00  5.563795919728761752e-04  5.563795919728761752e-04
5.437216481588941441e+00  4.520374303440970773e-04  4.520374303440970773e-04
5.537216481588941086e+00  3.775944642653113388e-04  3.775944642653113388e-04
5.637216481588941619e+00  3.296105010816658353e-04  3.296105010816658353e-04
5.737216481588941264e+00  2.995867691425806406e-04  2.995867691425806406e-04
5.837216481588940908e+00  2.779488512711482200e-04  2.779488512711482200e-04
5.937216481588941441e+00  2.571623531188797470e-04  2.571623531188797470e-04
6.037216481588941086e+00  2.332592279959626151e-04  2.332592279959626151e-04
6.137216481588941619e+00  2.057930403754246423e-04  2.057930403754246423e-04
6.237216481588941264e+00  1.767261811334304271e-04  1.767261811334304271e-04
6.337216481588940908e+00  1.489233527925273935e-04  1.489233527925273935e-04
6.437216481588940553e+00  1.248396293059801448e-04  1.248396293059801448e-04
6.537216481588941974e+00  1.057538278235794360e-04  1.057538278235794360e-04
6.637216481588941619e+00  9.162273657925825115e-05  9.162273657925825115e-05
6.737216481588941264e+00  8.141301359764263937e-05  8.141301359764263937e-05
6.837216481588940908e+00  7.365845662594253432e-05  7.365845662594253432e-05
6.937216481588940553e+00  6.699483246718378529e-05  6.699483246718378529e-05
7.037216481588941974e+00  6.050749154078672660e-05  6.050749154078672660e-05
7.137216481588941619e+00  5.383742849074613307e-05  5.383742849074613307e-05
7.237216481588941264e+00  4.708495992329211818e-05  4.708495992329211818e-05
7.337216481588940908e+00  4.060228316472861896e-05  4.060228316472861896e-05
7.437216481588940553e+00  3.477350941979704996e-05  3.477350941979704996e-05
7.537216481588941974e+00  2.985495242581740472e-05  2.985495242581740472e-05
7.637216481588941619e+00  2.590761222637734303e-05  2.590761222637734303e-05
7.737216481588941264e+00  2.281512954098412470e-05  2.281512954098412470e-05
7.837216481588940908e+00  2.035546247135415474e-05  2.035546247135415474e-05
7.937216481588942329e+00  1.828702902940733280e-05  1.828702902940733280e-05
8.037216481588941974e+00  1.641727089927802832e-05  1.641727089927802832e-05
8.137216481588941619e+00  1.463684270251842004e-05  1.463684270251842004e-05
8.237216481588941264e+00  1.291863873471753302e-05  1.291863873471753302e-05
8.337216481588940908e+00  1.129230550550964642e-05  1.129230550550964642e-05
8.437216481588942329e+00  9.809501725763532508e-06  9.809501725763532508e-06
8.537216481588941974e+00  8.513556885857480555e-06  8.513556885857480555e-06
8.637216481588941619e+00  7.421726677417818187e-06  7.421726677417818187e-06
8.737216481588941264e+00  6.521819955512176721e-06  6.521819955512176721e-06
8.837216481588940908e+00  5.779895709542366975e-06  5.779895709542366975e-06
8.937216481588942329e+00  5.153205354737397026e-06  5.153205354737397026e-06
9.037216481588941974e+00  4.602628921660132558e-06  4.602628921660132558e-06
9.137216481588941619e+00  4.100731426081381064e-06  4.100731426081381064e-06
9.237216481588941264e+00  3.634116580333265611e-06  3.634116580333265611e-06
9.337216481588940908e+00  3.200968512041190846e-06  3.200968512041190846e-06
9.437216481588942329e+00  2.805944932824058067e-06  2.805944932824058067e-06
9.537216481588941974e+00  2.454792269096139509e-06  2.454792269096139509e-06
9.637216481588941619e+00  2.150445152849243788e-06  2.150445152849243788e-06
9.737216481588941264e+00  1.891383976016030002e-06  1.891383976016030002e-06
9.837216481588940908e+00  1.672081296713059828e-06  1.672081296713059828e-06
9.937216481588942329e+00  1.484756522878016140e-06  1.484756522878016140e-06
1.003721648158894197e+01  1.321474869004116760e-06  1.321474869004116760e-06
1.013721648158894162e+01  1.175803351374096773e-06  1.175803351374096773e-06
1.023721648158894126e+01  1.043611404514107623e-06  1.043611404514107623e-06
1.033721648158894091e+01  9.229991783107972225e-07  9.229991783107972225e-07
