-1.541666665627079436e+00  3.749970320083163607e-11  3.749970320083163607e-11
-1.441666665627079347e+00  2.438233014347078172e-10  2.438233014347078172e-10
-1.341666665627079702e+00  1.479796925255817030e-09  1.479796925255817030e-09
-1.241666665627079169e+00  8.350705485258488618e-09  8.350705485258488618e-09
-1.141666665627079524e+00  4.372872704472277350e-08  4.372872704472277350e-08
-1.041666665627079436e+00  2.122633648610000406e-07  2.122633648610000406e-07
-9.416666656270793467e-01  9.545566840786681131e-07  9.545566840786681131e-07
-8.416666656270792579e-01  3.975680361356816144e-06  3.975680361356816144e-06
-7.416666656270793911e-01  1.533302615273845305e-05  1.533302615273845305e-05
-6.416666656270795244e-01  5.475286253241190847e-05  5.475286253241190847e-05
-5.416666656270794356e-01  1.810181926328005466e-04  1.810181926328005466e-04
-4.416666656270793467e-01  5.540619555697372765e-04  5.540619555697372765e-04
-3.416666656270792579e-01  1.570021278734916878e-03  1.570021278734916878e-03
-2.416666656270793911e-01  4.118679301623905629e-03  4.118679301623905629e-03
-1.416666656270793023e-01  1.000258304553055914e-02  1.000258304553055914e-02
-4.166666562707943555e-02  2.248879910270597943e-02  2.248879910270597943e-02
5.833333437292065327e-02  4.680795844619296819e-02  4.680795844619296819e-02
1.583333343729207421e-01  9.019304405607188324e-02  9.019304405607188324e-02
2.583333343729206089e-01  1.608896622229649409e-01  1.608896622229649409e-01
3.583333343729206977e-01  2.656981103689717294e-01  2.656981103689717294e-01
4.583333343729205644e-01  4.062186826180247401e-01  4.062186826180247401e-01
5.583333343729206533e-01  5.749790649224504335e-01  5.749790649224504335e-01
6.583333343729207421e-01  7.534954133517371977e-01  7.534954133517371977e-01
7.583333343729208309e-01  9.142642348771670147e-01  9.142642348771670147e-01
8.583333343729209197e-01  1.027234335288373712e+00  1.027234335288373712e+00
9.583333343729205644e-01  1.068932748326819615e+00  1.068932748326819615e+00
1.058333334372920653e+00  1.030504059409111939e+00  1.030504059409111939e+00
1.158333334372920742e+00  9.209023320654211586e-01  9.209023320654211586e-01
1.258333334372920831e+00  7.636600296750619687e-01  7.636600296750619687e-01
1.358333334372920920e+00  5.888174615634361730e-01  5.888174615634361730e-01
1.458333334372920564e+00  4.237803715930994475e-01  4.237803715930994475e-01
1.558333334372920653e+00  2.868507574551713013e-01  2.868507574551713013e-01
1.658333334372920742e+00  1.852579320171294230e-01  1.852579320171294230e-01
1.758333334372920831e+00  1.171370637831921635e-01  1.171370637831921635e-01
1.858333334372920920e+00  7.545027320721682529e-02  7.545027320721682529e-02
1.958333334372920564e+00  5.178802257573881379e-02  5.178802257573881379e-02
2.058333334372920653e+00  3.886102518710653209e-02  3.886102518710653209e-02
2.158333334372920742e+00  3.150310615519092555e-02  3.150310615519092555e-02
2.258333334372920831e+00  2.662179627554079470e-02  2.662179627554079470e-02
2.358333334372920920e+00  2.266809610973214220e-02  2.266809610973214220e-02
2.458333334372920564e+00  1.904115226595832697e-02  1.904115226595832697e-02
2.558333334372921097e+00  1.562380198344202019e-02  1.562380198344202019e-02
2.658333334372920742e+00  1.248787507207967107e-02  1.248787507207967107e-02
2.758333334372920387e+00  9.736458701690198919e-03  9.736458701690198919e-03
2.858333334372920920e+00  7.435610500175018206e-03  7.435610500175018206e-03
2.958333334372920564e+00  5.596940818324607630e-03  5.596940818324607630e-03
3.058333334372921097e+00  4.185389054244858034e-03  4.185389054244858034e-03
3.158333334372920742e+00  3.136546969772689708e-03  3.136546969772689708e-03
3.258333334372921275e+00  2.374562735180056356e-03  2.374562735180056356e-03
3.358333334372920920e+00  1.826099006120369267e-03  1.826099006120369267e-03
3.458333334372920564e+00  1.428824493174593807e-03  1.428824493174593807e-03
3.558333334372921097e+00  1.134827174551722830e-03  1.134827174551722830e-03
3.658333334372920742e+00  9.103118844204230930e-04  9.103118844204230930e-04
3.758333334372921275e+00  7.331836886295481229e-04  7.331836886295481229e-04
3.858333334372920920e+00  5.898832848240922935e-04  5.898832848240922935e-04
3.958333334372920564e+00  4.723955990439609944e-04  4.723955990439609944e-04
4.058333334372921541e+00  3.758995370801051215e-04  3.758995370801051215e-04
4.158333334372921186e+00  2.971782304877469911e-04  2.971782304877469911e-04
4.258333334372920831e+00  2.336986488360802525e-04  2.336986488360802525e-04
4.358333334372920476e+00  1.831799060403085911e-04  1.831799060403085911e-04
4.458333334372920120e+00  1.434623983384114532e-04  1.434623983384114532e-04
4.558333334372921541e+00  1.125259275838930075e-04  1.125259275838930075e-04
4.658333334372921186e+00  8.855468057759924739e-05  8.855468057759924739e-05
4.758333334372920831e+00  6.999272854052908269e-05  6.999272854052908269e-05
4.858333334372920476e+00  5.556780675522640363e-05  5.556780675522640363e-05
4.958333334372920120e+00  4.428224187331062636e-05  4.428224187331062636e-05
5.058333334372921541e+00  3.538012986540086649e-05  3.538012986540086649e-05
5.158333334372921186e+00  2.830256130190309042e-05  2.830256130190309042e-05
5.258333334372920831e+00  2.264108422717248684e-05  2.264108422717248684e-05
5.358333334372920476e+00  1.809622223721526468e-05  1.809622223721526468e-05
5.458333334372920120e+00  1.444438227303664318e-05  1.444438227303664318e-05
5.558333334372921541e+00  1.151375671510169519e-05  1.151375671510169519e-05
5.658333334372921186e+00  9.168121836361743584e-06  9.168121836361743584e-06
5.758333334372920831e+00  7.296670608488923569e-06  7.296670608488923569e-06
5.858333334372920476e+00  5.807934620513567641e-06  5.807934620513567641e-06
5.958333334372920120e+00  4.626159046159525687e-06  4.626159046159525687e-06
6.058333334372921541e+00  3.688955834709466586e-06  3.688955834709466586e-06
6.158333334372921186e+00  2.945511892159013016e-06  2.945511892159013016e-06
6.258333334372920831e+00  2.354986401637180125e-06  2.354986401637180125e-06
6.358333334372920476e+00  1.884969258144533287e-06  1.884969258144533287e-06
6.458333334372920120e+00  1.510002252466227539e-06  1.510002252466227539e-06
6.558333334372919765e+00  1.210214427343981351e-06  1.210214427343981351e-06
6.658333334372921186e+00  9.701240904650083505e-07  9.701240904650083505e-07
6.758333334372920831e+00  7.776383397845839911e-07  7.776383397845839911e-07
6.858333334372920476e+00  6.232545115899264502e-07  6.232545115899264502e-07
6.958333334372920120e+00  4.994465713690350938e-07  4.994465713690350938e-07
7.058333334372919765e+00  4.002067927617662877e-07  4.002067927617662877e-07
7.158333334372921186e+00  3.207088203136658548e-07  3.207088203136658548e-07
7.258333334372920831e+00  2.570601627271170162e-07  2.570601627271170162e-07
7.358333334372920476e+00  2.061176141132110579e-07  2.061176141132110579e-07
7.458333334372920120e+00  1.653457293228141295e-07  1.653457293228141295e-07
7.558333334372919765e+00  1.327046987684756036e-07  1.327046987684756036e-07
7.658333334372921186e+00  1.065589465431088676e-07  1.065589465431088676e-07
7.758333334372920831e+00  8.560127780198934875e-08  8.560127780198934875e-08
7.858333334372920476e+00  6.878957113862824586e-08  6.878957113862824586e-08
7.958333334372920120e+00  5.529417220967305403e-08  5.529417220967305403e-08
8.058333334372921541e+00  4.445465212878314567e-08  4.445465212878314567e-08
8.158333334372921186e+00  3.574475088723704168e-08  3.574475088723704168e-08
8.258333334372920831e+00  2.874434660090922086e-08  2.874434660090922086e-08
8.358333334372920476e+00  2.311730125208155903e-08  2.311730125208155903e-08
8.458333334372920120e+00  1.859408771468935863e-08  1.859408771468935863e-08
8.558333334372921541e+00  1.495820978541702555e-08  1.495820978541702555e-08
8.658333334372921186e+00  1.203557117648098872e-08  1.203557117648098872e-08
8.758333334372920831e+00  9.686107896281781287e-09  9.686107896281781287e-09
8.858333334372920476e+00  7.797150531972645216e-09  7.797150531972645216e-09
8.958333334372920120e+00  6.278114924810304184e-09  6.278114924810304184e-09
9.058333334372921541e+00  5.056225372774883528e-09  5.056225372774883528e-09
9.158333334372921186e+00  4.073053596983302934e-09  4.073053596983302934e-09
9.258333334372920831e+00  3.281712831537573895e-09  3.281712831537573895e-09
9.358333334372920476e+00  2.644584753743066145e-09  2.644584753743066145e-09
9.458333334372920120e+00  2.131482856050832223e-09  2.131482856050832223e-09
9.558333334372921541e+00  1.718173726416882656e-09  1.718173726416882656e-09
9.658333334372921186e+00  1.385190805209433879e-09  1.385190805209433879e-09
9.758333334372920831e+00  1.116885607497535604e-09  1.116885607497535604e-09
9.858333334372920476e+00  9.006702850224582440e-10  9.006702850224582440e-10
9.958333334372920120e+00  7.264132608102807150e-10  7.264132608102807150e-10
1.005833333437292154e+01  5.859566485110611230e-10  5.859566485110611230e-10
1.015833333437292119e+01  4.727302615796729166e-10  4.727302615796729166e-10
1.025833333437292083e+01  3.814421932902559669e-10  3.814421932902559669e-10
1.035833333437292048e+01  3.078302144612663528e-10  3.078302144612663528e-10
1.045833333437292012e+01  2.484616530067523062e-10  2.484616530067523062e-10
