-1.541666666428911370e+00  4.730928502612931385e-24  4.730928502612931385e-24
-1.441666666428911281e+00  3.150748468410206795e-22  3.150748468410206795e-22
-1.341666666428911192e+00  1.834539146503086631e-20  1.834539146503086631e-20
-1.241666666428911547e+00  9.077457041053282393e-19  9.077457041053282393e-19
-1.141666666428911459e+00  3.787685770882977701e-17  3.787685770882977701e-17
-1.041666666428911370e+00  1.329876547762043675e-15  1.329876547762043675e-15
-9.416666664289112809e-01  3.926383704648425203e-14  3.926383704648425203e-14
-8.416666664289111921e-01  9.746012905808649314e-13  9.746012905808649314e-13
-7.416666664289113253e-01  2.033680092483329248e-11  2.033680092483329248e-11
-6.416666664289114586e-01  3.567369720981609908e-10  3.567369720981609908e-10
-5.416666664289113697e-01  5.260401322302653110e-09  5.260401322302653110e-09
-4.416666664289112809e-01  6.520681671528433463e-08  6.520681671528433463e-08
-3.416666664289111921e-01  6.794689875054761892e-07  6.794689875054761892e-07
-2.416666664289113253e-01  5.951801051386446949e-06  5.951801051386446949e-06
-1.416666664289112365e-01  4.382572522410517647e-05  4.382572522410517647e-05
-4.166666642891136974e-02  2.712761866295082167e-04  2.712761866295082167e-04
5.833333357108871908e-02  1.411549337560546579e-03  1.411549337560546579e-03
1.583333335710888079e-01  6.174222952402135499e-03  6.174222952402135499e-03
2.583333335710886747e-01  2.270233314862700122e-02  2.270233314862700122e-02
3.583333335710887635e-01  7.017150698540967901e-02  7.017150698540967901e-02
4.583333335710886303e-01  1.823281114266314118e-01  1.823281114266314118e-01
5.583333335710887191e-01  3.982445380353737963e-01  3.982445380353737963e-01
6.583333335710888079e-01  7.312254438054078820e-01  7.312254438054078820e-01
7.583333335710888967e-01  1.128658588206050251e+00  1.128658588206050251e+00
8.583333335710889855e-01  1.464519970236750623e+00  1.464519970236750623e+00
9.583333335710886303e-01  1.597647035451896125e+00  1.597647035451896125e+00
1.058333333571088719e+00  1.465582950273929042e+00  1.465582950273929042e+00
1.158333333571088808e+00  1.131273502617252014e+00  1.131273502617252014e+00
1.258333333571088897e+00  7.363721368267152068e-01  7.363721368267152068e-01
1.358333333571088986e+00  4.073343625816133184e-01  4.073343625816133184e-01
1.458333333571088630e+00  1.969929348642400768e-01  1.969929348642400768e-01
1.558333333571088719e+00  9.185028616401290369e-02  9.185028616401290369e-02
1.658333333571088808e+00  5.208416478131103894e-02  5.208416478131103894e-02
1.758333333571088897e+00  4.268981924978276776e-02  4.268981924978276776e-02
1.858333333571088986e+00  4.303078843278230342e-02  4.303078843278230342e-02
1.958333333571088630e+00  4.378548219706358130e-02  4.378548219706358130e-02
2.058333333571088719e+00  4.179753910306800019e-02  4.179753910306800019e-02
2.158333333571088808e+00  3.681062952169804336e-02  3.681062952169804336e-02
2.258333333571088897e+00  2.986238711451600150e-02  2.986238711451600150e-02
2.358333333571088986e+00  2.239377415419933209e-02  2.239377415419933209e-02
2.458333333571088630e+00  1.565619730979431537e-02  1.565619730979431537e-02
2.558333333571089163e+00  1.038486899999094965e-02  1.038486899999094965e-02
2.658333333571088808e+00  6.752090960009989561e-03  6.752090960009989561e-03
2.758333333571088453e+00  4.523408218597256211e-03  4.523408218597256211e-03
2.858333333571088986e+00  3.283607432136178422e-03  3.283607432136178422e-03
2.958333333571088630e+00  2.622287644015254809e-03  2.622287644015254809e-03
3.058333333571089163e+00  2.232785222361819647e-03  2.232785222361819647e-03
3.158333333571088808e+00  1.933522069489115435e-03  1.933522069489115435e-03
3.258333333571089341e+00  1.644576853387876882e-03  1.644576853387876882e-03
3.358333333571088986e+00  1.350000116827287933e-03  1.350000116827287933e-03
3.458333333571088630e+00  1.063916047221923891e-03  1.063916047221923891e-03
3.558333333571089163e+00  8.071823051982817245e-04  8.071823051982817245e-04
3.658333333571088808e+00  5.948727844335851243e-04  5.948727844335851243e-04
3.758333333571089341e+00  4.321398127882008968e-04  4.321398127882008968e-04
3.858333333571088986e+00  3.153245991944872862e-04  3.153245991944872862e-04
3.958333333571088630e+00  2.354407664095852729e-04  2.354407664095852729e-04
4.058333333571089163e+00  1.818875652361318681e-04  1.818875652361318681e-04
4.158333333571088808e+00  1.451721213029411603e-04  1.451721213029411603e-04
4.258333333571089341e+00  1.182671524693910329e-04  1.182671524693910329e-04
4.358333333571088986e+00  9.680747607719579647e-05  9.680747607719579647e-05
4.458333333571088630e+00  7.858036707278508756e-05  7.858036707278508756e-05
4.558333333571089163e+00  6.276089037324063323e-05  6.276089037324063323e-05
4.658333333571088808e+00  4.920595672842914000e-05  4.920595672842914000e-05
4.758333333571089341e+00  3.795758773347167542e-05  3.795758773347167542e-05
4.858333333571088986e+00  2.897871590708946896e-05  2.897871590708946896e-05
4.958333333571088630e+00  2.207267124803228414e-05  2.207267124803228414e-05
5.058333333571089163e+00  1.691312958090177674e-05  1.691312958090177674e-05
5.158333333571088808e+00  1.311786041487415493e-05  1.311786041487415493e-05
5.258333333571089341e+00  1.032052020777193569e-05  1.032052020777193569e-05
5.358333333571088986e+00  8.217797993843492494e-06  8.217797993843492494e-06
5.458333333571088630e+00  6.587426254351037952e-06  6.587426254351037952e-06
5.558333333571089163e+00  5.283358469646265924e-06  5.283358469646265924e-06
5.658333333571088808e+00  4.218316602157698687e-06  4.218316602157698687e-06
5.758333333571089341e+00  3.343060293209733911e-06  3.343060293209733911e-06
5.858333333571088986e+00  2.628585843011695106e-06  2.628585843011695106e-06
5.958333333571088630e+00  2.053989821859837938e-06  2.053989821859837938e-06
6.058333333571089163e+00  1.600068706587718811e-06  1.600068706587718811e-06
6.158333333571088808e+00  1.247247222814277425e-06  1.247247222814277425e-06
6.258333333571089341e+00  9.759983266328067942e-07  9.759983266328067942e-07
6.358333333571088986e+00  7.681712759658108904e-07  7.681712759658108904e-07
6.458333333571088630e+00  6.081970582276261039e-07  6.081970582276261039e-07
6.558333333571088275e+00  4.837052897189760102e-07  4.837052897189760102e-07
6.658333333571089696e+00  3.855062556990815796e-07  3.855062556990815796e-07
6.758333333571089341e+00  3.071207913589770337e-07  3.071207913589770337e-07
6.858333333571088986e+00  2.441064167334413316e-07  2.441064167334413316e-07
6.958333333571088630e+00  1.933894342655059430e-07  1.933894342655059430e-07
7.058333333571088275e+00  1.527296317098644086e-07  1.527296317098644086e-07
7.158333333571089696e+00  1.203611296365075335e-07  1.203611296365075335e-07
7.258333333571089341e+00  9.479347793579238205e-08  9.479347793579238205e-08
7.358333333571088986e+00  7.472742419839737159e-08  7.472742419839737159e-08
7.458333333571088630e+00  5.903478290797653326e-08  5.903478290797653326e-08
7.558333333571088275e+00  4.676187975264688465e-08  4.676187975264688465e-08
7.658333333571089696e+00  3.713169989441425433e-08  3.713169989441425433e-08
7.758333333571089341e+00  2.953443970434080348e-08  2.953443970434080348e-08
7.858333333571088986e+00  2.350628889998685772e-08  2.350628889998685772e-08
7.958333333571088630e+00  1.870132861522697765e-08  1.870132861522697765e-08
8.058333333571090051e+00  1.486245151465099092e-08  1.486245151465099092e-08
8.158333333571089696e+00  1.179584151741242914e-08  1.179584151741242914e-08
8.258333333571089341e+00  9.351327492318382937e-09  9.351327492318382937e-09
8.358333333571088986e+00  7.408901295985230431e-09  7.408901295985230431e-09
8.458333333571088630e+00  5.870371772798881916e-09  5.870371772798881916e-09
8.558333333571090051e+00  4.654584536893794761e-09  4.654584536893794761e-09
8.658333333571089696e+00  3.694690566445786519e-09  3.694690566445786519e-09
8.758333333571089341e+00  2.936326781771333311e-09  2.936326781771333311e-09
8.858333333571088986e+00  2.336039034147652906e-09  2.336039034147652906e-09
8.958333333571088630e+00  1.859674840994714984e-09  1.859674840994714984e-09
9.058333333571090051e+00  1.480731157320554282e-09  1.480731157320554282e-09
9.158333333571089696e+00  1.178760612487780847e-09  1.178760612487780847e-09
9.258333333571089341e+00  9.379545944340762663e-10  9.379545944340762663e-10
9.358333333571088986e+00  7.459805749320703977e-10  7.459805749320703977e-10
9.458333333571088630e+00  5.930943830921737381e-10  5.930943830921737381e-10
9.558333333571090051e+00  4.715012786915637321e-10  4.715012786915637321e-10
9.658333333571089696e+00  3.749132765708548716e-10  3.749132765708548716e-10
9.758333333571089341e+00  2.982439201165915049e-10  2.982439201165915049e-10
9.858333333571088986e+00  2.373895071900011121e-10  2.373895071900011121e-10
9.958333333571088630e+00  1.890601496428880482e-10  1.890601496428880482e-10
1.005833333357109005e+01  1.506388743459234092e-10  1.506388743459234092e-10
1.015833333357108970e+01  1.200586066556722153e-10  1.200586066556722153e-10
1.025833333357108934e+01  9.569407057426094273e-11  9.569407057426094273e-11
1.035833333357108899e+01  7.626882989335149564e-11  7.626882989335149564e-11
1.045833333357108863e+01  6.077813949116165056e-11  6.077813949116165056e-11
