-1.520405642802998614e+00  2.850982235868692290e-273  2.850982235868692290e-273
-1.420405642802998525e+00  3.083969472741807111e-255  3.083969472741807111e-255
-1.320405642802998436e+00  2.073659454461909278e-234  2.073659454461909278e-234
-1.220405642802998791e+00  1.814809283157709130e-214  1.814809283157709130e-214
-1.120405642802998702e+00  2.063522837616660039e-195  2.063522837616660039e-195
-1.020405642802998614e+00  3.048402422692335633e-177  3.048402422692335633e-177
-9.204056428029985248e-01  5.850864593008300445e-160  5.850864593008300445e-160
-8.204056428029984360e-01  1.458990712585522752e-143  1.458990712585522752e-143
-7.204056428029985693e-01  4.726827332846587687e-128  4.726827332846587687e-128
-6.204056428029987025e-01  1.989627063976392814e-113  1.989627063976392814e-113
-5.204056428029986137e-01  1.088073798290720555e-99  1.088073798290720555e-99
-4.204056428029985248e-01  7.730894657120586458e-87  7.730894657120586458e-87
-3.204056428029984360e-01  7.136510179205305621e-75  7.136510179205305621e-75
-2.204056428029985693e-01  8.559073472855378128e-64  8.559073472855378128e-64
-1.204056428029984804e-01  1.333682185440386563e-53  1.333682185440386563e-53
-2.040564280299861366e-02  2.699993239006583136e-44  2.699993239006583136e-44
7.959435719700147516e-02  7.101624971059221399e-36  7.101624971059221399e-36
1.795943571970015640e-01  2.426819757862504648e-28  2.426819757862504648e-28
2.795943571970014307e-01  1.077462195075102839e-21  1.077462195075102839e-21
3.795943571970015196e-01  6.215145365075593261e-16  6.215145365075593261e-16
4.795943571970013863e-01  4.657847562773225870e-11  4.657847562773225870e-11
5.795943571970014752e-01  4.535278724560535191e-07  4.535278724560535191e-07
6.795943571970015640e-01  5.737298221008402385e-04  5.737298221008402385e-04
7.795943571970016528e-01  9.429650530766396643e-02  9.429650530766396643e-02
8.795943571970017416e-01  2.013578204154122364e+00  2.013578204154122364e+00
9.795943571970013863e-01  5.586324199649369326e+00  5.586324199649369326e+00
1.079594357197001475e+00  2.013578204154104601e+00  2.013578204154104601e+00
1.179594357197001564e+00  9.429650530766280070e-02  9.429650530766280070e-02
1.279594357197001653e+00  5.737298231762822743e-04  5.737298231762822743e-04
1.379594357197001742e+00  4.543446763916527343e-07  4.543446763916527343e-07
1.479594357197001386e+00  2.236532782735369557e-07  2.236532782735369557e-07
1.579594357197001475e+00  2.206450392189903184e-05  2.206450392189903184e-05
1.679594357197001564e+00  7.847763174785271330e-04  7.847763174785271330e-04
1.779594357197001653e+00  1.006097280677964098e-02  1.006097280677964098e-02
1.879594357197001742e+00  4.649180708593812772e-02  4.649180708593812772e-02
1.979594357197001386e+00  7.743819907891878740e-02  7.743819907891878740e-02
2.079594357197001475e+00  4.649180708593993877e-02  4.649180708593993877e-02
2.179594357197001564e+00  1.006097280743315989e-02  1.006097280743315989e-02
2.279594357197001653e+00  7.847764249030844469e-04  7.847764249030844469e-04
2.379594357197001742e+00  2.207344630629750202e-05  2.207344630629750202e-05
2.479594357197001386e+00  6.006269624336574598e-07  6.006269624336574598e-07
2.579594357197001919e+00  8.051590063144819102e-06  8.051590063144819102e-06
2.679594357197001564e+00  8.707070912929137094e-05  8.707070912929137094e-05
2.779594357197001209e+00  4.769448171713214202e-04  4.769448171713214202e-04
2.879594357197001742e+00  1.323200841448295660e-03  1.323200841448295660e-03
2.979594357197001386e+00  1.859280780188804884e-03  1.859280780188804884e-03
3.079594357197001919e+00  1.323200841507873003e-03  1.323200841507873003e-03
3.179594357197001564e+00  4.769448217267200133e-04  4.769448217267200133e-04
3.279594357197002097e+00  8.707091718375039441e-05  8.707091718375039441e-05
3.379594357197001742e+00  8.056536655457703094e-06  8.056536655457703094e-06
3.479594357197001386e+00  4.723793255487569506e-07  4.723793255487569506e-07
3.579594357197001919e+00  9.561968313104770597e-07  9.561968313104770597e-07
3.679594357197001564e+00  5.649379781679578657e-06  5.649379781679578657e-06
3.779594357197002097e+00  2.022737706182535758e-05  2.022737706182535758e-05
3.879594357197001742e+00  4.348182684351340214e-05  4.348182684351340214e-05
3.979594357197001386e+00  5.611735471552419067e-05  5.611735471552419067e-05
4.079594357197001919e+00  4.348182696868494953e-05  4.348182696868494953e-05
4.179594357197001564e+00  2.022738049422203132e-05  2.022738049422203132e-05
4.279594357197002097e+00  5.649359608332178878e-06  5.649359608332178878e-06
4.379594357197001742e+00  9.484931897092739100e-07  9.484931897092739100e-07
4.479594357197001386e+00  1.070521223278011456e-07  1.070521223278011456e-07
4.579594357197001919e+00  7.914917356045195754e-08  7.914917356045195754e-08
4.679594357197001564e+00  3.064284494809671817e-07  3.064284494809671817e-07
4.779594357197002097e+00  8.495570549125345866e-07  8.495570549125345866e-07
4.879594357197001742e+00  1.567057091187230373e-06  1.567057091187230373e-06
4.979594357197001386e+00  1.921836025680570739e-06  1.921836025680570739e-06
5.079594357197001919e+00  1.567057105747316349e-06  1.567057105747316349e-06
5.179594357197001564e+00  8.495538361516108763e-07  8.495538361516108763e-07
5.279594357197002097e+00  3.062364620612513331e-07  3.062364620612513331e-07
5.379594357197001742e+00  7.354218171985754698e-08  7.354218171985754698e-08
5.479594357197001386e+00  1.270861722960410450e-08  1.270861722960410450e-08
5.579594357197001919e+00  5.931641304676011887e-09  5.931641304676011887e-09
5.679594357197001564e+00  1.552053510129557281e-08  1.552053510129557281e-08
5.779594357197002097e+00  3.612480392032591503e-08  3.612480392032591503e-08
5.879594357197001742e+00  6.016391785554411823e-08  6.016391785554411823e-08
5.979594357197001386e+00  7.131728812981423309e-08  7.131728812981423309e-08
6.079594357197001919e+00  6.016381144537513614e-08  6.016381144537513614e-08
6.179594357197001564e+00  3.612096627099218923e-08  3.612096627099218923e-08
6.279594357197002097e+00  1.543549542700185658e-08  1.543549542700185658e-08
6.379594357197001742e+00  4.707610946954885880e-09  4.707610946954885880e-09
6.479594357197001386e+00  1.088687485562127083e-09  1.088687485562127083e-09
6.579594357197001031e+00  4.279656084878798310e-10  4.279656084878798310e-10
6.679594357197002452e+00  7.705420446120088854e-10  7.705420446120088854e-10
6.779594357197002097e+00  1.562925362668935168e-09  1.562925362668935168e-09
6.879594357197001742e+00  2.418268713624853930e-09  2.418268713624853930e-09
6.979594357197001386e+00  2.797692395734131584e-09  2.797692395734131584e-09
7.079594357197001031e+00  2.418198270601749629e-09  2.418198270601749629e-09
7.179594357197002452e+00  1.561620784956688112e-09  1.561620784956688112e-09
7.279594357197002097e+00  7.536202241826640759e-10  7.536202241826640759e-10
7.379594357197001742e+00  2.727196840609058397e-10  2.727196840609058397e-10
7.479594357197001386e+00  7.784195698146912342e-11  7.784195698146912342e-11
7.579594357197001031e+00  2.956502934756907382e-11  2.956502934756907382e-11
7.679594357197002452e+00  3.848149408500689155e-11  3.848149408500689155e-11
7.779594357197002097e+00  6.887937510155912244e-11  6.887937510155912244e-11
7.879594357197001742e+00  1.006455346397017066e-10  1.006455346397017066e-10
7.979594357197001386e+00  1.143153237063970378e-10  1.143153237063970378e-10
8.079594357197002807e+00  1.006252485223598289e-10  1.006252485223598289e-10
8.179594357197002452e+00  6.863442295946356212e-11  6.863442295946356212e-11
8.279594357197002097e+00  3.628857684992925894e-11  3.628857684992925894e-11
8.379594357197001742e+00  1.493330788840411720e-11  1.493330788840411720e-11
8.479594357197001386e+00  4.995387191585272758e-12  4.995387191585272758e-12
8.579594357197002807e+00  1.943898279345069939e-12  1.943898279345069939e-12
8.679594357197002452e+00  1.957587152713334479e-12  1.957587152713334479e-12
8.779594357197002097e+00  3.094364603341834700e-12  3.094364603341834700e-12
8.879594357197001742e+00  4.305969896410872229e-12  4.305969896410872229e-12
8.979594357197001386e+00  4.819091976204160246e-12  4.819091976204160246e-12
9.079594357197002807e+00  4.302320205011976091e-12  4.302320205011976091e-12
9.179594357197002452e+00  3.062097754693817768e-12  3.062097754693817768e-12
9.279594357197002097e+00  1.738312112179533650e-12  1.738312112179533650e-12
9.379594357197001742e+00  7.907001940067929948e-13  7.907001940067929948e-13
9.479594357197001386e+00  2.993402106892848636e-13  2.993402106892848636e-13
9.579594357197002807e+00  1.220225320333463421e-13  1.220225320333463421e-13
9.679594357197002452e+00  1.017322043056187311e-13  1.017322043056187311e-13
9.779594357197002097e+00  1.418203098895900965e-13  1.418203098895900965e-13
9.879594357197001742e+00  1.884891530845495134e-13  1.884891530845495134e-13
9.979594357197001386e+00  2.082483575868992181e-13  2.082483575868992181e-13
1.007959435719700281e+01  1.880044450244054206e-13  1.880044450244054206e-13
1.017959435719700245e+01  1.384440297367894860e-13  1.384440297367894860e-13
1.027959435719700210e+01  8.320071088258259141e-14  8.320071088258259141e-14
1.037959435719700174e+01  4.100783852313736100e-14  4.100783852313736100e-14
1.047959435719700139e+01  1.714178826706814001e-14  1.714178826706814001e-14
