-1.586956217586990014e+00  1.909199326440313203e-08  1.909199326440313203e-08
-1.486956217586989926e+00  7.474611587475656725e-08  7.474611587475656725e-08
-1.386956217586989837e+00  2.789365669420278169e-07  2.789365669420278169e-07
-1.286956217586990192e+00  9.888967540347389902e-07  9.888967540347389902e-07
-1.186956217586990103e+00  3.323879998025275597e-06  3.323879998025275597e-06
-1.086956217586990014e+00  1.057919375940991756e-05  1.057919375940991756e-05
-9.869562175869899256e-01  3.185977530421611926e-05  3.185977530421611926e-05
-8.869562175869898368e-01  9.074233725510202550e-05  9.074233725510202550e-05
-7.869562175869899701e-01  2.443566272726823536e-04  2.443566272726823536e-04
-6.869562175869901033e-01  6.220160911875524928e-04  6.220160911875524928e-04
-5.869562175869900145e-01  1.496539289523820355e-03  1.496539289523820355e-03
-4.869562175869899256e-01  3.402890530220122577e-03  3.402890530220122577e-03
-3.869562175869898368e-01  7.312362801554183472e-03  7.312362801554183472e-03
-2.869562175869899701e-01  1.484916837720456385e-02  1.484916837720456385e-02
-1.869562175869898812e-01  2.849519867916606303e-02  2.849519867916606303e-02
-8.695621758699001447e-02  5.167270723335483373e-02  5.167270723335483373e-02
1.304378241301007435e-02  8.854602326704046067e-02  8.854602326704046067e-02
1.130437824130101632e-01  1.433827399987556983e-01  1.433827399987556983e-01
2.130437824130100299e-01  2.194066800808825435e-01  2.194066800808825435e-01
3.130437824130101188e-01  3.172761780396156639e-01  3.172761780396156639e-01
4.130437824130099855e-01  4.335857315337579010e-01  4.335857315337579010e-01
5.130437824130100744e-01  5.599971934018611597e-01  5.599971934018611597e-01
6.130437824130101632e-01  6.836057775940733716e-01  6.836057775940733716e-01
7.130437824130102520e-01  7.888400199387672895e-01  7.888400199387672895e-01
8.130437824130103408e-01  8.606351003944382461e-01  8.606351003944382461e-01
9.130437824130099855e-01  8.880272425380102419e-01  8.880272425380102419e-01
1.013043782413010074e+00  8.669946659722354010e-01  8.669946659722354010e-01
1.113043782413010163e+00  8.015293183863251292e-01  8.015293183863251292e-01
1.213043782413010252e+00  7.025403689959512921e-01  7.025403689959512921e-01
1.313043782413010341e+00  5.849945695864862127e-01  5.849945695864862127e-01
1.413043782413009986e+00  4.643140752101804769e-01  4.643140752101804769e-01
1.513043782413010074e+00  3.532087684739565470e-01  3.532087684739565470e-01
1.613043782413010163e+00  2.597950103915019904e-01  2.597950103915019904e-01
1.713043782413010252e+00  1.872581777131429315e-01  1.872581777131429315e-01
1.813043782413010341e+00  1.347543735972327461e-01  1.347543735972327461e-01
1.913043782413009986e+00  9.893948137433693224e-02  9.893948137433693224e-02
2.013043782413010074e+00  7.551317905213610071e-02  7.551317905213610071e-02
2.113043782413010163e+00  6.037537330992993889e-02  6.037537330992993889e-02
2.213043782413010252e+00  5.025971824753045630e-02  5.025971824753045630e-02
2.313043782413010341e+00  4.291313991200888106e-02  4.291313991200888106e-02
2.413043782413009986e+00  3.698476385999229649e-02  3.698476385999229649e-02
2.513043782413010518e+00  3.178859938378292282e-02  3.178859938378292282e-02
2.613043782413010163e+00  2.705600115086208290e-02  2.705600115086208290e-02
2.713043782413009808e+00  2.273697732488532894e-02  2.273697732488532894e-02
2.813043782413010341e+00  1.886647151937114950e-02  1.886647151937114950e-02
2.913043782413009986e+00  1.548820018017927139e-02  1.548820018017927139e-02
3.013043782413010518e+00  1.262023588259891978e-02  1.262023588259891978e-02
3.113043782413010163e+00  1.024664099490025723e-02  1.024664099490025723e-02
3.213043782413010696e+00  8.322889902173351631e-03  8.322889902173351631e-03
3.313043782413010341e+00  6.786728641363009261e-03  6.786728641363009261e-03
3.413043782413009986e+00  5.569405742504271103e-03  5.569405742504271103e-03
3.513043782413010518e+00  4.604647409803762879e-03  4.604647409803762879e-03
3.613043782413010163e+00  3.834429101307486581e-03  3.834429101307486581e-03
3.713043782413010696e+00  3.211652074628636340e-03  3.211652074628636340e-03
3.813043782413010341e+00  2.700396773048710855e-03  2.700396773048710855e-03
3.913043782413009986e+00  2.274618375554937795e-03  2.274618375554937795e-03
4.013043782413010518e+00  1.916095498320120882e-03  1.916095498320120882e-03
4.113043782413010163e+00  1.612254326411683954e-03  1.612254326411683954e-03
4.213043782413010696e+00  1.354259797673379841e-03  1.354259797673379841e-03
4.313043782413010341e+00  1.135555841075559791e-03  1.135555841075559791e-03
4.413043782413009986e+00  9.508807650367668771e-04  9.508807650367668771e-04
4.513043782413010518e+00  7.956896471749409479e-04  7.956896471749409479e-04
4.613043782413010163e+00  6.658749305186814236e-04  6.658749305186814236e-04
4.713043782413010696e+00  5.576739124111276206e-04  5.576739124111276206e-04
4.813043782413010341e+00  4.676710681590050397e-04  4.676710681590050397e-04
4.913043782413009986e+00  3.928307605585669091e-04  3.928307605585669091e-04
5.013043782413010518e+00  3.305228056482399927e-04  3.305228056482399927e-04
5.113043782413010163e+00  2.785247750221853634e-04  2.785247750221853634e-04
5.213043782413010696e+00  2.349992527205554244e-04  2.349992527205554244e-04
5.313043782413010341e+00  1.984520393522698728e-04  1.984520393522698728e-04
5.413043782413009986e+00  1.676800415915212636e-04  1.676800415915212636e-04
5.513043782413010518e+00  1.417170976002011130e-04  1.417170976002011130e-04
5.613043782413010163e+00  1.197838652399741929e-04  1.197838652399741929e-04
5.713043782413010696e+00  1.012453255129848906e-04  1.012453255129848906e-04
5.813043782413010341e+00  8.557716341866690164e-05  8.557716341866690164e-05
5.913043782413009986e+00  7.234062958302617686e-05  7.234062958302617686e-05
6.013043782413010518e+00  6.116452535271484829e-05  6.116452535271484829e-05
6.113043782413010163e+00  5.173258995770115259e-05  5.173258995770115259e-05
6.213043782413010696e+00  4.377462523544694401e-05  4.377462523544694401e-05
6.313043782413010341e+00  3.705998850730248055e-05  3.705998850730248055e-05
6.413043782413009986e+00  3.139246640834164294e-05  3.139246640834164294e-05
6.513043782413009630e+00  2.660590808852056124e-05  2.660590808852056124e-05
6.613043782413011051e+00  2.256028857717724099e-05  2.256028857717724099e-05
6.713043782413010696e+00  1.913807331899748863e-05  1.913807331899748863e-05
6.813043782413010341e+00  1.624086916598349977e-05  1.624086916598349977e-05
6.913043782413009986e+00  1.378639479345019791e-05  1.378639479345019791e-05
7.013043782413009630e+00  1.170580773399871432e-05  1.170580773399871432e-05
7.113043782413011051e+00  9.941406893841667555e-06  9.941406893841667555e-06
7.213043782413010696e+00  8.444704218773553330e-06  8.444704218773553330e-06
7.313043782413010341e+00  7.174836900176540223e-06  7.174836900176540223e-06
7.413043782413009986e+00  6.097276784355684919e-06  6.097276784355684919e-06
7.513043782413009630e+00  5.182787348773503722e-06  5.182787348773503722e-06
7.613043782413011051e+00  4.406579372125524785e-06  4.406579372125524785e-06
7.713043782413010696e+00  3.747621924189189714e-06  3.747621924189189714e-06
7.813043782413010341e+00  3.188073147501690964e-06  3.188073147501690964e-06
7.913043782413009986e+00  2.712803562985518701e-06  2.712803562985518701e-06
8.013043782413010518e+00  2.308992027061845078e-06  2.308992027061845078e-06
8.113043782413011940e+00  1.965780356838456512e-06  1.965780356838456512e-06
8.213043782413009808e+00  1.673976881135282464e-06  1.673976881135282464e-06
8.313043782413011229e+00  1.425801950181670622e-06  1.425801950181670622e-06
8.413043782413009097e+00  1.214670085616703514e-06  1.214670085616703514e-06
8.513043782413010518e+00  1.035004346694752443e-06  1.035004346694752443e-06
8.613043782413011940e+00  8.820789527446458063e-07  8.820789527446458063e-07
8.713043782413009808e+00  7.518864759953072454e-07  7.518864759953072454e-07
8.813043782413011229e+00  6.410261529200131813e-07  6.410261529200131813e-07
8.913043782413009097e+00  5.466101298165794530e-07  5.466101298165794530e-07
9.013043782413010518e+00  4.661847783547992091e-07  4.661847783547992091e-07
9.113043782413011940e+00  3.976645761041063362e-07  3.976645761041063362e-07
9.213043782413009808e+00  3.392764189375548630e-07  3.392764189375548630e-07
9.313043782413011229e+00  2.895125893987873710e-07  2.895125893987873710e-07
9.413043782413009097e+00  2.470909268369369978e-07  2.470909268369369978e-07
9.513043782413010518e+00  2.109210196458427990e-07  2.109210196458427990e-07
9.613043782413011940e+00  1.800754641177353481e-07  1.800754641177353481e-07
9.713043782413009808e+00  1.537654114747359036e-07  1.537654114747359036e-07
9.813043782413011229e+00  1.313197616047511045e-07  1.313197616047511045e-07
9.913043782413009097e+00  1.121674673708068850e-07  1.121674673708068850e-07
1.001304378241301052e+01  9.582249526349154664e-08  9.582249526349154664e-08
1.011304378241301194e+01  8.187105349472297271e-08  8.187105349472297271e-08
1.021304378241300981e+01  6.996075254789058352e-08  6.996075254789058352e-08
1.031304378241301123e+01  5.979140919820722888e-08  5.979140919820722888e-08
1.041304378241300910e+01  5.110724522262682525e-08  5.110724522262682525e-08
