-1.575268784212031647e+00  3.691128134641850286e-19  3.691128134641850286e-19
-1.475268784212031115e+00  9.976488670329008031e-18  9.976488670329008031e-18
-1.375268784212031470e+00  2.447337323688381714e-16  2.447337323688381714e-16
-1.275268784212031381e+00  5.310868213364415815e-15  5.310868213364415815e-15
-1.175268784212031292e+00  1.010208721354159031e-13  1.010208721354159031e-13
-1.075268784212031647e+00  1.678782095207291138e-12  1.678782095207291138e-12
-9.752687842120313366e-01  2.434314292341776594e-11  2.434314292341776594e-11
-8.752687842120314698e-01  3.078549834458911044e-10  3.078549834458911044e-10
-7.752687842120313810e-01  3.394808241185575020e-09  3.394808241185575020e-09
-6.752687842120312922e-01  3.263966220520360262e-08  3.263966220520360262e-08
-5.752687842120314254e-01  2.736024403054732988e-07  2.736024403054732988e-07
-4.752687842120313366e-01  1.999538793075055258e-06  1.999538793075055258e-06
-3.752687842120312478e-01  1.274004898565799650e-05  1.274004898565799650e-05
-2.752687842120313810e-01  7.076876533967321216e-05  7.076876533967321216e-05
-1.752687842120312922e-01  3.427206655877792531e-04  3.427206655877792531e-04
-7.526878421203142544e-02  1.446993531383039067e-03  1.446993531383039067e-03
2.473121578796866338e-02  5.326235350082176266e-03  5.326235350082176266e-03
1.247312157879687522e-01  1.709234849243320906e-02  1.709234849243320906e-02
2.247312157879686190e-01  4.782018788751744159e-02  4.782018788751744159e-02
3.247312157879687078e-01  1.166406885425025769e-01  1.166406885425025769e-01
4.247312157879685746e-01  2.480391686547415431e-01  2.480391686547415431e-01
5.247312157879686634e-01  4.598604034966005671e-01  4.598604034966005671e-01
6.247312157879687522e-01  7.433197436226967048e-01  7.433197436226967048e-01
7.247312157879688410e-01  1.047578722700274634e+00  1.047578722700274634e+00
8.247312157879689298e-01  1.287351637421919825e+00  1.287351637421919825e+00
9.247312157879685746e-01  1.379732611918825125e+00  1.379732611918825125e+00
1.024731215787968663e+00  1.290303200636492065e+00  1.290303200636492065e+00
1.124731215787968752e+00  1.054207850096665622e+00  1.054207850096665622e+00
1.224731215787968841e+00  7.549785532301045432e-01  7.549785532301045432e-01
1.324731215787968930e+00  4.782979890860591388e-01  4.782979890860591388e-01
1.424731215787968575e+00  2.750173056858690179e-01  2.750173056858690179e-01
1.524731215787968663e+00  1.534194155888542188e-01  1.534194155888542188e-01
1.624731215787968752e+00  9.462051244612373901e-02  9.462051244612373901e-02
1.724731215787968841e+00  7.271163139151204380e-02  7.271163139151204380e-02
1.824731215787968930e+00  6.708352740807863035e-02  6.708352740807863035e-02
1.924731215787968575e+00  6.554519150227944291e-02  6.554519150227944291e-02
2.024731215787968885e+00  6.257907170545473630e-02  6.257907170545473630e-02
2.124731215787968530e+00  5.668048199147153465e-02  5.668048199147153465e-02
2.224731215787969063e+00  4.837095370683099083e-02  4.837095370683099083e-02
2.324731215787968708e+00  3.897094146250975472e-02  3.897094146250975472e-02
2.424731215787968353e+00  2.985763967661952609e-02  2.985763967661952609e-02
2.524731215787968885e+00  2.204275969502108440e-02  2.204275969502108440e-02
2.624731215787968530e+00  1.601075615033304908e-02  1.601075615033304908e-02
2.724731215787968175e+00  1.176338000816865882e-02  1.176338000816865882e-02
2.824731215787968708e+00  8.985077842816761862e-03  8.985077842816761862e-03
2.924731215787968353e+00  7.235133734534229810e-03  7.235133734534229810e-03
3.024731215787968885e+00  6.098109083292307941e-03  6.098109083292307941e-03
3.124731215787968530e+00  5.265075020822795882e-03  5.265075020822795882e-03
3.224731215787969063e+00  4.552121625694115561e-03  4.552121625694115561e-03
3.324731215787968708e+00  3.879208725227080521e-03  3.879208725227080521e-03
3.424731215787968353e+00  3.233427124415810209e-03  3.233427124415810209e-03
3.524731215787968885e+00  2.633585380059534110e-03  2.633585380059534110e-03
3.624731215787968530e+00  2.104453371416462742e-03  2.104453371416462742e-03
3.724731215787969063e+00  1.662477923872326827e-03  1.662477923872326827e-03
3.824731215787968708e+00  1.311085994468177756e-03  1.311085994468177756e-03
3.924731215787968353e+00  1.042248223020254350e-03  1.042248223020254350e-03
4.024731215787968885e+00  8.409735969113393264e-04  8.409735969113393264e-04
4.124731215787968530e+00  6.901710862145809958e-04  6.901710862145809958e-04
4.224731215787969063e+00  5.743548910833903539e-04  5.743548910833903539e-04
4.324731215787968708e+00  4.816424165271699135e-04  4.816424165271699135e-04
4.424731215787968353e+00  4.041938130497023905e-04  4.041938130497023905e-04
4.524731215787968885e+00  3.376028534166702834e-04  3.376028534166702834e-04
4.624731215787968530e+00  2.798169266981674272e-04  2.798169266981674272e-04
4.724731215787969063e+00  2.300454609277430328e-04  2.300454609277430328e-04
4.824731215787968708e+00  1.879244717472381549e-04  1.879244717472381549e-04
4.924731215787968353e+00  1.530246904216410323e-04  1.530246904216410323e-04
5.024731215787968885e+00  1.246656862922728619e-04  1.246656862922728619e-04
5.124731215787968530e+00  1.019375891505644308e-04  1.019375891505644308e-04
5.224731215787969063e+00  8.382311758615150932e-05  8.382311758615150932e-05
5.324731215787968708e+00  6.933513997471257915e-05  6.933513997471257915e-05
5.424731215787968353e+00  5.761940149783865658e-05  5.761940149783865658e-05
5.524731215787968885e+00  4.800434699301561606e-05  4.800434699301561606e-05
5.624731215787968530e+00  4.000278020439743365e-05  4.000278020439743365e-05
5.724731215787969063e+00  3.328164527100697148e-05  3.328164527100697148e-05
5.824731215787968708e+00  2.761836377581878283e-05  2.761836377581878283e-05
5.924731215787968353e+00  2.285840409612752505e-05  2.285840409612752505e-05
6.024731215787968885e+00  1.888263520985405611e-05  1.888263520985405611e-05
6.124731215787968530e+00  1.558716848839361501e-05  1.558716848839361501e-05
6.224731215787969063e+00  1.287425766197716534e-05  1.287425766197716534e-05
6.324731215787968708e+00  1.065077852887273678e-05  1.065077852887273678e-05
6.424731215787968353e+00  8.830505609505011954e-06  8.830505609505011954e-06
6.524731215787967997e+00  7.337186505004223616e-06  7.337186505004223616e-06
6.624731215787969418e+00  6.106622679295664376e-06  6.106622679295664376e-06
6.724731215787969063e+00  5.087104882274714482e-06  5.087104882274714482e-06
6.824731215787968708e+00  4.238356818544551341e-06  4.238356818544551341e-06
6.924731215787968353e+00  3.529546238084283652e-06  3.529546238084283652e-06
7.024731215787967997e+00  2.936994759638780734e-06  2.936994759638780734e-06
7.124731215787969418e+00  2.442081495909656830e-06  2.442081495909656830e-06
7.224731215787969063e+00  2.029617164511548205e-06  2.029617164511548205e-06
7.324731215787968708e+00  1.686758793196007461e-06  1.686758793196007461e-06
7.424731215787968353e+00  1.402391149668769026e-06  1.402391149668769026e-06
7.524731215787967997e+00  1.166832252721499160e-06  1.166832252721499160e-06
7.624731215787969418e+00  9.717140444596964959e-07  9.717140444596964959e-07
7.724731215787969063e+00  8.099215635073519245e-07  8.099215635073519245e-07
7.824731215787968708e+00  6.755206208984160593e-07  6.755206208984160593e-07
7.924731215787968353e+00  5.636471781609494172e-07  5.636471781609494172e-07
8.024731215787969774e+00  4.703618411669529921e-07  4.703618411669529921e-07
8.124731215787969418e+00  3.924879452629082266e-07  3.924879452629082266e-07
8.224731215787969063e+00  3.274542898904784099e-07  3.274542898904784099e-07
8.324731215787968708e+00  2.731584706411252208e-07  2.731584706411252208e-07
8.424731215787968353e+00  2.278587152511132678e-07  2.278587152511132678e-07
8.524731215787969774e+00  1.900946598643518491e-07  1.900946598643518491e-07
8.624731215787969418e+00  1.586324590550595087e-07  1.586324590550595087e-07
8.724731215787969063e+00  1.324274241378401611e-07  1.324274241378401611e-07
8.824731215787968708e+00  1.105975036790533229e-07  1.105975036790533229e-07
8.924731215787968353e+00  9.240242630645548069e-08  9.240242630645548069e-08
9.024731215787969774e+00  7.722529911796716961e-08  7.722529911796716961e-08
9.124731215787969418e+00  6.455522666909015557e-08  6.455522666909015557e-08
9.224731215787969063e+00  5.397074122212114312e-08  5.397074122212114312e-08
9.324731215787968708e+00  4.512445114591036113e-08  4.512445114591036113e-08
9.424731215787968353e+00  3.772943913972145710e-08  3.772943913972145710e-08
9.524731215787969774e+00  3.154776911845728121e-08  3.154776911845728121e-08
9.624731215787969418e+00  2.638117784288256518e-08  2.638117784288256518e-08
9.724731215787969063e+00  2.206377006840848290e-08  2.206377006840848290e-08
9.824731215787968708e+00  1.845637382189045479e-08  1.845637382189045479e-08
9.924731215787968353e+00  1.544215886030586186e-08  1.544215886030586186e-08
1.002473121578796977e+01  1.292315386697042046e-08  1.292315386697042046e-08
1.012473121578796942e+01  1.081737916391573995e-08  1.081737916391573995e-08
1.022473121578796906e+01  9.056405782667608647e-09  9.056405782667608647e-09
1.032473121578796871e+01  7.583233277801002601e-09  7.583233277801002601e-09
1.042473121578796835e+01  6.350435335128485804e-09  6.350435335128485804e-09
