-1.649414854105792472e+00  1.887411360404746814e-08  1.887411360404746814e-08
-1.549414854105791939e+00  7.298767862204613509e-08  7.298767862204613509e-08
-1.449414854105792294e+00  2.701897654467293658e-07  2.701897654467293658e-07
-1.349414854105792205e+00  9.528294301707052364e-07  9.528294301707052364e-07
-1.249414854105792116e+00  3.191390943005193925e-06  3.191390943005193925e-06
-1.149414854105792472e+00  1.013339088716945563e-05  1.013339088716945563e-05
-1.049414854105791939e+00  3.046752628149814943e-05  3.046752628149814943e-05
-9.494148541057922941e-01  8.667863072970738057e-05  8.667863072970738057e-05
-8.494148541057922053e-01  2.332271752428412021e-04  2.332271752428412021e-04
-7.494148541057921165e-01  5.933483112047334765e-04  5.933483112047334765e-04
-6.494148541057922497e-01  1.426986392064901040e-03  1.426986392064901040e-03
-5.494148541057921609e-01  3.243802505768696078e-03  3.243802505768696078e-03
-4.494148541057920720e-01  6.969107280060959225e-03  6.969107280060959225e-03
-3.494148541057922053e-01  1.415026155543216806e-02  1.415026155543216806e-02
-2.494148541057921165e-01  2.715198986024012703e-02  2.715198986024012703e-02
-1.494148541057922497e-01  4.923576648442963555e-02  4.923576648442963555e-02
-4.941485410579216087e-02  8.437213416129198118e-02  8.437213416129198118e-02
5.058514589420792795e-02  1.366341347864001299e-01  1.366341347864001299e-01
1.505851458942077947e-01  2.091073341055634527e-01  2.091073341055634527e-01
2.505851458942078835e-01  3.024432470588602206e-01  3.024432470588602206e-01
3.505851458942077503e-01  4.134344771456331946e-01  4.134344771456331946e-01
4.505851458942078391e-01  5.341877705285870137e-01  5.341877705285870137e-01
5.505851458942079280e-01  6.524703105761667787e-01  6.524703105761667787e-01
6.505851458942080168e-01  7.535134630802443612e-01  7.535134630802443612e-01
7.505851458942081056e-01  8.230259720813963842e-01  8.230259720813963842e-01
8.505851458942077503e-01  8.506061399139003276e-01  8.506061399139003276e-01
9.505851458942078391e-01  8.324364677008310176e-01  8.324364677008310176e-01
1.050585145894207928e+00  7.722957129620904304e-01  7.722957129620904304e-01
1.150585145894208017e+00  6.805103382351641583e-01  6.805103382351641583e-01
1.250585145894208106e+00  5.712322993767831036e-01  5.712322993767831036e-01
1.350585145894207750e+00  4.590152784002229369e-01  4.590152784002229369e-01
1.450585145894207839e+00  3.558095752841824444e-01  3.558095752841824444e-01
1.550585145894207928e+00  2.691855933905804577e-01  2.691855933905804577e-01
1.650585145894208017e+00  2.020291795685691671e-01  2.020291795685691671e-01
1.750585145894208106e+00  1.534165941036463587e-01  1.534165941036463587e-01
1.850585145894207750e+00  1.200841888036183885e-01  1.200841888036183885e-01
1.950585145894207839e+00  9.790751521464682861e-02  9.790751521464682861e-02
2.050585145894207706e+00  8.300500401208314727e-02  8.300500401208314727e-02
2.150585145894208239e+00  7.233681724882866371e-02  7.233681724882866371e-02
2.250585145894207884e+00  6.386522045316903040e-02  6.386522045316903040e-02
2.350585145894207528e+00  5.643394758878719081e-02  5.643394758878719081e-02
2.450585145894208061e+00  4.952570268938658038e-02  4.952570268938658038e-02
2.550585145894207706e+00  4.301107256766170672e-02  4.301107256766170672e-02
2.650585145894207351e+00  3.694742687001636994e-02  3.694742687001636994e-02
2.750585145894207884e+00  3.144456698189353194e-02  3.144456698189353194e-02
2.850585145894207528e+00  2.659035761394352299e-02  2.659035761394352299e-02
2.950585145894208061e+00  2.242058409855147635e-02  2.242058409855147635e-02
3.050585145894207706e+00  1.891670853076962353e-02  1.891670853076962353e-02
3.150585145894208239e+00  1.601820651986974806e-02  1.601820651986974806e-02
3.250585145894207884e+00  1.364001836962960151e-02  1.364001836962960151e-02
3.350585145894207528e+00  1.168917670774843355e-02  1.168917670774843355e-02
3.450585145894208061e+00  1.007751268082101789e-02  1.007751268082101789e-02
3.550585145894207706e+00  8.729433017032056305e-03  8.729433017032056305e-03
3.650585145894208239e+00  7.585134137875490859e-03  7.585134137875490859e-03
3.750585145894207884e+00  6.600359113468089178e-03  6.600359113468089178e-03
3.850585145894207528e+00  5.744034933653429167e-03  5.744034933653429167e-03
3.950585145894208061e+00  4.995008462237578509e-03  4.995008462237578509e-03
4.050585145894207706e+00  4.338790214814244005e-03  4.338790214814244005e-03
4.150585145894208239e+00  3.764851822729792762e-03  3.764851822729792762e-03
4.250585145894207884e+00  3.264699713325928086e-03  3.264699713325928086e-03
4.350585145894207528e+00  2.830712665930804842e-03  2.830712665930804842e-03
4.450585145894208061e+00  2.455595193603170041e-03  2.455595193603170041e-03
4.550585145894207706e+00  2.132248091373048667e-03  2.132248091373048667e-03
4.650585145894208239e+00  1.853866409334500778e-03  1.853866409334500778e-03
4.750585145894207884e+00  1.614116699247758946e-03  1.614116699247758946e-03
4.850585145894207528e+00  1.407297636647963143e-03  1.407297636647963143e-03
4.950585145894208061e+00  1.228436297084903187e-03  1.228436297084903187e-03
5.050585145894207706e+00  1.073308832054114224e-03  1.073308832054114224e-03
5.150585145894208239e+00  9.383969703137629102e-04  9.383969703137629102e-04
5.250585145894207884e+00  8.208021555865661250e-04  8.208021555865661250e-04
5.350585145894207528e+00  7.181404610469464215e-04  7.181404610469464215e-04
5.450585145894208061e+00  6.284373097755277396e-04  6.284373097755277396e-04
5.550585145894207706e+00  5.500346164515345932e-04  5.500346164515345932e-04
5.650585145894208239e+00  4.815165097011118046e-04  4.815165097011118046e-04
5.750585145894207884e+00  4.216546149714772099e-04  4.216546149714772099e-04
5.850585145894207528e+00  3.693704905816968436e-04  3.693704905816968436e-04
5.950585145894208061e+00  3.237111627213476992e-04  3.237111627213476992e-04
6.050585145894207706e+00  2.838334242803034813e-04  2.838334242803034813e-04
6.150585145894208239e+00  2.489931570176783524e-04  2.489931570176783524e-04
6.250585145894207884e+00  2.185369439273838164e-04  2.185369439273838164e-04
6.350585145894207528e+00  1.918943030271736555e-04  1.918943030271736555e-04
6.450585145894207173e+00  1.685697725307448648e-04  1.685697725307448648e-04
6.550585145894208594e+00  1.481347101663130325e-04  1.481347101663130325e-04
6.650585145894208239e+00  1.302190280768574567e-04  1.302190280768574567e-04
6.750585145894207884e+00  1.145032172207607451e-04  1.145032172207607451e-04
6.850585145894207528e+00  1.007109933258095759e-04  1.007109933258095759e-04
6.950585145894207173e+00  8.860279221654588006e-05  8.860279221654588006e-05
7.050585145894208594e+00  7.797021378542148156e-05  7.797021378542148156e-05
7.150585145894208239e+00  6.863139953176605659e-05  6.863139953176605659e-05
7.250585145894207884e+00  6.042724794387755631e-05  6.042724794387755631e-05
7.350585145894207528e+00  5.321832953480600925e-05  5.321832953480600925e-05
7.450585145894207173e+00  4.688235384713089986e-05  4.688235384713089986e-05
7.550585145894208594e+00  4.131205433568736432e-05  4.131205433568736432e-05
7.650585145894208239e+00  3.641338306219350887e-05  3.641338306219350887e-05
7.750585145894207884e+00  3.210393660818508012e-05  3.210393660818508012e-05
7.850585145894207528e+00  2.831156134161145568e-05  2.831156134161145568e-05
7.950585145894208949e+00  2.497310687087382413e-05  2.497310687087382413e-05
8.050585145894208594e+00  2.203331029638550724e-05  2.203331029638550724e-05
8.150585145894208239e+00  1.944380145123372387e-05  1.944380145123372387e-05
8.250585145894207884e+00  1.716222227260192796e-05  1.716222227260192796e-05
8.350585145894207528e+00  1.515145353090533200e-05  1.515145353090533200e-05
8.450585145894208949e+00  1.337894091519439767e-05  1.337894091519439767e-05
8.550585145894208594e+00  1.181611105795928008e-05  1.181611105795928008e-05
8.650585145894208239e+00  1.043786713983044207e-05  1.043786713983044207e-05
8.750585145894207884e+00  9.222153503092729758e-06  9.222153503092729758e-06
8.850585145894207528e+00  8.149579196123421380e-06  8.149579196123421380e-06
8.950585145894208949e+00  7.203091382952068406e-06  7.203091382952068406e-06
9.050585145894208594e+00  6.367690842942798978e-06  6.367690842942798978e-06
9.150585145894208239e+00  5.630183133608585990e-06  5.630183133608585990e-06
9.250585145894207884e+00  4.978960231329126028e-06  4.978960231329126028e-06
9.350585145894207528e+00  4.403808506509456673e-06  4.403808506509456673e-06
9.450585145894208949e+00  3.895739700289339936e-06  3.895739700289339936e-06
9.550585145894208594e+00  3.446842163697923733e-06  3.446842163697923733e-06
9.650585145894208239e+00  3.050150037739455482e-06  3.050150037739455482e-06
9.750585145894207884e+00  2.699528344044071609e-06  2.699528344044071609e-06
9.850585145894207528e+00  2.389572167110272998e-06  2.389572167110272998e-06
9.950585145894208949e+00  2.115518277535850437e-06  2.115518277535850437e-06
1.005058514589420859e+01  1.873167695433036423e-06  1.873167695433036423e-06
1.015058514589420824e+01  1.658817837523275265e-06  1.658817837523275265e-06
1.025058514589420788e+01  1.469203034569626740e-06  1.469203034569626740e-06
1.035058514589420753e+01  1.301442346708452877e-06  1.301442346708452877e-06
