-1.636361360485239835e+00  5.080322386028880308e-209  5.080322386028880308e-209
-1.536361360485240191e+00  1.659530920903171397e-195  1.659530920903171397e-195
-1.436361360485240102e+00  1.445235337361834358e-179  1.445235337361834358e-179
-1.336361360485240013e+00  2.679808568080449125e-164  2.679808568080449125e-164
-1.236361360485240368e+00  1.041559352086737450e-149  1.041559352086737450e-149
-1.136361360485239835e+00  8.485533380534408141e-136  8.485533380534408141e-136
-1.036361360485240191e+00  1.449069253767857779e-122  1.449069253767857779e-122
-9.363613604852401018e-01  5.186973261495773310e-110  5.186973261495773310e-110
-8.363613604852400130e-01  3.891828990041214214e-98  3.891828990041214214e-98
-7.363613604852399241e-01  6.120802415574342069e-87  6.120802415574342069e-87
-6.363613604852400574e-01  2.017798728098155298e-76  2.017798728098155298e-76
-5.363613604852399686e-01  1.394319173836834196e-66  1.394319173836834196e-66
-4.363613604852398797e-01  2.019581702025459941e-57  2.019581702025459941e-57
-3.363613604852400130e-01  6.131624161629792297e-49  6.131624161629792297e-49
-2.363613604852399241e-01  3.902154840903870962e-41  3.902154840903870962e-41
-1.363613604852400574e-01  5.205330896709609410e-34  5.205330896709609410e-34
-3.636136048523996855e-02  1.455482734581939650e-27  1.455482734581939650e-27
6.363863951476012026e-02  8.530620967952365987e-22  8.530620967952365987e-22
1.636386395147599870e-01  1.048018877908749336e-16  1.048018877908749336e-16
2.636386395147600759e-01  2.698810787829579713e-12  2.698810787829579713e-12
3.636386395147599426e-01  1.456768833007444582e-08  1.456768833007444582e-08
4.636386395147600314e-01  1.648252401605091773e-05  1.648252401605091773e-05
5.636386395147601203e-01  3.909053957374016876e-03  3.909053957374016876e-03
6.636386395147602091e-01  1.943275991083188436e-01  1.943275991083188436e-01
7.636386395147602979e-01  2.024940082240270112e+00  2.024940082240270112e+00
8.636386395147599426e-01  4.422875769482217834e+00  4.422875769482217834e+00
9.636386395147600314e-01  2.024940082240262562e+00  2.024940082240262562e+00
1.063638639514760120e+00  1.943275991129388702e-01  1.943275991129388702e-01
1.163638639514760209e+00  3.909055577645588302e-03  3.909055577645588302e-03
1.263638639514760298e+00  1.674253368577440613e-05  1.674253368577440613e-05
1.363638639514759943e+00  1.911743686773335787e-05  1.911743686773335787e-05
1.463638639514760031e+00  6.425621520428215347e-04  6.425621520428215347e-04
1.563638639514760120e+00  9.895531222892651330e-03  9.895531222892651330e-03
1.663638639514760209e+00  6.977028924291507617e-02  6.977028924291507617e-02
1.763638639514760298e+00  2.252212525277532129e-01  2.252212525277532129e-01
1.863638639514759943e+00  3.328554340068634598e-01  3.328554340068634598e-01
1.963638639514760031e+00  2.252212525577064750e-01  2.252212525577064750e-01
2.063638639514760342e+00  6.977029174975002412e-02  6.977029174975002412e-02
2.163638639514759987e+00  9.895655843149867362e-03  9.895655843149867362e-03
2.263638639514760520e+00  6.462422222391239106e-04  6.462422222391239106e-04
2.363638639514760165e+00  8.365776073667667134e-05  8.365776073667667134e-05
2.463638639514760698e+00  6.729374266645949017e-04  6.729374266645949017e-04
2.563638639514760342e+00  4.163798133507498264e-03  4.163798133507498264e-03
2.663638639514759987e+00  1.531006744721461095e-02  1.531006744721461095e-02
2.763638639514760520e+00  3.344026172213524634e-02  3.344026172213524634e-02
2.863638639514760165e+00  4.338775602221224548e-02  4.338775602221224548e-02
2.963638639514760698e+00  3.344026267930331336e-02  3.344026267930331336e-02
3.063638639514760342e+00  1.531009393735910211e-02  1.531009393735910211e-02
3.163638639514760875e+00  4.164292542493266448e-03  4.164292542493266448e-03
3.263638639514760520e+00  6.789610111402788646e-04  6.789610111402788646e-04
3.363638639514760165e+00  1.184144362017631948e-04  1.184144362017631948e-04
3.463638639514760698e+00  3.160512443770095953e-04  3.160512443770095953e-04
3.563638639514760342e+00  1.225962206155612692e-03  1.225962206155612692e-03
3.663638639514760875e+00  3.254984859397573333e-03  3.254984859397573333e-03
3.763638639514760520e+00  5.848144084814967981e-03  5.848144084814967981e-03
3.863638639514760165e+00  7.109535309817545043e-03  7.109535309817545043e-03
3.963638639514760698e+00  5.848148260223176402e-03  5.848148260223176402e-03
4.063638639514760342e+00  3.255042364231164418e-03  3.255042364231164418e-03
4.163638639514760875e+00  1.226462924175352126e-03  1.226462924175352126e-03
4.263638639514760520e+00  3.171385066078915541e-04  3.171385066078915541e-04
4.363638639514760165e+00  8.044960499725696513e-05  8.044960499725696513e-05
4.463638639514760698e+00  1.147876414927390392e-04  1.147876414927390392e-04
4.563638639514760342e+00  3.244292789931325720e-04  3.244292789931325720e-04
4.663638639514760875e+00  7.075617632486287927e-04  7.075617632486287927e-04
4.763638639514760520e+00  1.130639132487174132e-03  1.130639132487174132e-03
4.863638639514760165e+00  1.321850514441192618e-03  1.321850514441192618e-03
4.963638639514760698e+00  1.130645134369120215e-03  1.130645134369120215e-03
5.063638639514760342e+00  7.075992786147348524e-04  7.075992786147348524e-04
5.163638639514760875e+00  3.243845785577924843e-04  3.243845785577924843e-04
5.263638639514760520e+00  1.109566490649995820e-04  1.109566490649995820e-04
5.363638639514760165e+00  3.686225867994899621e-05  3.686225867994899621e-05
5.463638639514760698e+00  3.792639752453759558e-05  3.792639752453759558e-05
5.563638639514760342e+00  8.312336644522135888e-05  8.312336644522135888e-05
5.663638639514760875e+00  1.582530570170386235e-04  1.582530570170386235e-04
5.763638639514760520e+00  2.337984471974052325e-04  2.337984471974052325e-04
5.863638639514760165e+00  2.663079189275799406e-04  2.663079189275799406e-04
5.963638639514760698e+00  2.338008881391968343e-04  2.338008881391968343e-04
6.063638639514760342e+00  1.582378731931846248e-04  1.582378731931846248e-04
6.163638639514760875e+00  8.273717259436020829e-05  8.273717259436020829e-05
6.263638639514760520e+00  3.417947468734838090e-05  3.417947468734838090e-05
6.363638639514760165e+00  1.375516819463029973e-05  1.375516819463029973e-05
6.463638639514759809e+00  1.196265644791874352e-05  1.196265644791874352e-05
6.563638639514761230e+00  2.122319886561663824e-05  2.122319886561663824e-05
6.663638639514760875e+00  3.635740128494580146e-05  3.635740128494580146e-05
6.763638639514760520e+00  5.073401182162306594e-05  5.073401182162306594e-05
6.863638639514760165e+00  5.671773995314495308e-05  5.671773995314495308e-05
6.963638639514759809e+00  5.073157723879933440e-05  5.073157723879933440e-05
7.063638639514761230e+00  3.631766922438826525e-05  3.631766922438826525e-05
7.163638639514760875e+00  2.087695970692693306e-05  2.087695970692693306e-05
7.263638639514760520e+00  9.884091142199694159e-06  9.884091142199694159e-06
7.363638639514760165e+00  4.578038226689823216e-06  4.578038226689823216e-06
7.463638639514759809e+00  3.657626363308031530e-06  3.657626363308031530e-06
7.563638639514761230e+00  5.463424942774817587e-06  5.463424942774817587e-06
7.663638639514760875e+00  8.557875394144055892e-06  8.557875394144055892e-06
7.763638639514760520e+00  1.141767699193463144e-05  1.141767699193463144e-05
7.863638639514760165e+00  1.258273974295812491e-05  1.258273974295812491e-05
7.963638639514761586e+00  1.141349648309452392e-05  1.141349648309452392e-05
8.063638639514760342e+00  8.524167985135824982e-06  8.524167985135824982e-06
8.163638639514761763e+00  5.265208022612192732e-06  5.265208022612192732e-06
8.263638639514759632e+00  2.763721827070866996e-06  2.763721827070866996e-06
8.363638639514761053e+00  1.423774988748631156e-06  1.423774988748631156e-06
8.463638639514762474e+00  1.091997888980240789e-06  1.091997888980240789e-06
8.563638639514760342e+00  1.423334026613925424e-06  1.423334026613925424e-06
8.663638639514761763e+00  2.058953182466467290e-06  2.058953182466467290e-06
8.763638639514759632e+00  2.644577292374979214e-06  2.644577292374979214e-06
8.863638639514761053e+00  2.880301158354349400e-06  2.880301158354349400e-06
8.963638639514762474e+00  2.641205612852396190e-06  2.641205612852396190e-06
9.063638639514760342e+00  2.039216860305533741e-06  2.039216860305533741e-06
9.163638639514759987e+00  1.332932424850312093e-06  1.332932424850312093e-06
9.263638639514759632e+00  7.585198067966508747e-07  7.585198067966508747e-07
9.363638639514759276e+00  4.244929582503304708e-07  4.244929582503304708e-07
9.463638639514760698e+00  3.200016921546083450e-07  3.200016921546083450e-07
9.563638639514760342e+00  3.752568159424418124e-07  3.752568159424418124e-07
9.663638639514759987e+00  5.052404275335544744e-07  5.052404275335544744e-07
9.763638639514759632e+00  6.271799874612507733e-07  6.271799874612507733e-07
9.863638639514759276e+00  6.759813987358349229e-07  6.759813987358349229e-07
9.963638639514760698e+00  6.251971294645034728e-07  6.251971294645034728e-07
1.006363863951476034e+01  4.958295754639645274e-07  4.958295754639645274e-07
1.016363863951475999e+01  3.393062005690214000e-07  3.393062005690214000e-07
1.026363863951475963e+01  2.060259766547390912e-07  2.060259766547390912e-07
1.036363863951475928e+01  1.231591383224676621e-07  1.231591383224676621e-07
