-1.623594210515494130e+00  1.355296411337415997e-20  1.355296411337415997e-20
-1.523594210515494041e+00  4.581882977742726433e-19  4.581882977742726433e-19
-1.423594210515494396e+00  1.428715306684093212e-17  1.428715306684093212e-17
-1.323594210515493863e+00  3.933105095213871751e-16  3.933105095213871751e-16
-1.223594210515494218e+00  9.415098259531700422e-15  9.415098259531700422e-15
-1.123594210515494130e+00  1.949683871263257570e-13  1.949683871263257570e-13
-1.023594210515494041e+00  3.486252321202291167e-12  3.486252321202291167e-12
-9.235942105154939519e-01  5.379147351543049534e-11  5.379147351543049534e-11
-8.235942105154940851e-01  7.159986808227740372e-10  7.159986808227740372e-10
-7.235942105154942183e-01  8.220668641734317378e-09  8.220668641734317378e-09
-6.235942105154941295e-01  8.140989839943593539e-08  8.140989839943593539e-08
-5.235942105154940407e-01  6.953649227100432235e-07  6.953649227100432235e-07
-4.235942105154939519e-01  5.122821182708921971e-06  5.122821182708921971e-06
-3.235942105154940851e-01  3.255098597451549141e-05  3.255098597451549141e-05
-2.235942105154939963e-01  1.783924478708411444e-04  1.783924478708411444e-04
-1.235942105154941295e-01  8.432291215478230489e-04  8.432291215478230489e-04
-2.359421051549404069e-02  3.437726973137455490e-03  3.437726973137455490e-03
7.640578948450604813e-02  1.208798692843785459e-02  1.208798692843785459e-02
1.764057894845059149e-01  3.666012549195748343e-02  3.666012549195748343e-02
2.764057894845060037e-01  9.589422346347881154e-02  9.589422346347881154e-02
3.764057894845058705e-01  2.163474581670500885e-01  2.163474581670500885e-01
4.764057894845059593e-01  4.209947153594177371e-01  4.209947153594177371e-01
5.764057894845060481e-01  7.066048926982269052e-01  7.066048926982269052e-01
6.764057894845061369e-01  1.022993268805705513e+00  1.022993268805705513e+00
7.764057894845062258e-01  1.277653439088024312e+00  1.277653439088024312e+00
8.764057894845058705e-01  1.376934773097961084e+00  1.376934773097961084e+00
9.764057894845059593e-01  1.281353449677024248e+00  1.281353449677024248e+00
1.076405789484506048e+00  1.031512638971748164e+00  1.031512638971748164e+00
1.176405789484506137e+00  7.220705242708422844e-01  7.220705242708422844e-01
1.276405789484506226e+00  4.462444515151898772e-01  4.462444515151898772e-01
1.376405789484505870e+00  2.543654031005682659e-01  2.543654031005682659e-01
1.476405789484505959e+00  1.489807630222997059e-01  1.489807630222997059e-01
1.576405789484506048e+00  1.054996479527087194e-01  1.054996479527087194e-01
1.676405789484506137e+00  9.502808314953774260e-02  9.502808314953774260e-02
1.776405789484506226e+00  9.632474830166404267e-02  9.632474830166404267e-02
1.876405789484505870e+00  9.760529660542606456e-02  9.760529660542606456e-02
1.976405789484505959e+00  9.405105991016365907e-02  9.405105991016365907e-02
2.076405789484506048e+00  8.503139707406863479e-02  8.503139707406863479e-02
2.176405789484506137e+00  7.212948508064619124e-02  7.212948508064619124e-02
2.276405789484506226e+00  5.777639981206852959e-02  5.777639981206852959e-02
2.376405789484505870e+00  4.426457713384568393e-02  4.426457713384568393e-02
2.476405789484506403e+00  3.313512818049804687e-02  3.313512818049804687e-02
2.576405789484506048e+00  2.497751850682506172e-02  2.497751850682506172e-02
2.676405789484505693e+00  1.957800615686702134e-02  1.957800615686702134e-02
2.776405789484506226e+00  1.625527817364350036e-02  1.625527817364350036e-02
2.876405789484505870e+00  1.420841579951995746e-02  1.420841579951995746e-02
2.976405789484506403e+00  1.276262940621276411e-02  1.276262940621276411e-02
3.076405789484506048e+00  1.147945775196036571e-02  1.147945775196036571e-02
3.176405789484506581e+00  1.015689957613996608e-02  1.015689957613996608e-02
3.276405789484506226e+00  8.767674882141845288e-03  8.767674882141845288e-03
3.376405789484505870e+00  7.379668275404210540e-03  7.379668275404210540e-03
3.476405789484506403e+00  6.087132313264116343e-03  6.087132313264116343e-03
3.576405789484506048e+00  4.965505227176373465e-03  4.965505227176373465e-03
3.676405789484506581e+00  4.051248688475240708e-03  4.051248688475240708e-03
3.776405789484506226e+00  3.341441103042382035e-03  3.341441103042382035e-03
3.876405789484505870e+00  2.805127357187212674e-03  2.805127357187212674e-03
3.976405789484506403e+00  2.398601463983199723e-03  2.398601463983199723e-03
4.076405789484505604e+00  2.078821962119375717e-03  2.078821962119375717e-03
4.176405789484507025e+00  1.811926463125462404e-03  1.811926463125462404e-03
4.276405789484506670e+00  1.576348933199469508e-03  1.576348933199469508e-03
4.376405789484506315e+00  1.361740180288904638e-03  1.361740180288904638e-03
4.476405789484505959e+00  1.165587995054287278e-03  1.165587995054287278e-03
4.576405789484505604e+00  9.893219769347219583e-04  9.893219769347219583e-04
4.676405789484507025e+00  8.351246633175949926e-04  8.351246633175949926e-04
4.776405789484506670e+00  7.039971247286610362e-04  7.039971247286610362e-04
4.876405789484506315e+00  5.950746946649036317e-04  5.950746946649036317e-04
4.976405789484505959e+00  5.058578021781524273e-04  5.058578021781524273e-04
5.076405789484505604e+00  4.329129709904514325e-04  4.329129709904514325e-04
5.176405789484507025e+00  3.726509340208690349e-04  3.726509340208690349e-04
5.276405789484506670e+00  3.219249144931402473e-04  3.219249144931402473e-04
5.376405789484506315e+00  2.783435222057256708e-04  2.783435222057256708e-04
5.476405789484505959e+00  2.403132435443722519e-04  2.403132435443722519e-04
5.576405789484505604e+00  2.068948929634033360e-04  2.068948929634033360e-04
5.676405789484507025e+00  1.775777493545414691e-04  1.775777493545414691e-04
5.776405789484506670e+00  1.520585460072792659e-04  1.520585460072792659e-04
5.876405789484506315e+00  1.300784257509328239e-04  1.300784257509328239e-04
5.976405789484505959e+00  1.113354759148700845e-04  1.113354759148700845e-04
6.076405789484505604e+00  9.546376104852865782e-05  9.546376104852865782e-05
6.176405789484507025e+00  8.205575020939879388e-05  8.205575020939879388e-05
6.276405789484506670e+00  7.070261556261287406e-05  7.070261556261287406e-05
6.376405789484506315e+00  6.103225170849626457e-05  6.103225170849626457e-05
6.476405789484505959e+00  5.273358159872618822e-05  5.273358159872618822e-05
6.576405789484507380e+00  4.556413555876373756e-05  4.556413555876373756e-05
6.676405789484507025e+00  3.934385374968492712e-05  3.934385374968492712e-05
6.776405789484506670e+00  3.394090063541907763e-05  3.394090063541907763e-05
6.876405789484506315e+00  2.925542456066794353e-05  2.925542456066794353e-05
6.976405789484505959e+00  2.520564171795202453e-05  2.520564171795202453e-05
7.076405789484507380e+00  2.171844656649329507e-05  2.171844656649329507e-05
7.176405789484507025e+00  1.872478369083281188e-05  1.872478369083281188e-05
7.276405789484506670e+00  1.615871745557479177e-05  1.615871745557479177e-05
7.376405789484506315e+00  1.395860730760278422e-05  1.395860730760278422e-05
7.476405789484505959e+00  1.206889141923655944e-05  1.206889141923655944e-05
7.576405789484507380e+00  1.044143872013142177e-05  1.044143872013142177e-05
7.676405789484507025e+00  9.035988586821647650e-06  9.035988586821647650e-06
7.776405789484506670e+00  7.819668863260007867e-06  7.819668863260007867e-06
7.876405789484506315e+00  6.765872391252173778e-06  6.765872391252173778e-06
7.976405789484507736e+00  5.852870707867617590e-06  5.852870707867617590e-06
8.076405789484507380e+00  5.062497182202966423e-06  5.062497182202966423e-06
8.176405789484507025e+00  4.379108637201583698e-06  4.379108637201583698e-06
8.276405789484506670e+00  3.788897583379144726e-06  3.788897583379144726e-06
8.376405789484506315e+00  3.279519545308423931e-06  3.279519545308423931e-06
8.476405789484507736e+00  2.839940311127909513e-06  2.839940311127909513e-06
8.576405789484507380e+00  2.460394814494177461e-06  2.460394814494177461e-06
8.676405789484507025e+00  2.132369124073270813e-06  2.132369124073270813e-06
8.776405789484506670e+00  1.848552150845493924e-06  1.848552150845493924e-06
8.876405789484506315e+00  1.602739029614597301e-06  1.602739029614597301e-06
8.976405789484507736e+00  1.389694135086024259e-06  1.389694135086024259e-06
9.076405789484507380e+00  1.204994908660653573e-06  1.204994908660653573e-06
9.176405789484507025e+00  1.044879411608946072e-06  1.044879411608946072e-06
9.276405789484506670e+00  9.061147151335819758e-07  9.061147151335819758e-07
9.376405789484506315e+00  7.858943890907454366e-07  7.858943890907454366e-07
9.476405789484507736e+00  6.817650919090974632e-07  6.817650919090974632e-07
9.576405789484507380e+00  5.915766962517919120e-07  5.915766962517919120e-07
9.676405789484507025e+00  5.134480801140276335e-07  5.134480801140276335e-07
9.776405789484506670e+00  4.457411307503140031e-07  4.457411307503140031e-07
9.876405789484506315e+00  3.870375602026268973e-07  3.870375602026268973e-07
9.976405789484507736e+00  3.361156817625007775e-07  3.361156817625007775e-07
1.007640578948450738e+01  2.919264936762425488e-07  2.919264936762425488e-07
1.017640578948450703e+01  2.535698170640272053e-07  2.535698170640272053e-07
1.027640578948450667e+01  2.202717752907236573e-07  2.202717752907236573e-07
1.037640578948450631e+01  1.913647734575689091e-07  1.913647734575689091e-07
