-1.541666666581656742e+00  3.057071877670345731e-80  3.057071877670345731e-80
-1.441666666581656209e+00  2.925028385994911414e-74  2.925028385994911414e-74
-1.341666666581656564e+00  3.153364281319082352e-68  3.153364281319082352e-68
-1.241666666581656475e+00  1.908463849155740210e-62  1.908463849155740210e-62
-1.141666666581656386e+00  6.393360585645983396e-57  6.393360585645983396e-57
-1.041666666581656742e+00  1.185218068813476670e-51  1.185218068813476670e-51
-9.416666665816564308e-01  1.215873618335294034e-46  1.215873618335294034e-46
-8.416666665816565640e-01  6.902392119040362462e-42  6.902392119040362462e-42
-7.416666665816564752e-01  2.168362243760418913e-37  2.168362243760418913e-37
-6.416666665816563864e-01  3.769511410453432612e-33  3.769511410453432612e-33
-5.416666665816565196e-01  3.626263048785963754e-29  3.626263048785963754e-29
-4.416666665816564308e-01  1.930432246387147737e-25  1.930432246387147737e-25
-3.416666665816563420e-01  5.686837768504432356e-22  5.686837768504432356e-22
-2.416666665816564752e-01  9.270606155202829833e-19  9.270606155202829833e-19
-1.416666665816563864e-01  8.363083636940518883e-16  8.363083636940518883e-16
-4.166666658165651960e-02  4.174897001405376021e-13  4.174897001405376021e-13
5.833333341834356922e-02  1.153310132468314063e-10  1.153310132468314063e-10
1.583333334183436580e-01  1.763061517881804255e-08  1.763061517881804255e-08
2.583333334183435248e-01  1.491453925584753088e-06  1.491453925584753088e-06
3.583333334183436136e-01  6.981893718325035822e-05  6.981893718325035822e-05
4.583333334183434804e-01  1.808662949125324068e-03  1.808662949125324068e-03
5.583333334183435692e-01  2.592764473217295390e-02  2.592764473217295390e-02
6.583333334183436580e-01  2.056787901651416506e-01  2.056787901651416506e-01
7.583333334183437469e-01  9.028944168246223478e-01  9.028944168246223478e-01
8.583333334183438357e-01  2.193337393421541659e+00  2.193337393421541659e+00
9.583333334183434804e-01  2.948457952004597704e+00  2.948457952004597704e+00
1.058333333418343569e+00  2.193337893194401200e+00  2.193337893194401200e+00
1.158333333418343658e+00  9.029006126798982956e-01  9.029006126798982956e-01
1.258333333418343747e+00  2.057357771387511858e-01  2.057357771387511858e-01
1.358333333418343836e+00  2.631754837978985892e-02  2.631754837978985892e-02
1.458333333418343480e+00  3.793155634832202309e-03  3.793155634832202309e-03
1.558333333418343569e+00  7.583490647939254356e-03  7.583490647939254356e-03
1.658333333418343658e+00  2.116391686148572093e-02  2.116391686148572093e-02
1.758333333418343747e+00  4.433935415287384302e-02  4.433935415287384302e-02
1.858333333418343836e+00  6.910724168174911530e-02  6.910724168174911530e-02
1.958333333418343480e+00  8.012521611487788409e-02  8.012521611487788409e-02
2.058333333418343791e+00  6.910849701018498270e-02  6.910849701018498270e-02
2.158333333418343436e+00  4.434617926322905607e-02  4.434617926322905607e-02
2.258333333418343969e+00  2.119247490028336109e-02  2.119247490028336109e-02
2.358333333418343614e+00  7.621971605412058114e-03  7.621971605412058114e-03
2.458333333418343258e+00  2.304939709760142792e-03  2.304939709760142792e-03
2.558333333418343791e+00  1.168342966540491037e-03  1.168342966540491037e-03
2.658333333418343436e+00  1.609494620294988493e-03  1.609494620294988493e-03
2.758333333418343081e+00  2.548242868486825900e-03  2.548242868486825900e-03
2.858333333418343614e+00  3.417743944254326201e-03  3.417743944254326201e-03
2.958333333418343258e+00  3.771561768534126627e-03  3.771561768534126627e-03
3.058333333418343791e+00  3.417773278577306874e-03  3.417773278577306874e-03
3.158333333418343436e+00  2.544004033790390074e-03  2.544004033790390074e-03
3.258333333418343969e+00  1.558457981220489046e-03  1.558457981220489046e-03
3.358333333418343614e+00  7.940057783490843749e-04  7.940057783490843749e-04
3.458333333418343258e+00  3.555657811613437960e-04  3.555657811613437960e-04
3.558333333418343791e+00  1.766345963954677367e-04  1.766345963954677367e-04
3.658333333418343436e+00  1.447328376017168361e-04  1.447328376017168361e-04
3.758333333418343969e+00  1.728485692931608939e-04  1.728485692931608939e-04
3.858333333418343614e+00  2.085329892454503822e-04  2.085329892454503822e-04
3.958333333418343258e+00  2.233876415814943874e-04  2.233876415814943874e-04
4.058333333418343791e+00  2.073900754524205209e-04  2.073900754524205209e-04
4.158333333418343436e+00  1.663423866310111024e-04  1.663423866310111024e-04
4.258333333418343969e+00  1.155074956920835479e-04  1.155074956920835479e-04
4.358333333418343614e+00  7.011463954989143922e-05  7.011463954989143922e-05
4.458333333418343258e+00  3.853158771308222858e-05  3.853158771308222858e-05
4.558333333418343791e+00  2.137956868268261278e-05  2.137956868268261278e-05
4.658333333418343436e+00  1.474733127048669196e-05  1.474733127048669196e-05
4.758333333418343969e+00  1.378735418128197985e-05  1.378735418128197985e-05
4.858333333418343614e+00  1.468180186755803788e-05  1.468180186755803788e-05
4.958333333418343258e+00  1.512647084484051550e-05  1.512647084484051550e-05
5.058333333418343791e+00  1.416998157611308053e-05  1.416998157611308053e-05
5.158333333418343436e+00  1.187586831692471257e-05  1.187586831692471257e-05
5.258333333418343969e+00  8.894022389018356581e-06  8.894022389018356581e-06
5.358333333418343614e+00  5.997737306138878456e-06  5.997737306138878456e-06
5.458333333418343258e+00  3.730540638356187873e-06  3.730540638356187873e-06
5.558333333418343791e+00  2.275252950153631292e-06  2.275252950153631292e-06
5.658333333418343436e+00  1.524174569399058953e-06  1.524174569399058953e-06
5.758333333418343969e+00  1.234531491018543867e-06  1.234531491018543867e-06
5.858333333418343614e+00  1.162133028777850489e-06  1.162133028777850489e-06
5.958333333418343258e+00  1.131460950779341145e-06  1.131460950779341145e-06
6.058333333418343791e+00  1.051831521333106851e-06  1.051831521333106851e-06
6.158333333418343436e+00  9.033877021889237839e-07  9.033877021889237839e-07
6.258333333418343969e+00  7.105242565648113291e-07  7.105242565648113291e-07
6.358333333418343614e+00  5.136014004875666065e-07  5.136014004875666065e-07
6.458333333418343258e+00  3.468588124961449453e-07  3.468588124961449453e-07
6.558333333418342903e+00  2.273232045907016950e-07  2.273232045907016950e-07
6.658333333418344324e+00  1.545972084465989996e-07  1.545972084465989996e-07
6.758333333418343969e+00  1.172460034352643449e-07  1.172460034352643449e-07
6.858333333418343614e+00  1.005054632614917343e-07  1.005054632614917343e-07
6.958333333418343258e+00  9.185195065825557273e-08  9.185195065825557273e-08
7.058333333418342903e+00  8.347785794111877188e-08  8.347785794111877188e-08
7.158333333418344324e+00  7.230831396957239496e-08  7.230831396957239496e-08
7.258333333418343969e+00  5.865547360935526406e-08  5.865547360935526406e-08
7.358333333418343614e+00  4.446544599679012697e-08  4.446544599679012697e-08
7.458333333418343258e+00  3.181716477021508486e-08  3.181716477021508486e-08
7.558333333418342903e+00  2.202312377572628682e-08  2.202312377572628682e-08
7.658333333418344324e+00  1.538186304677503311e-08  1.538186304677503311e-08
7.758333333418343969e+00  1.140066890503935071e-08  1.140066890503935071e-08
7.858333333418343614e+00  9.212865531528008553e-09  9.212865531528008553e-09
7.958333333418343258e+00  7.958622590992832758e-09  7.958622590992832758e-09
8.058333333418344679e+00  7.012722856552283576e-09  7.012722856552283576e-09
8.158333333418344324e+00  6.048994448916955867e-09  6.048994448916955867e-09
8.258333333418343969e+00  4.990195581958058262e-09  4.990195581958058262e-09
8.358333333418343614e+00  3.906425257311573778e-09  3.906425257311573778e-09
8.458333333418343258e+00  2.913656011902142203e-09  2.913656011902142203e-09
8.558333333418344679e+00  2.102977233419615500e-09  2.102977233419615500e-09
8.658333333418344324e+00  1.509887316179221212e-09  1.509887316179221212e-09
8.758333333418343969e+00  1.116815671821897788e-09  1.116815671821897788e-09
8.858333333418343614e+00  8.739667522984139040e-10  8.739667522984139040e-10
8.958333333418343258e+00  7.235548989872837678e-10  7.235548989872837678e-10
9.058333333418344679e+00  6.176467790481761519e-10  6.176467790481761519e-10
9.158333333418344324e+00  5.262096819179250671e-10  5.262096819179250671e-10
9.258333333418343969e+00  4.367197411650625901e-10  4.367197411650625901e-10
9.358333333418343614e+00  3.488692329365450328e-10  3.488692329365450328e-10
9.458333333418343258e+00  2.679884861628952193e-10  2.679884861628952193e-10
9.558333333418344679e+00  1.997133501525993225e-10  1.997133501525993225e-10
9.658333333418344324e+00  1.470191881074432876e-10  1.470191881074432876e-10
9.758333333418343969e+00  1.095527925473018633e-10  1.095527925473018633e-10
9.858333333418343614e+00  8.449326406054609974e-11  8.449326406054609974e-11
9.958333333418343258e+00  6.799550782876137613e-11  6.799550782876137613e-11
1.005833333341834468e+01  5.647419297603754400e-11  5.647419297603754400e-11
1.015833333341834432e+01  4.735268636939950316e-11  4.735268636939950316e-11
1.025833333341834397e+01  3.923898080802149810e-11  3.923898080802149810e-11
1.035833333341834361e+01  3.169679717666220125e-11  3.169679717666220125e-11
1.045833333341834326e+01  2.484300170958635368e-11  2.484300170958635368e-11
