-1.598900400327090132e+00  4.046760156505780725e-209  4.046760156505780725e-209
-1.498900400327090043e+00  1.704038449025720421e-195  1.704038449025720421e-195
-1.398900400327089955e+00  1.489249165793189896e-179  1.489249165793189896e-179
-1.298900400327090310e+00  2.761420889091058844e-164  2.761420889091058844e-164
-1.198900400327090221e+00  1.073279556739465304e-149  1.073279556739465304e-149
-1.098900400327090132e+00  8.743956344985593896e-136  8.743956344985593896e-136
-9.989004003270900434e-01  1.493199982557728490e-122  1.493199982557728490e-122
-8.989004003270899545e-01  5.344940114803980372e-110  5.344940114803980372e-110
-7.989004003270900878e-01  4.010352828159705779e-98  4.010352828159705779e-98
-6.989004003270902210e-01  6.307208600562219672e-87  6.307208600562219672e-87
-5.989004003270901322e-01  2.079249847974383777e-76  2.079249847974383777e-76
-4.989004003270900434e-01  1.436782514458487705e-66  1.436782514458487705e-66
-3.989004003270899545e-01  2.081087121541695810e-57  2.081087121541695810e-57
-2.989004003270900878e-01  6.318359917850351093e-49  6.318359917850351093e-49
-1.989004003270899990e-01  4.020993147998058645e-41  4.020993147998058645e-41
-9.890040032709013218e-02  5.363856823242742543e-34  5.363856823242742543e-34
1.099599672909956638e-03  1.499808782941022990e-27  1.499808782941022990e-27
1.010995996729100455e-01  8.790417053865454154e-22  8.790417053865454154e-22
2.010995996729099122e-01  1.079935804409948060e-16  1.079935804409948060e-16
3.010995996729100010e-01  2.781001812601653349e-12  2.781001812601653349e-12
4.010995996729098678e-01  1.501134048894695017e-08  1.501134048894695017e-08
5.010995996729099566e-01  1.698449160333739599e-05  1.698449160333739599e-05
6.010995996729100455e-01  4.028102373844993575e-03  4.028102373844993575e-03
7.010995996729101343e-01  2.002457555734685479e-01  2.002457555734685479e-01
8.010995996729102231e-01  2.086608688728693650e+00  2.086608688728693650e+00
9.010995996729098678e-01  4.557572389776101573e+00  4.557572389776101573e+00
1.001099599672909957e+00  2.086608688728684324e+00  2.086608688728684324e+00
1.101099599672910045e+00  2.002457555771471887e-01  2.002457555771471887e-01
1.201099599672910134e+00  4.028103664192653026e-03  4.028103664192653026e-03
1.301099599672910223e+00  1.719155743066298097e-05  1.719155743066298097e-05
1.401099599672909868e+00  1.522810481941297319e-05  1.522810481941297319e-05
1.501099599672909957e+00  5.117219829811577633e-04  5.117219829811577633e-04
1.601099599672910045e+00  7.880577524961107291e-03  7.880577524961107291e-03
1.701099599672910134e+00  5.556348223587584401e-02  5.556348223587584401e-02
1.801099599672910223e+00  1.793611177445172122e-01  1.793611177445172122e-01
1.901099599672909868e+00  2.650785484084901000e-01  2.650785484084901000e-01
2.001099599672909957e+00  1.793611177629524933e-01  1.793611177629524933e-01
2.101099599672910045e+00  5.556348377876507011e-02  5.556348377876507011e-02
2.201099599672910134e+00  7.880654225368925736e-03  7.880654225368925736e-03
2.301099599672910223e+00  5.139869658324006238e-04  5.139869658324006238e-04
2.401099599672909868e+00  5.494488848293179308e-05  5.494488848293179308e-05
2.501099599672910401e+00  4.142218769614076164e-04  4.142218769614076164e-04
2.601099599672910045e+00  2.562705765740034072e-03  2.562705765740034072e-03
2.701099599672909690e+00  9.422933672261315716e-03  9.422933672261315716e-03
2.801099599672910223e+00  2.058157935935872249e-02  2.058157935935872249e-02
2.901099599672909868e+00  2.670399385951513146e-02  2.670399385951513146e-02
3.001099599672910401e+00  2.058157981464594360e-02  2.058157981464594360e-02
3.101099599672910045e+00  9.422946271153314832e-03  9.422946271153314832e-03
3.201099599672910578e+00  2.562940418025142376e-03  2.562940418025142376e-03
3.301099599672910223e+00  4.170036827062651016e-04  4.170036827062651016e-04
3.401099599672909868e+00  6.535077327560689323e-05  6.535077327560689323e-05
3.501099599672910401e+00  1.508483111633339804e-04  1.508483111633339804e-04
3.601099599672910045e+00  5.831619582745913065e-04  5.831619582745913065e-04
3.701099599672910578e+00  1.548275348653361172e-03  1.548275348653361172e-03
3.801099599672910223e+00  2.781744209038941595e-03  2.781744209038941595e-03
3.901099599672909868e+00  3.381740981429681714e-03  3.381740981429681714e-03
4.001099599672910401e+00  2.781745736543054376e-03  2.781745736543054376e-03
4.101099599672910045e+00  1.548295866750369273e-03  1.548295866750369273e-03
4.201099599672910578e+00  5.833151394811125811e-04  5.833151394811125811e-04
4.301099599672910223e+00  1.503358533001135952e-04  1.503358533001135952e-04
4.401099599672909868e+00  3.539379332377688789e-05  3.539379332377688789e-05
4.501099599672910401e+00  4.287621974505752574e-05  4.287621974505752574e-05
4.601099599672910045e+00  1.193175679938737055e-04  1.193175679938737055e-04
4.701099599672910578e+00  2.601107857405833578e-04  2.601107857405833578e-04
4.801099599672910223e+00  4.156361787207454406e-04  4.156361787207454406e-04
4.901099599672909868e+00  4.859275568440659049e-04  4.859275568440659049e-04
5.001099599672910401e+00  4.156377005333167988e-04  4.156377005333167988e-04
5.101099599672910045e+00  2.601163687848073399e-04  2.601163687848073399e-04
5.201099599672910578e+00  1.192098502678916880e-04  1.192098502678916880e-04
5.301099599672910223e+00  4.058414530057876865e-05  4.058414530057876865e-05
5.401099599672909868e+00  1.269320095967150788e-05  1.269320095967150788e-05
5.501099599672910401e+00  1.117319288052964253e-05  1.117319288052964253e-05
5.601099599672910045e+00  2.366800799204217250e-05  2.366800799204217250e-05
5.701099599672910578e+00  4.496554199837102342e-05  4.496554199837102342e-05
5.801099599672910223e+00  6.642372302060471536e-05  6.642372302060471536e-05
5.901099599672909868e+00  7.565945514532691979e-05  7.565945514532691979e-05
6.001099599672910401e+00  6.642363639754230039e-05  6.642363639754230039e-05
6.101099599672910045e+00  4.495332378056766606e-05  4.495332378056766606e-05
6.201099599672910578e+00  2.349063488631202465e-05  2.349063488631202465e-05
6.301099599672910223e+00  9.644715190664863693e-06  9.644715190664863693e-06
6.401099599672909868e+00  3.683135296485319459e-06  3.683135296485319459e-06
6.501099599672909513e+00  2.784902627484641028e-06  2.784902627484641028e-06
6.601099599672910934e+00  4.689066774673528932e-06  4.689066774673528932e-06
6.701099599672910578e+00  7.987059450498170798e-06  7.987059450498170798e-06
6.801099599672910223e+00  1.114002209573553997e-05  1.114002209573553997e-05
6.901099599672909868e+00  1.245341352750258584e-05  1.245341352750258584e-05
7.001099599672909513e+00  1.113881275470678999e-05  1.113881275470678999e-05
7.101099599672910934e+00  7.972993610054628595e-06  7.972993610054628595e-06
7.201099599672910578e+00  4.578674667018995984e-06  4.578674667018995984e-06
7.301099599672910223e+00  2.151576216353121245e-06  2.151576216353121245e-06
7.401099599672909868e+00  9.505729375703683039e-07  9.505729375703683039e-07
7.501099599672909513e+00  6.715623010644154744e-07  6.715623010644154744e-07
7.601099599672910934e+00  9.390233150226964677e-07  9.390233150226964677e-07
7.701099599672910578e+00  1.454432566227254677e-06  1.454432566227254677e-06
7.801099599672910223e+00  1.937812508115675853e-06  1.937812508115675853e-06
7.901099599672909868e+00  2.135202562250913696e-06  2.135202562250913696e-06
8.001099599672912177e+00  1.936676566302005295e-06  1.936676566302005295e-06
8.101099599672910045e+00  1.446048179886443240e-06  1.446048179886443240e-06
8.201099599672911467e+00  8.918822178078496912e-07  8.918822178078496912e-07
8.301099599672909335e+00  4.641030000780588607e-07  4.641030000780588607e-07
8.401099599672910756e+00  2.289315687263486420e-07  2.289315687263486420e-07
8.501099599672912177e+00  1.576273126751234874e-07  1.576273126751234874e-07
8.601099599672910045e+00  1.907131081208152373e-07  1.907131081208152373e-07
8.701099599672911467e+00  2.709560589046859600e-07  2.709560589046859600e-07
8.801099599672909335e+00  3.469978024093240043e-07  3.469978024093240043e-07
8.901099599672910756e+00  3.777549433162234870e-07  3.777549433162234870e-07
9.001099599672912177e+00  3.463468786924725476e-07  3.463468786924725476e-07
9.101099599672910045e+00  2.672966050650482503e-07  2.672966050650482503e-07
9.201099599672911467e+00  1.743689986344295409e-07  1.743689986344295409e-07
9.301099599672909335e+00  9.826733387250868672e-08  9.826733387250868672e-08
9.401099599672910756e+00  5.281632123359769858e-08  5.281632123359769858e-08
9.501099599672912177e+00  3.620210989225196048e-08  3.620210989225196048e-08
9.601099599672910045e+00  3.925294623908974356e-08  3.925294623908974356e-08
9.701099599672911467e+00  5.153946933204481962e-08  5.153946933204481962e-08
9.801099599672909335e+00  6.364215015117301070e-08  6.364215015117301070e-08
9.901099599672910756e+00  6.852473965309152506e-08  6.852473965309152506e-08
1.000109959967291218e+01  6.335660363693336505e-08  6.335660363693336505e-08
1.010109959967291005e+01  5.021499909222244558e-08  5.021499909222244558e-08
1.020109959967291147e+01  3.427537601740871242e-08  3.427537601740871242e-08
1.030109959967290933e+01  2.059296997793358226e-08  2.059296997793358226e-08
1.040109959967291076e+01  1.185242164318447389e-08  1.185242164318447389e-08
