-1.563829767787352942e+00  9.549310516078035295e-12  9.549310516078035295e-12
-1.463829767787352854e+00  6.858132348598214703e-11  6.858132348598214703e-11
-1.363829767787352765e+00  4.599631695392933714e-10  4.599631695392933714e-10
-1.263829767787353120e+00  2.862651400494892923e-09  2.862651400494892923e-09
-1.163829767787353031e+00  1.647934311223461672e-08  1.647934311223461672e-08
-1.063829767787352942e+00  8.760240669207786113e-08  8.760240669207786113e-08
-9.638297677873528535e-01  4.296535085921388752e-07  4.296535085921388752e-07
-8.638297677873527647e-01  1.943315813813229734e-06  1.943315813813229734e-06
-7.638297677873528979e-01  8.103616390355667613e-06  8.103616390355667613e-06
-6.638297677873530311e-01  3.115023489477977269e-05  3.115023489477977269e-05
-5.638297677873529423e-01  1.103707315734499874e-04  1.103707315734499874e-04
-4.638297677873528535e-01  3.604415532257358116e-04  3.604415532257358116e-04
-3.638297677873527647e-01  1.084903233488950089e-03  1.084903233488950089e-03
-2.638297677873528979e-01  3.009639413068512272e-03  3.009639413068512272e-03
-1.638297677873528091e-01  7.694857791562161563e-03  7.694857791562161563e-03
-6.382976778735294232e-02  1.813205244939210606e-02  1.813205244939210606e-02
3.617023221264714650e-02  3.937792372473913893e-02  3.937792372473913893e-02
1.361702322126472353e-01  7.881681778114611736e-02  7.881681778114611736e-02
2.361702322126471021e-01  1.453943899749595148e-01  1.453943899749595148e-01
3.361702322126471909e-01  2.471972948900995060e-01  2.471972948900995060e-01
4.361702322126470577e-01  3.873602014604411448e-01  3.873602014604411448e-01
5.361702322126471465e-01  5.594671843745917528e-01  5.594671843745917528e-01
6.361702322126472353e-01  7.448080838146909910e-01  7.448080838146909910e-01
7.361702322126473241e-01  9.140313834808554416e-01  9.140313834808554416e-01
8.361702322126474130e-01  1.034161345411810595e+00  1.034161345411810595e+00
9.361702322126470577e-01  1.079041607302545946e+00  1.079041607302545946e+00
1.036170232212647146e+00  1.038757721398009704e+00  1.038757721398009704e+00
1.136170232212647235e+00  9.234110117408339535e-01  9.234110117408339535e-01
1.236170232212647324e+00  7.592798202089366955e-01  7.592798202089366955e-01
1.336170232212647413e+00  5.793444846298181350e-01  5.793444846298181350e-01
1.436170232212647058e+00  4.128147875330207550e-01  4.128147875330207550e-01
1.536170232212647146e+00  2.781153720936376250e-01  2.781153720936376250e-01
1.636170232212647235e+00  1.812694220051079552e-01  1.812694220051079552e-01
1.736170232212647324e+00  1.187079125018755260e-01  1.187079125018755260e-01
1.836170232212647413e+00  8.195010625188733910e-02  8.195010625188733910e-02
1.936170232212647058e+00  6.177629486739594916e-02  6.177629486739594916e-02
2.036170232212647146e+00  5.070634035751387519e-02  5.070634035751387519e-02
2.136170232212647235e+00  4.378807123147582941e-02  4.378807123147582941e-02
2.236170232212647324e+00  3.831552180800282953e-02  3.831552180800282953e-02
2.336170232212647413e+00  3.314025261692811475e-02  3.314025261692811475e-02
2.436170232212647058e+00  2.799923923647240284e-02  2.799923923647240284e-02
2.536170232212647591e+00  2.302649998337916865e-02  2.302649998337916865e-02
2.636170232212647235e+00  1.845923473862293163e-02  1.845923473862293163e-02
2.736170232212646880e+00  1.449060822503964001e-02  1.449060822503964001e-02
2.836170232212647413e+00  1.121637779279039716e-02  1.121637779279039716e-02
2.936170232212647058e+00  8.634874816520646951e-03  8.634874816520646951e-03
3.036170232212647591e+00  6.672629554708526742e-03  6.672629554708526742e-03
3.136170232212647235e+00  5.217486683071273501e-03  5.217486683071273501e-03
3.236170232212647768e+00  4.148206247497422498e-03  4.148206247497422498e-03
3.336170232212647413e+00  3.355193879769190462e-03  3.355193879769190462e-03
3.436170232212647058e+00  2.751282421441481399e-03  2.751282421441481399e-03
3.536170232212647591e+00  2.274222719940112523e-03  2.274222719940112523e-03
3.636170232212647235e+00  1.883753264625052503e-03  1.883753264625052503e-03
3.736170232212647768e+00  1.556135034346843669e-03  1.556135034346843669e-03
3.836170232212647413e+00  1.278357702823158760e-03  1.278357702823158760e-03
3.936170232212647058e+00  1.043319979745700385e-03  1.043319979745700385e-03
4.036170232212647591e+00  8.464857502667843658e-04  8.464857502667843658e-04
4.136170232212647235e+00  6.839689554628984374e-04  6.839689554628984374e-04
4.236170232212647768e+00  5.517180595330113116e-04  5.517180595330113116e-04
4.336170232212647413e+00  4.453954016033554028e-04  4.453954016033554028e-04
4.436170232212647058e+00  3.605961318320009107e-04  3.605961318320009107e-04
4.536170232212647591e+00  2.931544854785641478e-04  2.931544854785641478e-04
4.636170232212647235e+00  2.393932370339523245e-04  2.393932370339523245e-04
4.736170232212647768e+00  1.962593412060444900e-04  1.962593412060444900e-04
4.836170232212647413e+00  1.613461871752406218e-04  1.613461871752406218e-04
4.936170232212647058e+00  1.328323309245049125e-04  1.328323309245049125e-04
5.036170232212647591e+00  1.093748893715983128e-04  1.093748893715983128e-04
5.136170232212647235e+00  8.999111073481672854e-05  8.999111073481672854e-05
5.236170232212647768e+00  7.395111319012533351e-05  7.395111319012533351e-05
5.336170232212647413e+00  6.069351841751018345e-05  6.069351841751018345e-05
5.436170232212647058e+00  4.976662197886250189e-05  4.976662197886250189e-05
5.536170232212647591e+00  4.079193648007242647e-05  4.079193648007242647e-05
5.636170232212647235e+00  3.344427420673835009e-05  3.344427420673835009e-05
5.736170232212647768e+00  2.744221531159756372e-05  2.744221531159756372e-05
5.836170232212647413e+00  2.254387176070534159e-05  2.254387176070534159e-05
5.936170232212647058e+00  1.854446390038127154e-05  1.854446390038127154e-05
6.036170232212647591e+00  1.527379031371330773e-05  1.527379031371330773e-05
6.136170232212647235e+00  1.259287952358608296e-05  1.259287952358608296e-05
6.236170232212647768e+00  1.038987008184669459e-05  1.038987008184669459e-05
6.336170232212647413e+00  8.575520412389905600e-06  8.575520412389905600e-06
6.436170232212647058e+00  7.078814757539343095e-06  7.078814757539343095e-06
6.536170232212646702e+00  5.843031360866847636e-06  5.843031360866847636e-06
6.636170232212648123e+00  4.822477005166054360e-06  4.822477005166054360e-06
6.736170232212647768e+00  3.979937294909097354e-06  3.979937294909097354e-06
6.836170232212647413e+00  3.284779834751580159e-06  3.284779834751580159e-06
6.936170232212647058e+00  2.711586744712145694e-06  2.711586744712145694e-06
7.036170232212646702e+00  2.239176610962041124e-06  2.239176610962041124e-06
7.136170232212648123e+00  1.849889676068547934e-06  1.849889676068547934e-06
7.236170232212647768e+00  1.529038855185539935e-06  1.529038855185539935e-06
7.336170232212647413e+00  1.264461114771321648e-06  1.264461114771321648e-06
7.436170232212647058e+00  1.046131357295220586e-06  1.046131357295220586e-06
7.536170232212646702e+00  8.658208542410475584e-07  8.658208542410475584e-07
7.636170232212648123e+00  7.167941683971914110e-07  7.167941683971914110e-07
7.736170232212647768e+00  5.935439017718222672e-07  5.935439017718222672e-07
7.836170232212647413e+00  4.915636708540778404e-07  4.915636708540778404e-07
7.936170232212647058e+00  4.071585272884241993e-07  4.071585272884241993e-07
8.036170232212647591e+00  3.372901905568346676e-07  3.372901905568346676e-07
8.136170232212649012e+00  2.794529052221082189e-07  2.794529052221082189e-07
8.236170232212646880e+00  2.315748987810269069e-07  2.315748987810269069e-07
8.336170232212648301e+00  1.919403309440469290e-07  1.919403309440469290e-07
8.436170232212646170e+00  1.591271108962519884e-07  1.591271108962519884e-07
8.536170232212647591e+00  1.319567631773938807e-07  1.319567631773938807e-07
8.636170232212649012e+00  1.094534137465789393e-07  1.094534137465789393e-07
8.736170232212646880e+00  9.080978131306798656e-08  9.080978131306798656e-08
8.836170232212648301e+00  7.535870791361466286e-08  7.535870791361466286e-08
8.936170232212646170e+00  6.254922449273795663e-08  6.254922449273795663e-08
9.036170232212647591e+00  5.192644232336417791e-08  5.192644232336417791e-08
9.136170232212649012e+00  4.311473081432713828e-08  4.311473081432713828e-08
9.236170232212646880e+00  3.580373160456903600e-08  3.580373160456903600e-08
9.336170232212648301e+00  2.973680593008003208e-08  2.973680593008003208e-08
9.436170232212646170e+00  2.470154367866822654e-08  2.470154367866822654e-08
9.536170232212647591e+00  2.052199332501766693e-08  2.052199332501766693e-08
9.636170232212649012e+00  1.705230785567013694e-08  1.705230785567013694e-08
9.736170232212646880e+00  1.417154270848753409e-08  1.417154270848753409e-08
9.836170232212648301e+00  1.177938465057340672e-08  1.177938465057340672e-08
9.936170232212646170e+00  9.792631791638230206e-09  9.792631791638230206e-09
1.003617023221264759e+01  8.142281707802367743e-09  8.142281707802367743e-09
1.013617023221264901e+01  6.771115339381312334e-09  6.771115339381312334e-09
1.023617023221264688e+01  5.631688576793451624e-09  5.631688576793451624e-09
1.033617023221264830e+01  4.684661832203479612e-09  4.684661832203479612e-09
1.043617023221264617e+01  3.897411486944850496e-09  3.897411486944850496e-09
