-1.514355413614438817e+00  0.000000000000000000e+00  0.000000000000000000e+00
-1.414355413614438284e+00  0.000000000000000000e+00  0.000000000000000000e+00
-1.314355413614438639e+00  0.000000000000000000e+00  0.000000000000000000e+00
-1.214355413614438550e+00  0.000000000000000000e+00  0.000000000000000000e+00
-1.114355413614438461e+00  0.000000000000000000e+00  0.000000000000000000e+00
-1.014355413614438817e+00  0.000000000000000000e+00  0.000000000000000000e+00
-9.143554136144385058e-01  0.000000000000000000e+00  0.000000000000000000e+00
-8.143554136144386391e-01  0.000000000000000000e+00  0.000000000000000000e+00
-7.143554136144385502e-01  0.000000000000000000e+00  0.000000000000000000e+00
-6.143554136144384614e-01  0.000000000000000000e+00  0.000000000000000000e+00
-5.143554136144385946e-01  0.000000000000000000e+00  0.000000000000000000e+00
-4.143554136144385058e-01  0.000000000000000000e+00  0.000000000000000000e+00
-3.143554136144384170e-01  0.000000000000000000e+00  0.000000000000000000e+00
-2.143554136144385502e-01  0.000000000000000000e+00  0.000000000000000000e+00
-1.143554136144384614e-01  0.000000000000000000e+00  0.000000000000000000e+00
-1.435541361443859465e-02  0.000000000000000000e+00  0.000000000000000000e+00
8.564458638556149417e-02  0.000000000000000000e+00  0.000000000000000000e+00
1.856445863855615830e-01  0.000000000000000000e+00  0.000000000000000000e+00
2.856445863855614498e-01  0.000000000000000000e+00  0.000000000000000000e+00
3.856445863855615386e-01  0.000000000000000000e+00  0.000000000000000000e+00
4.856445863855614054e-01  0.000000000000000000e+00  0.000000000000000000e+00
5.856445863855614942e-01  0.000000000000000000e+00  0.000000000000000000e+00
6.856445863855615830e-01  1.444465986332319044e-194  1.444465986332319044e-194
7.856445863855616718e-01  5.411626259987026176e-86  5.411626259987026176e-86
8.856445863855617606e-01  7.542235365528293545e-21  7.542235365528293545e-21
9.856445863855614054e-01  3.910426939754559328e+01  3.910426939754559328e+01
1.085644586385561494e+00  7.542235365524969811e-21  7.542235365524969811e-21
1.185644586385561583e+00  5.411626259982258489e-86  5.411626259982258489e-86
1.285644586385561672e+00  1.444465986330430728e-194  1.444465986330430728e-194
1.385644586385561761e+00  0.000000000000000000e+00  0.000000000000000000e+00
1.485644586385561405e+00  1.995271939254619987e-272  1.995271939254619987e-272
1.585644586385561494e+00  1.038150991501858871e-174  1.038150991501858871e-174
1.685644586385561583e+00  1.041825195365758630e-98  1.041825195365758630e-98
1.785644586385561672e+00  2.016531888139177475e-44  2.016531888139177475e-44
1.885644586385561761e+00  7.528201532684868412e-12  7.528201532684868412e-12
1.985644586385561405e+00  5.420673935524317200e-01  5.420673935524317200e-01
2.085644586385561716e+00  7.528201532683209204e-12  7.528201532683209204e-12
2.185644586385561361e+00  2.016531888138289077e-44  2.016531888138289077e-44
2.285644586385561894e+00  1.041825195365077730e-98  1.041825195365077730e-98
2.385644586385561539e+00  1.038150991500914647e-174  1.038150991500914647e-174
2.485644586385561183e+00  1.440153862653618639e-183  1.440153862653618639e-183
2.585644586385561716e+00  2.007156236015411070e-118  2.007156236015411070e-118
2.685644586385561361e+00  9.338362627239515853e-68  9.338362627239515853e-68
2.785644586385561006e+00  1.450365830996542109e-31  1.450365830996542109e-31
2.885644586385561539e+00  7.519719742443239283e-10  7.519719742443239283e-10
2.985644586385561183e+00  1.301496546131836012e-02  1.301496546131836012e-02
3.085644586385561716e+00  7.519719742441021405e-10  7.519719742441021405e-10
3.185644586385561361e+00  1.450365830996542109e-31  1.450365830996542109e-31
3.285644586385561894e+00  9.338362627231289644e-68  9.338362627231289644e-68
3.385644586385561539e+00  2.007156236013129188e-118  2.007156236013129188e-118
3.485644586385561183e+00  7.536498830702398188e-140  7.536498830702398188e-140
3.585644586385561716e+00  5.436242859380218468e-91  5.436242859380218468e-91
3.685644586385561361e+00  5.445854285417287344e-53  5.445854285417287344e-53
3.785644586385561894e+00  7.576543755946004874e-26  7.576543755946004874e-26
3.885644586385561539e+00  1.463909425646249936e-09  1.463909425646249936e-09
3.985644586385561183e+00  3.928214829902116397e-04  3.928214829902116397e-04
4.085644586385561716e+00  1.463909425645927542e-09  1.463909425645927542e-09
4.185644586385561361e+00  7.576543755942667802e-26  7.576543755942667802e-26
4.285644586385561894e+00  5.445854285413727433e-53  5.445854285413727433e-53
4.385644586385561539e+00  5.436242859375428842e-91  5.436242859375428842e-91
4.485644586385561183e+00  3.590822134581540721e-114  3.590822134581540721e-114
4.585644586385561716e+00  4.382251162354601910e-75  4.382251162354601910e-75
4.685644586385561361e+00  1.102328403946362890e-44  1.102328403946362890e-44
4.785644586385561894e+00  5.715248170260328247e-23  5.715248170260328247e-23
4.885644586385561539e+00  6.107585429857817072e-10  6.107585429857817072e-10
4.985644586385561183e+00  1.345285215596135080e-05  1.345285215596135080e-05
5.085644586385561716e+00  6.107585429856732432e-10  6.107585429856732432e-10
5.185644586385561361e+00  5.715248170258296993e-23  5.715248170258296993e-23
5.285644586385561894e+00  1.102328403945783278e-44  1.102328403945783278e-44
5.385644586385561539e+00  4.382251162351487581e-75  4.382251162351487581e-75
5.485644586385561183e+00  1.660641066152992985e-97  1.660641066152992985e-97
5.585644586385561716e+00  6.199574969773537563e-65  6.199574969773537563e-65
5.685644586385561361e+00  1.337231794130436516e-39  1.337231794130436516e-39
5.785644586385561894e+00  1.666518374822048136e-21  1.666518374822048136e-21
5.885644586385561539e+00  1.199974878229439511e-10  1.199974878229439511e-10
5.985644586385561183e+00  4.992209893302196397e-07  4.992209893302196397e-07
6.085644586385561716e+00  1.199974878229262701e-10  1.199974878229262701e-10
6.185644586385561361e+00  1.666518374821562892e-21  1.666518374821562892e-21
6.285644586385561894e+00  1.337231794129847444e-39  1.337231794129847444e-39
6.385644586385561539e+00  6.199574969770013939e-65  6.199574969770013939e-65
6.485644586385561183e+00  5.486702870198825330e-86  5.486702870198825330e-86
6.585644586385560828e+00  4.552421034266656571e-58  4.552421034266656571e-58
6.685644586385562249e+00  2.360296250483417988e-36  2.360296250483417988e-36
6.785644586385561894e+00  7.646870356444503021e-21  7.646870356444503021e-21
6.885644586385561539e+00  1.548082330809589267e-11  1.548082330809589267e-11
6.985644586385561183e+00  1.958382393220735942e-08  1.958382393220735942e-08
7.085644586385560828e+00  1.548082330809589267e-11  1.548082330809589267e-11
7.185644586385562249e+00  7.646870356440645142e-21  7.646870356440645142e-21
7.285644586385561894e+00  2.360296250481606856e-36  2.360296250481606856e-36
7.385644586385561539e+00  4.552421034266656571e-58  4.552421034266656571e-58
7.485644586385561183e+00  1.108369369174266032e-77  1.108369369174266032e-77
7.585644586385560828e+00  2.976796319469057669e-53  2.976796319469057669e-53
7.685644586385562249e+00  2.979426685993587697e-34  2.979426685993587697e-34
7.785644586385561894e+00  1.111310103576245443e-20  1.111310103576245443e-20
7.885644586385561539e+00  1.544745001088524246e-12  1.544745001088524246e-12
7.985644586385561183e+00  8.001977214061320415e-10  8.001977214061320415e-10
8.085644586385562604e+00  1.544745001088181135e-12  1.544745001088181135e-12
8.185644586385562249e+00  1.111310103575755685e-20  1.111310103575755685e-20
8.285644586385561894e+00  2.979426685991597877e-34  2.979426685991597877e-34
8.385644586385561539e+00  2.976796319469057669e-53  2.976796319469057669e-53
8.485644586385561183e+00  1.619403477094900482e-71  1.619403477094900482e-71
8.585644586385562604e+00  8.396124414143422087e-50  8.396124414143422087e-50
8.685644586385562249e+00  6.505919977024876979e-33  6.505919977024876979e-33
8.785644586385561894e+00  7.534324576845671271e-21  7.534324576845671271e-21
8.885644586385561539e+00  1.304024318732761181e-13  1.304024318732761181e-13
8.985644586385561183e+00  3.373127927341349224e-11  3.373127927341349224e-11
9.085644586385562604e+00  1.304024318732504201e-13  1.304024318732504201e-13
9.185644586385562249e+00  7.534324576842726705e-21  7.534324576842726705e-21
9.285644586385561894e+00  6.505919977020993302e-33  6.505919977020993302e-33
9.385644586385561539e+00  8.396124414136859700e-50  8.396124414136859700e-50
9.485644586385561183e+00  7.529345055551401672e-67  7.529345055551401672e-67
9.585644586385562604e+00  2.630265237919910612e-47  2.630265237919910612e-47
9.685644586385562249e+00  4.171636050492356894e-32  4.171636050492356894e-32
9.785644586385561894e+00  3.003782338878598147e-21  3.003782338878598147e-21
9.885644586385561539e+00  9.819416648918025531e-15  9.819416648918025531e-15
9.985644586385561183e+00  1.457330645410310200e-12  1.457330645410310200e-12
1.008564458638556260e+01  9.819416648916282148e-15  9.819416648916282148e-15
1.018564458638556225e+01  3.003782338877531362e-21  3.003782338877531362e-21
1.028564458638556189e+01  4.171636050490133428e-32  4.171636050490133428e-32
1.038564458638556154e+01  2.630265237918041763e-47  2.630265237918041763e-47
1.048564458638556118e+01  2.858964380883482789e-63  2.858964380883482789e-63
