-1.563829780012818027e+00  4.799679714222360964e-24  4.799679714222360964e-24
-1.463829780012818382e+00  3.120809208847282678e-22  3.120809208847282678e-22
-1.363829780012818293e+00  1.804156940000316334e-20  1.804156940000316334e-20
-1.263829780012818205e+00  8.907694770454252932e-19  8.907694770454252932e-19
-1.163829780012818560e+00  3.714221956977159929e-17  3.714221956977159929e-17
-1.063829780012818027e+00  1.303760295755064580e-15  1.303760295755064580e-15
-9.638297800128181603e-01  3.848917102269511136e-14  3.848917102269511136e-14
-8.638297800128182935e-01  9.553362448873891943e-13  9.553362448873891943e-13
-7.638297800128182047e-01  1.993446824359377552e-11  1.993446824359377552e-11
-6.638297800128181159e-01  3.496767282094130758e-10  3.496767282094130758e-10
-5.638297800128182491e-01  5.156271526158778388e-09  5.156271526158778388e-09
-4.638297800128181603e-01  6.391591310143197387e-08  6.391591310143197387e-08
-3.638297800128180715e-01  6.660167369155060280e-07  6.660167369155060280e-07
-2.638297800128182047e-01  5.833962560305551140e-06  5.833962560305551140e-06
-1.638297800128181159e-01  4.295801511452041171e-05  4.295801511452041171e-05
-6.382978001281824909e-02  2.659051354804918793e-04  2.659051354804918793e-04
3.617021998718183973e-02  1.383601924845393122e-03  1.383601924845393122e-03
1.361702199871819285e-01  6.051980775617913852e-03  6.051980775617913852e-03
2.361702199871817953e-01  2.225286822806673073e-02  2.225286822806673073e-02
3.361702199871818841e-01  6.878231707367918335e-02  6.878231707367918335e-02
4.361702199871817509e-01  1.787189211936242583e-01  1.787189211936242583e-01
5.361702199871818397e-01  3.903628106401044184e-01  3.903628106401044184e-01
6.361702199871819285e-01  7.167592603341647051e-01  7.167592603341647051e-01
7.361702199871820174e-01  1.106348275789816871e+00  1.106348275789816871e+00
8.361702199871821062e-01  1.435625344865319120e+00  1.435625344865319120e+00
9.361702199871817509e-01  1.566272279151184943e+00  1.566272279151184943e+00
1.036170219987181840e+00  1.437157331139909955e+00  1.437157331139909955e+00
1.136170219987181929e+00  1.110116965317843318e+00  1.110116965317843318e+00
1.236170219987182017e+00  7.241769158271520457e-01  7.241769158271520457e-01
1.336170219987182106e+00  4.034637618870481335e-01  4.034637618870481335e-01
1.436170219987181751e+00  1.998556927653441229e-01  1.998556927653441229e-01
1.536170219987181840e+00  1.000301987124289638e-01  1.000301987124289638e-01
1.636170219987181929e+00  6.460791435905545443e-02  6.460791435905545443e-02
1.736170219987182017e+00  5.869915201382430725e-02  5.869915201382430725e-02
1.836170219987182106e+00  6.140636729135317412e-02  6.140636729135317412e-02
1.936170219987181751e+00  6.305460486708226731e-02  6.305460486708226731e-02
2.036170219987181618e+00  6.035070520978173814e-02  6.035070520978173814e-02
2.136170219987182151e+00  5.326564034645946827e-02  5.326564034645946827e-02
2.236170219987181795e+00  4.337267651428661913e-02  4.337267651428661913e-02
2.336170219987182328e+00  3.276288617329766589e-02  3.276288617329766589e-02
2.436170219987181973e+00  2.323668179596466085e-02  2.323668179596466085e-02
2.536170219987182506e+00  1.584088062702566219e-02  1.584088062702566219e-02
2.636170219987182151e+00  1.080333701708694610e-02  1.080333701708694610e-02
2.736170219987181795e+00  7.761240525527802678e-03  7.761240525527802678e-03
2.836170219987182328e+00  6.092060702140769841e-03  6.092060702140769841e-03
2.936170219987181973e+00  5.186935924270589041e-03  5.186935924270589041e-03
3.036170219987182506e+00  4.597915951648331480e-03  4.597915951648331480e-03
3.136170219987182151e+00  4.070396247335811984e-03  4.070396247335811984e-03
3.236170219987182683e+00  3.507346815424184500e-03  3.507346815424184500e-03
3.336170219987182328e+00  2.910049620202713894e-03  2.910049620202713894e-03
3.436170219987181973e+00  2.323138157087041925e-03  2.323138157087041925e-03
3.536170219987182506e+00  1.795741148976444683e-03  1.795741148976444683e-03
3.636170219987182151e+00  1.360560874633759756e-03  1.360560874633759756e-03
3.736170219987182683e+00  1.027751461108976014e-03  1.027751461108976014e-03
3.836170219987182328e+00  7.884782020607525787e-04  7.884782020607525787e-04
3.936170219987181973e+00  6.228755947805398718e-04  6.228755947805398718e-04
4.036170219987182506e+00  5.081946775520034421e-04  5.081946775520034421e-04
4.136170219987182151e+00  4.246576677906929113e-04  4.246576677906929113e-04
4.236170219987182683e+00  3.582634015759818811e-04  3.582634015759818811e-04
4.336170219987182328e+00  3.010125645428800788e-04  3.010125645428800788e-04
4.436170219987181973e+00  2.495758460996901290e-04  2.495758460996901290e-04
4.536170219987182506e+00  2.034296752780573824e-04  2.034296752780573824e-04
4.636170219987182151e+00  1.631828050978517187e-04  1.631828050978517187e-04
4.736170219987182683e+00  1.294444026286767531e-04  1.294444026286767531e-04
4.836170219987182328e+00  1.022826853890896069e-04  1.022826853890896069e-04
4.936170219987181973e+00  8.114408752518148689e-05  8.114408752518148689e-05
5.036170219987182506e+00  6.503853866654293989e-05  6.503853866654293989e-05
5.136170219987182151e+00  5.281203779814559680e-05  5.281203779814559680e-05
5.236170219987182683e+00  4.338398908788115220e-05  4.338398908788115220e-05
5.336170219987182328e+00  3.589139085092080741e-05  3.589139085092080741e-05
5.436170219987181973e+00  2.973421129000505079e-05  2.973421129000505079e-05
5.536170219987182506e+00  2.454732941629457984e-05  2.454732941629457984e-05
5.636170219987182151e+00  2.013482545292338821e-05  2.013482545292338821e-05
5.736170219987182683e+00  1.639816646145167626e-05  1.639816646145167626e-05
5.836170219987182328e+00  1.327847866002074732e-05  1.327847866002074732e-05
5.936170219987181973e+00  1.072091517751033356e-05  1.072091517751033356e-05
6.036170219987182506e+00  8.659904248140464360e-06  8.659904248140464360e-06
6.136170219987182151e+00  7.019098550307917110e-06  7.019098550307917110e-06
6.236170219987182683e+00  5.718682235607279445e-06  5.718682235607279445e-06
6.336170219987182328e+00  4.684013952043155656e-06  4.684013952043155656e-06
6.436170219987181973e+00  3.851962325108570301e-06  3.851962325108570301e-06
6.536170219987181618e+00  3.173622484789142292e-06  3.173622484789142292e-06
6.636170219987183039e+00  2.613771834922957984e-06  2.613771834922957984e-06
6.736170219987182683e+00  2.148258703906236369e-06  2.148258703906236369e-06
6.836170219987182328e+00  1.760648726059387667e-06  1.760648726059387667e-06
6.936170219987181973e+00  1.439148468053896674e-06  1.439148468053896674e-06
7.036170219987181618e+00  1.174357412072857563e-06  1.174357412072857563e-06
7.136170219987183039e+00  9.579694403633780622e-07  9.579694403633780622e-07
7.236170219987182683e+00  7.822579543051457975e-07  7.822579543051457975e-07
7.336170219987182328e+00  6.400546836585374756e-07  6.400546836585374756e-07
7.436170219987181973e+00  5.249371207260380190e-07  5.249371207260380190e-07
7.536170219987181618e+00  4.314179112744088438e-07  4.314179112744088438e-07
7.636170219987183039e+00  3.550291020832247408e-07  3.550291020832247408e-07
7.736170219987182683e+00  2.922788267618540405e-07  2.922788267618540405e-07
7.836170219987182328e+00  2.405110969168822285e-07  2.405110969168822285e-07
7.936170219987181973e+00  1.977199021775185858e-07  1.977199021775185858e-07
8.036170219987184282e+00  1.623652030759063615e-07  1.623652030759063615e-07
8.136170219987182151e+00  1.332220947349877965e-07  1.332220947349877965e-07
8.236170219987183572e+00  1.092755091754522979e-07  1.092755091754522979e-07
8.336170219987181440e+00  8.965781189962948179e-08  8.965781189962948179e-08
8.436170219987182861e+00  7.361817745426221917e-08  7.361817745426221917e-08
8.536170219987184282e+00  6.051038791823669887e-08  6.051038791823669887e-08
8.636170219987182151e+00  4.978776118692874524e-08  4.978776118692874524e-08
8.736170219987183572e+00  4.099796010492825252e-08  4.099796010492825252e-08
8.836170219987181440e+00  3.377455421845480629e-08  3.377455421845480629e-08
8.936170219987182861e+00  2.782527020364426937e-08  2.782527020364426937e-08
9.036170219987182506e+00  2.291850419377294702e-08  2.291850419377294702e-08
9.136170219987182151e+00  1.887005398958605771e-08  1.887005398958605771e-08
9.236170219987181795e+00  1.553160478460143680e-08  1.553160478460143680e-08
9.336170219987181440e+00  1.278174557201580974e-08  1.278174557201580974e-08
9.436170219987181085e+00  1.051956994952203217e-08  1.051956994952203217e-08
9.536170219987182506e+00  8.660424311844353580e-09  8.660424311844353580e-09
9.636170219987182151e+00  7.133157351654509898e-09  7.133157351654509898e-09
9.736170219987181795e+00  5.878245696638793268e-09  5.878245696638793268e-09
9.836170219987181440e+00  4.846326000979695057e-09  4.846326000979695057e-09
9.936170219987181085e+00  3.996859857510490744e-09  3.996859857510490744e-09
1.003617021998718251e+01  3.296827587648770847e-09  3.296827587648770847e-09
1.013617021998718215e+01  2.719457892199297830e-09  2.719457892199297830e-09
1.023617021998718180e+01  2.243049302308388749e-09  2.243049302308388749e-09
1.033617021998718144e+01  1.849941145686074309e-09  1.849941145686074309e-09
1.043617021998718108e+01  1.525667592469499311e-09  1.525667592469499311e-09
