-1.530927834909388885e+00  1.318347482217159141e-10  1.318347482217159141e-10
-1.430927834909388352e+00  7.790646863868803597e-10  7.790646863868803597e-10
-1.330927834909388707e+00  4.304053230417388674e-09  4.304053230417388674e-09
-1.230927834909388618e+00  2.217212260687332262e-08  2.217212260687332262e-08
-1.130927834909388530e+00  1.063562667388593241e-07  1.063562667388593241e-07
-1.030927834909388885e+00  4.747037723206909689e-07  4.747037723206909689e-07
-9.309278349093885740e-01  1.970646858539096414e-06  1.970646858539096414e-06
-8.309278349093887073e-01  7.607144847676145033e-06  7.607144847676145033e-06
-7.309278349093886185e-01  2.730258940768935980e-05  2.730258940768935980e-05
-6.309278349093885296e-01  9.110062880936694023e-05  9.110062880936694023e-05
-5.309278349093886629e-01  2.825881163506091184e-04  2.825881163506091184e-04
-4.309278349093885740e-01  8.148710631079113644e-04  8.148710631079113644e-04
-3.309278349093884852e-01  2.184331911134475019e-03  2.184331911134475019e-03
-2.309278349093886185e-01  5.442999650962215136e-03  5.442999650962215136e-03
-1.309278349093885296e-01  1.260796676279281152e-02  1.260796676279281152e-02
-3.092783490938866287e-02  2.714796939096999345e-02  2.714796939096999345e-02
6.907216509061142595e-02  5.433938448090238488e-02  5.433938448090238488e-02
1.690721650906115148e-01  1.011061621294858520e-01  1.011061621294858520e-01
2.690721650906113815e-01  1.748749522295264258e-01  1.748749522295264258e-01
3.690721650906114704e-01  2.811690630622746268e-01  2.811690630622746268e-01
4.690721650906113371e-01  4.202446486385254532e-01  4.202446486385254532e-01
5.690721650906114260e-01  5.839011511099080343e-01  5.839011511099080343e-01
6.690721650906115148e-01  7.542085548336336931e-01  7.542085548336336931e-01
7.690721650906116036e-01  9.056887255107156642e-01  9.056887255107156642e-01
8.690721650906116924e-01  1.011196925573085936e+00  1.011196925573085936e+00
9.690721650906113371e-01  1.049830721673868039e+00  1.049830721673868039e+00
1.069072165090611426e+00  1.013746431972049722e+00  1.013746431972049722e+00
1.169072165090611515e+00  9.108422869361010310e-01  9.108422869361010310e-01
1.269072165090611604e+00  7.620495428156957018e-01  7.620495428156957018e-01
1.369072165090611692e+00  5.944957462607624032e-01  5.944957462607624032e-01
1.469072165090611337e+00  4.335855359531756159e-01  4.335855359531756159e-01
1.569072165090611426e+00  2.971216460407363757e-01  2.971216460407363757e-01
1.669072165090611515e+00  1.931392144872190186e-01  1.931392144872190186e-01
1.769072165090611604e+00  1.212047456538409840e-01  1.212047456538409840e-01
1.869072165090611692e+00  7.563726077297286410e-02  7.563726077297286410e-02
1.969072165090611337e+00  4.890226059386504343e-02  4.890226059386504343e-02
2.069072165090611648e+00  3.403965410268608438e-02  3.403965410268608438e-02
2.169072165090611293e+00  2.581724339992158904e-02  2.581724339992158904e-02
2.269072165090611826e+00  2.088431883644051301e-02  2.088431883644051301e-02
2.369072165090611470e+00  1.739598687835018295e-02  1.739598687835018295e-02
2.469072165090611115e+00  1.449866381508354077e-02  1.449866381508354077e-02
2.569072165090611648e+00  1.189099382725970246e-02  1.189099382725970246e-02
2.669072165090611293e+00  9.526286989870767080e-03  9.526286989870767080e-03
2.769072165090610937e+00  7.442373456220038701e-03  7.442373456220038701e-03
2.869072165090611470e+00  5.679662322827276448e-03  5.679662322827276448e-03
2.969072165090611115e+00  4.251167412615593742e-03  4.251167412615593742e-03
3.069072165090611648e+00  3.139288711347960198e-03  3.139288711347960198e-03
3.169072165090611293e+00  2.304075173214627150e-03  2.304075173214627150e-03
3.269072165090611826e+00  1.694451244963407878e-03  1.694451244963407878e-03
3.369072165090611470e+00  1.258079287236086967e-03  1.258079287236086967e-03
3.469072165090611115e+00  9.481027426894501247e-04  9.481027426894501247e-04
3.569072165090611648e+00  7.265684948389020863e-04  7.265684948389020863e-04
3.669072165090611293e+00  5.651642977604108900e-04  5.651642977604108900e-04
3.769072165090611826e+00  4.442189171510465911e-04  4.442189171510465911e-04
3.869072165090611470e+00  3.508726132348761388e-04  3.508726132348761388e-04
3.969072165090611115e+00  2.771003467158284785e-04  2.771003467158284785e-04
4.069072165090611648e+00  2.179951939001793760e-04  2.179951939001793760e-04
4.169072165090611293e+00  1.704817026345812649e-04  1.704817026345812649e-04
4.269072165090611826e+00  1.324660299615445863e-04  1.324660299615445863e-04
4.369072165090611470e+00  1.023432218503835829e-04  1.023432218503835829e-04
4.469072165090611115e+00  7.875421121197138659e-05  7.875421121197138659e-05
4.569072165090611648e+00  6.049309829531231765e-05  6.049309829531231765e-05
4.669072165090611293e+00  4.648932219124864428e-05  4.648932219124864428e-05
4.769072165090611826e+00  3.581613661370644893e-05  3.581613661370644893e-05
4.869072165090611470e+00  2.769932462006678264e-05  2.769932462006678264e-05
4.969072165090611115e+00  2.151587543727849581e-05  2.151587543727849581e-05
5.069072165090611648e+00  1.678166244115043750e-05  1.678166244115043750e-05
5.169072165090611293e+00  1.313148286768508467e-05  1.313148286768508467e-05
5.269072165090611826e+00  1.029588823479620277e-05  1.029588823479620277e-05
5.369072165090611470e+00  8.078556272337005420e-06  8.078556272337005420e-06
5.469072165090611115e+00  6.336616863694972218e-06  6.336616863694972218e-06
5.569072165090611648e+00  4.965007849709960034e-06  4.965007849709960034e-06
5.669072165090611293e+00  3.884920268379595382e-06  3.884920268379595382e-06
5.769072165090611826e+00  3.035780677969440971e-06  3.035780677969440971e-06
5.869072165090611470e+00  2.369960951212321179e-06  2.369960951212321179e-06
5.969072165090611115e+00  1.849398035489310812e-06  1.849398035489310812e-06
6.069072165090611648e+00  1.443437610965606627e-06  1.443437610965606627e-06
6.169072165090611293e+00  1.127398201448639189e-06  1.127398201448639189e-06
6.269072165090611826e+00  8.815285437123116573e-07  8.815285437123116573e-07
6.369072165090611470e+00  6.901716414354402779e-07  6.901716414354402779e-07
6.469072165090611115e+00  5.410455992815116258e-07  5.410455992815116258e-07
6.569072165090610760e+00  4.246083512247212180e-07  4.246083512247212180e-07
6.669072165090612181e+00  3.335007080085682040e-07  3.335007080085682040e-07
6.769072165090611826e+00  2.620705626266519587e-07  2.620705626266519587e-07
6.869072165090611470e+00  2.059796658925721893e-07  2.059796658925721893e-07
6.969072165090611115e+00  1.618894481505788852e-07  1.618894481505788852e-07
7.069072165090610760e+00  1.272175998956955419e-07  1.272175998956955419e-07
7.169072165090612181e+00  9.995415264877714854e-08  9.995415264877714854e-08
7.269072165090611826e+00  7.852490062627097977e-08  7.852490062627097977e-08
7.369072165090611470e+00  6.169075149284703657e-08  6.169075149284703657e-08
7.469072165090611115e+00  4.847333198216584699e-08  4.847333198216584699e-08
7.569072165090610760e+00  3.809928462299217727e-08  3.809928462299217727e-08
7.669072165090612181e+00  2.995772772650405486e-08  2.995772772650405486e-08
7.769072165090611826e+00  2.356705867560918242e-08  2.356705867560918242e-08
7.869072165090611470e+00  1.854856917267556202e-08  1.854856917267556202e-08
7.969072165090611115e+00  1.460522854062929269e-08  1.460522854062929269e-08
8.069072165090613424e+00  1.150455292481757818e-08  1.150455292481757818e-08
8.169072165090611293e+00  9.064807240582007130e-09  9.064807240582007130e-09
8.269072165090612714e+00  7.143968277316594124e-09  7.143968277316594124e-09
8.369072165090610582e+00  5.630977331867733937e-09  5.630977331867733937e-09
8.469072165090612003e+00  4.438872959778075660e-09  4.438872959778075660e-09
8.569072165090613424e+00  3.499443768265194330e-09  3.499443768265194330e-09
8.669072165090611293e+00  2.759088729414750030e-09  2.759088729414750030e-09
8.769072165090612714e+00  2.175620930236507260e-09  2.175620930236507260e-09
8.869072165090610582e+00  1.715798536035463448e-09  1.715798536035463448e-09
8.969072165090612003e+00  1.353411351138094643e-09  1.353411351138094643e-09
9.069072165090613424e+00  1.067790448223552531e-09  1.067790448223552531e-09
9.169072165090613069e+00  8.426406808293501289e-10  8.426406808293501289e-10
9.269072165090612714e+00  6.651213393101740183e-10  6.651213393101740183e-10
9.369072165090612359e+00  5.251193982312369636e-10  5.251193982312369636e-10
9.469072165090612003e+00  4.146738077113483481e-10  4.146738077113483481e-10
9.569072165090613424e+00  3.275192997819609357e-10  3.275192997819609357e-10
9.669072165090613069e+00  2.587253181269232585e-10  2.587253181269232585e-10
9.769072165090612714e+00  2.044108354789868878e-10  2.044108354789868878e-10
9.869072165090612359e+00  1.615196614094812411e-10  1.615196614094812411e-10
9.969072165090612003e+00  1.276438133166682441e-10  1.276438133166682441e-10
1.006907216509061342e+01  1.008849055084215351e-10  1.008849055084215351e-10
1.016907216509061307e+01  7.974546871605422580e-11  7.974546871605422580e-11
1.026907216509061271e+01  6.304373650027880320e-11  6.304373650027880320e-11
1.036907216509061236e+01  4.984677867766172203e-11  4.984677867766172203e-11
1.046907216509061200e+01  3.941796102005612846e-11  3.941796102005612846e-11
