-1.552631573490375949e+00  3.750188657912314063e-11  3.750188657912314063e-11
-1.452631573490376304e+00  2.428154591448414357e-10  2.428154591448414357e-10
-1.352631573490376216e+00  1.470231001411729203e-09  1.470231001411729203e-09
-1.252631573490376127e+00  8.285670749421789812e-09  8.285670749421789812e-09
-1.152631573490376482e+00  4.335444353030112773e-08  4.335444353030112773e-08
-1.052631573490375949e+00  2.103484818491511878e-07  2.103484818491511878e-07
-9.526315734903760823e-01  9.456737410105945177e-07  9.456737410105945177e-07
-8.526315734903762156e-01  3.937967835875985095e-06  3.937967835875985095e-06
-7.526315734903761268e-01  1.518579213658334545e-05  1.518579213658334545e-05
-6.526315734903760379e-01  5.422288107956768676e-05  5.422288107956768676e-05
-5.526315734903761712e-01  1.792566577050593122e-04  1.792566577050593122e-04
-4.526315734903760823e-01  5.486509048201126341e-04  5.486509048201126341e-04
-3.526315734903759935e-01  1.554651724000103352e-03  1.554651724000103352e-03
-2.526315734903761268e-01  4.078299041871476412e-03  4.078299041871476412e-03
-1.526315734903760379e-01  9.904433833783688607e-03  9.904433833783688607e-03
-5.263157349037617116e-02  2.226807110467858911e-02  2.226807110467858911e-02
4.736842650962391765e-02  4.634866066240431876e-02  4.634866066240431876e-02
1.473684265096240065e-01  8.930877551265543890e-02  8.930877551265543890e-02
2.473684265096238732e-01  1.593146501493743761e-01  1.593146501493743761e-01
3.473684265096239621e-01  2.631032634482740606e-01  2.631032634482740606e-01
4.473684265096238288e-01  4.022656633809791327e-01  4.022656633809791327e-01
5.473684265096239177e-01  5.694135433024214432e-01  5.694135433024214432e-01
6.473684265096240065e-01  7.462600408455463130e-01  7.462600408455463130e-01
7.473684265096240953e-01  9.055917033554801154e-01  9.055917033554801154e-01
8.473684265096241841e-01  1.017675066289336572e+00  1.017675066289336572e+00
9.473684265096238288e-01  1.059289628036512498e+00  1.059289628036512498e+00
1.047368426509623918e+00  1.021683755068056421e+00  1.021683755068056421e+00
1.147368426509624006e+00  9.137304062918442105e-01  9.137304062918442105e-01
1.247368426509624095e+00  7.587234646897126344e-01  7.587234646897126344e-01
1.347368426509624184e+00  5.863835877897503046e-01  5.863835877897503046e-01
1.447368426509623829e+00  4.238050457314185282e-01  4.238050457314185282e-01
1.547368426509623918e+00  2.890525228460429918e-01  2.890525228460429918e-01
1.647368426509624006e+00  1.892172287653127727e-01  1.892172287653127727e-01
1.747368426509624095e+00  1.223845843933765581e-01  1.223845843933765581e-01
1.847368426509624184e+00  8.152697898659121145e-02  8.152697898659121145e-02
1.947368426509623829e+00  5.827756248276150242e-02  5.827756248276150242e-02
2.047368426509623696e+00  4.540469300095121424e-02  4.540469300095121424e-02
2.147368426509624229e+00  3.780740245416155249e-02  3.780740245416155249e-02
2.247368426509623873e+00  3.246364478252084657e-02  3.246364478252084657e-02
2.347368426509624406e+00  2.789781659497099844e-02  2.789781659497099844e-02
2.447368426509624051e+00  2.358106472312982219e-02  2.358106472312982219e-02
2.547368426509624584e+00  1.946085827317509120e-02  1.946085827317509120e-02
2.647368426509624229e+00  1.566061546072960997e-02  1.566061546072960997e-02
2.747368426509623873e+00  1.231840999304465410e-02  1.231840999304465410e-02
2.847368426509624406e+00  9.518126046755824923e-03  9.518126046755824923e-03
2.947368426509624051e+00  7.274280540559300602e-03  7.274280540559300602e-03
3.047368426509624584e+00  5.543872874150230536e-03  5.543872874150230536e-03
3.147368426509624229e+00  4.248382015147879678e-03  4.248382015147879678e-03
3.247368426509624761e+00  3.295874037647621418e-03  3.295874037647621418e-03
3.347368426509624406e+00  2.598031794228807933e-03  2.598031794228807933e-03
3.447368426509624051e+00  2.080380864315109664e-03  2.080380864315109664e-03
3.547368426509624584e+00  1.686253503096555055e-03  1.686253503096555055e-03
3.647368426509624229e+00  1.376204276715577331e-03  1.376204276715577331e-03
3.747368426509624761e+00  1.124872124975733172e-03  1.124872124975733172e-03
3.847368426509624406e+00  9.169837479359044122e-04  9.169837479359044122e-04
3.947368426509624051e+00  7.436348940511333270e-04  7.436348940511333270e-04
4.047368426509624584e+00  5.994185524211911474e-04  5.994185524211911474e-04
4.147368426509624229e+00  4.805326080736351045e-04  4.805326080736351045e-04
4.247368426509624761e+00  3.837366725613194896e-04  3.837366725613194896e-04
4.347368426509624406e+00  3.059176020920620310e-04  3.059176020920620310e-04
4.447368426509624051e+00  2.440175277008060852e-04  2.440175277008060852e-04
4.547368426509624584e+00  1.951276025675991062e-04  1.951276025675991062e-04
4.647368426509624229e+00  1.566173786074379168e-04  1.566173786074379168e-04
4.747368426509624761e+00  1.262308663284978608e-04  1.262308663284978608e-04
4.847368426509624406e+00  1.021256066800650198e-04  1.021256066800650198e-04
4.947368426509624051e+00  8.285868646007683652e-05  8.285868646007683652e-05
5.047368426509624584e+00  6.733637137862231992e-05  6.733637137862231992e-05
5.147368426509624229e+00  5.474646625464417432e-05  5.474646625464417432e-05
5.247368426509624761e+00  4.448915004345231324e-05  4.448915004345231324e-05
5.347368426509624406e+00  3.611644054590326951e-05  3.611644054590326951e-05
5.447368426509624051e+00  2.928495803305215066e-05  2.928495803305215066e-05
5.547368426509624584e+00  2.372248156145940421e-05  2.372248156145940421e-05
5.647368426509624229e+00  1.920627234135819728e-05  1.920627234135819728e-05
5.747368426509624761e+00  1.555009059636693782e-05  1.555009059636693782e-05
5.847368426509624406e+00  1.259682880874840754e-05  1.259682880874840754e-05
5.947368426509624051e+00  1.021426247778489283e-05  1.021426247778489283e-05
6.047368426509624584e+00  8.292200330641687726e-06  8.292200330641687726e-06
6.147368426509624229e+00  6.740048811467830677e-06  6.740048811467830677e-06
6.247368426509624761e+00  5.484364556609026985e-06  5.484364556609026985e-06
6.347368426509624406e+00  4.466321946870073625e-06  4.466321946870073625e-06
6.447368426509624051e+00  3.639196970801424084e-06  3.639196970801424084e-06
6.547368426509623696e+00  2.966015179386572881e-06  2.966015179386572881e-06
6.647368426509625117e+00  2.417484645448347490e-06  2.417484645448347490e-06
6.747368426509624761e+00  1.970278520680190343e-06  1.970278520680190343e-06
6.847368426509624406e+00  1.605675133436963587e-06  1.605675133436963587e-06
6.947368426509624051e+00  1.308521608794911493e-06  1.308521608794911493e-06
7.047368426509623696e+00  1.066464051899472558e-06  1.066464051899472558e-06
7.147368426509625117e+00  8.693811877041593849e-07  8.693811877041593849e-07
7.247368426509624761e+00  7.089638156958901207e-07  7.089638156958901207e-07
7.347368426509624406e+00  5.783939474442153158e-07  5.783939474442153158e-07
7.447368426509624051e+00  4.720905336246145513e-07  4.720905336246145513e-07
7.547368426509623696e+00  3.855003339136293721e-07  3.855003339136293721e-07
7.647368426509625117e+00  3.149213427325836169e-07  3.149213427325836169e-07
7.747368426509624761e+00  2.573520130769917030e-07  2.573520130769917030e-07
7.847368426509624406e+00  2.103627704093481025e-07  2.103627704093481025e-07
7.947368426509624051e+00  1.719877213156931879e-07  1.719877213156931879e-07
8.047368426509624584e+00  1.406347877801375243e-07  1.406347877801375243e-07
8.147368426509626005e+00  1.150123385453860584e-07  1.150123385453860584e-07
8.247368426509623873e+00  9.407014134980945647e-08  9.407014134980945647e-08
8.347368426509625294e+00  7.695233082846413789e-08  7.695233082846413789e-08
8.447368426509623163e+00  6.296014073786237223e-08  6.296014073786237223e-08
8.547368426509624584e+00  5.152236314539648397e-08  5.152236314539648397e-08
8.647368426509626005e+00  4.217180989148826450e-08  4.217180989148826450e-08
8.747368426509623873e+00  3.452639680757837899e-08  3.452639680757837899e-08
8.847368426509625294e+00  2.827379676846320678e-08  2.827379676846320678e-08
8.947368426509623163e+00  2.315888237313583526e-08  2.315888237313583526e-08
9.047368426509624584e+00  1.897339111482707466e-08  1.897339111482707466e-08
9.147368426509624229e+00  1.554739785623447892e-08  1.554739785623447892e-08
9.247368426509623873e+00  1.274228193555463122e-08  1.274228193555463122e-08
9.347368426509623518e+00  1.044494277968084942e-08  1.044494277968084942e-08
9.447368426509623163e+00  8.563061160656112007e-09  8.563061160656112007e-09
9.547368426509624584e+00  7.021233135843435297e-09  7.021233135843435297e-09
9.647368426509624229e+00  5.757826929188411672e-09  5.757826929188411672e-09
9.747368426509623873e+00  4.722433288496493535e-09  4.722433288496493535e-09
9.847368426509623518e+00  3.873798786829755225e-09  3.873798786829755225e-09
9.947368426509623163e+00  3.178149405585688508e-09  3.178149405585688508e-09
1.004736842650962458e+01  2.607828213093563847e-09  2.607828213093563847e-09
1.014736842650962423e+01  2.140185580970787011e-09  2.140185580970787011e-09
1.024736842650962387e+01  1.756672846868802889e-09  1.756672846868802889e-09
1.034736842650962352e+01  1.442100556281457560e-09  1.442100556281457560e-09
1.044736842650962316e+01  1.184030534264111899e-09  1.184030534264111899e-09
