-1.500000135643544397e+00  1.069480636603916223e-06  1.069480636603916223e-06
-1.400000135643544752e+00  3.097332322363121027e-06  3.097332322363121027e-06
-1.300000135643544663e+00  8.589207537084201415e-06  8.589207537084201415e-06
-1.200000135643544574e+00  2.280703355444858090e-05  2.280703355444858090e-05
-1.100000135643544930e+00  5.798757131086433841e-05  5.798757131086433841e-05
-1.000000135643544397e+00  1.411729372683703473e-04  1.411729372683703473e-04
-9.000001356435445299e-01  3.290928108895562528e-04  3.290928108895562528e-04
-8.000001356435446631e-01  7.345743382655120545e-04  7.345743382655120545e-04
-7.000001356435445743e-01  1.570013992857795422e-03  1.570013992857795422e-03
-6.000001356435444855e-01  3.213081242273133423e-03  3.213081242273133423e-03
-5.000001356435446187e-01  6.296370906664076200e-03  6.296370906664076200e-03
-4.000001356435445299e-01  1.181433587384560745e-02  1.181433587384560745e-02
-3.000001356435444411e-01  2.122651692935136405e-02  2.122651692935136405e-02
-2.000001356435445743e-01  3.651729269493446395e-02  3.651729269493446395e-02
-1.000001356435444855e-01  6.015459701197375247e-02  6.015459701197375247e-02
-1.356435446187020943e-07  9.488323515188666624e-02  9.488323515188666624e-02
9.999986435645547012e-02  1.433047413056081909e-01  1.433047413056081909e-01
1.999998643564555589e-01  2.072440391515599500e-01  2.072440391515599500e-01
2.999998643564554257e-01  2.869815320129122660e-01  2.869815320129122660e-01
3.999998643564555145e-01  3.805189278937958774e-01  3.805189278937958774e-01
4.999998643564553813e-01  4.831132985130057178e-01  4.831132985130057178e-01
5.999998643564554701e-01  5.873164071047972667e-01  5.873164071047972667e-01
6.999998643564555589e-01  6.836686844799482188e-01  6.836686844799482188e-01
7.999998643564556478e-01  7.620257633625052707e-01  7.620257633625052707e-01
8.999998643564557366e-01  8.132873832090884436e-01  8.132873832090884436e-01
9.999998643564553813e-01  8.311297508363182374e-01  8.311297508363182374e-01
1.099999864356455470e+00  8.132873832090883326e-01  8.132873832090883326e-01
1.199999864356455559e+00  7.620257633625050486e-01  7.620257633625050486e-01
1.299999864356455648e+00  6.836686844799478857e-01  6.836686844799478857e-01
1.399999864356455737e+00  5.873164071047968227e-01  5.873164071047968227e-01
1.499999864356455381e+00  4.831132985130057178e-01  4.831132985130057178e-01
1.599999864356455470e+00  3.805189278937955999e-01  3.805189278937955999e-01
1.699999864356455559e+00  2.869815320129120439e-01  2.869815320129120439e-01
1.799999864356455648e+00  2.072440391515595892e-01  2.072440391515595892e-01
1.899999864356455737e+00  1.433047413056079411e-01  1.433047413056079411e-01
1.999999864356455381e+00  9.488323515188666624e-02  9.488323515188666624e-02
2.099999864356455248e+00  6.015459701197367615e-02  6.015459701197367615e-02
2.199999864356455781e+00  3.651729269493442925e-02  3.651729269493442925e-02
2.299999864356455426e+00  2.122651692935131548e-02  2.122651692935131548e-02
2.399999864356455959e+00  1.181433587384556581e-02  1.181433587384556581e-02
2.499999864356455603e+00  6.296370906664076200e-03  6.296370906664076200e-03
2.599999864356456136e+00  3.213081242273124749e-03  3.213081242273124749e-03
2.699999864356455781e+00  1.570013992857792386e-03  1.570013992857792386e-03
2.799999864356455426e+00  7.345743382655120545e-04  7.345743382655120545e-04
2.899999864356455959e+00  3.290928108895551144e-04  3.290928108895551144e-04
2.999999864356455603e+00  1.411729372683703473e-04  1.411729372683703473e-04
3.099999864356456136e+00  5.798757131086413512e-05  5.798757131086413512e-05
3.199999864356455781e+00  2.280703355444858090e-05  2.280703355444858090e-05
3.299999864356456314e+00  8.589207537084125182e-06  8.589207537084125182e-06
3.399999864356455959e+00  3.097332322363110016e-06  3.097332322363110016e-06
3.499999864356455603e+00  1.069480636603916223e-06  1.069480636603916223e-06
3.599999864356456136e+00  3.535969092558628723e-07  3.535969092558628723e-07
3.699999864356455781e+00  1.119423468868571097e-07  1.119423468868571097e-07
3.799999864356456314e+00  3.393366501580272352e-08  3.393366501580272352e-08
3.899999864356455959e+00  9.849576144731169103e-09  9.849576144731169103e-09
3.999999864356455603e+00  2.737503787824758838e-09  2.737503787824758838e-09
4.099999864356456136e+00  7.285214254611486650e-10  7.285214254611486650e-10
4.199999864356455781e+00  1.856437539031692039e-10  1.856437539031692039e-10
4.299999864356456314e+00  4.529692991081133106e-11  4.529692991081133106e-11
4.399999864356455959e+00  1.058297102523477296e-11  1.058297102523477296e-11
4.499999864356455603e+00  2.367537460863179585e-12  2.367537460863179585e-12
4.599999864356456136e+00  5.071501110477050835e-13  5.071501110477050835e-13
4.699999864356455781e+00  1.040223362688757079e-13  1.040223362688757079e-13
4.799999864356456314e+00  2.042994018924232512e-14  2.042994018924232512e-14
4.899999864356455959e+00  3.842005657118035008e-15  3.842005657118035008e-15
4.999999864356455603e+00  6.918298843598424949e-16  6.918298843598424949e-16
5.099999864356456136e+00  1.192864321195495807e-16  1.192864321195495807e-16
5.199999864356455781e+00  1.969396642063094665e-17  1.969396642063094665e-17
5.299999864356456314e+00  3.113334256873097455e-18  3.113334256873097455e-18
5.399999864356455959e+00  4.712688348719616691e-19  4.712688348719616691e-19
5.499999864356455603e+00  6.830651122461328473e-20  6.830651122461328473e-20
5.599999864356456136e+00  9.479946813506546160e-21  9.479946813506546160e-21
5.699999864356455781e+00  1.259795667541683572e-21  1.259795667541683572e-21
5.799999864356456314e+00  1.603041380563814976e-22  1.603041380563814976e-22
5.899999864356455959e+00  1.953168759423238417e-23  1.953168759423238417e-23
5.999999864356455603e+00  2.278689852047437551e-24  2.278689852047437551e-24
6.099999864356456136e+00  2.545546767288288170e-25  2.545546767288288170e-25
6.199999864356455781e+00  2.722872812929866393e-26  2.722872812929866393e-26
6.299999864356456314e+00  2.788842858725511162e-27  2.788842858725511162e-27
6.399999864356455959e+00  2.735087001282070320e-28  2.735087001282070320e-28
6.499999864356455603e+00  2.568435477236280860e-29  2.568435477236280860e-29
6.599999864356455248e+00  2.309492667933055471e-30  2.309492667933055471e-30
6.699999864356456669e+00  1.988451161101591751e-31  1.988451161101591751e-31
6.799999864356456314e+00  1.639319793048138404e-32  1.639319793048138404e-32
6.899999864356455959e+00  1.294085138137948559e-33  1.294085138137948559e-33
6.999999864356455603e+00  9.781656995781555977e-35  9.781656995781555977e-35
7.099999864356455248e+00  7.079660355059068260e-36  7.079660355059068260e-36
7.199999864356456669e+00  4.906398618537858023e-37  4.906398618537858023e-37
7.299999864356456314e+00  3.255844456484493887e-38  3.255844456484493887e-38
7.399999864356455959e+00  2.068782727079450154e-39  2.068782727079450154e-39
7.499999864356455603e+00  1.258683465531463724e-40  1.258683465531463724e-40
7.599999864356455248e+00  7.332778829157121424e-42  7.332778829157121424e-42
7.699999864356456669e+00  4.090449713443097761e-43  4.090449713443097761e-43
7.799999864356456314e+00  2.184861656393383688e-44  2.184861656393383688e-44
7.899999864356455959e+00  1.117447790616109863e-45  1.117447790616109863e-45
7.999999864356455603e+00  5.472439291843339109e-47  5.472439291843339109e-47
8.099999864356457024e+00  2.566167951498049451e-48  2.566167951498049451e-48
8.199999864356456669e+00  1.152231156217537797e-49  1.152231156217537797e-49
8.299999864356456314e+00  4.953869536224467566e-51  4.953869536224467566e-51
8.399999864356455959e+00  2.039388324595564637e-52  2.039388324595564637e-52
8.499999864356455603e+00  8.039068060135592226e-54  8.039068060135592226e-54
8.599999864356457024e+00  3.034323603670275865e-55  3.034323603670275865e-55
8.699999864356456669e+00  1.096651150270791479e-56  1.096651150270791479e-56
8.799999864356456314e+00  3.795120017568048153e-58  3.795120017568048153e-58
8.899999864356455959e+00  1.257572245421174236e-59  1.257572245421174236e-59
8.999999864356455603e+00  3.990164370324982845e-61  3.990164370324982845e-61
9.099999864356457024e+00  1.212269117942985553e-62  1.212269117942985553e-62
9.199999864356456669e+00  3.526612239487947423e-64  3.526612239487947423e-64
9.299999864356456314e+00  9.823512275284916489e-66  9.823512275284916489e-66
9.399999864356455959e+00  2.620150797662903738e-67  2.620150797662903738e-67
9.499999864356455603e+00  6.691695876375599938e-69  6.691695876375599938e-69
9.599999864356457024e+00  1.636426546163397402e-70  1.636426546163397402e-70
9.699999864356456669e+00  3.831838972543309487e-72  3.831838972543309487e-72
9.799999864356456314e+00  8.591488190773536903e-74  8.591488190773536903e-74
9.899999864356455959e+00  1.844505514114148895e-75  1.844505514114148895e-75
9.999999864356455603e+00  3.791769521752565369e-77  3.791769521752565369e-77
1.009999986435645702e+01  7.463702460819057786e-79  7.463702460819057786e-79
1.019999986435645667e+01  1.406750628131362587e-80  1.406750628131362587e-80
1.029999986435645631e+01  2.538810761836236612e-82  2.538810761836236612e-82
1.039999986435645596e+01  4.387265899605010479e-84  4.387265899605010479e-84
1.049999986435645560e+01  7.259521496860491485e-86  7.259521496860491485e-86
