-1.530927853035354502e+00  1.756668513894708540e-07  1.756668513894708540e-07
-1.430927853035354413e+00  5.841444618366489297e-07  5.841444618366489297e-07
-1.330927853035354325e+00  1.854060082306941235e-06  1.854060082306941235e-06
-1.230927853035354680e+00  5.611270725189487585e-06  5.611270725189487585e-06
-1.130927853035354591e+00  1.618300932008601771e-05  1.618300932008601771e-05
-1.030927853035354502e+00  4.445758911162268207e-05  4.445758911162268207e-05
-9.309278530353544134e-01  1.163084412466286162e-04  1.163084412466286162e-04
-8.309278530353543246e-01  2.897237818702594315e-04  2.897237818702594315e-04
-7.309278530353544578e-01  6.870968525240299905e-04  6.870968525240299905e-04
-6.309278530353545911e-01  1.551249486725568040e-03  1.551249486725568040e-03
-5.309278530353545023e-01  3.333913930141551435e-03  3.333913930141551435e-03
-4.309278530353544134e-01  6.820592035669266473e-03  6.820592035669266473e-03
-3.309278530353543246e-01  1.328235890646644983e-02  1.328235890646644983e-02
-2.309278530353544578e-01  2.462110144907465881e-02  2.462110144907465881e-02
-1.309278530353543690e-01  4.344250613423308177e-02  4.344250613423308177e-02
-3.092785303535450225e-02  7.296173936847367980e-02  7.296173936847367980e-02
6.907214696464558656e-02  1.166400488191070978e-01  1.166400488191070978e-01
1.690721469646456754e-01  1.774896859159147133e-01  1.774896859159147133e-01
2.690721469646455422e-01  2.570831876145993622e-01  2.570831876145993622e-01
3.690721469646456310e-01  3.544486773674931368e-01  3.544486773674931368e-01
4.690721469646454977e-01  4.651772766955530880e-01  4.651772766955530880e-01
5.690721469646455866e-01  5.811370715873542814e-01  5.811370715873542814e-01
6.690721469646456754e-01  6.911108490065183130e-01  6.911108490065183130e-01
7.690721469646457642e-01  7.824322065750889399e-01  7.824322065750889399e-01
8.690721469646458530e-01  8.433476325088103964e-01  8.433476325088103964e-01
9.690721469646454977e-01  8.655140535271249602e-01  8.655140535271249602e-01
1.069072146964645587e+00  8.459025267282086480e-01  8.459025267282086480e-01
1.169072146964645675e+00  7.875081953848978022e-01  7.875081953848978022e-01
1.269072146964645764e+00  6.986352347494879655e-01  6.986352347494879655e-01
1.369072146964645853e+00  5.909895020737723215e-01  5.909895020737723215e-01
1.469072146964645498e+00  4.771798998299582317e-01  4.771798998299582317e-01
1.569072146964645587e+00  3.683583467722307270e-01  3.683583467722307270e-01
1.669072146964645675e+00  2.725887409422163010e-01  2.725887409422163010e-01
1.769072146964645764e+00  1.942165255942974733e-01  1.942165255942974733e-01
1.869072146964645853e+00  1.341629487119690711e-01  1.341629487119690711e-01
1.969072146964645498e+00  9.082525140777682193e-02  9.082525140777682193e-02
2.069072146964645587e+00  6.118687243029630185e-02  6.118687243029630185e-02
2.169072146964645675e+00  4.181049436354574572e-02  4.181049436354574572e-02
2.269072146964645764e+00  2.953179076403052855e-02  2.953179076403052855e-02
2.369072146964645853e+00  2.181803871712052756e-02  2.181803871712052756e-02
2.469072146964645498e+00  1.685501408164927564e-02  1.685501408164927564e-02
2.569072146964646031e+00  1.346517814047035709e-02  1.346517814047035709e-02
2.669072146964645675e+00  1.095359915069672729e-02  1.095359915069672729e-02
2.769072146964645320e+00  8.948554251284218317e-03  8.948554251284218317e-03
2.869072146964645853e+00  7.271232765089581836e-03  7.271232765089581836e-03
2.969072146964645498e+00  5.844414755951323273e-03  5.844414755951323273e-03
3.069072146964646031e+00  4.636166385727630117e-03  4.636166385727630117e-03
3.169072146964645675e+00  3.629395328067645202e-03  3.629395328067645202e-03
3.269072146964646208e+00  2.808018636751800391e-03  2.808018636751800391e-03
3.369072146964645853e+00  2.152537473637058767e-03  2.152537473637058767e-03
3.469072146964645498e+00  1.640196645316614613e-03  1.640196645316614613e-03
3.569072146964646031e+00  1.246858151570581384e-03  1.246858151570581384e-03
3.669072146964645675e+00  9.490696531680442583e-04  9.490696531680442583e-04
3.769072146964646208e+00  7.256516555887005228e-04  7.256516555887005228e-04
3.869072146964645853e+00  5.586099969927375581e-04  5.586099969927375581e-04
3.969072146964645498e+00  4.334296741556898096e-04  4.334296741556898096e-04
4.069072146964646031e+00  3.389114595972964267e-04  3.389114595972964267e-04
4.169072146964645675e+00  2.667335290493839548e-04  2.667335290493839548e-04
4.269072146964646208e+00  2.108959279083034771e-04  2.108959279083034771e-04
4.369072146964645853e+00  1.671624688075819710e-04  1.671624688075819710e-04
4.469072146964645498e+00  1.325693049903656966e-04  1.325693049903656966e-04
4.569072146964646031e+00  1.050313055144962339e-04  1.050313055144962339e-04
4.669072146964645675e+00  8.305024951188397242e-05  8.305024951188397242e-05
4.769072146964646208e+00  6.551278887027494973e-05  6.551278887027494973e-05
4.869072146964645853e+00  5.155905184969650505e-05  5.155905184969650505e-05
4.969072146964645498e+00  4.050187368924218690e-05  4.050187368924218690e-05
5.069072146964646031e+00  3.177927722826631219e-05  3.177927722826631219e-05
5.169072146964645675e+00  2.492690793623964440e-05  2.492690793623964440e-05
5.269072146964646208e+00  1.956128695638673060e-05  1.956128695638673060e-05
5.369072146964645853e+00  1.536825102068877891e-05  1.536825102068877891e-05
5.469072146964645498e+00  1.209353533227774483e-05  1.209353533227774483e-05
5.569072146964646031e+00  9.534150451495372039e-06  9.534150451495372039e-06
5.669072146964645675e+00  7.530175594455390859e-06  7.530175594455390859e-06
5.769072146964646208e+00  5.957048996002031350e-06  5.957048996002031350e-06
5.869072146964645853e+00  4.718574685844957280e-06  4.718574685844957280e-06
5.969072146964645498e+00  3.740834847653989189e-06  3.740834847653989189e-06
6.069072146964646031e+00  2.967100517648612947e-06  2.967100517648612947e-06
6.169072146964645675e+00  2.353731461866133646e-06  2.353731461866133646e-06
6.269072146964646208e+00  1.866977984618151144e-06  1.866977984618151144e-06
6.369072146964645853e+00  1.480551895190549536e-06  1.480551895190549536e-06
6.469072146964645498e+00  1.173818031785313431e-06  1.173818031785313431e-06
6.569072146964645142e+00  9.304636887906146431e-07  9.304636887906146431e-07
6.669072146964646564e+00  7.375221861720328594e-07  7.375221861720328594e-07
6.769072146964646208e+00  5.846511450790107124e-07  5.846511450790107124e-07
6.869072146964645853e+00  4.635904548833335930e-07  4.635904548833335930e-07
6.969072146964645498e+00  3.677462911657580345e-07  3.677462911657580345e-07
7.069072146964645142e+00  2.918645122721925320e-07  2.918645122721925320e-07
7.169072146964646564e+00  2.317691951635255950e-07  2.317691951635255950e-07
7.269072146964646208e+00  1.841505488009408228e-07  1.841505488009408228e-07
7.369072146964645853e+00  1.463918437512763667e-07  1.463918437512763667e-07
7.469072146964645498e+00  1.164282235741611149e-07  1.164282235741611149e-07
7.569072146964645142e+00  9.263209269637497693e-08  9.263209269637497693e-08
7.669072146964646564e+00  7.372079429659115010e-08  7.372079429659115010e-08
7.769072146964646208e+00  5.868289809687640625e-08  5.868289809687640625e-08
7.869072146964645853e+00  4.671985100212250536e-08  4.671985100212250536e-08
7.969072146964645498e+00  3.720012587692028549e-08  3.720012587692028549e-08
8.069072146964646919e+00  2.962338261251508997e-08  2.962338261251508997e-08
8.169072146964646564e+00  2.359253618876485502e-08  2.359253618876485502e-08
8.269072146964646208e+00  1.879199549594788108e-08  1.879199549594788108e-08
8.369072146964645853e+00  1.497067734144916045e-08  1.497067734144916045e-08
8.469072146964645498e+00  1.192869919707530827e-08  1.192869919707530827e-08
8.569072146964646919e+00  9.506905112445805706e-09  9.506905112445805706e-09
8.669072146964646564e+00  7.578581241448113092e-09  7.578581241448113092e-09
8.769072146964646208e+00  6.042874563341747104e-09  6.042874563341747104e-09
8.869072146964645853e+00  4.819547212373885675e-09  4.819547212373885675e-09
8.969072146964645498e+00  3.844786881204985508e-09  3.844786881204985508e-09
9.069072146964646919e+00  3.067858281611644772e-09  3.067858281611644772e-09
9.169072146964646564e+00  2.448427896110080748e-09  2.448427896110080748e-09
9.269072146964646208e+00  1.954429228200427554e-09  1.954429228200427554e-09
9.369072146964645853e+00  1.560362175576043458e-09  1.560362175576043458e-09
9.469072146964645498e+00  1.245940624053717925e-09  1.245940624053717925e-09
9.569072146964646919e+00  9.950186387755337246e-10  9.950186387755337246e-10
9.669072146964646564e+00  7.947388391017776941e-10  7.947388391017776941e-10
9.769072146964646208e+00  6.348573961053850216e-10  6.348573961053850216e-10
9.869072146964645853e+00  5.072090438460606440e-10  5.072090438460606440e-10
9.969072146964645498e+00  4.052828607452240147e-10  4.052828607452240147e-10
1.006907214696464692e+01  3.238855930554349962e-10  3.238855930554349962e-10
1.016907214696464656e+01  2.588741584179487109e-10  2.588741584179487109e-10
1.026907214696464621e+01  2.069428628792740913e-10  2.069428628792740913e-10
1.036907214696464585e+01  1.654539530902481274e-10  1.654539530902481274e-10
1.046907214696464550e+01  1.323025546195713705e-10  1.323025546195713705e-10
