-1.530927835045418295e+00  2.696106587221536511e-80  2.696106587221536511e-80
-1.430927835045418206e+00  2.943812627778914218e-74  2.943812627778914218e-74
-1.330927835045418561e+00  3.184842211126696379e-68  3.184842211126696379e-68
-1.230927835045418028e+00  1.927641022442508282e-62  1.927641022442508282e-62
-1.130927835045418384e+00  6.457614570031613111e-57  6.457614570031613111e-57
-1.030927835045418295e+00  1.197129705468088515e-51  1.197129705468088515e-51
-9.309278350454182061e-01  1.228093351169596229e-46  1.228093351169596229e-46
-8.309278350454181172e-01  6.971762313033047189e-42  6.971762313033047189e-42
-7.309278350454182505e-01  2.190154646606339705e-37  2.190154646606339705e-37
-6.309278350454183837e-01  3.807395629953437182e-33  3.807395629953437182e-33
-5.309278350454182949e-01  3.662707598317269361e-29  3.662707598317269361e-29
-4.309278350454182061e-01  1.949833413007985018e-25  1.949833413007985018e-25
-3.309278350454181172e-01  5.743991438258438084e-22  5.743991438258438084e-22
-2.309278350454182505e-01  9.363777296034119241e-19  9.363777296034119241e-19
-1.309278350454181616e-01  8.447134024830634054e-16  8.447134024830634054e-16
-3.092783504541829487e-02  4.216855413828687883e-13  4.216855413828687883e-13
6.907216495458179395e-02  1.164901091999483285e-10  1.164901091999483285e-10
1.690721649545818828e-01  1.780780580716179990e-08  1.780780580716179990e-08
2.690721649545817495e-01  1.506443286735212942e-06  1.506443286735212942e-06
3.690721649545818384e-01  7.052062916758036239e-05  7.052062916758036239e-05
4.690721649545817051e-01  1.826840313962908987e-03  1.826840313962908987e-03
5.690721649545817939e-01  2.618822189382522675e-02  2.618822189382522675e-02
6.690721649545818828e-01  2.077458963716983520e-01  2.077458963716983520e-01
7.690721649545819716e-01  9.119686565620691576e-01  9.119686565620691576e-01
8.690721649545820604e-01  2.215380800366904435e+00  2.215380800366904435e+00
9.690721649545817051e-01  2.978090439679072166e+00  2.978090439679072166e+00
1.069072164954581794e+00  2.215381182768609403e+00  2.215381182768609403e+00
1.169072164954581883e+00  9.119733973269593674e-01  9.119733973269593674e-01
1.269072164954581972e+00  2.077895000118280544e-01  2.077895000118280544e-01
1.369072164954582060e+00  2.648655706165262483e-02  2.648655706165262483e-02
1.469072164954581705e+00  3.345276886724995406e-03  3.345276886724995406e-03
1.569072164954581794e+00  5.819614087223397639e-03  5.819614087223397639e-03
1.669072164954581883e+00  1.619395747211837405e-02  1.619395747211837405e-02
1.769072164954581972e+00  3.392630523396406722e-02  3.392630523396406722e-02
1.869072164954582060e+00  5.287747085809895581e-02  5.287747085809895581e-02
1.969072164954581705e+00  6.130785316997747897e-02  6.130785316997747897e-02
2.069072164954581794e+00  5.287819843532756692e-02  5.287819843532756692e-02
2.169072164954581883e+00  3.393025368872690933e-02  3.393025368872690933e-02
2.269072164954581972e+00  1.620986863657634600e-02  1.620986863657634600e-02
2.369072164954582060e+00  5.811867398947980629e-03  5.811867398947980629e-03
2.469072164954581705e+00  1.704177495870456104e-03  1.704177495870456104e-03
2.569072164954582238e+00  7.495424601132417378e-04  7.495424601132417378e-04
2.669072164954581883e+00  9.434845791967117184e-04  9.434845791967117184e-04
2.769072164954581527e+00  1.478188457633729811e-03  1.478188457633729811e-03
2.869072164954582060e+00  1.981118129023494174e-03  1.981118129023494174e-03
2.969072164954581705e+00  2.186099250674869258e-03  2.186099250674869258e-03
3.069072164954582238e+00  1.980968054069884906e-03  1.980968054069884906e-03
3.169072164954581883e+00  1.474307004902286264e-03  1.474307004902286264e-03
3.269072164954582416e+00  9.024936835681666774e-04  9.024936835681666774e-04
3.369072164954582060e+00  4.580424003788051727e-04  4.580424003788051727e-04
3.469072164954581705e+00  2.011612874851677996e-04  2.011612874851677996e-04
3.569072164954582238e+00  9.277915232982891357e-05  9.277915232982891357e-05
3.669072164954581883e+00  6.777411042702022152e-05  6.777411042702022152e-05
3.769072164954582416e+00  7.685814380271962533e-05  7.685814380271962533e-05
3.869072164954582060e+00  9.174385789904632334e-05  9.174385789904632334e-05
3.969072164954581705e+00  9.811106715273836302e-05  9.811106715273836302e-05
4.069072164954581794e+00  9.105359488332440121e-05  9.105359488332440121e-05
4.169072164954581439e+00  7.300383019262328410e-05  7.300383019262328410e-05
4.269072164954582860e+00  5.063063888884835500e-05  5.063063888884835500e-05
4.369072164954582504e+00  3.059726977080609535e-05  3.059726977080609535e-05
4.469072164954582149e+00  1.655557001042938704e-05  1.655557001042938704e-05
4.569072164954581794e+00  8.768721768958227813e-06  8.768721768958227813e-06
4.669072164954581439e+00  5.538945896120537096e-06  5.538945896120537096e-06
4.769072164954582860e+00  4.794911271196132542e-06  4.794911271196132542e-06
4.869072164954582504e+00  4.942777644186183913e-06  4.942777644186183913e-06
4.969072164954582149e+00  5.045437824636233547e-06  5.045437824636233547e-06
5.069072164954581794e+00  4.714806818238933709e-06  4.714806818238933709e-06
5.169072164954581439e+00  3.947072891037741139e-06  3.947072891037741139e-06
5.269072164954582860e+00  2.950649820344350713e-06  2.950649820344350713e-06
5.369072164954582504e+00  1.980136244523351670e-06  1.980136244523351670e-06
5.469072164954582149e+00  1.215263439662964719e-06  1.215263439662964719e-06
5.569072164954581794e+00  7.168770509381428190e-07  7.168770509381428190e-07
5.669072164954581439e+00  4.505781530447859396e-07  4.505781530447859396e-07
5.769072164954582860e+00  3.384483163725065042e-07  3.384483163725065042e-07
5.869072164954582504e+00  3.028167447381490345e-07  3.028167447381490345e-07
5.969072164954582149e+00  2.882830699073321112e-07  2.882830699073321112e-07
6.069072164954581794e+00  2.658114203924586725e-07  2.658114203924586725e-07
6.169072164954581439e+00  2.275329054329894811e-07  2.275329054329894811e-07
6.269072164954582860e+00  1.784463539064126752e-07  1.784463539064126752e-07
6.369072164954582504e+00  1.283094570104764255e-07  1.283094570104764255e-07
6.469072164954582149e+00  8.562276055809210353e-08  8.562276055809210353e-08
6.569072164954581794e+00  5.467637218445688808e-08  5.467637218445688808e-08
6.669072164954583215e+00  3.545328740758205216e-08  3.545328740758205216e-08
6.769072164954582860e+00  2.521567523880478422e-08  2.521567523880478422e-08
6.869072164954582504e+00  2.040811703460852619e-08  2.040811703460852619e-08
6.969072164954582149e+00  1.800604753746809494e-08  1.800604753746809494e-08
7.069072164954581794e+00  1.608968085097232648e-08  1.608968085097232648e-08
7.169072164954583215e+00  1.382822699466595663e-08  1.382822699466595663e-08
7.269072164954582860e+00  1.116161451216169624e-08  1.116161451216169624e-08
7.369072164954582504e+00  8.409863089125986141e-09  8.409863089125986141e-09
7.469072164954582149e+00  5.951082364916991782e-09  5.951082364916991782e-09
7.569072164954581794e+00  4.032043356637911726e-09  4.032043356637911726e-09
7.669072164954583215e+00  2.713250406015752106e-09  2.713250406015752106e-09
7.769072164954582860e+00  1.907803349977590231e-09  1.907803349977590231e-09
7.869072164954582504e+00  1.458286508653634617e-09  1.458286508653634617e-09
7.969072164954582149e+00  1.206748953024389528e-09  1.206748953024389528e-09
8.069072164954583570e+00  1.036011487702492864e-09  1.036011487702492864e-09
8.169072164954583215e+00  8.811411397749187070e-10  8.811411397749187070e-10
8.269072164954582860e+00  7.207697895243899445e-10  7.207697895243899445e-10
8.369072164954582504e+00  5.598956991972005095e-10  5.598956991972005095e-10
8.469072164954582149e+00  4.130506750354754951e-10  4.130506750354754951e-10
8.569072164954583570e+00  2.926661620196981465e-10  2.926661620196981465e-10
8.669072164954583215e+00  2.038609852836076885e-10  2.038609852836076885e-10
8.769072164954582860e+00  1.444009855765110826e-10  1.444009855765110826e-10
8.869072164954582504e+00  1.074736400514971752e-10  1.074736400514971752e-10
8.969072164954582149e+00  8.502453536519819335e-11  8.502453536519819335e-11
9.069072164954583570e+00  7.022562324249506590e-11  7.022562324249506590e-11
9.169072164954583215e+00  5.859907337083421722e-11  5.859907337083421722e-11
9.269072164954582860e+00  4.800019208025537979e-11  4.800019208025537979e-11
9.369072164954582504e+00  3.795248652776363829e-11  3.795248652776363829e-11
9.469072164954582149e+00  2.881686385317289788e-11  2.881686385317289788e-11
9.569072164954583570e+00  2.111659059063316844e-11  2.111659059063316844e-11
9.669072164954583215e+00  1.515165864100024920e-11  1.515165864100024920e-11
9.769072164954582860e+00  1.088925647710023134e-11  1.088925647710023134e-11
9.869072164954582504e+00  8.036825095465550771e-12  8.036825095465550771e-12
9.969072164954582149e+00  6.187418914573917170e-12  6.187418914573917170e-12
1.006907216495458357e+01  4.953092179644152532e-12  4.953092179644152532e-12
1.016907216495458322e+01  4.044369326637668248e-12  4.044369326637668248e-12
1.026907216495458286e+01  3.291196813907862341e-12  3.291196813907862341e-12
1.036907216495458250e+01  2.622651613299024220e-12  2.622651613299024220e-12
1.046907216495458215e+01  2.028795780215180683e-12  2.028795780215180683e-12
