-1.636346925645182360e+00  1.400274151193261086e-272  1.400274151193261086e-272
-1.536346925645182715e+00  2.812709799775569761e-255  2.812709799775569761e-255
-1.436346925645182626e+00  1.876324682238816769e-234  1.876324682238816769e-234
-1.336346925645182537e+00  1.642107346000151481e-214  1.642107346000151481e-214
-1.236346925645182893e+00  1.867152676447295261e-195  1.867152676447295261e-195
-1.136346925645182360e+00  2.758308577283496859e-177  2.758308577283496859e-177
-1.036346925645182715e+00  5.294081211615645740e-160  5.294081211615645740e-160
-9.363469256451826261e-01  1.320149389314329274e-143  1.320149389314329274e-143
-8.363469256451825373e-01  4.277010239354707922e-128  4.277010239354707922e-128
-7.363469256451824485e-01  1.800289015422866282e-113  1.800289015422866282e-113
-6.363469256451825817e-01  9.845298862779550289e-100  9.845298862779550289e-100
-5.363469256451824929e-01  6.995202760656986284e-87  6.995202760656986284e-87
-4.363469256451824041e-01  6.457381444339471869e-75  6.457381444339471869e-75
-3.363469256451825373e-01  7.744569941958534846e-64  7.744569941958534846e-64
-2.363469256451824485e-01  1.206765545154435100e-53  1.206765545154435100e-53
-1.363469256451825817e-01  2.443054911097264267e-44  2.443054911097264267e-44
-3.634692564518249291e-02  6.425816002672921077e-36  6.425816002672921077e-36
6.365307435481759590e-02  2.195877323742961348e-28  2.195877323742961348e-28
1.636530743548174627e-01  9.749281106231133817e-22  9.749281106231133817e-22
2.636530743548175515e-01  5.623696084853161398e-16  5.623696084853161398e-16
3.636530743548174183e-01  4.214594762304812558e-11  4.214594762304812558e-11
4.636530743548175071e-01  4.103689891204774930e-07  4.103689891204774930e-07
5.636530743548175959e-01  5.191322108799547230e-04  5.191322108799547230e-04
6.636530743548176847e-01  8.532300639240082696e-02  8.532300639240082696e-02
7.636530743548177735e-01  1.821960903260300579e+00  1.821960903260300579e+00
8.636530743548174183e-01  5.054715165122533271e+00  5.054715165122533271e+00
9.636530743548175071e-01  1.821960903260284370e+00  1.821960903260284370e+00
1.063653074354817596e+00  8.532300639240181228e-02  8.532300639240181228e-02
1.163653074354817685e+00  5.191322161630009674e-04  5.191322161630009674e-04
1.263653074354817774e+00  4.143814441284035038e-07  4.143814441284035038e-07
1.363653074354817418e+00  1.098484236260569504e-06  1.098484236260569504e-06
1.463653074354817507e+00  1.083893274711201078e-04  1.083893274711201078e-04
1.563653074354817596e+00  3.855123032441759145e-03  3.855123032441759145e-03
1.663653074354817685e+00  4.942336705675075270e-02  4.942336705675075270e-02
1.763653074354817774e+00  2.283856333645582493e-01  2.283856333645582493e-01
1.863653074354817418e+00  3.804062102933152834e-01  3.804062102933152834e-01
1.963653074354817507e+00  2.283856333646109571e-01  2.283856333646109571e-01
2.063653074354817818e+00  4.942336707418161501e-02  4.942336707418161501e-02
2.163653074354817463e+00  3.855125897396484858e-03  3.855125897396484858e-03
2.263653074354817996e+00  1.086278160138959151e-04  1.086278160138959151e-04
2.363653074354817640e+00  1.115336737487662853e-05  1.115336737487662853e-05
2.463653074354818173e+00  2.147137552109833517e-04  2.147137552109833517e-04
2.563653074354817818e+00  2.322128417784850678e-03  2.322128417784850678e-03
2.663653074354817463e+00  1.271985878951701655e-02  1.271985878951701655e-02
2.763653074354817996e+00  3.528904654678627351e-02  3.528904654678627351e-02
2.863653074354817640e+00  4.958600685583398199e-02  4.958600685583398199e-02
2.963653074354818173e+00  3.528904655541336560e-02  3.528904655541336560e-02
3.063653074354817818e+00  1.271985944916060284e-02  1.271985944916060284e-02
3.163653074354818351e+00  2.322158692240614171e-03  2.322158692240614171e-03
3.263653074354817996e+00  2.155442198843382441e-04  2.155442198843382441e-04
3.363653074354817640e+00  2.386188103598457934e-05  2.386188103598457934e-05
3.463653074354818173e+00  1.373906356569830074e-04  1.373906356569830074e-04
3.563653074354817818e+00  8.179560943559842888e-04  8.179560943559842888e-04
3.663653074354818351e+00  2.928704248621398065e-03  2.928704248621398065e-03
3.763653074354817996e+00  6.295695876820175951e-03  6.295695876820175951e-03
3.863653074354817640e+00  8.125182965691171016e-03  8.125182965691171016e-03
3.963653074354818173e+00  6.295695976742637749e-03  6.295695976742637749e-03
4.063653074354817818e+00  2.928707443048046179e-03  2.928707443048046179e-03
4.163653074354818351e+00  8.180218144214055796e-04  8.180218144214055796e-04
4.263653074354817996e+00  1.381258783924214180e-04  1.381258783924214180e-04
4.363653074354817640e+00  2.299844570844421807e-05  2.299844570844421807e-05
4.463653074354818173e+00  5.852037533702294554e-05  5.852037533702294554e-05
4.563653074354817818e+00  2.407381818000057388e-04  2.407381818000057388e-04
4.663653074354818351e+00  6.678030700866122030e-04  6.678030700866122030e-04
4.763653074354817996e+00  1.231806712112495927e-03  1.231806712112495927e-03
4.863653074354817640e+00  1.510685614289484190e-03  1.510685614289484190e-03
4.963653074354818173e+00  1.231807019904976016e-03  1.231807019904976016e-03
5.063653074354817818e+00  6.678081167990391771e-04  6.678081167990391771e-04
5.163653074354818351e+00  2.407810586886102570e-04  2.407810586886102570e-04
5.263653074354817996e+00  5.835336329219036603e-05  5.835336329219036603e-05
5.363653074354817640e+00  1.352544313630225176e-05  1.352544313630225176e-05
5.463653074354818173e+00  2.100095121073289697e-05  2.100095121073289697e-05
5.563653074354817818e+00  6.593103890293465529e-05  6.593103890293465529e-05
5.663653074354818351e+00  1.541505169319081739e-04  1.541505169319081739e-04
5.763653074354817996e+00  2.567526443348080675e-04  2.567526443348080675e-04
5.863653074354817640e+00  3.043507704620914767e-04  3.043507704620914767e-04
5.963653074354818173e+00  2.567530257044098188e-04  2.567530257044098188e-04
6.063653074354817818e+00  1.541530590776008566e-04  1.541530590776008566e-04
6.163653074354818351e+00  6.591369249603731047e-05  6.591369249603731047e-05
6.263653074354817996e+00  2.036810220285699915e-05  2.036810220285699915e-05
6.363653074354817640e+00  6.028271407074459797e-06  6.028271407074459797e-06
6.463653074354817285e+00  6.959180704345063961e-06  6.959180704345063961e-06
6.563653074354818706e+00  1.752843259787980227e-05  1.752843259787980227e-05
6.663653074354818351e+00  3.618565023041157407e-05  3.618565023041157407e-05
6.763653074354817996e+00  5.602670282903290987e-05  5.602670282903290987e-05
6.863653074354817640e+00  6.481882930519544022e-05  6.481882930519544022e-05
6.963653074354817285e+00  5.602685210355607217e-05  5.602685210355607217e-05
7.063653074354818706e+00  3.618404067679573078e-05  3.618404067679573078e-05
7.163653074354818351e+00  1.748303356495690703e-05  1.748303356495690703e-05
7.263653074354817996e+00  6.437433580342408651e-06  6.437433580342408651e-06
7.363653074354817640e+00  2.287045389777489091e-06  2.287045389777489091e-06
7.463653074354817285e+00  2.209012588130295131e-06  2.209012588130295131e-06
7.563653074354818706e+00  4.613394283516417636e-06  4.613394283516417636e-06
7.663653074354818351e+00  8.638394120984648709e-06  8.638394120984648709e-06
7.763653074354817996e+00  1.265739758954173493e-05  1.265739758954173493e-05
7.863653074354817640e+00  1.437886265963939791e-05  1.437886265963939791e-05
7.963653074354819061e+00  1.265725057571466022e-05  1.265725057571466022e-05
8.063653074354817818e+00  8.634962247709774934e-06  8.634962247709774934e-06
8.163653074354819239e+00  4.574876987476446375e-06  4.574876987476446375e-06
8.263653074354817107e+00  1.923675857777759930e-06  1.923675857777759930e-06
8.363653074354818528e+00  7.860514023414498647e-07  7.860514023414498647e-07
8.463653074354819950e+00  6.820626037789034140e-07  6.820626037789034140e-07
8.563653074354817818e+00  1.213859813831031597e-06  1.213859813831031597e-06
8.663653074354819239e+00  2.094937243155517097e-06  2.094937243155517097e-06
8.763653074354817107e+00  2.938392159418362423e-06  2.938392159418362423e-06
8.863653074354818528e+00  3.290705311819359105e-06  3.290705311819359105e-06
8.963653074354819950e+00  2.938121699612378057e-06  2.938121699612378057e-06
9.063653074354817818e+00  2.091965546228609746e-06  2.091965546228609746e-06
9.163653074354817463e+00  1.191302805859602748e-06  1.191302805859602748e-06
9.263653074354817107e+00  5.559402778043733367e-07  5.559402778043733367e-07
9.363653074354816752e+00  2.535292656738417104e-07  2.535292656738417104e-07
9.463653074354818173e+00  2.063709880655110088e-07  2.063709880655110088e-07
9.563653074354817818e+00  3.208165799043843452e-07  3.208165799043843452e-07
9.663653074354817463e+00  5.154956619665415804e-07  5.154956619665415804e-07
9.763653074354817107e+00  6.973055754612675450e-07  6.973055754612675450e-07
9.863653074354816752e+00  7.718956844325801338e-07  7.718956844325801338e-07
9.963653074354818173e+00  6.970695138150368216e-07  6.970695138150368216e-07
1.006365307435481782e+01  5.136608343541085454e-07  5.136608343541085454e-07
1.016365307435481746e+01  3.100557243951378641e-07  3.100557243951378641e-07
1.026365307435481711e+01  1.573732614502796273e-07  1.573732614502796273e-07
1.036365307435481675e+01  7.837080832736007498e-08  7.837080832736007498e-08
