-1.563829779398227871e+00  3.213566161651722255e-22  3.213566161651722255e-22
-1.463829779398228226e+00  1.510664023895601318e-20  1.510664023895601318e-20
-1.363829779398228137e+00  6.346930628858775883e-19  6.346930628858775883e-19
-1.263829779398228048e+00  2.306076696896620788e-17  2.306076696896620788e-17
-1.163829779398228403e+00  7.173625873757771984e-16  7.173625873757771984e-16
-1.063829779398227871e+00  1.904612813661461413e-14  1.904612813661461413e-14
-9.638297793982280037e-01  4.311579224792815034e-13  4.311579224792815034e-13
-8.638297793982281370e-01  8.319068798315584540e-12  8.319068798315584540e-12
-7.638297793982280481e-01  1.367934467792618190e-10  1.367934467792618190e-10
-6.638297793982279593e-01  1.916840462405084864e-09  1.916840462405084864e-09
-5.638297793982280925e-01  2.288903786843311810e-08  2.288903786843311810e-08
-4.638297793982280037e-01  2.329088289694610474e-07  2.329088289694610474e-07
-3.638297793982279149e-01  2.019571980315513957e-06  2.019571980315513957e-06
-2.638297793982280481e-01  1.492267868900296923e-05  1.492267868900296923e-05
-1.638297793982279593e-01  9.396105019413703149e-05  9.396105019413703149e-05
-6.382977939822809255e-02  5.041529981389550677e-04  5.041529981389550677e-04
3.617022060177199627e-02  2.305102301239772122e-03  2.305102301239772122e-03
1.361702206017720851e-01  8.981140120735923299e-03  8.981140120735923299e-03
2.361702206017719519e-01  2.981853914531878633e-02  2.981853914531878633e-02
3.361702206017720407e-01  8.436364202126044043e-02  8.436364202126044043e-02
4.361702206017719075e-01  2.033945202069866176e-01  2.033945202069866176e-01
5.361702206017719963e-01  4.178688720598416895e-01  4.178688720598416895e-01
6.361702206017720851e-01  7.315797692845963374e-01  7.315797692845963374e-01
7.361702206017721739e-01  1.091474145240009408e+00  1.091474145240009408e+00
8.361702206017722627e-01  1.387769854623082555e+00  1.387769854623082555e+00
9.361702206017719075e-01  1.503938657685734093e+00  1.503938657685734093e+00
1.036170220601771996e+00  1.389646974279449498e+00  1.389646974279449498e+00
1.136170220601772085e+00  1.095927569486764952e+00  1.095927569486764952e+00
1.236170220601772174e+00  7.399701463447300176e-01  7.399701463447300176e-01
1.336170220601772263e+00  4.320765295065701062e-01  4.320765295065701062e-01
1.436170220601771907e+00  2.254874509236335645e-01  2.254874509236335645e-01
1.536170220601771996e+00  1.160461255129757868e-01  1.160461255129757868e-01
1.636170220601772085e+00  7.175717018932918634e-02  7.175717018932918634e-02
1.736170220601772174e+00  6.023897725775183981e-02  6.023897725775183981e-02
1.836170220601772263e+00  6.016253415175174674e-02  6.016253415175174674e-02
1.936170220601771907e+00  6.083996322308735799e-02  6.083996322308735799e-02
2.036170220601771774e+00  5.826594343213474525e-02  5.826594343213474525e-02
2.136170220601772307e+00  5.193822404371847140e-02  5.193822404371847140e-02
2.236170220601771952e+00  4.302147256847124041e-02  4.302147256847124041e-02
2.336170220601772485e+00  3.325583392559712526e-02  3.325583392559712526e-02
2.436170220601772129e+00  2.422761871928893335e-02  2.422761871928893335e-02
2.536170220601772662e+00  1.694622759156631450e-02  1.694622759156631450e-02
2.636170220601772307e+00  1.173931939912681820e-02  1.173931939912681820e-02
2.736170220601771952e+00  8.397350941100301461e-03  8.397350941100301461e-03
2.836170220601772485e+00  6.430065624129265196e-03  6.430065624129265196e-03
2.936170220601772129e+00  5.304349964888962002e-03  5.304349964888962002e-03
3.036170220601772662e+00  4.592664861272860097e-03  4.592664861272860097e-03
3.136170220601772307e+00  4.025058297624458693e-03  4.025058297624458693e-03
3.236170220601772840e+00  3.474524922360044780e-03  3.474524922360044780e-03
3.336170220601772485e+00  2.912462647928483646e-03  2.912462647928483646e-03
3.436170220601772129e+00  2.361197829693656002e-03  2.361197829693656002e-03
3.536170220601772662e+00  1.857350777689858274e-03  1.857350777689858274e-03
3.636170220601772307e+00  1.429930264925632910e-03  1.429930264925632910e-03
3.736170220601772840e+00  1.091544774487596733e-03  1.091544774487596733e-03
3.836170220601772485e+00  8.387938366395983163e-04  8.387938366395983163e-04
3.936170220601772129e+00  6.574928075179647946e-04  6.574928075179647946e-04
4.036170220601772662e+00  5.290906520374105736e-04  5.290906520374105736e-04
4.136170220601772307e+00  4.359107021934942338e-04  4.359107021934942338e-04
4.236170220601772840e+00  3.641985675909192909e-04  3.641985675909192909e-04
4.336170220601772485e+00  3.050249630557895063e-04  3.050249630557895063e-04
4.436170220601772129e+00  2.536849178238855841e-04  2.536849178238855841e-04
4.536170220601772662e+00  2.083836093813608292e-04  2.083836093813608292e-04
4.636170220601772307e+00  1.688538298192253015e-04  1.688538298192253015e-04
4.736170220601772840e+00  1.352861694947518167e-04  1.352861694947518167e-04
4.836170220601772485e+00  1.077013263744737025e-04  1.077013263744737025e-04
4.936170220601772129e+00  8.572007221754193653e-05  8.572007221754193653e-05
5.036170220601772662e+00  6.860238368307849119e-05  6.860238368307849119e-05
5.136170220601772307e+00  5.541467504002947078e-05  5.541467504002947078e-05
5.236170220601772840e+00  4.521413911294673896e-05  4.521413911294673896e-05
5.336170220601772485e+00  3.718516280469549655e-05  3.718516280469549655e-05
5.436170220601772129e+00  3.070566870611811914e-05  3.070566870611811914e-05
5.536170220601772662e+00  2.535110348507292963e-05  2.535110348507292963e-05
5.636170220601772307e+00  2.085835462484512690e-05  2.085835462484512690e-05
5.736170220601772840e+00  1.707386411253889884e-05  1.707386411253889884e-05
5.836170220601772485e+00  1.390455982921181467e-05  1.390455982921181467e-05
5.936170220601772129e+00  1.128182753453717502e-05  1.128182753453717502e-05
6.036170220601772662e+00  9.141116621863841122e-06  9.141116621863841122e-06
6.136170220601772307e+00  7.414682897633022906e-06  7.414682897633022906e-06
6.236170220601772840e+00  6.032718988451253116e-06  6.032718988451253116e-06
6.336170220601772485e+00  4.928096088543012157e-06  4.928096088543012157e-06
6.436170220601772129e+00  4.041186901217812166e-06  4.041186901217812166e-06
6.536170220601771774e+00  3.322874578330482066e-06  3.322874578330482066e-06
6.636170220601773195e+00  2.735270154416468138e-06  2.735270154416468138e-06
6.736170220601772840e+00  2.250575831015821084e-06  2.250575831015821084e-06
6.836170220601772485e+00  1.848916368364558397e-06  1.848916368364558397e-06
6.936170220601772129e+00  1.515942922981974209e-06  1.515942922981974209e-06
7.036170220601771774e+00  1.240773794791719642e-06  1.240773794791719642e-06
7.136170220601773195e+00  1.014537502130303388e-06  1.014537502130303388e-06
7.236170220601772840e+00  8.295338861376833579e-07  8.295338861376833579e-07
7.336170220601772485e+00  6.788767092642129504e-07  6.788767092642129504e-07
7.436170220601772129e+00  5.564271398980614527e-07  5.564271398980614527e-07
7.536170220601771774e+00  4.568450646994715024e-07  4.568450646994715024e-07
7.636170220601773195e+00  3.756395254962906508e-07  3.756395254962906508e-07
7.736170220601772840e+00  3.091607033559247857e-07  3.091607033559247857e-07
7.836170220601772485e+00  2.545246577622520805e-07  2.545246577622520805e-07
7.936170220601772129e+00  2.094908197086534773e-07  2.094908197086534773e-07
8.036170220601773551e+00  1.723220266659404674e-07  1.723220266659404674e-07
8.136170220601773195e+00  1.416533584173468242e-07  1.416533584173468242e-07
8.236170220601772840e+00  1.163860218188307379e-07  1.163860218188307379e-07
8.336170220601772485e+00  9.561168707998493634e-08  9.561168707998493634e-08
8.436170220601772129e+00  7.856443571681858977e-08  7.856443571681858977e-08
8.536170220601773551e+00  6.459308129667825694e-08  6.459308129667825694e-08
8.636170220601773195e+00  5.314571465885819191e-08  5.314571465885819191e-08
8.736170220601772840e+00  4.375973596375001864e-08  4.375973596375001864e-08
8.836170220601772485e+00  3.605304981652719235e-08  3.605304981652719235e-08
8.936170220601772129e+00  2.971447610512747273e-08  2.971447610512747273e-08
9.036170220601773551e+00  2.449317144142294661e-08  2.449317144142294661e-08
9.136170220601773195e+00  2.018778702862974682e-08  2.018778702862974682e-08
9.236170220601772840e+00  1.663632213416736288e-08  1.663632213416736288e-08
9.336170220601772485e+00  1.370741939143693326e-08  1.370741939143693326e-08
9.436170220601772129e+00  1.129345175950059932e-08  1.129345175950059932e-08
9.536170220601773551e+00  9.305369768361954605e-09  9.305369768361954605e-09
9.636170220601773195e+00  7.669019705399229916e-09  7.669019705399229916e-09
9.736170220601772840e+00  6.322535454105475807e-09  6.322535454105475807e-09
9.836170220601772485e+00  5.214421766658899733e-09  5.214421766658899733e-09
9.936170220601772129e+00  4.302034417706792427e-09  4.302034417706792427e-09
1.003617022060177355e+01  3.550272990534574845e-09  3.550272990534574845e-09
1.013617022060177320e+01  2.930399104467799622e-09  2.930399104467799622e-09
1.023617022060177284e+01  2.418958887539714540e-09  2.418958887539714540e-09
1.033617022060177248e+01  1.996821040581473454e-09  1.996821040581473454e-09
1.043617022060177213e+01  1.648348211089210015e-09  1.648348211089210015e-09
