-1.585823389843800335e+00  0.000000000000000000e+00  0.000000000000000000e+00
-1.485823389843799802e+00  0.000000000000000000e+00  0.000000000000000000e+00
-1.385823389843800157e+00  0.000000000000000000e+00  0.000000000000000000e+00
-1.285823389843800069e+00  0.000000000000000000e+00  0.000000000000000000e+00
-1.185823389843799980e+00  0.000000000000000000e+00  0.000000000000000000e+00
-1.085823389843800335e+00  0.000000000000000000e+00  0.000000000000000000e+00
-9.858233898438000242e-01  2.025725377510857459e-313  2.025725377510857459e-313
-8.858233898438001575e-01  2.782096754565680767e-281  2.782096754565680767e-281
-7.858233898438000686e-01  6.998193762673221975e-251  6.998193762673221975e-251
-6.858233898437999798e-01  3.224198476784135232e-222  3.224198476784135232e-222
-5.858233898438001130e-01  2.720693671792053889e-195  2.720693671792053889e-195
-4.858233898438000242e-01  4.204938001568222855e-170  4.204938001568222855e-170
-3.858233898437999354e-01  1.190314213800521341e-146  1.190314213800521341e-146
-2.858233898438000686e-01  6.171428685046635914e-125  6.171428685046635914e-125
-1.858233898437999798e-01  5.860462378893605850e-105  5.860462378893605850e-105
-8.582338984380011304e-02  1.019295536133269316e-86  1.019295536133269316e-86
1.417661015619997578e-02  3.247060903939302879e-70  3.247060903939302879e-70
1.141766101562000646e-01  1.894535813105251882e-55  1.894535813105251882e-55
2.141766101561999314e-01  2.024590881053590515e-42  2.024590881053590515e-42
3.141766101562000202e-01  3.962723824018191834e-31  3.962723824018191834e-31
4.141766101561998870e-01  1.420601954239381053e-21  1.420601954239381053e-21
5.141766101561999758e-01  9.327668047179049420e-14  9.327668047179049420e-14
6.141766101562000646e-01  1.121749355480446232e-07  1.121749355480446232e-07
7.141766101562001534e-01  2.470817380883646389e-03  2.470817380883646389e-03
8.141766101562002422e-01  9.967988749107616897e-01  9.967988749107616897e-01
9.141766101561998870e-01  7.365402806066466468e+00  7.365402806066466468e+00
1.014176610156199976e+00  9.967988749107438151e-01  9.967988749107438151e-01
1.114176610156200065e+00  2.470817380883560954e-03  2.470817380883560954e-03
1.214176610156200153e+00  1.121749355480388660e-07  1.121749355480388660e-07
1.314176610156200242e+00  9.336589315157907872e-14  9.336589315157907872e-14
1.414176610156199887e+00  5.341532634270617487e-12  5.341532634270617487e-12
1.514176610156199976e+00  4.328288722586654818e-08  4.328288722586654818e-08
1.614176610156200065e+00  4.746544932440480488e-05  4.746544932440480488e-05
1.714176610156200153e+00  7.044497282458163021e-03  7.044497282458163021e-03
1.814176610156200242e+00  1.414925102721079908e-01  1.414925102721079908e-01
1.914176610156199887e+00  3.846165195357230115e-01  3.846165195357230115e-01
2.014176610156200198e+00  1.414925102721067418e-01  1.414925102721067418e-01
2.114176610156199843e+00  7.044497282458040723e-03  7.044497282458040723e-03
2.214176610156200375e+00  4.746544932462973618e-05  4.746544932462973618e-05
2.314176610156200020e+00  4.328420049103389658e-08  4.328420049103389658e-08
2.414176610156199665e+00  2.015260860320326967e-09  2.015260860320326967e-09
2.514176610156200198e+00  8.108593294759210230e-07  8.108593294759210230e-07
2.614176610156199843e+00  8.622895045854300766e-05  8.622895045854300766e-05
2.714176610156199487e+00  2.417137594302523618e-03  2.417137594302523618e-03
2.814176610156200020e+00  1.786036528313578176e-02  1.786036528313578176e-02
2.914176610156199665e+00  3.478724144763452319e-02  3.478724144763452319e-02
3.014176610156200198e+00  1.786036528313556665e-02  1.786036528313556665e-02
3.114176610156199843e+00  2.417137594302573491e-03  2.417137594302573491e-03
3.214176610156200375e+00  8.622895054910480238e-05  8.622895054910480238e-05
3.314176610156200020e+00  8.109195678452882470e-07  8.109195678452882470e-07
3.414176610156199665e+00  1.674978416341452790e-08  1.674978416341452790e-08
3.514176610156200198e+00  1.326841661534782488e-06  1.326841661534782488e-06
3.614176610156199843e+00  4.393891781020245062e-05  4.393891781020245062e-05
3.714176610156200375e+00  5.352856008598866214e-04  5.352856008598866214e-04
3.814176610156200020e+00  2.398983626883071426e-03  2.398983626883071426e-03
3.914176610156199665e+00  3.955255333703444620e-03  3.955255333703444620e-03
4.014176610156200198e+00  2.398983626883054079e-03  2.398983626883054079e-03
4.114176610156199843e+00  5.352856008637661136e-04  5.352856008637661136e-04
4.214176610156200375e+00  4.393891937897941252e-05  4.393891937897941252e-05
4.314176610156200020e+00  1.327124765200930524e-06  1.327124765200930524e-06
4.414176610156199665e+00  3.790587095826677668e-08  3.790587095826677668e-08
4.514176610156200198e+00  8.478951616550191394e-07  8.478951616550191394e-07
4.614176610156199843e+00  1.394234592272970347e-05  1.394234592272970347e-05
4.714176610156200375e+00  1.030207755046087852e-04  1.030207755046087852e-04
4.814176610156200020e+00  3.420410201461250707e-04  3.420410201461250707e-04
4.914176610156199665e+00  5.102652414604034103e-04  5.102652414604034103e-04
5.014176610156200198e+00  3.420410201462567470e-04  3.420410201462567470e-04
5.114176610156199843e+00  1.030207755433122278e-04  1.030207755433122278e-04
5.214176610156200375e+00  1.394235158391767966e-05  1.394235158391767966e-05
5.314176610156200020e+00  8.482731944565992023e-07  8.482731944565992023e-07
5.414176610156199665e+00  4.031174056187359513e-08  4.031174056187359513e-08
5.514176610156200198e+00  3.446656990877783857e-07  3.446656990877783857e-07
5.614176610156199843e+00  3.551350373619248288e-06  3.551350373619248288e-06
5.714176610156200375e+00  1.880258091567162904e-05  1.880258091567162904e-05
5.814176610156200020e+00  5.111071402063312294e-05  5.111071402063312294e-05
5.914176610156199665e+00  7.133074754221528646e-05  7.133074754221528646e-05
6.014176610156200198e+00  5.111071402156618733e-05  5.111071402156618733e-05
6.114176610156199843e+00  1.880258103242434995e-05  1.880258103242434995e-05
6.214176610156200375e+00  3.551357569798321486e-06  3.551357569798321486e-06
6.314176610156200020e+00  3.447409112351466937e-07  3.447409112351466937e-07
6.414176610156199665e+00  2.547833023137193078e-08  2.547833023137193078e-08
6.514176610156199310e+00  1.094661479258050389e-07  1.094661479258050389e-07
6.614176610156200731e+00  8.056188487824457721e-07  8.056188487824457721e-07
6.714176610156200375e+00  3.361609105799591081e-06  3.361609105799591081e-06
6.814176610156200020e+00  7.921357601802124022e-06  7.921357601802124022e-06
6.914176610156199665e+00  1.054104718090456004e-05  1.054104718090456004e-05
7.014176610156199310e+00  7.921357604272426155e-06  7.921357604272426155e-06
7.114176610156200731e+00  3.361609249633335553e-06  3.361609249633335553e-06
7.214176610156200375e+00  8.056208609035055137e-07  8.056208609035055137e-07
7.314176610156200020e+00  1.092281096206981358e-07  1.092281096206981358e-07
7.414176610156199665e+00  1.146476619997110527e-08  1.146476619997110527e-08
7.514176610156199310e+00  3.007683450366705092e-08  3.007683450366705092e-08
7.614176610156200731e+00  1.710194750451656300e-07  1.710194750451656300e-07
7.714176610156200375e+00  5.968861474584668456e-07  5.968861474584668456e-07
7.814176610156200020e+00  1.263607729624325795e-06  1.263607729624325795e-06
7.914176610156199665e+00  1.622504440417649013e-06  1.622504440417649013e-06
8.014176610156201974e+00  1.263607732610019525e-06  1.263607732610019525e-06
8.114176610156199843e+00  5.968861983664811583e-07  5.968861983664811583e-07
8.214176610156201264e+00  1.710155186909870050e-07  1.710155186909870050e-07
8.314176610156199132e+00  2.980363609165030476e-08  2.980363609165030476e-08
8.414176610156200553e+00  4.128209988376872197e-09  4.128209988376872197e-09
8.514176610156201974e+00  7.560025291769079087e-09  7.560025291769079087e-09
8.614176610156199843e+00  3.487638347085064713e-08  3.487638347085064713e-08
8.714176610156201264e+00  1.059216963756973836e-07  1.059216963756973836e-07
8.814176610156199132e+00  2.063069406885012448e-07  2.063069406885012448e-07
8.914176610156200553e+00  2.576461864007615848e-07  2.576461864007615848e-07
9.014176610156201974e+00  2.063069419463303749e-07  2.063069419463303749e-07
9.114176610156201619e+00  1.059216295531102825e-07  1.059216295531102825e-07
9.214176610156201264e+00  3.487094482388029795e-08  3.487094482388029795e-08
9.314176610156200908e+00  7.391098587179250388e-09  7.391098587179250388e-09
9.414176610156200553e+00  1.278578914044054011e-09  1.278578914044054011e-09
9.514176610156201974e+00  1.795694029834068802e-09  1.795694029834068802e-09
9.614176610156201619e+00  6.936213562705330708e-09  6.936213562705330708e-09
9.714176610156201264e+00  1.884168308272070735e-08  1.884168308272070735e-08
9.814176610156200908e+00  3.433147631711671884e-08  3.433147631711671884e-08
9.914176610156200553e+00  4.193255521629887218e-08  4.193255521629887218e-08
1.001417661015620197e+01  3.433147518921918710e-08  3.433147518921918710e-08
1.011417661015620162e+01  1.884157306823822206e-08  1.884157306823822206e-08
1.021417661015620126e+01  6.932345683442696904e-09  6.932345683442696904e-09
1.031417661015620091e+01  1.719265223489116485e-09  1.719265223489116485e-09
1.041417661015620055e+01  3.564436410240003230e-10  3.564436410240003230e-10
