-1.598900278878458536e+00  8.758004159093029621e-08  8.758004159093029621e-08
-1.498900278878458447e+00  3.030740956845808739e-07  3.030740956845808739e-07
-1.398900278878458359e+00  1.004205377719588769e-06  1.004205377719588769e-06
-1.298900278878458714e+00  3.176490417453367888e-06  3.176490417453367888e-06
-1.198900278878458625e+00  9.574558364829011410e-06  9.574558364829011410e-06
-1.098900278878458536e+00  2.746804289982765382e-05  2.746804289982765382e-05
-9.989002788784584475e-01  7.494639522849238665e-05  7.494639522849238665e-05
-8.989002788784583586e-01  1.943925026227476672e-04  1.943925026227476672e-04
-7.989002788784584919e-01  4.791575058475495779e-04  4.791575058475495779e-04
-6.989002788784586251e-01  1.122167403853259081e-03  1.122167403853259081e-03
-5.989002788784585363e-01  2.496651904635566015e-03  2.496651904635566015e-03
-4.989002788784584475e-01  5.276420325441129322e-03  5.276420325441129322e-03
-3.989002788784583586e-01  1.059192853672553253e-02  1.059192853672553253e-02
-2.989002788784584919e-01  2.019515937626202920e-02  2.019515937626202920e-02
-1.989002788784584030e-01  3.657168511870180494e-02  3.657168511870180494e-02
-9.890027887845853627e-02  6.290163910133395042e-02  6.290163910133395042e-02
1.099721121541552549e-03  1.027534224773708066e-01  1.027534224773708066e-01
1.010997211215416414e-01  1.594226167941550920e-01  1.594226167941550920e-01
2.010997211215415081e-01  2.349248805903348669e-01  2.349248805903348669e-01
3.010997211215415970e-01  3.288097460735727728e-01  3.288097460735727728e-01
4.010997211215414637e-01  4.371340297679137121e-01  4.371340297679137121e-01
5.010997211215415525e-01  5.520337052808330647e-01  5.520337052808330647e-01
6.010997211215416414e-01  6.622737865483724340e-01  6.622737865483724340e-01
7.010997211215417302e-01  7.549011816586127521e-01  7.549011816586127521e-01
8.010997211215418190e-01  8.177351526278632265e-01  8.177351526278632265e-01
9.010997211215414637e-01  8.420559710657734565e-01  8.420559710657734565e-01
1.001099721121541553e+00  8.246759282162064997e-01  8.246759282162064997e-01
1.101099721121541641e+00  7.687116109621928706e-01  7.687116109621928706e-01
1.201099721121541730e+00  6.827940979330612281e-01  6.827940979330612281e-01
1.301099721121541819e+00  5.789850606294952851e-01  5.789850606294952851e-01
1.401099721121541464e+00  4.700835039466607634e-01  4.700835039466607634e-01
1.501099721121541553e+00  3.671408492289072734e-01  3.671408492289072734e-01
1.601099721121541641e+00  2.778234236141389202e-01  2.778234236141389202e-01
1.701099721121541730e+00  2.058852069778079885e-01  2.058852069778079885e-01
1.801099721121541819e+00  1.516217042628684730e-01  1.516217042628684730e-01
1.901099721121541464e+00  1.129204391720328021e-01  1.129204391720328021e-01
2.001099721121541553e+00  8.646453491912464706e-02  8.646453491912464706e-02
2.101099721121541641e+00  6.874724358536765667e-02  6.874724358536765667e-02
2.201099721121541730e+00  5.672904566780451185e-02  5.672904566780451185e-02
2.301099721121541819e+00  4.812928970814695645e-02  4.812928970814695645e-02
2.401099721121541464e+00  4.144260921288073912e-02  4.144260921288073912e-02
2.501099721121541997e+00  3.580029024178550678e-02  3.580029024178550678e-02
2.601099721121541641e+00  3.077925091685440595e-02  3.077925091685440595e-02
2.701099721121541286e+00  2.622413664258246499e-02  2.622413664258246499e-02
2.801099721121541819e+00  2.211217008510449680e-02  2.211217008510449680e-02
2.901099721121541464e+00  1.846561481677582231e-02  1.846561481677582231e-02
3.001099721121541997e+00  1.530400448904161576e-02  1.530400448904161576e-02
3.101099721121541641e+00  1.262434301418236329e-02  1.262434301418236329e-02
3.201099721121542174e+00  1.039828570667962818e-02  1.039828570667962818e-02
3.301099721121541819e+00  8.577906334404198502e-03  8.577906334404198502e-03
3.401099721121541464e+00  7.104424957764614822e-03  7.104424957764614822e-03
3.501099721121541997e+00  5.916572104813716884e-03  5.916572104813716884e-03
3.601099721121541641e+00  4.956958783045263203e-03  4.956958783045263203e-03
3.701099721121542174e+00  4.175964508945726600e-03  4.175964508945726600e-03
3.801099721121541819e+00  3.533348778756751751e-03  3.533348778756751751e-03
3.901099721121541464e+00  2.998138018490516428e-03  2.998138018490516428e-03
4.001099721121541997e+00  2.547436910298650839e-03  2.547436910298650839e-03
4.101099721121541641e+00  2.164749757050775034e-03  2.164749757050775034e-03
4.201099721121542174e+00  1.838252181991438918e-03  1.838252181991438918e-03
4.301099721121541819e+00  1.559286564090259968e-03  1.559286564090259968e-03
4.401099721121541464e+00  1.321206194503097339e-03  1.321206194503097339e-03
4.501099721121541997e+00  1.118583398866384183e-03  1.118583398866384183e-03
4.601099721121541641e+00  9.467302389075657248e-04  9.467302389075657248e-04
4.701099721121542174e+00  8.014511515290676218e-04  8.014511515290676218e-04
4.801099721121541819e+00  6.789445021743405325e-04  6.789445021743405325e-04
4.901099721121541464e+00  5.757833750285259880e-04  5.757833750285259880e-04
5.001099721121541997e+00  4.889256892005134714e-04  4.889256892005134714e-04
5.101099721121541641e+00  4.157234715955132414e-04  4.157234715955132414e-04
5.201099721121542174e+00  3.539172350882995011e-04  3.539172350882995011e-04
5.301099721121541819e+00  3.016125773630221225e-04  3.016125773630221225e-04
5.401099721121541464e+00  2.572425126162423970e-04  2.572425126162423970e-04
5.501099721121541997e+00  2.195216563084687544e-04  2.195216563084687544e-04
5.601099721121541641e+00  1.873984431674000995e-04  1.873984431674000995e-04
5.701099721121542174e+00  1.600102263763881019e-04  1.600102263763881019e-04
5.801099721121541819e+00  1.366442775365835061e-04  1.366442775365835061e-04
5.901099721121541464e+00  1.167059703326426472e-04  1.167059703326426472e-04
6.001099721121541997e+00  9.969409399826687748e-05  9.969409399826687748e-05
6.101099721121541641e+00  8.518240096936238010e-05  8.518240096936238010e-05
6.201099721121542174e+00  7.280610504584174270e-05  7.280610504584174270e-05
6.301099721121541819e+00  6.225200137769072641e-05  6.225200137769072641e-05
6.401099721121541464e+00  5.325104880686292493e-05  5.325104880686292493e-05
6.501099721121541108e+00  4.557252356018016499e-05  4.557252356018016499e-05
6.601099721121542530e+00  3.901913555288696959e-05  3.901913555288696959e-05
6.701099721121542174e+00  3.342274212829012204e-05  3.342274212829012204e-05
6.801099721121541819e+00  2.864047518343557222e-05  2.864047518343557222e-05
6.901099721121541464e+00  2.455121356763496752e-05  2.455121356763496752e-05
7.001099721121541108e+00  2.105239327886427578e-05  2.105239327886427578e-05
7.101099721121542530e+00  1.805716869889997616e-05  1.805716869889997616e-05
7.201099721121542174e+00  1.549193464194182826e-05  1.549193464194182826e-05
7.301099721121541819e+00  1.329420443814013813e-05  1.329420443814013813e-05
7.401099721121541464e+00  1.141082284226775615e-05  1.141082284226775615e-05
7.501099721121541108e+00  9.796479577155383178e-06  9.796479577155383178e-06
7.601099721121542530e+00  8.412481955052835591e-06  8.412481955052835591e-06
7.701099721121542174e+00  7.225743257662299950e-06  7.225743257662299950e-06
7.801099721121541819e+00  6.207946178460063303e-06  6.207946178460063303e-06
7.901099721121541464e+00  5.334845983506018101e-06  5.334845983506018101e-06
8.001099721121542885e+00  4.585684555417469477e-06  4.585684555417469477e-06
8.101099721121542530e+00  3.942692935459289913e-06  3.942692935459289913e-06
8.201099721121542174e+00  3.390665605452051801e-06  3.390665605452051801e-06
8.301099721121541819e+00  2.916594202647197641e-06  2.916594202647197641e-06
8.401099721121541464e+00  2.509351599098473440e-06  2.509351599098473440e-06
8.501099721121542885e+00  2.159419461091581837e-06  2.159419461091581837e-06
8.601099721121542530e+00  1.858653783387298452e-06  1.858653783387298452e-06
8.701099721121542174e+00  1.600083728741456844e-06  1.600083728741456844e-06
8.801099721121541819e+00  1.377739619932327466e-06  1.377739619932327466e-06
8.901099721121541464e+00  1.186506295099175126e-06  1.186506295099175126e-06
9.001099721121542885e+00  1.021998352133618677e-06  1.021998352133618677e-06
9.101099721121542530e+00  8.804541269897403279e-07  8.804541269897403279e-07
9.201099721121542174e+00  7.586455897942903437e-07  7.586455897942903437e-07
9.301099721121541819e+00  6.538016950797751502e-07  6.538016950797751502e-07
9.401099721121541464e+00  5.635430721145887899e-07  5.635430721145887899e-07
9.501099721121542885e+00  4.858262708980581844e-07  4.858262708980581844e-07
9.601099721121542530e+00  4.188960755794356269e-07  4.188960755794356269e-07
9.701099721121542174e+00  3.612446523633315647e-07  3.612446523633315647e-07
9.801099721121541819e+00  3.115765116062072240e-07  3.115765116062072240e-07
9.901099721121541464e+00  2.687784364297153715e-07  2.687784364297153715e-07
1.000109972112154288e+01  2.318936681354590824e-07  2.318936681354590824e-07
1.010109972112154253e+01  2.000997484867620258e-07  2.000997484867620258e-07
1.020109972112154217e+01  1.726895069201071955e-07  1.726895069201071955e-07
1.030109972112154182e+01  1.490547525046688812e-07  1.490547525046688812e-07
1.040109972112154146e+01  1.286722903321738125e-07  1.286722903321738125e-07
