-1.598900837663293828e+00  3.710632703198346024e-19  3.710632703198346024e-19
-1.498900837663293739e+00  9.877552879109004868e-18  9.877552879109004868e-18
-1.398900837663293650e+00  2.408684978318533036e-16  2.408684978318533036e-16
-1.298900837663294006e+00  5.214816108877581599e-15  5.214816108877581599e-15
-1.198900837663293917e+00  9.909954109550014732e-14  9.909954109550014732e-14
-1.098900837663293828e+00  1.646179938105494516e-12  1.646179938105494516e-12
-9.989008376632937392e-01  2.386595606974876341e-11  2.386595606974876341e-11
-8.989008376632936503e-01  3.017932213617626496e-10  3.017932213617626496e-10
-7.989008376632937836e-01  3.327811866878938118e-09  3.327811866878938118e-09
-6.989008376632939168e-01  3.199474085724809128e-08  3.199474085724809128e-08
-5.989008376632938280e-01  2.681927236898160081e-07  2.681927236898160081e-07
-4.989008376632937392e-01  1.959988076218102751e-06  1.959988076218102751e-06
-3.989008376632936503e-01  1.248799363543314852e-05  1.248799363543314852e-05
-2.989008376632937836e-01  6.936845375935119646e-05  6.936845375935119646e-05
-1.989008376632936947e-01  3.359387279556791698e-04  3.359387279556791698e-04
-9.890083766329382797e-02  1.418359034434132741e-03  1.418359034434132741e-03
1.099162336706260845e-03  5.220836990470003290e-03  5.220836990470003290e-03
1.010991623367063497e-01  1.675413977261206583e-02  1.675413977261206583e-02
2.010991623367062164e-01  4.687408993927756617e-02  4.687408993927756617e-02
3.010991623367063053e-01  1.143335450839604028e-01  1.143335450839604028e-01
4.010991623367061720e-01  2.431348936398430860e-01  2.431348936398430860e-01
5.010991623367062608e-01  4.507741026203889168e-01  4.507741026203889168e-01
6.010991623367063497e-01  7.286503649022456619e-01  7.286503649022456619e-01
7.010991623367064385e-01  1.026951566010051886e+00  1.026951566010051886e+00
8.010991623367065273e-01  1.262116306086127349e+00  1.262116306086127349e+00
9.010991623367061720e-01  1.352938032979326133e+00  1.352938032979326133e+00
1.001099162336706261e+00  1.265762731544497033e+00  1.265762731544497033e+00
1.101099162336706350e+00  1.035141498136826765e+00  1.035141498136826765e+00
1.201099162336706438e+00  7.430546997000571086e-01  7.430546997000571086e-01
1.301099162336706527e+00  4.735547581204488377e-01  4.735547581204488377e-01
1.401099162336706172e+00  2.764705453723025896e-01  2.764705453723025896e-01
1.501099162336706261e+00  1.597848508614905239e-01  1.597848508614905239e-01
1.601099162336706350e+00  1.047209025115223707e-01  1.047209025115223707e-01
1.701099162336706438e+00  8.552151062933006920e-02  8.552151062933006920e-02
1.801099162336706527e+00  8.161261914892624370e-02  8.161261914892624370e-02
1.901099162336706172e+00  8.076538846904400548e-02  8.076538846904400548e-02
2.001099162336706261e+00  7.747375386557914245e-02  7.747375386557914245e-02
2.101099162336706350e+00  7.037908106803396346e-02  7.037908106803396346e-02
2.201099162336706438e+00  6.028503575798753455e-02  6.028503575798753455e-02
2.301099162336706527e+00  4.886239556557078756e-02  4.886239556557078756e-02
2.401099162336706172e+00  3.781355240867418505e-02  3.781355240867418505e-02
2.501099162336706705e+00  2.837572660235179733e-02  2.837572660235179733e-02
2.601099162336706350e+00  2.112870817074141705e-02  2.112870817074141705e-02
2.701099162336705994e+00  1.605399540379482196e-02  1.605399540379482196e-02
2.801099162336706527e+00  1.274308596849167002e-02  1.274308596849167002e-02
2.901099162336706172e+00  1.063864155315177515e-02  1.063864155315177515e-02
3.001099162336706705e+00  9.223082535336766738e-03  9.223082535336766738e-03
3.101099162336706350e+00  8.119825817192402942e-03  8.119825817192402942e-03
3.201099162336706883e+00  7.114887665662623407e-03  7.114887665662623407e-03
3.301099162336706527e+00  6.127717798852370078e-03  6.127717798852370078e-03
3.401099162336706172e+00  5.161900721778310379e-03  5.161900721778310379e-03
3.501099162336706705e+00  4.257720402786193716e-03  4.257720402786193716e-03
3.601099162336706350e+00  3.457795007741977251e-03  3.457795007741977251e-03
3.701099162336706883e+00  2.788478706326731095e-03  2.788478706326731095e-03
3.801099162336706527e+00  2.254624198299911425e-03  2.254624198299911425e-03
3.901099162336706172e+00  1.843109334625865105e-03  1.843109334625865105e-03
4.001099162336706705e+00  1.530358311269294303e-03  1.530358311269294303e-03
4.101099162336706350e+00  1.290101478624399757e-03  1.290101478624399757e-03
4.201099162336706883e+00  1.099126799649863652e-03  1.099126799649863652e-03
4.301099162336706527e+00  9.402413686899638388e-04  9.402413686899638388e-04
4.401099162336706172e+00  8.027370909938928495e-04  8.027370909938928495e-04
4.501099162336706705e+00  6.812126281650029199e-04  6.812126281650029199e-04
4.601099162336706350e+00  5.737012061942983179e-04  5.737012061942983179e-04
4.701099162336706883e+00  4.798527524452928265e-04  4.798527524452928265e-04
4.801099162336706527e+00  3.995986046706415519e-04  3.995986046706415519e-04
4.901099162336706172e+00  3.324252624640535456e-04  3.324252624640535456e-04
5.001099162336706705e+00  2.771740572845076897e-04  2.771740572845076897e-04
5.101099162336706350e+00  2.321831416861889954e-04  2.321831416861889954e-04
5.201099162336706883e+00  1.955773695005939687e-04  1.955773695005939687e-04
5.301099162336706527e+00  1.655557678672799158e-04  1.655557678672799158e-04
5.401099162336706172e+00  1.405911003637536538e-04  1.405911003637536538e-04
5.501099162336706705e+00  1.195161725628837403e-04  1.195161725628837403e-04
5.601099162336706350e+00  1.015133472729175235e-04  1.015133472729175235e-04
5.701099162336706883e+00  8.604384466022864473e-05  8.604384466022864473e-05
5.801099162336706527e+00  7.275542607034133865e-05  7.275542607034133865e-05
5.901099162336706172e+00  6.139786939636540067e-05  6.139786939636540067e-05
6.001099162336706705e+00  5.176226231454871408e-05  5.176226231454871408e-05
6.101099162336706350e+00  4.364784112368658132e-05  4.364784112368658132e-05
6.201099162336706883e+00  3.685172628244851934e-05  3.685172628244851934e-05
6.301099162336706527e+00  3.117309188119383697e-05  3.117309188119383697e-05
6.401099162336706172e+00  2.642322308498759045e-05  2.642322308498759045e-05
6.501099162336705817e+00  2.243507945771021177e-05  2.243507945771021177e-05
6.601099162336707238e+00  1.906891667846511364e-05  1.906891667846511364e-05
6.701099162336706883e+00  1.621314275582047594e-05  1.621314275582047594e-05
6.801099162336706527e+00  1.378133534535235499e-05  1.378133534535235499e-05
6.901099162336706172e+00  1.170711913134434954e-05  1.170711913134434954e-05
7.001099162336705817e+00  9.938591226642789751e-06  9.938591226642789751e-06
7.101099162336707238e+00  8.433510527834615851e-06  8.433510527834615851e-06
7.201099162336706883e+00  7.155847618244883047e-06  7.155847618244883047e-06
7.301099162336706527e+00  6.073751027088378248e-06  6.073751027088378248e-06
7.401099162336706172e+00  5.158637286151580765e-06  5.158637286151580765e-06
7.501099162336705817e+00  4.384973097013433599e-06  4.384973097013433599e-06
7.601099162336707238e+00  3.730342383979425678e-06  3.730342383979425678e-06
7.701099162336706883e+00  3.175508132367358386e-06  3.175508132367358386e-06
7.801099162336706527e+00  2.704321441014282509e-06  2.704321441014282509e-06
7.901099162336706172e+00  2.303450934785373339e-06  2.303450934785373339e-06
8.001099162336707593e+00  1.961981916897269689e-06  1.961981916897269689e-06
8.101099162336707238e+00  1.670964472995813700e-06  1.670964472995813700e-06
8.201099162336706883e+00  1.422984232334919315e-06  1.422984232334919315e-06
8.301099162336706527e+00  1.211804590772839120e-06  1.211804590772839120e-06
8.401099162336706172e+00  1.032099572405241493e-06  1.032099572405241493e-06
8.501099162336707593e+00  8.792721745044560398e-07  8.792721745044560398e-07
8.601099162336707238e+00  7.493385862080121983e-07  7.493385862080121983e-07
8.701099162336706883e+00  6.388541953766944017e-07  6.388541953766944017e-07
8.801099162336706527e+00  5.448601811769487210e-07  5.448601811769487210e-07
8.901099162336706172e+00  4.648361745233178295e-07  4.648361745233178295e-07
9.001099162336707593e+00  3.966517789106773478e-07  3.966517789106773478e-07
9.101099162336707238e+00  3.385155810481199424e-07  3.385155810481199424e-07
9.201099162336706883e+00  2.889237539100250713e-07  2.889237539100250713e-07
9.301099162336706527e+00  2.466115425006252622e-07  2.466115425006252622e-07
9.401099162336706172e+00  2.105104687964989623e-07  2.105104687964989623e-07
9.501099162336707593e+00  1.797128134820247972e-07  1.797128134820247972e-07
9.601099162336707238e+00  1.534435335869112277e-07  1.534435335869112277e-07
9.701099162336706883e+00  1.310387090687182374e-07  1.310387090687182374e-07
9.801099162336706527e+00  1.119290576614017106e-07  1.119290576614017106e-07
9.901099162336706172e+00  9.562698425043109580e-08  9.562698425043109580e-08
1.000109916233670759e+01  8.171588803229071508e-08  8.171588803229071508e-08
1.010109916233670724e+01  6.984085576789006643e-08  6.984085576789006643e-08
1.020109916233670688e+01  5.970027036419519476e-08  5.970027036419519476e-08
1.030109916233670653e+01  5.103816753668070448e-08  5.103816753668070448e-08
1.040109916233670617e+01  4.363734695358484147e-08  4.363734695358484147e-08
