-1.520408200754329808e+00  3.339461910588857265e-07  3.339461910588857265e-07
-1.420408200754329719e+00  1.057295759073947875e-06  1.057295759073947875e-06
-1.320408200754330075e+00  3.198582964327736314e-06  3.198582964327736314e-06
-1.220408200754329542e+00  9.240387338802734916e-06  9.240387338802734916e-06
-1.120408200754329897e+00  2.548147899642921990e-05  2.548147899642921990e-05
-1.020408200754329808e+00  6.705837103581296183e-05  6.705837103581296183e-05
-9.204082007543297195e-01  1.683858262778794050e-04  1.683858262778794050e-04
-8.204082007543296307e-01  4.034006122783342007e-04  4.034006122783342007e-04
-7.204082007543297639e-01  9.219677885135762552e-04  9.219677885135762552e-04
-6.204082007543298971e-01  2.010123577802480719e-03  2.010123577802480719e-03
-5.204082007543298083e-01  4.180649661260707473e-03  4.180649661260707473e-03
-4.204082007543297195e-01  8.294102273107418002e-03  8.294102273107418002e-03
-3.204082007543296307e-01  1.569615164442264565e-02  1.569615164442264565e-02
-2.204082007543297639e-01  2.833419577097174430e-02  2.833419577097174430e-02
-1.204082007543296751e-01  4.878875919162813102e-02  4.878875919162813102e-02
-2.040820075432980829e-02  8.013427676718846981e-02  8.013427676718846981e-02
7.959179924567028053e-02  1.255469165812498622e-01  1.255469165812498622e-01
1.795917992456703693e-01  1.876218638035575814e-01  1.876218638035575814e-01
2.795917992456702361e-01  2.674557993160025515e-01  2.674557993160025515e-01
3.795917992456703249e-01  3.636758792027088294e-01  3.636758792027088294e-01
4.795917992456701917e-01  4.717100879448976047e-01  4.717100879448976047e-01
5.795917992456702805e-01  5.836337854372398715e-01  5.836337854372398715e-01
6.795917992456703693e-01  6.888421166970434273e-01  6.888421166970434273e-01
7.795917992456704582e-01  7.755803108146213098e-01  7.755803108146213098e-01
8.795917992456705470e-01  8.330710306140833854e-01  8.330710306140833854e-01
9.795917992456701917e-01  8.537206323082279225e-01  8.537206323082279225e-01
1.079591799245670281e+00  8.347831752353448431e-01  8.347831752353448431e-01
1.179591799245670369e+00  7.789785693486689366e-01  7.789785693486689366e-01
1.279591799245670458e+00  6.938717899078861162e-01  6.938717899078861162e-01
1.379591799245670547e+00  5.902070316023657615e-01  5.902070316023657615e-01
1.479591799245670192e+00  4.797010412985336925e-01  4.797010412985336925e-01
1.579591799245670281e+00  3.729171031320544505e-01  3.729171031320544505e-01
1.679591799245670369e+00  2.777377450067256559e-01  2.777377450067256559e-01
1.779591799245670458e+00  1.986965571439477107e-01  1.986965571439477107e-01
1.879591799245670547e+00  1.371363615184762186e-01  1.371363615184762186e-01
1.979591799245670192e+00  9.194319288236244003e-02  9.194319288236244003e-02
2.079591799245670281e+00  6.052044460496020656e-02  6.052044460496020656e-02
2.179591799245670369e+00  3.970769234189176072e-02  3.970769234189176072e-02
2.279591799245670458e+00  2.646260864651758110e-02  2.646260864651758110e-02
2.379591799245670547e+00  1.825033470350780063e-02  1.825033470350780063e-02
2.479591799245670192e+00  1.317833422327780585e-02  1.317833422327780585e-02
2.579591799245670725e+00  9.959765563813862549e-03  9.959765563813862549e-03
2.679591799245670369e+00  7.791559595959157009e-03  7.791559595959157009e-03
2.779591799245670014e+00  6.212424442922738661e-03  6.212424442922738661e-03
2.879591799245670547e+00  4.978363187939702401e-03  4.978363187939702401e-03
2.979591799245670192e+00  3.970142340770728764e-03  3.970142340770728764e-03
3.079591799245670725e+00  3.132609729169821486e-03  3.132609729169821486e-03
3.179591799245670369e+00  2.439157669067081643e-03  2.439157669067081643e-03
3.279591799245670902e+00  1.873293729390741432e-03  1.873293729390741432e-03
3.379591799245670547e+00  1.420533154593322384e-03  1.420533154593322384e-03
3.479591799245670192e+00  1.065822942064608304e-03  1.065822942064608304e-03
3.579591799245670725e+00  7.935153227297482613e-04  7.935153227297482613e-04
3.679591799245670369e+00  5.882253915124499013e-04  5.882253915124499013e-04
3.779591799245670902e+00  4.357499695363338988e-04  4.357499695363338988e-04
3.879591799245670547e+00  3.237144117318833535e-04  3.237144117318833535e-04
3.979591799245670192e+00  2.418742920059965536e-04  2.418742920059965536e-04
4.079591799245671169e+00  1.821211056622361356e-04  1.821211056622361356e-04
4.179591799245670813e+00  1.382847147338997973e-04  1.382847147338997973e-04
4.279591799245670458e+00  1.058268337035295247e-04  1.058268337035295247e-04
4.379591799245670103e+00  8.150170889413366562e-05  8.150170889413366562e-05
4.479591799245669748e+00  6.303570392771014374e-05  6.303570392771014374e-05
4.579591799245671169e+00  4.885438627555611403e-05  4.885438627555611403e-05
4.679591799245670813e+00  3.786758323356129510e-05  3.786758323356129510e-05
4.779591799245670458e+00  2.931076941356494019e-05  2.931076941356494019e-05
4.879591799245670103e+00  2.263450903112365932e-05  2.263450903112365932e-05
4.979591799245669748e+00  1.743120158550140729e-05  1.743120158550140729e-05
5.079591799245671169e+00  1.338860559987986956e-05  1.338860559987986956e-05
5.179591799245670813e+00  1.026126893640439840e-05  1.026126893640439840e-05
5.279591799245670458e+00  7.853143967623032722e-06  7.853143967623032722e-06
5.379591799245670103e+00  6.006733617661694402e-06  6.006733617661694402e-06
5.479591799245669748e+00  4.595813221749309593e-06  4.595813221749309593e-06
5.579591799245671169e+00  3.520018765808089294e-06  3.520018765808089294e-06
5.679591799245670813e+00  2.700417906691946678e-06  2.700417906691946678e-06
5.779591799245670458e+00  2.075673142195623602e-06  2.075673142195623602e-06
5.879591799245670103e+00  1.598664704276006864e-06  1.598664704276006864e-06
5.979591799245669748e+00  1.233550685849934963e-06  1.233550685849934963e-06
6.079591799245671169e+00  9.532694490400287375e-07  9.532694490400287375e-07
6.179591799245670813e+00  7.374790722623091950e-07  7.374790722623091950e-07
6.279591799245670458e+00  5.709072067960922776e-07  5.709072067960922776e-07
6.379591799245670103e+00  4.420659169251367394e-07  4.420659169251367394e-07
6.479591799245669748e+00  3.422750836356558978e-07  3.422750836356558978e-07
6.579591799245669392e+00  2.649351529047936378e-07  2.649351529047936378e-07
6.679591799245670813e+00  2.049935552946001927e-07  2.049935552946001927e-07
6.779591799245670458e+00  1.585565314953104314e-07  1.585565314953104314e-07
6.879591799245670103e+00  1.226071227423771031e-07  1.226071227423771031e-07
6.979591799245669748e+00  9.479907645437813077e-08  9.479907645437813077e-08
7.079591799245669392e+00  7.330437646684381682e-08  7.330437646684381682e-08
7.179591799245670813e+00  5.669858042253118453e-08  5.669858042253118453e-08
7.279591799245670458e+00  4.387306733742530552e-08  4.387306733742530552e-08
7.379591799245670103e+00  3.396682926301915946e-08  3.396682926301915946e-08
7.479591799245669748e+00  2.631285028653055721e-08  2.631285028653055721e-08
7.579591799245669392e+00  2.039569078737388882e-08  2.039569078737388882e-08
7.679591799245670813e+00  1.581789106657961672e-08  1.581789106657961672e-08
7.779591799245670458e+00  1.227342963420666928e-08  1.227342963420666928e-08
7.879591799245670103e+00  9.526864798931484274e-09  9.526864798931484274e-09
7.979591799245669748e+00  7.397051548825708644e-09  7.397051548825708644e-09
8.079591799245671169e+00  5.744518498894912208e-09  5.744518498894912208e-09
8.179591799245670813e+00  4.461744535005888263e-09  4.461744535005888263e-09
8.279591799245670458e+00  3.465707362979448157e-09  3.465707362979448157e-09
8.379591799245670103e+00  2.692192597145731392e-09  2.692192597145731392e-09
8.479591799245669748e+00  2.091453889673775692e-09  2.091453889673775692e-09
8.579591799245671169e+00  1.624901978651272058e-09  1.624901978651272058e-09
8.679591799245670813e+00  1.262573491982638760e-09  1.262573491982638760e-09
8.779591799245670458e+00  9.811895441633073685e-10  9.811895441633073685e-10
8.879591799245670103e+00  7.626608935624957394e-10  7.626608935624957394e-10
8.979591799245669748e+00  5.929324127441186617e-10  5.929324127441186617e-10
9.079591799245671169e+00  4.610867633804882247e-10  4.610867633804882247e-10
9.179591799245670813e+00  3.586473133077449894e-10  3.586473133077449894e-10
9.279591799245670458e+00  2.790351411489685137e-10  2.790351411489685137e-10
9.379591799245670103e+00  2.171458239730597494e-10  2.171458239730597494e-10
9.479591799245669748e+00  1.690196840707813281e-10  1.690196840707813281e-10
9.579591799245671169e+00  1.315851007998248159e-10  1.315851007998248159e-10
9.679591799245670813e+00  1.024589644728537103e-10  1.024589644728537103e-10
9.779591799245670458e+00  7.979177602235448580e-11  7.979177602235448580e-11
9.879591799245670103e+00  6.214756279164118663e-11  6.214756279164118663e-11
9.979591799245669748e+00  4.841088029649309507e-11  4.841088029649309507e-11
1.007959179924567117e+01  3.771483441034034298e-11  3.771483441034034298e-11
1.017959179924567081e+01  2.938538123983242118e-11  2.938538123983242118e-11
1.027959179924567046e+01  2.289821137510064665e-11  2.289821137510064665e-11
1.037959179924567010e+01  1.784535395245844212e-11  1.784535395245844212e-11
1.047959179924566975e+01  1.390928641842353402e-11  1.390928641842353402e-11
