-1.586956331721657953e+00  3.744632669626068456e-11  3.744632669626068456e-11
-1.486956331721658309e+00  2.396148710790595846e-10  2.396148710790595846e-10
-1.386956331721658220e+00  1.441231745211911900e-09  1.441231745211911900e-09
-1.286956331721658131e+00  8.091361977998425779e-09  8.091361977998425779e-09
-1.186956331721658486e+00  4.224342304032499099e-08  4.224342304032499099e-08
-1.086956331721657953e+00  2.046836508398613667e-07  2.046836508398613667e-07
-9.869563317216580867e-01  9.194461120878550208e-07  9.194461120878550208e-07
-8.869563317216582199e-01  3.826749007531115634e-06  3.826749007531115634e-06
-7.869563317216581311e-01  1.475190207571611147e-05  1.475190207571611147e-05
-6.869563317216580423e-01  5.266180718512564765e-05  5.266180718512564765e-05
-5.869563317216581755e-01  1.740696664557927370e-04  1.740696664557927370e-04
-4.869563317216580867e-01  5.327210024558061722e-04  5.327210024558061722e-04
-3.869563317216579978e-01  1.509410819100149995e-03  1.509410819100149995e-03
-2.869563317216581311e-01  3.959448791614532566e-03  3.959448791614532566e-03
-1.869563317216580423e-01  9.615567994393602394e-03  9.615567994393602394e-03
-8.695633172165817548e-02  2.161845038791757045e-02  2.161845038791757045e-02
1.304366827834191334e-02  4.499688781081698924e-02  4.499688781081698924e-02
1.130436682783420022e-01  8.670612911256471433e-02  8.670612911256471433e-02
2.130436682783418689e-01  1.546785385204416940e-01  1.546785385204416940e-01
3.130436682783419577e-01  2.554641449092540650e-01  2.554641449092540650e-01
4.130436682783418245e-01  3.906256579131172635e-01  3.906256579131172635e-01
5.130436682783419133e-01  5.530201573389060821e-01  5.530201573389060821e-01
6.130436682783420022e-01  7.249378199410980717e-01  7.249378199410980717e-01
7.130436682783420910e-01  8.800153522008429263e-01  8.800153522008429263e-01
8.130436682783421798e-01  9.894505287505892532e-01  9.894505287505892532e-01
9.130436682783418245e-01  1.030762221135502976e+00  1.030762221135502976e+00
1.013043668278341913e+00  9.955016271539240957e-01  9.955016271539240957e-01
1.113043668278342002e+00  8.923023483798000477e-01  8.923023483798000477e-01
1.213043668278342091e+00  7.437581863652702463e-01  7.437581863652702463e-01
1.313043668278342180e+00  5.786543751619386278e-01  5.786543751619386278e-01
1.413043668278341825e+00  4.231771690871948821e-01  4.231771690871948821e-01
1.513043668278341913e+00  2.947043530545192525e-01  2.947043530545192525e-01
1.613043668278342002e+00  1.999339734747092034e-01  1.999339734747092034e-01
1.713043668278342091e+00  1.368184199824447056e-01  1.368184199824447056e-01
1.813043668278342180e+00  9.837179259173696455e-02  9.837179259173696455e-02
1.913043668278341825e+00  7.636053378300407257e-02  7.636053378300407257e-02
2.013043668278341691e+00  6.372502585880719661e-02  6.372502585880719661e-02
2.113043668278342224e+00  5.555267368943194589e-02  5.555267368943194589e-02
2.213043668278341869e+00  4.901964176706496285e-02  4.901964176706496285e-02
2.313043668278342402e+00  4.285309380422369641e-02  4.285309380422369641e-02
2.413043668278342047e+00  3.672058867173775415e-02  3.672058867173775415e-02
2.513043668278342579e+00  3.074421457028630664e-02  3.074421457028630664e-02
2.613043668278342224e+00  2.518542047117156707e-02  2.518542047117156707e-02
2.713043668278341869e+00  2.027461189228940697e-02  2.027461189228940697e-02
2.813043668278342402e+00  1.614134185457365492e-02  1.614134185457365492e-02
2.913043668278342047e+00  1.280575211272328394e-02  1.280575211272328394e-02
3.013043668278342579e+00  1.020193689175884558e-02  1.020193689175884558e-02
3.113043668278342224e+00  8.212922297892307280e-03  8.212922297892307280e-03
3.213043668278342757e+00  6.704265824716744600e-03  6.704265824716744600e-03
3.313043668278342402e+00  5.549285932966161079e-03  5.549285932966161079e-03
3.413043668278342047e+00  4.643679938634712873e-03  4.643679938634712873e-03
3.513043668278342579e+00  3.910563436333711930e-03  3.910563436333711930e-03
3.613043668278342224e+00  3.298684359470534580e-03  3.298684359470534580e-03
3.713043668278342757e+00  2.776952047935433467e-03  2.776952047935433467e-03
3.813043668278342402e+00  2.327922122009504560e-03  2.327922122009504560e-03
3.913043668278342047e+00  1.941981001157472514e-03  1.941981001157472514e-03
4.013043668278342579e+00  1.613066002949007597e-03  1.613066002949007597e-03
4.113043668278342224e+00  1.336059837532889514e-03  1.336059837532889514e-03
4.213043668278342757e+00  1.105581803827125316e-03  1.105581803827125316e-03
4.313043668278342402e+00  9.157310287542349192e-04  9.157310287542349192e-04
4.413043668278342047e+00  7.603431401025241131e-04  7.603431401025241131e-04
4.513043668278342579e+00  6.334197248335839700e-04  6.334197248335839700e-04
4.613043668278342224e+00  5.295159095172533286e-04  5.295159095172533286e-04
4.713043668278342757e+00  4.439852545221395692e-04  4.439852545221395692e-04
4.813043668278342402e+00  3.730640385021974067e-04  3.730640385021974067e-04
4.913043668278342047e+00  3.138253632271612915e-04  3.138253632271612915e-04
5.013043668278342579e+00  2.640526787465258610e-04  2.640526787465258610e-04
5.113043668278342224e+00  2.220813931246972686e-04  2.220813931246972686e-04
5.213043668278342757e+00  1.866454542807820314e-04  1.866454542807820314e-04
5.313043668278342402e+00  1.567506292660031169e-04  1.567506292660031169e-04
5.413043668278342047e+00  1.315825434761660497e-04  1.315825434761660497e-04
5.513043668278342579e+00  1.104477830054137162e-04  1.104477830054137162e-04
5.613043668278342224e+00  9.274099723174941755e-05  9.274099723174941755e-05
5.713043668278342757e+00  7.792926928843330037e-05  7.792926928843330037e-05
5.813043668278342402e+00  6.554583674744089055e-05  6.554583674744089055e-05
5.913043668278342047e+00  5.518730762797480953e-05  5.518730762797480953e-05
6.013043668278342579e+00  4.651085197073098407e-05  4.651085197073098407e-05
6.113043668278342224e+00  3.922984348124712833e-05  3.922984348124712833e-05
6.213043668278342757e+00  3.310780578077675149e-05  3.310780578077675149e-05
6.313043668278342402e+00  2.795126210361465434e-05  2.795126210361465434e-05
6.413043668278342047e+00  2.360232114296411830e-05  2.360232114296411830e-05
6.513043668278341691e+00  1.993173591365792293e-05  1.993173591365792293e-05
6.613043668278343112e+00  1.683291959488742535e-05  1.683291959488742535e-05
6.713043668278342757e+00  1.421712283306637513e-05  1.421712283306637513e-05
6.813043668278342402e+00  1.200974929958531308e-05  1.200974929958531308e-05
6.913043668278342047e+00  1.014764238514850093e-05  1.014764238514850093e-05
7.013043668278341691e+00  8.577114674942153987e-06  8.577114674942153987e-06
7.113043668278343112e+00  7.252493852827632244e-06  7.252493852827632244e-06
7.213043668278342757e+00  6.134998482616166412e-06  6.134998482616166412e-06
7.313043668278342402e+00  5.191811535213012709e-06  5.191811535213012709e-06
7.413043668278342047e+00  4.395271852156020125e-06  4.395271852156020125e-06
7.513043668278341691e+00  3.722144641781160416e-06  3.722144641781160416e-06
7.613043668278343112e+00  3.152958583111943801e-06  3.152958583111943801e-06
7.713043668278342757e+00  2.671410443073554471e-06  2.671410443073554471e-06
7.813043668278342402e+00  2.263841765705111331e-06  2.263841765705111331e-06
7.913043668278342047e+00  1.918790149872316778e-06  1.918790149872316778e-06
8.013043668278342579e+00  1.626613313457746272e-06  1.626613313457746272e-06
8.113043668278344001e+00  1.379179910449672676e-06  1.379179910449672676e-06
8.213043668278341869e+00  1.169618178825713415e-06  1.169618178825713415e-06
8.313043668278343290e+00  9.921123118509067202e-07  9.921123118509067202e-07
8.413043668278341158e+00  8.417367432413453188e-07  8.417367432413453188e-07
8.513043668278342579e+00  7.143198230662800102e-07  7.143198230662800102e-07
8.613043668278344001e+00  6.063301010131771323e-07  6.063301010131771323e-07
8.713043668278341869e+00  5.147801919706478363e-07  5.147801919706478363e-07
8.813043668278343290e+00  4.371446991786456621e-07  4.371446991786456621e-07
8.913043668278341158e+00  3.712897912998749363e-07  3.712897912998749363e-07
9.013043668278342579e+00  3.154127695489955399e-07  3.154127695489955399e-07
9.113043668278342224e+00  2.679903887312315633e-07  2.679903887312315633e-07
9.213043668278341869e+00  2.277349088579240485e-07  2.277349088579240485e-07
9.313043668278341514e+00  1.935569455592357452e-07  1.935569455592357452e-07
9.413043668278341158e+00  1.645342303364228221e-07  1.645342303364228221e-07
9.513043668278342579e+00  1.398854315251688579e-07  1.398854315251688579e-07
9.613043668278342224e+00  1.189482450368373730e-07  1.189482450368373730e-07
9.713043668278341869e+00  1.011610440657972439e-07  1.011610440657972439e-07
9.813043668278341514e+00  8.604747230686793456e-08  8.604747230686793456e-08
9.913043668278341158e+00  7.320346534520453526e-08  7.320346534520453526e-08
1.001304366827834258e+01  6.228627995594153090e-08  6.228627995594153090e-08
1.011304366827834222e+01  5.300519426599098318e-08  5.300519426599098318e-08
1.021304366827834187e+01  4.511360986246227503e-08  4.511360986246227503e-08
1.031304366827834151e+01  3.840233984662003282e-08  3.840233984662003282e-08
1.041304366827834116e+01  3.269390646094995449e-08  3.269390646094995449e-08
