-1.586956316402667877e+00  1.315480385813906845e-10  1.315480385813906845e-10
-1.486956316402667788e+00  7.626817537655182986e-10  7.626817537655182986e-10
-1.386956316402668143e+00  4.167486087501679427e-09  4.167486087501679427e-09
-1.286956316402667611e+00  2.133083041520973365e-08  2.133083041520973365e-08
-1.186956316402667966e+00  1.019269322460875441e-07  1.019269322460875441e-07
-1.086956316402667877e+00  4.538586077239630751e-07  4.538586077239630751e-07
-9.869563164026677882e-01  1.881307030650051176e-06  1.881307030650051176e-06
-8.869563164026676994e-01  7.255300375341110333e-06  7.255300375341110333e-06
-7.869563164026678326e-01  2.602331637641562006e-05  2.602331637641562006e-05
-6.869563164026679658e-01  8.679519563533601362e-05  8.679519563533601362e-05
-5.869563164026678770e-01  2.691552462351305187e-04  2.691552462351305187e-04
-4.869563164026677882e-01  7.759834011338146960e-04  7.759834011338146960e-04
-3.869563164026676994e-01  2.079815338095986153e-03  2.079815338095986153e-03
-2.869563164026678326e-01  5.182123081586702956e-03  5.182123081586702956e-03
-1.869563164026677438e-01  1.200311567055665531e-02  1.200311567055665531e-02
-8.695631640266787699e-02  2.584518857429201136e-02  2.584518857429201136e-02
1.304368359733221183e-02  5.173252195714413831e-02  5.173252195714413831e-02
1.130436835973323006e-01  9.626026273384621912e-02  9.626026273384621912e-02
2.130436835973321674e-01  1.665074826961042420e-01  1.665074826961042420e-01
3.130436835973322562e-01  2.677509801569410985e-01  2.677509801569410985e-01
4.130436835973321230e-01  4.002682538248016342e-01  4.002682538248016342e-01
5.130436835973322118e-01  5.563058708226114035e-01  5.563058708226114035e-01
6.130436835973323006e-01  7.188698311050017997e-01  7.188698311050017997e-01
7.130436835973323895e-01  8.637989523950564408e-01  8.637989523950564408e-01
8.130436835973324783e-01  9.653540294188746040e-01  9.653540294188746040e-01
9.130436835973321230e-01  1.003730615738309018e+00  1.003730615738309018e+00
1.013043683597332212e+00  9.715277440118645913e-01  9.715277440118645913e-01
1.113043683597332301e+00  8.762815677202147047e-01  8.762815677202147047e-01
1.213043683597332389e+00  7.378697933444118284e-01  7.378697933444118284e-01
1.313043683597332478e+00  5.819941094585009411e-01  5.819941094585009411e-01
1.413043683597332123e+00  4.326425891600106932e-01  4.326425891600106932e-01
1.513043683597332212e+00  3.065065003032793056e-01  3.065065003032793056e-01
1.613043683597332301e+00  2.109444209862169628e-01  2.109444209862169628e-01
1.713043683597332389e+00  1.452547259615109831e-01  1.452547259615109831e-01
1.813043683597332478e+00  1.037829115223821291e-01  1.037829115223821291e-01
1.913043683597332123e+00  7.919075567389180503e-02  7.919075567389180503e-02
2.013043683597332212e+00  6.479472038098381403e-02  6.479472038098381403e-02
2.113043683597332301e+00  5.567327897524184527e-02  5.567327897524184527e-02
2.213043683597332389e+00  4.880185445620165152e-02  4.880185445620165152e-02
2.313043683597332478e+00  4.266581899428172064e-02  4.266581899428172064e-02
2.413043683597332123e+00  3.673013098107138358e-02  3.673013098107138358e-02
2.513043683597332656e+00  3.097882694548330373e-02  3.097882694548330373e-02
2.613043683597332301e+00  2.559616022137414099e-02  2.559616022137414099e-02
2.713043683597331945e+00  2.078209668483146227e-02  2.078209668483146227e-02
2.813043683597332478e+00  1.666700482042341239e-02  1.666700482042341239e-02
2.913043683597332123e+00  1.328935303042396397e-02  1.328935303042396397e-02
3.013043683597332656e+00  1.060806248881088730e-02  1.060806248881088730e-02
3.113043683597332301e+00  8.529645776686963637e-03  8.529645776686963637e-03
3.213043683597332834e+00  6.937267163585668014e-03  6.937267163585668014e-03
3.313043683597332478e+00  5.714413004345316426e-03  5.714413004345316426e-03
3.413043683597332123e+00  4.760168712465442063e-03  4.760168712465442063e-03
3.513043683597332656e+00  3.996158543726978894e-03  3.996158543726978894e-03
3.613043683597332301e+00  3.366992373884414823e-03  3.366992373884414823e-03
3.713043683597332834e+00  2.836717493110713605e-03  2.836717493110713605e-03
3.813043683597332478e+00  2.383601638248631412e-03  2.383601638248631412e-03
3.913043683597332123e+00  1.994953331347624950e-03  1.994953331347624950e-03
4.013043683597333100e+00  1.662949457096795248e-03  1.662949457096795248e-03
4.113043683597332745e+00  1.381808649141972375e-03  1.381808649141972375e-03
4.213043683597332389e+00  1.146221739649263280e-03  1.146221739649263280e-03
4.313043683597332034e+00  9.507331773210131714e-04  9.507331773210131714e-04
4.413043683597331679e+00  7.897135543031062830e-04  7.897135543031062830e-04
4.513043683597333100e+00  6.576103638183688647e-04  6.576103638183688647e-04
4.613043683597332745e+00  5.492554282558687138e-04  5.492554282558687138e-04
4.713043683597332389e+00  4.601031773743338715e-04  4.601031773743338715e-04
4.813043683597332034e+00  3.863518160070125045e-04  3.863518160070125045e-04
4.913043683597331679e+00  3.249512136336662311e-04  3.249512136336662311e-04
5.013043683597333100e+00  2.735281084565858761e-04  2.735281084565858761e-04
5.113043683597332745e+00  2.302667147794362627e-04  2.302667147794362627e-04
5.213043683597332389e+00  1.937782164308435979e-04  1.937782164308435979e-04
5.313043683597332034e+00  1.629823900764253088e-04  1.629823900764253088e-04
5.413043683597331679e+00  1.370134942763373727e-04  1.370134942763373727e-04
5.513043683597333100e+00  1.151534134365270385e-04  1.151534134365270385e-04
5.613043683597332745e+00  9.678901770099383956e-05  9.678901770099383956e-05
5.713043683597332389e+00  8.138776418328757070e-05  8.138776418328757070e-05
5.813043683597332034e+00  6.848503576605476941e-05  6.848503576605476941e-05
5.913043683597331679e+00  5.767768112711950607e-05  5.767768112711950607e-05
6.013043683597333100e+00  4.861984420775462238e-05  4.861984420775462238e-05
6.113043683597332745e+00  4.101883494131533829e-05  4.101883494131533829e-05
6.213043683597332389e+00  3.463013624354456863e-05  3.463013624354456863e-05
6.313043683597332034e+00  2.925152913582302605e-05  2.925152913582302605e-05
6.413043683597331679e+00  2.471676799975800883e-05  2.471676799975800883e-05
6.513043683597331324e+00  2.088935448788265410e-05  2.088935448788265410e-05
6.613043683597332745e+00  1.765686980501107573e-05  1.765686980501107573e-05
6.713043683597332389e+00  1.492614602015953504e-05  1.492614602015953504e-05
6.813043683597332034e+00  1.261937094520114470e-05  1.261937094520114470e-05
6.913043683597331679e+00  1.067107544023089022e-05  1.067107544023089022e-05
7.013043683597331324e+00  9.025864135234176104e-06  9.025864135234176104e-06
7.113043683597332745e+00  7.636717227691650683e-06  7.636717227691650683e-06
7.213043683597332389e+00  6.463698116328981659e-06  6.463698116328981659e-06
7.313043683597332034e+00  5.472932041492595628e-06  5.472932041492595628e-06
7.413043683597331679e+00  4.635759554046779272e-06  4.635759554046779272e-06
7.513043683597331324e+00  3.928004925857024859e-06  3.928004925857024859e-06
7.613043683597332745e+00  3.329327810780074481e-06  3.329327810780074481e-06
7.713043683597332389e+00  2.822644868727327292e-06  2.822644868727327292e-06
7.813043683597332034e+00  2.393617672277596402e-06  2.393617672277596402e-06
7.913043683597331679e+00  2.030206363524202388e-06  2.030206363524202388e-06
8.013043683597333100e+00  1.722287837832995534e-06  1.722287837832995534e-06
8.113043683597332745e+00  1.461334933840215044e-06  1.461334933840215044e-06
8.213043683597332389e+00  1.240150751495957665e-06  1.240150751495957665e-06
8.313043683597332034e+00  1.052650636150931713e-06  1.052650636150931713e-06
8.413043683597331679e+00  8.936838149373546752e-07  8.936838149373546752e-07
8.513043683597333100e+00  7.588870349692743356e-07  7.588870349692743356e-07
8.613043683597332745e+00  6.445635323007797024e-07  6.445635323007797024e-07
8.713043683597332389e+00  5.475819237954671941e-07  5.475819237954671941e-07
8.813043683597332034e+00  4.652908861827833480e-07  4.652908861827833480e-07
8.913043683597331679e+00  3.954465888491172521e-07  3.954465888491172521e-07
9.013043683597333100e+00  3.361506974118027917e-07  3.361506974118027917e-07
9.113043683597332745e+00  2.857973577218610912e-07  2.857973577218610912e-07
9.213043683597332389e+00  2.430279454564210399e-07  2.430279454564210399e-07
9.313043683597332034e+00  2.066925856559268958e-07  2.066925856559268958e-07
9.413043683597331679e+00  1.758175700608757501e-07  1.758175700608757501e-07
9.513043683597333100e+00  1.495778766705777645e-07  1.495778766705777645e-07
9.613043683597332745e+00  1.272740581040025209e-07  1.272740581040025209e-07
9.713043683597332389e+00  1.083128301865236866e-07  1.083128301865236866e-07
9.813043683597332034e+00  9.219076503285161963e-08  9.219076503285161963e-08
9.913043683597331679e+00  7.848057179001388416e-08  7.848057179001388416e-08
1.001304368359733310e+01  6.681952796868807107e-08  6.681952796868807107e-08
1.011304368359733274e+01  5.689969946282564479e-08  5.689969946282564479e-08
1.021304368359733239e+01  4.845965385900478890e-08  4.845965385900478890e-08
1.031304368359733203e+01  4.127742737873236611e-08  4.127742737873236611e-08
1.041304368359733168e+01  3.516455054304361525e-08  3.516455054304361525e-08
