-1.662778026673152443e+00  2.132173948550262225e-12  2.132173948550262225e-12
-1.562778026673152354e+00  1.667587203098104096e-11  1.667587203098104096e-11
-1.462778026673152709e+00  1.231780507177589964e-10  1.231780507177589964e-10
-1.362778026673152176e+00  8.473288109282063338e-10  8.473288109282063338e-10
-1.262778026673152532e+00  5.388593120456217552e-09  5.388593120456217552e-09
-1.162778026673152443e+00  3.156311433109190390e-08  3.156311433109190390e-08
-1.062778026673152354e+00  1.699518910646514974e-07  1.699518910646514974e-07
-9.627780266731522651e-01  8.403718066374162616e-07  8.403718066374162616e-07
-8.627780266731523984e-01  3.813971190050311773e-06  3.813971190050311773e-06
-7.627780266731525316e-01  1.588222945996682668e-05  1.588222945996682668e-05
-6.627780266731524428e-01  6.067341556166694615e-05  6.067341556166694615e-05
-5.627780266731523540e-01  2.126153483873897477e-04  2.126153483873897477e-04
-4.627780266731522651e-01  6.833986247830666372e-04  6.833986247830666372e-04
-3.627780266731523984e-01  2.014751677283294941e-03  2.014751677283294941e-03
-2.627780266731523096e-01  5.447885406651589539e-03  5.447885406651589539e-03
-1.627780266731524428e-01  1.351103965666927351e-02  1.351103965666927351e-02
-6.277802667315235396e-02  3.073282620489584116e-02  3.073282620489584116e-02
3.722197332684773485e-02  6.411661682563600528e-02  6.411661682563600528e-02
1.372219733268476016e-01  1.226867632673578346e-01  1.226867632673578346e-01
2.372219733268476904e-01  2.153241577126846773e-01  2.153241577126846773e-01
3.372219733268475572e-01  3.466339728394920994e-01  3.466339728394920994e-01
4.372219733268476460e-01  5.118688288465440550e-01  5.118688288465440550e-01
5.372219733268477349e-01  6.934244668974779424e-01  6.934244668974779424e-01
6.372219733268478237e-01  8.619215978173474513e-01  8.619215978173474513e-01
7.372219733268479125e-01  9.833244250501834705e-01  9.833244250501834705e-01
8.372219733268475572e-01  1.030208692853478825e+00  1.030208692853478825e+00
9.372219733268476460e-01  9.921910155883969518e-01  9.921910155883969518e-01
1.037221973326847735e+00  8.801291549047688401e-01  8.801291549047688401e-01
1.137221973326847824e+00  7.217757676191997041e-01  7.217757676191997041e-01
1.237221973326847912e+00  5.512290030862302403e-01  5.512290030862302403e-01
1.337221973326847557e+00  3.975947811559073508e-01  3.975947811559073508e-01
1.437221973326847646e+00  2.778685118199953341e-01  2.778685118199953341e-01
1.537221973326847735e+00  1.959319017302596222e-01  1.959319017302596222e-01
1.637221973326847824e+00  1.462056182297732099e-01  1.462056182297732099e-01
1.737221973326847912e+00  1.189156821057523183e-01  1.189156821057523183e-01
1.837221973326847557e+00  1.044126902337278728e-01  1.044126902337278728e-01
1.937221973326847646e+00  9.547291203055843778e-02  9.547291203055843778e-02
2.037221973326847735e+00  8.780186418229962708e-02  8.780186418229962708e-02
2.137221973326847824e+00  7.951008878229706700e-02  7.951008878229706700e-02
2.237221973326847912e+00  7.026605237356323141e-02  7.026605237356323141e-02
2.337221973326847557e+00  6.052955414739392970e-02  6.052955414739392970e-02
2.437221973326848090e+00  5.100601749926630263e-02  5.100601749926630263e-02
2.537221973326847735e+00  4.232192021904924994e-02  4.232192021904924994e-02
2.637221973326847380e+00  3.487442340225260090e-02  3.487442340225260090e-02
2.737221973326847912e+00  2.880251499092884027e-02  2.880251499092884027e-02
2.837221973326847557e+00  2.403219180552161952e-02  2.403219180552161952e-02
2.937221973326848090e+00  2.035538982854016160e-02  2.035538982854016160e-02
3.037221973326847735e+00  1.751149332580656526e-02  1.751149332580656526e-02
3.137221973326848268e+00  1.525145922375756649e-02  1.525145922375756649e-02
3.237221973326847912e+00  1.337610159881561650e-02  1.337610159881561650e-02
3.337221973326847557e+00  1.174944512031843476e-02  1.174944512031843476e-02
3.437221973326848090e+00  1.029371383641769326e-02  1.029371383641769326e-02
3.537221973326847735e+00  8.974358916649763027e-03  8.974358916649763027e-03
3.637221973326848268e+00  7.782536796646002258e-03  7.782536796646002258e-03
3.737221973326847912e+00  6.720025808704489789e-03  6.720025808704489789e-03
3.837221973326847557e+00  5.788933139123171763e-03  5.788933139123171763e-03
3.937221973326848090e+00  4.986449842957499379e-03  4.986449842957499379e-03
4.037221973326847291e+00  4.303642110162465839e-03  4.303642110162465839e-03
4.137221973326848712e+00  3.726770770198537235e-03  3.726770770198537235e-03
4.237221973326848357e+00  3.239691419949555871e-03  3.239691419949555871e-03
4.337221973326848001e+00  2.826252884567898114e-03  2.826252884567898114e-03
4.437221973326847646e+00  2.472070480688365671e-03  2.472070480688365671e-03
4.537221973326847291e+00  2.165460774821196047e-03  2.165460774821196047e-03
4.637221973326848712e+00  1.897614267855538689e-03  1.897614267855538689e-03
4.737221973326848357e+00  1.662235670431233287e-03  1.662235670431233287e-03
4.837221973326848001e+00  1.454918729122512723e-03  1.454918729122512723e-03
4.937221973326847646e+00  1.272482110549008876e-03  1.272482110549008876e-03
5.037221973326847291e+00  1.112415197100093687e-03  1.112415197100093687e-03
5.137221973326848712e+00  9.725007367545500034e-04  9.725007367545500034e-04
5.237221973326848357e+00  8.506159604576397307e-04  8.506159604576397307e-04
5.337221973326848001e+00  7.446737332917412969e-04  7.446737332917412969e-04
5.437221973326847646e+00  6.526498741688255886e-04  6.526498741688255886e-04
5.537221973326847291e+00  5.726458029637700089e-04  5.726458029637700089e-04
5.637221973326848712e+00  5.029491297871482988e-04  5.029491297871482988e-04
5.737221973326848357e+00  4.420714229864811714e-04  4.420714229864811714e-04
5.837221973326848001e+00  3.887570693465135490e-04  3.887570693465135490e-04
5.937221973326847646e+00  3.419672471573007434e-04  3.419672471573007434e-04
6.037221973326847291e+00  3.008480511562627554e-04  3.008480511562627554e-04
6.137221973326848712e+00  2.646926062852516777e-04  2.646926062852516777e-04
6.237221973326848357e+00  2.329050879357262669e-04  2.329050879357262669e-04
6.337221973326848001e+00  2.049714677260105371e-04  2.049714677260105371e-04
6.437221973326847646e+00  1.804387282639768973e-04  1.804387282639768973e-04
6.537221973326849067e+00  1.589019584900223524e-04  1.589019584900223524e-04
6.637221973326848712e+00  1.399974148027812023e-04  1.399974148027812023e-04
6.737221973326848357e+00  1.233992349950894705e-04  1.233992349950894705e-04
6.837221973326848001e+00  1.088177572145917544e-04  1.088177572145917544e-04
6.937221973326847646e+00  9.599800775498306868e-05  9.599800775498306868e-05
7.037221973326849067e+00  8.471760491201294537e-05  8.471760491201294537e-05
7.137221973326848712e+00  7.478389683273209334e-05  7.478389683273209334e-05
7.237221973326848357e+00  6.603052267522882524e-05  6.603052267522882524e-05
7.337221973326848001e+00  5.831375191674586952e-05  5.831375191674586952e-05
7.437221973326847646e+00  5.150896010870739011e-05  5.150896010870739011e-05
7.537221973326849067e+00  4.550750512147165117e-05  4.550750512147165117e-05
7.637221973326848712e+00  4.021413782693169630e-05  4.021413782693169630e-05
7.737221973326848357e+00  3.554496117460518234e-05  3.554496117460518234e-05
7.837221973326848001e+00  3.142586722137580448e-05  3.142586722137580448e-05
7.937221973326849422e+00  2.779133993967041591e-05  2.779133993967041591e-05
8.037221973326849067e+00  2.458350671833972394e-05  2.458350671833972394e-05
8.137221973326848712e+00  2.175134104611684273e-05  2.175134104611684273e-05
8.237221973326848357e+00  1.924994951774702638e-05  1.924994951774702638e-05
8.337221973326848001e+00  1.703990711687370949e-05  1.703990711687370949e-05
8.437221973326849422e+00  1.508662889948840895e-05  1.508662889948840895e-05
8.537221973326849067e+00  1.335978104204773033e-05  1.335978104204773033e-05
8.637221973326848712e+00  1.183274021270029548e-05  1.183274021270029548e-05
8.737221973326848357e+00  1.048210969576783208e-05  1.048210969576783208e-05
8.837221973326848001e+00  9.287296564081818967e-06  9.287296564081818967e-06
8.937221973326849422e+00  8.230149052414837606e-06  8.230149052414837606e-06
9.037221973326849067e+00  7.294648941455831607e-06  7.294648941455831607e-06
9.137221973326848712e+00  6.466651109612734163e-06  6.466651109612734163e-06
9.237221973326848357e+00  5.733661578112284393e-06  5.733661578112284393e-06
9.337221973326848001e+00  5.084645994245020551e-06  5.084645994245020551e-06
9.437221973326849422e+00  4.509861981993197645e-06  4.509861981993197645e-06
9.537221973326849067e+00  4.000710558880301067e-06  4.000710558880301067e-06
9.637221973326848712e+00  3.549603435049048013e-06  3.549603435049048013e-06
9.737221973326848357e+00  3.149844229841481634e-06  3.149844229841481634e-06
9.837221973326848001e+00  2.795522394728348686e-06  2.795522394728348686e-06
9.937221973326849422e+00  2.481418978364175562e-06  2.481418978364175562e-06
1.003722197332684907e+01  2.202923434409796020e-06  2.202923434409796020e-06
1.013722197332684871e+01  1.955960592314452276e-06  1.955960592314452276e-06
1.023722197332684836e+01  1.736926798471702968e-06  1.736926798471702968e-06
1.033722197332684800e+01  1.542634162555621320e-06  1.542634162555621320e-06
