-1.530927639225090786e+00  1.523639690272809306e-209  1.523639690272809306e-209
-1.430927639225091141e+00  1.795330406975238028e-195  1.795330406975238028e-195
-1.330927639225091053e+00  1.581338863885836198e-179  1.581338863885836198e-179
-1.230927639225090964e+00  2.932177620395839942e-164  2.932177620395839942e-164
-1.130927639225091319e+00  1.139647458005966514e-149  1.139647458005966514e-149
-1.030927639225090786e+00  9.284652408502889135e-136  9.284652408502889135e-136
-9.309276392250909193e-01  1.585534312780689512e-122  1.585534312780689512e-122
-8.309276392250910526e-01  5.675452752995217089e-110  5.675452752995217089e-110
-7.309276392250909637e-01  4.258339197481517905e-98  4.258339197481517905e-98
-6.309276392250908749e-01  6.697224598762177725e-87  6.697224598762177725e-87
-5.309276392250910082e-01  2.207823477978083592e-76  2.207823477978083592e-76
-4.309276392250909193e-01  1.525628183289358652e-66  1.525628183289358652e-66
-3.309276392250908305e-01  2.209774362197857304e-57  2.209774362197857304e-57
-2.309276392250909637e-01  6.709065475000838987e-49  6.709065475000838987e-49
-1.309276392250908749e-01  4.269637477952812393e-41  4.269637477952812393e-41
-3.092763922509100816e-02  5.695539205355836667e-34  5.695539205355836667e-34
6.907236077490908066e-02  1.592551778556494638e-27  1.592551778556494638e-27
1.690723607749091695e-01  9.333986087169928032e-22  9.333986087169928032e-22
2.690723607749090363e-01  1.146715305045344249e-16  1.146715305045344249e-16
3.690723607749091251e-01  2.952969360629324707e-12  2.952969360629324707e-12
4.690723607749089918e-01  1.593958994379995700e-08  1.593958994379995700e-08
5.690723607749090807e-01  1.803475390891643945e-05  1.803475390891643945e-05
6.690723607749091695e-01  4.277186313774732421e-03  4.277186313774732421e-03
7.690723607749092583e-01  2.126282615584980384e-01  2.126282615584980384e-01
8.690723607749093471e-01  2.215637364031217249e+00  2.215637364031217249e+00
9.690723607749089918e-01  4.839396926990336745e+00  4.839396926990336745e+00
1.069072360774909081e+00  2.215637364031203926e+00  2.215637364031203926e+00
1.169072360774909169e+00  2.126282615598787118e-01  2.126282615598787118e-01
1.269072360774909258e+00  4.277186798728983656e-03  4.277186798728983656e-03
1.369072360774909347e+00  1.811257593170919618e-05  1.811257593170919618e-05
1.469072360774908992e+00  5.733511256700323873e-06  5.733511256700323873e-06
1.569072360774909081e+00  1.923216434728491865e-04  1.923216434728491865e-04
1.669072360774909169e+00  2.961775449340353378e-03  2.961775449340353378e-03
1.769072360774909258e+00  2.088255042791219498e-02  2.088255042791219498e-02
1.869072360774909347e+00  6.740969851756681286e-02  6.740969851756681286e-02
1.969072360774908992e+00  9.962507625056946092e-02  9.962507625056946092e-02
2.069072360774908859e+00  6.740969852001901796e-02  6.740969852001901796e-02
2.169072360774909392e+00  2.088255063315362994e-02  2.088255063315362994e-02
2.269072360774909036e+00  2.961785652346900222e-03  2.961785652346900222e-03
2.369072360774909569e+00  1.926229383116719181e-04  1.926229383116719181e-04
2.469072360774909214e+00  1.100285998306702184e-05  1.100285998306702184e-05
2.569072360774909747e+00  5.515179096493986782e-05  5.515179096493986782e-05
2.669072360774909392e+00  3.409020732309620623e-04  3.409020732309620623e-04
2.769072360774909036e+00  1.253477756891074142e-03  1.253477756891074142e-03
2.869072360774909569e+00  2.737847129929075161e-03  2.737847129929075161e-03
2.969072360774909214e+00  3.552276122743828601e-03  3.552276122743828601e-03
3.069072360774909747e+00  2.737847151363911706e-03  2.737847151363911706e-03
3.169072360774909392e+00  1.253478348878254121e-03  1.253478348878254121e-03
3.269072360774909924e+00  3.409126972348253408e-04  3.409126972348253408e-04
3.369072360774909569e+00  5.521469488461107811e-05  5.521469488461107811e-05
3.469072360774909214e+00  6.491514403713191010e-06  6.491514403713191010e-06
3.569072360774909747e+00  7.297091359694696271e-06  7.297091359694696271e-06
3.669072360774909392e+00  2.746378221507938215e-05  2.746378221507938215e-05
3.769072360774909924e+00  7.289804820360085244e-05  7.289804820360085244e-05
3.869072360774909569e+00  1.309737037954227597e-04  1.309737037954227597e-04
3.969072360774909214e+00  1.592235290447066196e-04  1.592235290447066196e-04
4.069072360774909747e+00  1.309737271059763610e-04  1.309737271059763610e-04
4.169072360774909392e+00  7.289821060667506323e-05  7.289821060667506323e-05
4.269072360774909924e+00  2.745741016791953138e-05  2.745741016791953138e-05
4.369072360774909569e+00  7.024999309190540493e-06  7.024999309190540493e-06
4.469072360774909214e+00  1.369122632965608334e-06  1.369122632965608334e-06
4.569072360774909747e+00  8.054455503846012458e-07  8.054455503846012458e-07
4.669072360774909392e+00  1.995595140869924597e-06  1.995595140869924597e-06
4.769072360774909924e+00  4.335109703028575027e-06  4.335109703028575027e-06
4.869072360774909569e+00  6.926558880889328492e-06  6.926558880889328492e-06
4.969072360774909214e+00  8.097944121356234388e-06  8.097944121356234388e-06
5.069072360774909747e+00  6.926549106135286118e-06  6.926549106135286118e-06
5.169072360774909392e+00  4.334623599671243671e-06  4.334623599671243671e-06
5.269072360774909924e+00  1.985242514065505632e-06  1.985242514065505632e-06
5.369072360774909569e+00  6.688296483270659250e-07  6.688296483270659250e-07
5.469072360774909214e+00  1.801105717526547060e-07  1.801105717526547060e-07
5.569072360774909747e+00  8.477329851482221466e-08  8.477329851482221466e-08
5.669072360774909392e+00  1.420801607219084036e-07  1.420801607219084036e-07
5.769072360774909924e+00  2.654656377983708611e-07  2.654656377983708611e-07
5.869072360774909569e+00  3.918152784972395157e-07  3.918152784972395157e-07
5.969072360774909214e+00  4.462755831491769162e-07  4.462755831491769162e-07
6.069072360774909747e+00  3.917925621977517719e-07  3.917925621977517719e-07
6.169072360774909392e+00  2.651185422727630182e-07  2.651185422727630182e-07
6.269072360774909924e+00  1.383588252391241794e-07  1.383588252391241794e-07
6.369072360774909569e+00  5.603531525836056979e-08  5.603531525836056979e-08
6.469072360774909214e+00  1.881062312961009747e-08  1.881062312961009747e-08
6.569072360774908859e+00  8.469459181927654151e-09  8.469459181927654151e-09
6.669072360774910280e+00  1.027817762939952080e-08  1.027817762939952080e-08
6.769072360774909924e+00  1.674419400473513244e-08  1.674419400473513244e-08
6.869072360774909569e+00  2.326501032074340527e-08  2.326501032074340527e-08
6.969072360774909214e+00  2.599994709996138313e-08  2.599994709996138313e-08
7.069072360774908859e+00  2.325391575391277250e-08  2.325391575391277250e-08
7.169072360774910280e+00  1.663997088654632533e-08  1.663997088654632533e-08
7.269072360774909924e+00  9.535023698756145313e-09  9.535023698756145313e-09
7.369072360774909569e+00  4.406320191593323938e-09  4.406320191593323938e-09
7.469072360774909214e+00  1.733910464946674112e-09  1.733910464946674112e-09
7.569072360774908859e+00  7.984452962908026257e-10  7.984452962908026257e-10
7.669072360774910280e+00  7.647104478050035331e-10  7.647104478050035331e-10
7.769072360774909924e+00  1.088023740379758873e-09  1.088023740379758873e-09
7.869072360774909569e+00  1.433924653481976650e-09  1.433924653481976650e-09
7.969072360774909214e+00  1.578007168785188511e-09  1.578007168785188511e-09
8.069072360774910635e+00  1.430962558580889787e-09  1.430962558580889787e-09
8.169072360774910280e+00  1.067856045301934709e-09  1.067856045301934709e-09
8.269072360774909924e+00  6.564902267192640327e-10  6.564902267192640327e-10
8.369072360774909569e+00  3.350265226509907552e-10  3.350265226509907552e-10
8.469072360774909214e+00  1.485882787021752967e-10  1.485882787021752967e-10
8.569072360774910635e+00  7.152775208514020641e-11  7.152775208514020641e-11
8.669072360774910280e+00  5.839376652452468165e-11  5.839376652452468165e-11
8.769072360774909924e+00  7.283504441910118960e-11  7.283504441910118960e-11
8.869072360774909569e+00  9.112922218536440562e-11  9.112922218536440562e-11
8.969072360774909214e+00  9.885431337764349415e-11  9.885431337764349415e-11
9.069072360774910635e+00  9.057270271990240813e-11  9.057270271990240813e-11
9.169072360774910280e+00  6.983336611100174197e-11  6.983336611100174197e-11
9.269072360774909924e+00  4.535410774127237698e-11  4.535410774127237698e-11
9.369072360774909569e+00  2.500687875007954086e-11  2.500687875007954086e-11
9.469072360774909214e+00  1.217348249678267674e-11  1.217348249678267674e-11
9.569072360774910635e+00  6.154746812347158975e-12  6.154746812347158975e-12
9.669072360774910280e+00  4.540743691588944008e-12  4.540743691588944008e-12
9.769072360774909924e+00  5.017813045660201103e-12  5.017813045660201103e-12
9.869072360774909569e+00  5.947811520803591129e-12  5.947811520803591129e-12
9.969072360774909214e+00  6.353770686763148772e-12  6.353770686763148772e-12
1.006907236077491063e+01  5.864473361276571474e-12  5.864473361276571474e-12
1.016907236077491028e+01  4.640765902672064677e-12  4.640765902672064677e-12
1.026907236077490992e+01  3.149689247459664173e-12  3.149689247459664173e-12
1.036907236077490957e+01  1.847650404360072984e-12  1.847650404360072984e-12
1.046907236077490921e+01  9.689829362493025668e-13  9.689829362493025668e-13
