-1.636359615283092594e+00  9.496608922897666399e-12  9.496608922897666399e-12
-1.536359615283092062e+00  6.663990233543414323e-11  6.663990233543414323e-11
-1.436359615283092417e+00  4.412154762418768152e-10  4.412154762418768152e-10
-1.336359615283092328e+00  2.726181861598528398e-09  2.726181861598528398e-09
-1.236359615283092239e+00  1.562889844611753391e-08  1.562889844611753391e-08
-1.136359615283092594e+00  8.287978868606836155e-08  8.287978868606836155e-08
-1.036359615283092062e+00  4.058947182033454050e-07  4.058947182033454050e-07
-9.363596152830924169e-01  1.834183096586214600e-06  1.834183096586214600e-06
-8.363596152830923280e-01  7.644095965734133493e-06  7.644095965734133493e-06
-7.363596152830922392e-01  2.937273805813016503e-05  2.937273805813016503e-05
-6.363596152830923725e-01  1.040467053162511636e-04  1.040467053162511636e-04
-5.363596152830922836e-01  3.397322508968551370e-04  3.397322508968551370e-04
-4.363596152830921948e-01  1.022457015980919549e-03  1.022457015980919549e-03
-3.363596152830923280e-01  2.836209321074746343e-03  2.836209321074746343e-03
-2.363596152830922392e-01  7.251163433944685446e-03  7.251163433944685446e-03
-1.363596152830923725e-01  1.708632697402744094e-02  1.708632697402744094e-02
-3.635961528309228363e-02  3.710734731583956864e-02  3.710734731583956864e-02
6.364038471690780518e-02  7.427500858663418914e-02  7.427500858663418914e-02
1.636403847169076720e-01  1.370255977909548839e-01  1.370255977909548839e-01
2.636403847169077608e-01  2.329944831750072332e-01  2.329944831750072332e-01
3.636403847169076275e-01  3.651652223196220626e-01  3.651652223196220626e-01
4.636403847169077164e-01  5.275428295890119967e-01  5.275428295890119967e-01
5.636403847169078052e-01  7.025732949933192195e-01  7.025732949933192195e-01
6.636403847169078940e-01  8.627012148067788599e-01  8.627012148067788599e-01
7.636403847169079828e-01  9.769747470424812175e-01  9.769747470424812175e-01
8.636403847169076275e-01  1.020870815924718400e+00  1.020870815924718400e+00
9.636403847169077164e-01  9.851508538466562381e-01  9.851508538466562381e-01
1.063640384716907805e+00  8.793897680217028778e-01  8.793897680217028778e-01
1.163640384716907894e+00  7.283322441009354442e-01  7.283322441009354442e-01
1.263640384716907983e+00  5.629442231775356742e-01  5.629442231775356742e-01
1.363640384716907628e+00  4.105365081792625714e-01  4.105365081792625714e-01
1.463640384716907716e+00  2.881642843517146502e-01  2.881642843517146502e-01
1.563640384716907805e+00  2.011340022168424113e-01  2.011340022168424113e-01
1.663640384716907894e+00  1.456995794220353468e-01  1.456995794220353468e-01
1.763640384716907983e+00  1.135334007495223396e-01  1.135334007495223396e-01
1.863640384716907628e+00  9.571744141808012640e-02  9.571744141808012640e-02
1.963640384716907716e+00  8.512162804380259129e-02  8.512162804380259129e-02
2.063640384716907583e+00  7.716135895949220724e-02  7.716135895949220724e-02
2.163640384716908116e+00  6.951386906917722541e-02  6.951386906917722541e-02
2.263640384716907761e+00  6.142306659939053559e-02  6.142306659939053559e-02
2.363640384716907406e+00  5.300420609676770312e-02  5.300420609676770312e-02
2.463640384716907938e+00  4.472169586579017447e-02  4.472169586579017447e-02
2.563640384716907583e+00  3.706434441043265915e-02  3.706434441043265915e-02
2.663640384716907228e+00  3.038147304525010486e-02  3.038147304525010486e-02
2.763640384716907761e+00  2.483143183398023313e-02  2.483143183398023313e-02
2.863640384716907406e+00  2.039936953436587500e-02  2.039936953436587500e-02
2.963640384716907938e+00  1.694958713688123758e-02  1.694958713688123758e-02
3.063640384716907583e+00  1.428643671931013708e-02  1.428643671931013708e-02
3.163640384716908116e+00  1.220658529158185832e-02  1.220658529158185832e-02
3.263640384716907761e+00  1.053409453756372870e-02  1.053409453756372870e-02
3.363640384716907406e+00  9.136991812832277737e-03  9.136991812832277737e-03
3.463640384716907938e+00  7.928808862087804651e-03  7.928808862087804651e-03
3.563640384716907583e+00  6.860683954003225608e-03  6.860683954003225608e-03
3.663640384716908116e+00  5.909555321726834773e-03  5.909555321726834773e-03
3.763640384716907761e+00  5.066605045980286486e-03  5.066605045980286486e-03
3.863640384716907406e+00  4.328321145944848646e-03  4.328321145944848646e-03
3.963640384716907938e+00  3.690953784996629187e-03  3.690953784996629187e-03
4.063640384716907583e+00  3.148050538686996812e-03  3.148050538686996812e-03
4.163640384716908116e+00  2.690207324901717524e-03  2.690207324901717524e-03
4.263640384716907761e+00  2.306055933147155464e-03  2.306055933147155464e-03
4.363640384716907406e+00  1.983662861102162417e-03  1.983662861102162417e-03
4.463640384716907938e+00  1.711785221917336893e-03  1.711785221917336893e-03
4.563640384716907583e+00  1.480706898220815687e-03  1.480706898220815687e-03
4.663640384716908116e+00  1.282598093670066089e-03  1.282598093670066089e-03
4.763640384716907761e+00  1.111480089057057495e-03  1.111480089057057495e-03
4.863640384716907406e+00  9.629381355954159602e-04  9.629381355954159602e-04
4.963640384716907938e+00  8.337279846807493008e-04  8.337279846807493008e-04
5.063640384716907583e+00  7.213894238658837043e-04  7.213894238658837043e-04
5.163640384716908116e+00  6.239350208428937582e-04  6.239350208428937582e-04
5.263640384716907761e+00  5.396397237852053417e-04  5.396397237852053417e-04
5.363640384716907406e+00  4.669256663101572016e-04  4.669256663101572016e-04
5.463640384716907938e+00  4.043190268525571679e-04  4.043190268525571679e-04
5.563640384716907583e+00  3.504504608206077273e-04  3.504504608206077273e-04
5.663640384716908116e+00  3.040737221911712050e-04  3.040737221911712050e-04
5.763640384716907761e+00  2.640844912276971786e-04  2.640844912276971786e-04
5.863640384716907406e+00  2.295297093458804189e-04  2.295297093458804189e-04
5.963640384716907938e+00  1.996046706961926301e-04  1.996046706961926301e-04
6.063640384716907583e+00  1.736397232981609032e-04  1.736397232981609032e-04
6.163640384716908116e+00  1.510806240288242979e-04  1.510806240288242979e-04
6.263640384716907761e+00  1.314668764122149138e-04  1.314668764122149138e-04
6.363640384716907406e+00  1.144114863347051053e-04  1.144114863347051053e-04
6.463640384716907050e+00  9.958419448827512195e-05  9.958419448827512195e-05
6.563640384716908471e+00  8.669890527013165938e-05  8.669890527013165938e-05
6.663640384716908116e+00  7.550502814046153516e-05  7.550502814046153516e-05
6.763640384716907761e+00  6.578187848515344943e-05  6.578187848515344943e-05
6.863640384716907406e+00  5.733510999691709145e-05  5.733510999691709145e-05
6.963640384716907050e+00  4.999425468165781880e-05  4.999425468165781880e-05
7.063640384716908471e+00  4.361069721712566524e-05  4.361069721712566524e-05
7.163640384716908116e+00  3.805569456179657328e-05  3.805569456179657328e-05
7.263640384716907761e+00  3.321829391958766272e-05  3.321829391958766272e-05
7.363640384716907406e+00  2.900316648393129246e-05  2.900316648393129246e-05
7.463640384716907050e+00  2.532845674671805212e-05  2.532845674671805212e-05
7.563640384716908471e+00  2.212376350107986874e-05  2.212376350107986874e-05
7.663640384716908116e+00  1.932834329978538730e-05  1.932834329978538730e-05
7.763640384716907761e+00  1.688958387160288129e-05  1.688958387160288129e-05
7.863640384716907406e+00  1.476175198408858625e-05  1.476175198408858625e-05
7.963640384716908827e+00  1.290498811112591809e-05  1.290498811112591809e-05
8.063640384716908471e+00  1.128450276820322862e-05  1.128450276820322862e-05
8.163640384716908116e+00  9.869925310559026345e-06  9.869925310559026345e-06
8.263640384716907761e+00  8.634761463255443507e-06  8.634761463255443507e-06
8.363640384716907406e+00  7.555926276896635164e-06  7.555926276896635164e-06
8.463640384716908827e+00  6.613330622954458933e-06  6.613330622954458933e-06
8.563640384716908471e+00  5.789509097301639099e-06  5.789509097301639099e-06
8.663640384716908116e+00  5.069284021094832388e-06  5.069284021094832388e-06
8.763640384716907761e+00  4.439463979605929576e-06  4.439463979605929576e-06
8.863640384716907406e+00  3.888576605395464512e-06  3.888576605395464512e-06
8.963640384716908827e+00  3.406634980045789719e-06  3.406634980045789719e-06
9.063640384716908471e+00  2.984935971242834753e-06  2.984935971242834753e-06
9.163640384716908116e+00  2.615887707721768421e-06  2.615887707721768421e-06
9.263640384716907761e+00  2.292862619590828486e-06  2.292862619590828486e-06
9.363640384716907406e+00  2.010072180297500754e-06  2.010072180297500754e-06
9.463640384716908827e+00  1.762459641254374677e-06  1.762459641254374677e-06
9.563640384716908471e+00  1.545607513956763219e-06  1.545607513956763219e-06
9.663640384716908116e+00  1.355657163557036537e-06  1.355657163557036537e-06
9.763640384716907761e+00  1.189238491283831376e-06  1.189238491283831376e-06
9.863640384716907406e+00  1.043408206973767024e-06  1.043408206973767024e-06
9.963640384716908827e+00  9.155955845007868837e-07  9.155955845007868837e-07
1.006364038471690847e+01  8.035548507475628339e-07  8.035548507475628339e-07
1.016364038471690812e+01  7.053235078474347403e-07  7.053235078474347403e-07
1.026364038471690776e+01  6.191859644352165910e-07  6.191859644352165910e-07
1.036364038471690741e+01  5.436418892486158030e-07  5.436418892486158030e-07
