-1.662779007734992653e+00  7.008727133893897262e-14  7.008727133893897262e-14
-1.562779007734992565e+00  7.132519466509091063e-13  7.132519466509091063e-13
-1.462779007734992476e+00  6.829112263324535757e-12  6.829112263324535757e-12
-1.362779007734992831e+00  6.036903693225324918e-11  6.036903693225324918e-11
-1.262779007734992742e+00  4.882274887783089994e-10  4.882274887783089994e-10
-1.162779007734992653e+00  3.596615841021455572e-09  3.596615841021455572e-09
-1.062779007734992565e+00  2.408328819211812404e-08  2.408328819211812404e-08
-9.627790077349924758e-01  1.464319156228400086e-07  1.464319156228400086e-07
-8.627790077349926090e-01  8.080237032821366603e-07  8.080237032821366603e-07
-7.627790077349927422e-01  4.045388498159109045e-06  4.045388498159109045e-06
-6.627790077349926534e-01  1.837294989840077136e-05  1.837294989840077136e-05
-5.627790077349925646e-01  7.569091544581779912e-05  7.569091544581779912e-05
-4.627790077349924758e-01  2.828356633134135258e-04  2.828356633134135258e-04
-3.627790077349926090e-01  9.586017859734959285e-04  9.586017859734959285e-04
-2.627790077349925202e-01  2.946790270015414888e-03  2.946790270015414888e-03
-1.627790077349926534e-01  8.216062106867254300e-03  8.216062106867254300e-03
-6.277900773499256459e-02  2.077689462507552320e-02  2.077689462507552320e-02
3.722099226500752422e-02  4.765418579545910305e-02  4.765418579545910305e-02
1.372209922650073910e-01  9.913531697439105506e-02  9.913531697439105506e-02
2.372209922650074798e-01  1.870550328621082004e-01  1.870550328621082004e-01
3.372209922650073466e-01  3.201370514021220082e-01  3.201370514021220082e-01
4.372209922650074354e-01  4.969911956554116106e-01  4.969911956554116106e-01
5.372209922650075242e-01  6.999128560046347092e-01  6.999128560046347092e-01
6.372209922650076130e-01  8.943078102599535395e-01  8.943078102599535395e-01
7.372209922650077019e-01  1.037047078538644973e+00  1.037047078538644973e+00
8.372209922650073466e-01  1.091963576853130835e+00  1.091963576853130835e+00
9.372209922650074354e-01  1.045123799512048146e+00  1.045123799512048146e+00
1.037220992265007524e+00  9.111527016082363595e-01  9.111527016082363595e-01
1.137220992265007613e+00  7.267291517765039899e-01  7.267291517765039899e-01
1.237220992265007702e+00  5.351588418211600251e-01  5.351588418211600251e-01
1.337220992265007347e+00  3.707748788972831666e-01  3.707748788972831666e-01
1.437220992265007435e+00  2.505632523029869829e-01  2.505632523029869829e-01
1.537220992265007524e+00  1.748234942789043123e-01  1.748234942789043123e-01
1.637220992265007613e+00  1.335591606727221103e-01  1.335591606727221103e-01
1.737220992265007702e+00  1.137416905344341006e-01  1.137416905344341006e-01
1.837220992265007347e+00  1.042374483224055987e-01  1.042374483224055987e-01
1.937220992265007435e+00  9.772360686775349858e-02  9.772360686775349858e-02
2.037220992265007524e+00  9.051218178038232531e-02  9.051218178038232531e-02
2.137220992265007613e+00  8.149891184126392685e-02  8.149891184126392685e-02
2.237220992265007702e+00  7.104345768326902899e-02  7.104345768326902899e-02
2.337220992265007347e+00  6.010669773001107302e-02  6.010669773001107302e-02
2.437220992265007879e+00  4.969218249957340489e-02  4.969218249957340489e-02
2.537220992265007524e+00  4.054327928593842723e-02  4.054327928593842723e-02
2.637220992265007169e+00  3.303378936688157463e-02  3.303378936688157463e-02
2.737220992265007702e+00  2.719232217575929048e-02  2.719232217575929048e-02
2.837220992265007347e+00  2.280260211919725791e-02  2.280260211919725791e-02
2.937220992265007879e+00  1.952745102001094551e-02  1.952745102001094551e-02
3.037220992265007524e+00  1.701723017330846605e-02  1.701723017330846605e-02
3.137220992265008057e+00  1.498154660646657844e-02  1.498154660646657844e-02
3.237220992265007702e+00  1.322033763033556020e-02  1.322033763033556020e-02
3.337220992265007347e+00  1.162244064227539557e-02  1.162244064227539557e-02
3.437220992265007879e+00  1.014491142397640558e-02  1.014491142397640558e-02
3.537220992265007524e+00  8.785875265538530682e-03  8.785875265538530682e-03
3.637220992265008057e+00  7.560043718690595549e-03  7.560043718690595549e-03
3.737220992265007702e+00  6.481565096942259671e-03  6.481565096942259671e-03
3.837220992265007347e+00  5.555140963084188865e-03  5.555140963084188865e-03
3.937220992265007879e+00  4.773970828361521514e-03  4.773970828361521514e-03
4.037220992265007524e+00  4.122069224646853110e-03  4.122069224646853110e-03
4.137220992265008057e+00  3.578490157178591032e-03  3.578490157178591032e-03
4.237220992265007702e+00  3.121566254453939787e-03  3.121566254453939787e-03
4.337220992265007347e+00  2.732049898827715664e-03  2.732049898827715664e-03
4.437220992265007879e+00  2.394767879751876286e-03  2.394767879751876286e-03
4.537220992265007524e+00  2.098925285378229911e-03  2.098925285378229911e-03
4.637220992265008057e+00  1.837475878761977554e-03  1.837475878761977554e-03
4.737220992265007702e+00  1.606044475732007005e-03  1.606044475732007005e-03
4.837220992265007347e+00  1.401809547723205721e-03  1.401809547723205721e-03
4.937220992265007879e+00  1.222607409827050021e-03  1.222607409827050021e-03
5.037220992265007524e+00  1.066366068080925895e-03  1.066366068080925895e-03
5.137220992265008057e+00  9.308570747501548458e-04  9.308570747501548458e-04
5.237220992265007702e+00  8.136836330572529358e-04  8.136836330572529358e-04
5.337220992265007347e+00  7.124002808296716607e-04  7.124002808296716607e-04
5.437220992265007879e+00  6.246707617968570627e-04  6.246707617968570627e-04
5.537220992265007524e+00  5.483999640139775641e-04  5.483999640139775641e-04
5.637220992265008057e+00  4.818088957518170323e-04  4.818088957518170323e-04
5.737220992265007702e+00  4.234490756109570613e-04  4.234490756109570613e-04
5.837220992265007347e+00  3.721700498485515656e-04  3.721700498485515656e-04
5.937220992265007879e+00  3.270607866805578840e-04  3.270607866805578840e-04
6.037220992265007524e+00  2.873847824991796135e-04  2.873847824991796135e-04
6.137220992265008057e+00  2.525231985890608803e-04  2.525231985890608803e-04
6.237220992265007702e+00  2.219333831798100975e-04  2.219333831798100975e-04
6.337220992265007347e+00  1.951239966706431604e-04  1.951239966706431604e-04
6.437220992265006991e+00  1.716438347046796934e-04  1.716438347046796934e-04
6.537220992265008412e+00  1.510795693426891047e-04  1.510795693426891047e-04
6.637220992265008057e+00  1.330575979252960098e-04  1.330575979252960098e-04
6.737220992265007702e+00  1.172463037834402792e-04  1.172463037834402792e-04
6.837220992265007347e+00  1.033565841986902416e-04  1.033565841986902416e-04
6.937220992265006991e+00  9.113994674941353557e-05  9.113994674941353557e-05
7.037220992265008412e+00  8.038450745732963760e-05  8.038450745732963760e-05
7.137220992265008057e+00  7.090975396702806088e-05  7.090975396702806088e-05
7.237220992265007702e+00  6.256103165313848385e-05  6.256103165313848385e-05
7.337220992265007347e+00  5.520451715382152500e-05  5.520451715382152500e-05
7.437220992265006991e+00  4.872312279816025881e-05  4.872312279816025881e-05
7.537220992265008412e+00  4.301345632713384517e-05  4.301345632713384517e-05
7.637220992265008057e+00  3.798372228108566135e-05  3.798372228108566135e-05
7.737220992265007702e+00  3.355232314691560501e-05  3.355232314691560501e-05
7.837220992265007347e+00  2.964689050277538785e-05  2.964689050277538785e-05
7.937220992265008768e+00  2.620351848215472481e-05  2.620351848215472481e-05
8.037220992265009301e+00  2.316604781745020640e-05  2.316604781745020640e-05
8.137220992265007169e+00  2.048532780112848360e-05  2.048532780112848360e-05
8.237220992265008590e+00  1.811844584570843739e-05  1.811844584570843739e-05
8.337220992265006458e+00  1.602795163233890338e-05  1.602795163233890338e-05
8.437220992265007879e+00  1.418111601660868055e-05  1.418111601660868055e-05
8.537220992265009301e+00  1.254926030372518552e-05  1.254926030372518552e-05
8.637220992265007169e+00  1.110717745518247313e-05  1.110717745518247313e-05
8.737220992265008590e+00  9.832650626069891381e-06  9.832650626069891381e-06
8.837220992265006458e+00  8.706061205617460916e-06  8.706061205617460916e-06
8.937220992265007879e+00  7.710070618398235105e-06  7.710070618398235105e-06
9.037220992265009301e+00  6.829357679792628551e-06  6.829357679792628551e-06
9.137220992265007169e+00  6.050395009841438846e-06  6.050395009841438846e-06
9.237220992265008590e+00  5.361252053886831906e-06  5.361252053886831906e-06
9.337220992265006458e+00  4.751416899532986528e-06  4.751416899532986528e-06
9.437220992265007879e+00  4.211633073047200545e-06  4.211633073047200545e-06
9.537220992265009301e+00  3.733750213296026439e-06  3.733750213296026439e-06
9.637220992265007169e+00  3.310588864752194436e-06  3.310588864752194436e-06
9.737220992265008590e+00  2.935819869561194785e-06  2.935819869561194785e-06
9.837220992265006458e+00  2.603858398734623453e-06  2.603858398734623453e-06
9.937220992265007879e+00  2.309771967413424874e-06  2.309771967413424874e-06
1.003722099226500930e+01  2.049201147368999141e-06  2.049201147368999141e-06
1.013722099226500717e+01  1.818291297824668847e-06  1.818291297824668847e-06
1.023722099226500859e+01  1.613633528656292738e-06  1.613633528656292738e-06
1.033722099226500646e+01  1.432213241419142490e-06  1.432213241419142490e-06
