-1.507123971433786735e+00  0.000000000000000000e+00  0.000000000000000000e+00
-1.407123971433786203e+00  0.000000000000000000e+00  0.000000000000000000e+00
-1.307123971433786558e+00  0.000000000000000000e+00  0.000000000000000000e+00
-1.207123971433786469e+00  0.000000000000000000e+00  0.000000000000000000e+00
-1.107123971433786380e+00  0.000000000000000000e+00  0.000000000000000000e+00
-1.007123971433786735e+00  0.000000000000000000e+00  0.000000000000000000e+00
-9.071239714337864246e-01  0.000000000000000000e+00  0.000000000000000000e+00
-8.071239714337865578e-01  0.000000000000000000e+00  0.000000000000000000e+00
-7.071239714337864690e-01  0.000000000000000000e+00  0.000000000000000000e+00
-6.071239714337863802e-01  0.000000000000000000e+00  0.000000000000000000e+00
-5.071239714337865134e-01  0.000000000000000000e+00  0.000000000000000000e+00
-4.071239714337864246e-01  0.000000000000000000e+00  0.000000000000000000e+00
-3.071239714337863358e-01  0.000000000000000000e+00  0.000000000000000000e+00
-2.071239714337864690e-01  0.000000000000000000e+00  0.000000000000000000e+00
-1.071239714337863802e-01  0.000000000000000000e+00  0.000000000000000000e+00
-7.123971433786513430e-03  0.000000000000000000e+00  0.000000000000000000e+00
9.287602856621357539e-02  0.000000000000000000e+00  0.000000000000000000e+00
1.928760285662136642e-01  0.000000000000000000e+00  0.000000000000000000e+00
2.928760285662135310e-01  0.000000000000000000e+00  0.000000000000000000e+00
3.928760285662136198e-01  0.000000000000000000e+00  0.000000000000000000e+00
4.928760285662134866e-01  0.000000000000000000e+00  0.000000000000000000e+00
5.928760285662135754e-01  0.000000000000000000e+00  0.000000000000000000e+00
6.928760285662136642e-01  1.458983110842356830e-194  1.458983110842356830e-194
7.928760285662137530e-01  5.466014008096967906e-86  5.466014008096967906e-86
8.928760285662138418e-01  7.618036091139975239e-21  7.618036091139975239e-21
9.928760285662134866e-01  3.949727383869524999e+01  3.949727383869524999e+01
1.092876028566213575e+00  7.618036091136618404e-21  7.618036091136618404e-21
1.192876028566213664e+00  5.466014008092152358e-86  5.466014008092152358e-86
1.292876028566213753e+00  1.458983110840449351e-194  1.458983110840449351e-194
1.392876028566213842e+00  0.000000000000000000e+00  0.000000000000000000e+00
1.492876028566213487e+00  1.017789553072673413e-272  1.017789553072673413e-272
1.592876028566213575e+00  5.295615163401507787e-175  5.295615163401507787e-175
1.692876028566213664e+00  5.314357301928917968e-99  5.314357301928917968e-99
1.792876028566213753e+00  1.028634267243136430e-44  1.028634267243136430e-44
1.892876028566213842e+00  3.840140645818289594e-12  3.840140645818289594e-12
1.992876028566213487e+00  2.765089406435007890e-01  2.765089406435007890e-01
2.092876028566213797e+00  3.840140645817443834e-12  3.840140645817443834e-12
2.192876028566213442e+00  1.028634267242683270e-44  1.028634267242683270e-44
2.292876028566213975e+00  5.314357301925444439e-99  5.314357301925444439e-99
2.392876028566213620e+00  5.295615163396691277e-175  5.295615163396691277e-175
2.492876028566213265e+00  3.710032693405229117e-184  3.710032693405229117e-184
2.592876028566213797e+00  5.170708109387888714e-119  5.170708109387888714e-119
2.692876028566213442e+00  2.405689527235258955e-68  2.405689527235258955e-68
2.792876028566213087e+00  3.736340116104117201e-32  3.736340116104117201e-32
2.892876028566213620e+00  1.937182325665101955e-10  1.937182325665101955e-10
2.992876028566213265e+00  3.352832542215982217e-03  3.352832542215982217e-03
3.092876028566213797e+00  1.937182325664530425e-10  1.937182325664530425e-10
3.192876028566213442e+00  3.736340116104117201e-32  3.736340116104117201e-32
3.292876028566213975e+00  2.405689527233139397e-68  2.405689527233139397e-68
3.392876028566213620e+00  5.170708109382010106e-119  5.170708109382010106e-119
3.492876028566213265e+00  9.805086478354238404e-141  9.805086478354238404e-141
3.592876028566213797e+00  7.072625173961709174e-92  7.072625173961709174e-92
3.692876028566213442e+00  7.085129768680126596e-54  7.085129768680126596e-54
3.792876028566213975e+00  9.857185465410832290e-27  9.857185465410832290e-27
3.892876028566213620e+00  1.904565878318009412e-10  1.904565878318009412e-10
3.992876028566213265e+00  5.110660397880552856e-05  5.110660397880552856e-05
4.092876028566213797e+00  1.904565878317589876e-10  1.904565878317589876e-10
4.192876028566213442e+00  9.857185465406490193e-27  9.857185465406490193e-27
4.292876028566213975e+00  7.085129768675494725e-54  7.085129768675494725e-54
4.392876028566213620e+00  7.072625173955476883e-92  7.072625173955476883e-92
4.492876028566213265e+00  2.359329701445519682e-115  2.359329701445519682e-115
4.592876028566213797e+00  2.879333740027267651e-76  2.879333740027267651e-76
4.692876028566213442e+00  7.242787436144536252e-46  7.242787436144536252e-46
4.792876028566213975e+00  3.755172006256650727e-24  3.755172006256650727e-24
4.892876028566213620e+00  4.012955019410536243e-11  4.012955019410536243e-11
4.992876028566213265e+00  8.839121647113781790e-07  8.839121647113781790e-07
5.092876028566213797e+00  4.012955019409823446e-11  4.012955019409823446e-11
5.192876028566213442e+00  3.755172006255315806e-24  3.755172006255315806e-24
5.292876028566213975e+00  7.242787436140727767e-46  7.242787436140727767e-46
5.392876028566213620e+00  2.879333740025221786e-76  2.879333740025221786e-76
5.492876028566213265e+00  5.510404296047806551e-99  5.510404296047806551e-99
5.592876028566213797e+00  2.057167273735432613e-66  2.057167273735432613e-66
5.692876028566213442e+00  4.437254969406618174e-41  4.437254969406618174e-41
5.792876028566213975e+00  5.529906612110714845e-23  5.529906612110714845e-23
5.892876028566213620e+00  3.981803689501051649e-12  3.981803689501051649e-12
5.992876028566213265e+00  1.656534660229244280e-08  1.656534660229244280e-08
6.092876028566213797e+00  3.981803689500464383e-12  3.981803689500464383e-12
6.192876028566213442e+00  5.529906612109104418e-23  5.529906612109104418e-23
6.292876028566213975e+00  4.437254969404663641e-41  4.437254969404663641e-41
6.392876028566213620e+00  2.057167273734263483e-66  2.057167273734263483e-66
6.492876028566213265e+00  9.194583931901076325e-88  9.194583931901076325e-88
6.592876028566212909e+00  7.628920005882454794e-60  7.628920005882454794e-60
6.692876028566214330e+00  3.955370373167370695e-38  3.955370373167370695e-38
6.792876028566213975e+00  1.281457971605793245e-22  1.281457971605793245e-22
6.892876028566213620e+00  2.594267132888095162e-13  2.594267132888095162e-13
6.992876028566213265e+00  3.281845529302267814e-10  3.281845529302267814e-10
7.092876028566212909e+00  2.594267132888095162e-13  2.594267132888095162e-13
7.192876028566214330e+00  1.281457971605146723e-22  1.281457971605146723e-22
7.292876028566213975e+00  3.955370373164335645e-38  3.955370373164335645e-38
7.392876028566213620e+00  7.628920005882454794e-60  7.628920005882454794e-60
7.492876028566213265e+00  9.380329762960371033e-80  9.380329762960371033e-80
7.592876028566212909e+00  2.519316371861910384e-55  2.519316371861910384e-55
7.692876028566214330e+00  2.521542498455088696e-36  2.521542498455088696e-36
7.792876028566213975e+00  9.405217682661449694e-23  9.405217682661449694e-23
7.892876028566213620e+00  1.307345533230264326e-14  1.307345533230264326e-14
7.992876028566213265e+00  6.772217524861189744e-12  6.772217524861189744e-12
8.092876028566214686e+00  1.307345533229974025e-14  1.307345533229974025e-14
8.192876028566214330e+00  9.405217682657304901e-23  9.405217682657304901e-23
8.292876028566213975e+00  2.521542498453404520e-36  2.521542498453404520e-36
8.392876028566213620e+00  2.519316371861910384e-55  2.519316371861910384e-55
8.492876028566213265e+00  6.921526672637425443e-74  6.921526672637425443e-74
8.592876028566214686e+00  3.588602897166096742e-52  3.588602897166096742e-52
8.692876028566214330e+00  2.780707160431489401e-35  2.780707160431489401e-35
8.792876028566213975e+00  3.220259451981514106e-23  3.220259451981514106e-23
8.892876028566213620e+00  5.573554198764039208e-16  5.573554198764039208e-16
8.992876028566213265e+00  1.441714778806547655e-13  1.441714778806547655e-13
9.092876028566214686e+00  5.573554198762940720e-16  5.573554198762940720e-16
9.192876028566214330e+00  3.220259451980255152e-23  3.220259451980255152e-23
9.292876028566213975e+00  2.780707160429829614e-35  2.780707160429829614e-35
9.392876028566213620e+00  3.588602897163291840e-52  3.588602897163291840e-52
9.492876028566213265e+00  1.625271210468200589e-69  1.625271210468200589e-69
9.592876028566214686e+00  5.677524702684392816e-50  5.677524702684392816e-50
9.692876028566214330e+00  9.004630554297082852e-35  9.004630554297082852e-35
9.792876028566213975e+00  6.483775166323976691e-24  6.483775166323976691e-24
9.892876028566213620e+00  2.119557365791412491e-17  2.119557365791412491e-17
9.992876028566213265e+00  3.145702045562282150e-15  3.145702045562282150e-15
1.009287602856621469e+01  2.119557365791036241e-17  2.119557365791036241e-17
1.019287602856621433e+01  6.483775166321674191e-24  6.483775166321674191e-24
1.029287602856621398e+01  9.004630554292282566e-35  9.004630554292282566e-35
1.039287602856621362e+01  5.677524702680359099e-50  5.677524702680359099e-50
1.049287602856621326e+01  3.117405257076590470e-66  3.117405257076590470e-66
