-1.662784200561166159e+00  5.902110159895378975e-80  5.902110159895378975e-80
-1.562784200561166070e+00  2.731643559868003056e-74  2.731643559868003056e-74
-1.462784200561165981e+00  2.854994592905916529e-68  2.854994592905916529e-68
-1.362784200561166337e+00  1.726875179852793332e-62  1.726875179852793332e-62
-1.262784200561166248e+00  5.784954748954769679e-57  5.784954748954769679e-57
-1.162784200561166159e+00  1.072429680958368248e-51  1.072429680958368248e-51
-1.062784200561166070e+00  1.100167946939285133e-46  1.100167946939285133e-46
-9.627842005611659815e-01  6.245542663937683144e-42  6.245542663937683144e-42
-8.627842005611661147e-01  1.962015294033839431e-37  1.962015294033839431e-37
-7.627842005611662479e-01  3.410794971897616828e-33  3.410794971897616828e-33
-6.627842005611661591e-01  3.281178494183803116e-29  3.281178494183803116e-29
-5.627842005611660703e-01  1.746727329514459558e-25  1.746727329514459558e-25
-4.627842005611659815e-01  5.145663603243091086e-22  5.145663603243091086e-22
-3.627842005611661147e-01  8.388391337102129640e-19  8.388391337102129640e-19
-2.627842005611660259e-01  7.567231004868115194e-16  7.567231004868115194e-16
-1.627842005611661591e-01  3.777603023317742036e-13  3.777603023317742036e-13
-6.278420056116607029e-02  1.043558162457349943e-10  1.043558162457349943e-10
3.721579943883401853e-02  1.595284031678755545e-08  1.595284031678755545e-08
1.372157994388338853e-01  1.349523319145746788e-06  1.349523319145746788e-06
2.372157994388339741e-01  6.317478685091272952e-05  6.317478685091272952e-05
3.372157994388338409e-01  1.636545912984413214e-03  1.636545912984413214e-03
4.372157994388339297e-01  2.346030311525322889e-02  2.346030311525322889e-02
5.372157994388340185e-01  1.861058654399685153e-01  1.861058654399685153e-01
6.372157994388341073e-01  8.169726529667674653e-01  8.169726529667674653e-01
7.372157994388341962e-01  1.984613746591145755e+00  1.984613746591145755e+00
8.372157994388338409e-01  2.667875139595998757e+00  2.667875139595998757e+00
9.372157994388339297e-01  1.984615178719091766e+00  1.984615178719091766e+00
1.037215799438834019e+00  8.169904075471740024e-01  8.169904075471740024e-01
1.137215799438834107e+00  1.862691648973479885e-01  1.862691648973479885e-01
1.237215799438834196e+00  2.457759449015227068e-02  2.457759449015227068e-02
1.337215799438833841e+00  7.323224087052907991e-03  7.323224087052907991e-03
1.437215799438833930e+00  2.159403422468528927e-02  2.159403422468528927e-02
1.537215799438834019e+00  6.064350059448141844e-02  6.064350059448141844e-02
1.637215799438834107e+00  1.270569562136140973e-01  1.270569562136140973e-01
1.737215799438834196e+00  1.980309377296455842e-01  1.980309377296455842e-01
1.837215799438833841e+00  2.296046454545409565e-01  2.296046454545409565e-01
1.937215799438833930e+00  1.980423308066094623e-01  1.980423308066094623e-01
2.037215799438834019e+00  1.271190382940268482e-01  1.271190382940268482e-01
2.137215799438834107e+00  6.091485091716019457e-02  6.091485091716019457e-02
2.237215799438834196e+00  2.251368352099875070e-02  2.251368352099875070e-02
2.337215799438833841e+00  8.594742612665554407e-03  8.594742612665554407e-03
2.437215799438834374e+00  8.181648476161934233e-03  8.181648476161934233e-03
2.537215799438834019e+00  1.425235872098362319e-02  1.425235872098362319e-02
2.637215799438833663e+00  2.308699384316999573e-02  2.308699384316999573e-02
2.737215799438834196e+00  3.101356338276448424e-02  3.101356338276448424e-02
2.837215799438833841e+00  3.422951521276461351e-02  3.422951521276461351e-02
2.937215799438834374e+00  3.102733778107531412e-02  3.102733778107531412e-02
3.037215799438834019e+00  2.312548398391426133e-02  2.312548398391426133e-02
3.137215799438834551e+00  1.426007174632082548e-02  1.426007174632082548e-02
3.237215799438834196e+00  7.511736954252959397e-03  7.511736954252959397e-03
3.337215799438833841e+00  3.917378057742295326e-03  3.917378057742295326e-03
3.437215799438834374e+00  2.946769769524204031e-03  2.946769769524204031e-03
3.537215799438834019e+00  3.568734037877098648e-03  3.568734037877098648e-03
3.637215799438834551e+00  4.833236405307042571e-03  4.833236405307042571e-03
3.737215799438834196e+00  5.968781924166395580e-03  5.968781924166395580e-03
3.837215799438833841e+00  6.418801488040569783e-03  6.418801488040569783e-03
3.937215799438834374e+00  5.967630944358340468e-03  5.967630944358340468e-03
4.037215799438834019e+00  4.801771094497656045e-03  4.801771094497656045e-03
4.137215799438834551e+00  3.371046476332476005e-03  3.371046476332476005e-03
4.237215799438834196e+00  2.125951813773987054e-03  2.125951813773987054e-03
4.337215799438833841e+00  1.319943395918700890e-03  1.319943395918700890e-03
4.437215799438834374e+00  9.764811831610710176e-04  9.764811831610710176e-04
4.537215799438834019e+00  9.716930746836123034e-04  9.716930746836123034e-04
4.637215799438834551e+00  1.132860366900751824e-03  1.132860366900751824e-03
4.737215799438834196e+00  1.302096985962487635e-03  1.302096985962487635e-03
4.837215799438833841e+00  1.369800605402448019e-03  1.369800605402448019e-03
4.937215799438834374e+00  1.291873351876482185e-03  1.291873351876482185e-03
5.037215799438834019e+00  1.089740899173575941e-03  1.089740899173575941e-03
5.137215799438834551e+00  8.286480135331578557e-04  8.286480135331578557e-04
5.237215799438834196e+00  5.823199239484816133e-04  5.823199239484816133e-04
5.337215799438833841e+00  4.022074742142373429e-04  4.022074742142373429e-04
5.437215799438834374e+00  3.047648869319239664e-04  3.047648869319239664e-04
5.537215799438834019e+00  2.766986807989546722e-04  2.766986807989546722e-04
5.637215799438834551e+00  2.890002056550091129e-04  2.890002056550091129e-04
5.737215799438834196e+00  3.108043609594824926e-04  3.108043609594824926e-04
5.837215799438833841e+00  3.189469219979565711e-04  3.189469219979565711e-04
5.937215799438834374e+00  3.025964346455656609e-04  3.025964346455656609e-04
6.037215799438834019e+00  2.633101626033805195e-04  2.633101626033805195e-04
6.137215799438834551e+00  2.112717007189454232e-04  2.112717007189454232e-04
6.237215799438834196e+00  1.594502611065907755e-04  1.594502611065907755e-04
6.337215799438833841e+00  1.181792155792043034e-04  1.181792155792043034e-04
6.437215799438833486e+00  9.215933665432233558e-05  9.215933665432233558e-05
6.537215799438834907e+00  8.038394638351663063e-05  8.038394638351663063e-05
6.637215799438834551e+00  7.809056955929501067e-05  7.809056955929501067e-05
6.737215799438834196e+00  7.935575975869244350e-05  7.935575975869244350e-05
6.837215799438833841e+00  7.926176839868449636e-05  7.926176839868449636e-05
6.937215799438833486e+00  7.512245254031175946e-05  7.512245254031175946e-05
7.037215799438834907e+00  6.669119768614752402e-05  6.669119768614752402e-05
7.137215799438834551e+00  5.554952365127842584e-05  5.554952365127842584e-05
7.237215799438834196e+00  4.405602041111667807e-05  4.405602041111667807e-05
7.337215799438833841e+00  3.430553197952001691e-05  3.430553197952001691e-05
7.437215799438833486e+00  2.745825315792653755e-05  2.745825315792653755e-05
7.537215799438834907e+00  2.357945813373626878e-05  2.357945813373626878e-05
7.637215799438834551e+00  2.190188548745590434e-05  2.190188548745590434e-05
7.737215799438834196e+00  2.129427210065688633e-05  2.129427210065688633e-05
7.837215799438833841e+00  2.071670282171175095e-05  2.071670282171175095e-05
7.937215799438835262e+00  1.951926224785889013e-05  1.951926224785889013e-05
8.037215799438834907e+00  1.753438154096981349e-05  1.753438154096981349e-05
8.137215799438834551e+00  1.498979202284750570e-05  1.498979202284750570e-05
8.237215799438834196e+00  1.231639617911082933e-05  1.231639617911082933e-05
8.337215799438833841e+00  9.940535692121229297e-06  9.940535692121229297e-06
8.437215799438835262e+00  8.134082684807299529e-06  8.134082684807299529e-06
8.537215799438834907e+00  6.958002533145241479e-06  6.958002533145241479e-06
8.637215799438834551e+00  6.293234495003595264e-06  6.293234495003595264e-06
8.737215799438834196e+00  5.924056733160452839e-06  5.924056733160452839e-06
8.837215799438833841e+00  5.631116418503019215e-06  5.631116418503019215e-06
8.937215799438835262e+00  5.260583964453357378e-06  5.260583964453357378e-06
9.037215799438834907e+00  4.753419272889745976e-06  4.753419272889745976e-06
9.137215799438834551e+00  4.136061645487021688e-06  4.136061645487021688e-06
9.237215799438834196e+00  3.485838795496429024e-06  3.485838795496429024e-06
9.337215799438833841e+00  2.889073676519371184e-06  2.889073676519371184e-06
9.437215799438835262e+00  2.407655665816483697e-06  2.407655665816483697e-06
9.537215799438834907e+00  2.062976896699196506e-06  2.062976896699196506e-06
9.637215799438834551e+00  1.837958329359024816e-06  1.837958329359024816e-06
9.737215799438834196e+00  1.691575028120709898e-06  1.691575028120709898e-06
9.837215799438833841e+00  1.577599835293061199e-06  1.577599835293061199e-06
9.937215799438835262e+00  1.460162621218848801e-06  1.460162621218848801e-06
1.003721579943883491e+01  1.321827699756964535e-06  1.321827699756964535e-06
1.013721579943883455e+01  1.163531139549766463e-06  1.163531139549766463e-06
1.023721579943883420e+01  9.985630271678578806e-07  9.985630271678578806e-07
1.033721579943883384e+01  8.441506597983253302e-07  8.441506597983253302e-07
