-1.500000000000000000e+00  2.868578229728091858e-42  2.868578229728091858e-42
-1.399999999999999467e+00  5.516753938878690133e-39  5.516753938878690133e-39
-1.299999999999999822e+00  7.792180832576294299e-36  7.792180832576294299e-36
-1.199999999999999734e+00  8.083378683256301002e-33  8.083378683256301002e-33
-1.099999999999999645e+00  6.158647114488059173e-30  6.158647114488059173e-30
-9.999999999999997780e-01  3.446166121509025302e-27  3.446166121509025302e-27
-8.999999999999996891e-01  1.416268482430080780e-24  1.416268482430080780e-24
-7.999999999999998224e-01  4.274777014836930528e-22  4.274777014836930528e-22
-6.999999999999997335e-01  9.476322534158163909e-20  9.476322534158163909e-20
-5.999999999999996447e-01  1.542853519006232927e-17  1.542853519006232927e-17
-4.999999999999997780e-01  1.844879691626246390e-15  1.844879691626246390e-15
-3.999999999999996891e-01  1.620204739332827928e-13  1.620204739332827928e-13
-2.999999999999996003e-01  1.045033564710882442e-11  1.045033564710882442e-11
-1.999999999999997335e-01  4.950500104084546569e-10  4.950500104084546569e-10
-9.999999999999964473e-02  1.722369799012097426e-08  1.722369799012097426e-08
2.220446049250313081e-16  4.401109993738979312e-07  4.401109993738979312e-07
1.000000000000003109e-01  8.259552859635003522e-06  8.259552859635003522e-06
2.000000000000003997e-01  1.138437897048535127e-04  1.138437897048535127e-04
3.000000000000002665e-01  1.152446159821781573e-03  1.152446159821781573e-03
4.000000000000003553e-01  8.568216646061726713e-03  8.568216646061726713e-03
5.000000000000002220e-01  4.678630268954639404e-02  4.678630268954639404e-02
6.000000000000003109e-01  1.876313946403926625e-01  1.876313946403926625e-01
7.000000000000003997e-01  5.526507710708268295e-01  5.526507710708268295e-01
8.000000000000004885e-01  1.195513672239063574e+00  1.195513672239063574e+00
9.000000000000005773e-01  1.899401634256275395e+00  1.899401634256275395e+00
1.000000000000000222e+00  2.216346002230181522e+00  2.216346002230181522e+00
1.100000000000000311e+00  1.899401634256272953e+00  1.899401634256272953e+00
1.200000000000000400e+00  1.195513672239060465e+00  1.195513672239060465e+00
1.300000000000000488e+00  5.526507710708246091e-01  5.526507710708246091e-01
1.400000000000000577e+00  1.876313946403916910e-01  1.876313946403916910e-01
1.500000000000000222e+00  4.678630268954639404e-02  4.678630268954639404e-02
1.600000000000000311e+00  8.568216646061688549e-03  8.568216646061688549e-03
1.700000000000000400e+00  1.152446159821775284e-03  1.152446159821775284e-03
1.800000000000000488e+00  1.138437897048521033e-04  1.138437897048521033e-04
1.900000000000000577e+00  8.259552859634900184e-06  8.259552859634900184e-06
2.000000000000000000e+00  4.401109993738979312e-07  4.401109993738979312e-07
2.100000000000000533e+00  1.722369799012085184e-08  1.722369799012085184e-08
2.200000000000000178e+00  4.950500104084511414e-10  4.950500104084511414e-10
2.300000000000000711e+00  1.045033564710864024e-11  1.045033564710864024e-11
2.400000000000000355e+00  1.620204739332793091e-13  1.620204739332793091e-13
2.500000000000000000e+00  1.844879691626246390e-15  1.844879691626246390e-15
2.600000000000000533e+00  1.542853519006199955e-17  1.542853519006199955e-17
2.700000000000000178e+00  9.476322534158029094e-20  9.476322534158029094e-20
2.799999999999999822e+00  4.274777014836930528e-22  4.274777014836930528e-22
2.900000000000000355e+00  1.416268482430050658e-24  1.416268482430050658e-24
3.000000000000000000e+00  3.446166121509025302e-27  3.446166121509025302e-27
3.100000000000000533e+00  6.158647114487884711e-30  6.158647114487884711e-30
3.200000000000000178e+00  8.083378683256301002e-33  8.083378683256301002e-33
3.300000000000000711e+00  7.792180832575741037e-36  7.792180832575741037e-36
3.400000000000000355e+00  5.516753938878532873e-39  5.516753938878532873e-39
3.500000000000000000e+00  2.868578229728091858e-42  2.868578229728091858e-42
3.600000000000000533e+00  1.095489642364747782e-45  1.095489642364747782e-45
3.700000000000000178e+00  3.072616416580187518e-49  3.072616416580187518e-49
3.800000000000000711e+00  6.329463659211714304e-53  6.329463659211714304e-53
3.900000000000000355e+00  9.575996265439330954e-57  9.575996265439330954e-57
4.000000000000000000e+00  1.064043832086661862e-60  1.064043832086661862e-60
4.100000000000000533e+00  8.683475082668941245e-65  8.683475082668941245e-65
4.200000000000000178e+00  5.204584925008591675e-69  5.204584925008591675e-69
4.300000000000000711e+00  2.291063517539544491e-73  2.291063517539544491e-73
4.400000000000000355e+00  7.407073485185930186e-78  7.407073485185930186e-78
4.500000000000000000e+00  1.758792763487278440e-82  1.758792763487278440e-82
4.600000000000000533e+00  3.067193534532940573e-87  3.067193534532940573e-87
4.700000000000000178e+00  3.928494806291685872e-92  3.928494806291685872e-92
4.800000000000000711e+00  3.695469989806248835e-97  3.695469989806248835e-97
4.900000000000000355e+00  2.553122597488542721e-102  2.553122597488542721e-102
5.000000000000000000e+00  1.295484295158741462e-107  1.295484295158741462e-107
5.100000000000000533e+00  4.827820657931013518e-113  4.827820657931013518e-113
5.200000000000000178e+00  1.321382643985844796e-118  1.321382643985844796e-118
5.300000000000000711e+00  2.656223170997725130e-124  2.656223170997725130e-124
5.400000000000000355e+00  3.921561378532225816e-130  3.921561378532225816e-130
5.500000000000000000e+00  4.252183186899662478e-136  4.252183186899662478e-136
5.600000000000000533e+00  3.386284232049485255e-142  3.386284232049485255e-142
5.700000000000000178e+00  1.980584354323586366e-148  1.980584354323586366e-148
5.800000000000000711e+00  8.507888172184340499e-155  8.507888172184340499e-155
5.900000000000000355e+00  2.684161822686264515e-161  2.684161822686264515e-161
6.000000000000000000e+00  6.219480498269395984e-168  6.219480498269395984e-168
6.100000000000000533e+00  1.058419954355311269e-174  1.058419954355311269e-174
6.200000000000000178e+00  1.322879909322274253e-181  1.322879909322274253e-181
6.300000000000000711e+00  1.214342838469699794e-188  1.214342838469699794e-188
6.400000000000000355e+00  8.186922971547022267e-196  8.186922971547022267e-196
6.500000000000000000e+00  4.053765159910682207e-203  4.053765159910682207e-203
6.599999999999999645e+00  1.474195090794240426e-210  1.474195090794240426e-210
6.700000000000001066e+00  3.937402644737815638e-218  3.937402644737815638e-218
6.800000000000000711e+00  7.723660752681817842e-226  7.723660752681817842e-226
6.900000000000000355e+00  1.112743444691795569e-233  1.112743444691795569e-233
7.000000000000000000e+00  1.177403689135181780e-241  1.177403689135181780e-241
7.099999999999999645e+00  9.149855452945767387e-250  9.149855452945767387e-250
7.200000000000001066e+00  5.222297003763916025e-258  5.222297003763916025e-258
7.300000000000000711e+00  2.189109042852849429e-266  2.189109042852849429e-266
7.400000000000000355e+00  6.739562663856834611e-275  6.739562663856834611e-275
7.500000000000000000e+00  1.523893194860335827e-283  1.523893194860335827e-283
7.599999999999999645e+00  2.530671865387400981e-292  2.530671865387400981e-292
7.700000000000001066e+00  3.086566493173282630e-301  3.086566493173282630e-301
7.800000000000000711e+00  2.764865000751239795e-310  2.764865000751239795e-310
7.900000000000000355e+00  1.818952081729133277e-319  1.818952081729133277e-319
8.000000000000000000e+00  0.000000000000000000e+00  0.000000000000000000e+00
8.100000000000001421e+00  0.000000000000000000e+00  0.000000000000000000e+00
8.200000000000001066e+00  0.000000000000000000e+00  0.000000000000000000e+00
8.300000000000000711e+00  0.000000000000000000e+00  0.000000000000000000e+00
8.400000000000000355e+00  0.000000000000000000e+00  0.000000000000000000e+00
8.500000000000000000e+00  0.000000000000000000e+00  0.000000000000000000e+00
8.600000000000001421e+00  0.000000000000000000e+00  0.000000000000000000e+00
8.700000000000001066e+00  0.000000000000000000e+00  0.000000000000000000e+00
8.800000000000000711e+00  0.000000000000000000e+00  0.000000000000000000e+00
8.900000000000000355e+00  0.000000000000000000e+00  0.000000000000000000e+00
9.000000000000000000e+00  0.000000000000000000e+00  0.000000000000000000e+00
9.100000000000001421e+00  0.000000000000000000e+00  0.000000000000000000e+00
9.200000000000001066e+00  0.000000000000000000e+00  0.000000000000000000e+00
9.300000000000000711e+00  0.000000000000000000e+00  0.000000000000000000e+00
9.400000000000000355e+00  0.000000000000000000e+00  0.000000000000000000e+00
9.500000000000000000e+00  0.000000000000000000e+00  0.000000000000000000e+00
9.600000000000001421e+00  0.000000000000000000e+00  0.000000000000000000e+00
9.700000000000001066e+00  0.000000000000000000e+00  0.000000000000000000e+00
9.800000000000000711e+00  0.000000000000000000e+00  0.000000000000000000e+00
9.900000000000000355e+00  0.000000000000000000e+00  0.000000000000000000e+00
1.000000000000000000e+01  0.000000000000000000e+00  0.000000000000000000e+00
1.010000000000000142e+01  0.000000000000000000e+00  0.000000000000000000e+00
1.020000000000000107e+01  0.000000000000000000e+00  0.000000000000000000e+00
1.030000000000000071e+01  0.000000000000000000e+00  0.000000000000000000e+00
1.040000000000000036e+01  0.000000000000000000e+00  0.000000000000000000e+00
1.050000000000000000e+01  0.000000000000000000e+00  0.000000000000000000e+00
