-1.500000000000000000e+00  5.338417466605350770e-38  5.338417466605350770e-38
-1.399999999999999467e+00  4.729774734877088133e-35  4.729774734877088133e-35
-1.299999999999999822e+00  3.176619523652320979e-32  3.176619523652320979e-32
-1.199999999999999734e+00  1.617285764536770492e-29  1.617285764536770492e-29
-1.099999999999999645e+00  6.241732415161329459e-27  6.241732415161329459e-27
-9.999999999999997780e-01  1.826082305955976843e-24  1.826082305955976843e-24
-8.999999999999996891e-01  4.049788750898115979e-22  4.049788750898115979e-22
-7.999999999999998224e-01  6.808339604030003127e-20  6.808339604030003127e-20
-6.999999999999997335e-01  8.676545941637790601e-18  8.676545941637790601e-18
-5.999999999999996447e-01  8.382032690764498668e-16  8.382032690764498668e-16
-4.999999999999997780e-01  6.138307621490138785e-14  6.138307621490138785e-14
-3.999999999999996891e-01  3.407569856254462158e-12  3.407569856254462158e-12
-2.999999999999996003e-01  1.433962207877603958e-10  1.433962207877603958e-10
-1.999999999999997335e-01  4.574329692137392854e-09  4.574329692137392854e-09
-9.999999999999964473e-02  1.106150040615991769e-07  1.106150040615991769e-07
2.220446049250313081e-16  2.027670747239270669e-06  2.027670747239270669e-06
1.000000000000003109e-01  2.817589052885787352e-05  2.817589052885787352e-05
2.000000000000003997e-01  2.967937056244099249e-04  2.967937056244099249e-04
3.000000000000002665e-01  2.369891921799782177e-03  2.369891921799782177e-03
4.000000000000003553e-01  1.434495579850766575e-02  1.434495579850766575e-02
5.000000000000002220e-01  6.582133819788936469e-02  6.582133819788936469e-02
6.000000000000003109e-01  2.289449245785378229e-01  2.289449245785378229e-01
7.000000000000003997e-01  6.036596564844884938e-01  6.036596564844884938e-01
8.000000000000004885e-01  1.206563279007612177e+00  1.206563279007612177e+00
9.000000000000005773e-01  1.828120735088509585e+00  1.828120735088509585e+00
1.000000000000000222e+00  2.099696212639119430e+00  2.099696212639119430e+00
1.100000000000000311e+00  1.828120735088507587e+00  1.828120735088507587e+00
1.200000000000000400e+00  1.206563279007609291e+00  1.206563279007609291e+00
1.300000000000000488e+00  6.036596564844861623e-01  6.036596564844861623e-01
1.400000000000000577e+00  2.289449245785367126e-01  2.289449245785367126e-01
1.500000000000000222e+00  6.582133819788936469e-02  6.582133819788936469e-02
1.600000000000000311e+00  1.434495579850761544e-02  1.434495579850761544e-02
1.700000000000000400e+00  2.369891921799770033e-03  2.369891921799770033e-03
1.800000000000000488e+00  2.967937056244067265e-04  2.967937056244067265e-04
1.900000000000000577e+00  2.817589052885757537e-05  2.817589052885757537e-05
2.000000000000000000e+00  2.027670747239270669e-06  2.027670747239270669e-06
2.100000000000000533e+00  1.106150040615987931e-07  1.106150040615987931e-07
2.200000000000000178e+00  4.574329692137360594e-09  4.574329692137360594e-09
2.300000000000000711e+00  1.433962207877583537e-10  1.433962207877583537e-10
2.400000000000000355e+00  3.407569856254389860e-12  3.407569856254389860e-12
2.500000000000000000e+00  6.138307621490138785e-14  6.138307621490138785e-14
2.600000000000000533e+00  8.382032690764380339e-16  8.382032690764380339e-16
2.700000000000000178e+00  8.676545941637667341e-18  8.676545941637667341e-18
2.799999999999999822e+00  6.808339604030003127e-20  6.808339604030003127e-20
2.900000000000000355e+00  4.049788750898058145e-22  4.049788750898058145e-22
3.000000000000000000e+00  1.826082305955976843e-24  1.826082305955976843e-24
3.100000000000000533e+00  6.241732415161152246e-27  6.241732415161152246e-27
3.200000000000000178e+00  1.617285764536770492e-29  1.617285764536770492e-29
3.300000000000000711e+00  3.176619523652140890e-32  3.176619523652140890e-32
3.400000000000000355e+00  4.729774734876953960e-35  4.729774734876953960e-35
3.500000000000000000e+00  5.338417466605350770e-38  5.338417466605350770e-38
3.600000000000000533e+00  4.567530204232241447e-41  4.567530204232241447e-41
3.700000000000000178e+00  2.962423488563175199e-44  2.962423488563175199e-44
3.800000000000000711e+00  1.456497275169497738e-47  1.456497275169497738e-47
3.900000000000000355e+00  5.428364852604778494e-51  5.428364852604778494e-51
4.000000000000000000e+00  1.533646269958689495e-54  1.533646269958689495e-54
4.100000000000000533e+00  3.284567527153214098e-58  3.284567527153214098e-58
4.200000000000000178e+00  5.332464913539761032e-62  5.332464913539761032e-62
4.300000000000000711e+00  6.562580407906212805e-66  6.562580407906212805e-66
4.400000000000000355e+00  6.122349077681521258e-70  6.122349077681521258e-70
4.500000000000000000e+00  4.329705507061667403e-74  4.329705507061667403e-74
4.600000000000000533e+00  2.321108528572302212e-78  2.321108528572302212e-78
4.700000000000000178e+00  9.432555214389447558e-83  9.432555214389447558e-83
4.800000000000000711e+00  2.905762295873394321e-87  2.905762295873394321e-87
4.900000000000000355e+00  6.785590260856615622e-92  6.785590260856615622e-92
5.000000000000000000e+00  1.201190804215392317e-96  1.201190804215392317e-96
5.100000000000000533e+00  1.611881776045177257e-101  1.611881776045177257e-101
5.200000000000000178e+00  1.639650142109789730e-106  1.639650142109789730e-106
5.300000000000000711e+00  1.264346225088625988e-111  1.264346225088625988e-111
5.400000000000000355e+00  7.390565339113069678e-117  7.390565339113069678e-117
5.500000000000000000e+00  3.274810128797047536e-122  3.274810128797047536e-122
5.600000000000000533e+00  1.099996766322739878e-127  1.099996766322739878e-127
5.700000000000000178e+00  2.800873608250301540e-133  2.800873608250301540e-133
5.800000000000000711e+00  5.406204051876309343e-139  5.406204051876309343e-139
5.900000000000000355e+00  7.910212953358187449e-145  7.910212953358187449e-145
6.000000000000000000e+00  8.773658709790637619e-151  8.773658709790637619e-151
6.100000000000000533e+00  7.376835808659390529e-157  7.376835808659390529e-157
6.200000000000000178e+00  4.701715182460104257e-163  4.701715182460104257e-163
6.300000000000000711e+00  2.271639106923588992e-169  2.271639106923588992e-169
6.400000000000000355e+00  8.319920479862789468e-176  8.319920479862789468e-176
6.500000000000000000e+00  2.309914120236322541e-182  2.309914120236322541e-182
6.599999999999999645e+00  4.861489043698378020e-189  4.861489043698378020e-189
6.700000000000001066e+00  7.756032288833579391e-196  7.756032288833579391e-196
6.800000000000000711e+00  9.380083942509684022e-203  9.380083942509684022e-203
6.900000000000000355e+00  8.599449705218557089e-210  8.599449705218557089e-210
7.000000000000000000e+00  5.976286596355882255e-217  5.976286596355882255e-217
7.099999999999999645e+00  3.148393382575689396e-224  3.148393382575689396e-224
7.200000000000001066e+00  1.257312939513483197e-231  1.257312939513483197e-231
7.300000000000000711e+00  3.806226237529653350e-239  3.806226237529653350e-239
7.400000000000000355e+00  8.734592163447296196e-247  8.734592163447296196e-247
7.500000000000000000e+00  1.519453745707641886e-254  1.519453745707641886e-254
7.599999999999999645e+00  2.003683657183705186e-262  2.003683657183705186e-262
7.700000000000001066e+00  2.002938650561493287e-270  2.002938650561493287e-270
7.800000000000000711e+00  1.517759492849086419e-278  1.517759492849086419e-278
7.900000000000000355e+00  8.718365820319453211e-287  8.718365820319453211e-287
8.000000000000000000e+00  3.796330704119027959e-295  3.796330704119027959e-295
8.100000000000001421e+00  1.253111761957521331e-303  1.253111761957521331e-303
8.200000000000001066e+00  3.135540355879413824e-312  3.135540355879413824e-312
8.300000000000000711e+00  5.943609719470195926e-321  5.943609719470195926e-321
8.400000000000000355e+00  0.000000000000000000e+00  0.000000000000000000e+00
8.500000000000000000e+00  0.000000000000000000e+00  0.000000000000000000e+00
8.600000000000001421e+00  0.000000000000000000e+00  0.000000000000000000e+00
8.700000000000001066e+00  0.000000000000000000e+00  0.000000000000000000e+00
8.800000000000000711e+00  0.000000000000000000e+00  0.000000000000000000e+00
8.900000000000000355e+00  0.000000000000000000e+00  0.000000000000000000e+00
9.000000000000000000e+00  0.000000000000000000e+00  0.000000000000000000e+00
9.100000000000001421e+00  0.000000000000000000e+00  0.000000000000000000e+00
9.200000000000001066e+00  0.000000000000000000e+00  0.000000000000000000e+00
9.300000000000000711e+00  0.000000000000000000e+00  0.000000000000000000e+00
9.400000000000000355e+00  0.000000000000000000e+00  0.000000000000000000e+00
9.500000000000000000e+00  0.000000000000000000e+00  0.000000000000000000e+00
9.600000000000001421e+00  0.000000000000000000e+00  0.000000000000000000e+00
9.700000000000001066e+00  0.000000000000000000e+00  0.000000000000000000e+00
9.800000000000000711e+00  0.000000000000000000e+00  0.000000000000000000e+00
9.900000000000000355e+00  0.000000000000000000e+00  0.000000000000000000e+00
1.000000000000000000e+01  0.000000000000000000e+00  0.000000000000000000e+00
1.010000000000000142e+01  0.000000000000000000e+00  0.000000000000000000e+00
1.020000000000000107e+01  0.000000000000000000e+00  0.000000000000000000e+00
1.030000000000000071e+01  0.000000000000000000e+00  0.000000000000000000e+00
1.040000000000000036e+01  0.000000000000000000e+00  0.000000000000000000e+00
1.050000000000000000e+01  0.000000000000000000e+00  0.000000000000000000e+00
