-1.552631567076267594e+00  9.048238228308476329e-166  9.048238228308476329e-166
-1.452631567076267949e+00  1.634429113690763763e-154  1.634429113690763763e-154
-1.352631567076267860e+00  6.442281555275009437e-142  6.442281555275009437e-142
-1.252631567076267771e+00  7.460609154310573946e-130  7.460609154310573946e-130
-1.152631567076268126e+00  2.513876103969950536e-118  2.513876103969950536e-118
-1.052631567076267594e+00  2.464605561067128749e-107  2.464605561067128749e-107
-9.526315670762677268e-01  7.030479583326714197e-97  7.030479583326714197e-97
-8.526315670762678600e-01  5.835209481372822968e-87  5.835209481372822968e-87
-7.526315670762677712e-01  1.409165249709662361e-77  1.409165249709662361e-77
-6.526315670762676824e-01  9.901508645962028228e-69  9.901508645962028228e-69
-5.526315670762678156e-01  2.024299604078659360e-60  2.024299604078659360e-60
-4.526315670762677268e-01  1.204154414790131322e-52  1.204154414790131322e-52
-3.526315670762676380e-01  2.084123964106372019e-45  2.084123964106372019e-45
-2.526315670762677712e-01  1.049539734878324695e-38  1.049539734878324695e-38
-1.526315670762676824e-01  1.537829530579089814e-32  1.537829530579089814e-32
-5.263156707626781561e-02  6.556189232993774968e-27  6.556189232993774968e-27
4.736843292373227321e-02  8.132587359384427382e-22  8.132587359384427382e-22
1.473684329237323620e-01  2.935215329946484070e-17  2.935215329946484070e-17
2.473684329237322288e-01  3.082372843537790658e-13  3.082372843537790658e-13
3.473684329237323176e-01  9.418122729998236971e-10  9.418122729998236971e-10
4.473684329237321844e-01  8.372930653017340498e-07  8.372930653017340498e-07
5.473684329237322732e-01  2.165831251278562471e-04  2.165831251278562471e-04
6.473684329237323620e-01  1.630067957846151327e-02  1.630067957846151327e-02
7.473684329237324508e-01  3.569610070840961158e-01  3.569610070840961158e-01
8.473684329237325397e-01  2.274415564853405680e+00  2.274415564853405680e+00
9.473684329237321844e-01  4.216507064391753268e+00  4.216507064391753268e+00
1.047368432923732273e+00  2.274415564855362781e+00  2.274415564855362781e+00
1.147368432923732362e+00  3.569610074582344472e-01  3.569610074582344472e-01
1.247368432923732451e+00  1.630071791909466425e-02  1.630071791909466425e-02
1.347368432923732540e+00  2.187024565212454020e-04  2.187024565212454020e-04
1.447368432923732184e+00  6.402832471847163891e-05  6.402832471847163891e-05
1.547368432923732273e+00  1.016317512206154966e-03  1.016317512206154966e-03
1.647368432923732362e+00  8.816973873042900645e-03  8.816973873042900645e-03
1.747368432923732451e+00  4.125979707217257431e-02  4.125979707217257431e-02
1.847368432923732540e+00  1.041481615167852148e-01  1.041481615167852148e-01
1.947368432923732184e+00  1.418055128040515700e-01  1.418055128040515700e-01
2.047368432923732051e+00  1.041481619939151476e-01  1.041481619939151476e-01
2.147368432923732584e+00  4.125981284427897994e-02  4.125981284427897994e-02
2.247368432923732229e+00  8.817319258793346673e-03  8.817319258793346673e-03
2.347368432923732762e+00  1.021328418059635904e-03  1.021328418059635904e-03
2.447368432923732406e+00  1.113823616005724679e-04  1.113823616005724679e-04
2.547368432923732939e+00  3.091755889345767453e-04  3.091755889345767453e-04
2.647368432923732584e+00  1.296456136387222563e-03  1.296456136387222563e-03
2.747368432923732229e+00  3.627020842602228772e-03  3.627020842602228772e-03
2.847368432923732762e+00  6.724082300035408126e-03  6.724082300035408126e-03
2.947368432923732406e+00  8.260265960621107975e-03  8.260265960621107975e-03
3.047368432923732939e+00  6.724084547482127305e-03  6.724084547482127305e-03
3.147368432923732584e+00  3.627051537462162509e-03  3.627051537462162509e-03
3.247368432923733117e+00  1.296732310121713992e-03  1.296732310121713992e-03
3.347368432923732762e+00  3.093946116968571201e-04  3.093946116968571201e-04
3.447368432923732406e+00  6.095979155902769874e-05  6.095979155902769874e-05
3.547368432923732939e+00  5.621837867898883754e-05  5.621837867898883754e-05
3.647368432923732584e+00  1.511694467650606178e-04  1.511694467650606178e-04
3.747368432923733117e+00  3.262837094594112151e-04  3.262837094594112151e-04
3.847368432923732762e+00  5.183666704137487435e-04  5.183666704137487435e-04
3.947368432923732406e+00  6.048637719369378456e-04  6.048637719369378456e-04
4.047368432923732939e+00  5.183684585490476449e-04  5.183684585490476449e-04
4.147368432923732584e+00  3.262865454874475969e-04  3.262865454874475969e-04
4.247368432923733117e+00  1.509426304906563124e-04  1.509426304906563124e-04
4.347368432923732762e+00  5.179671853614479886e-05  5.179671853614479886e-05
4.447368432923732406e+00  1.506340858279655451e-05  1.506340858279655451e-05
4.547368432923732939e+00  9.309787504591200818e-06  9.309787504591200818e-06
4.647368432923732584e+00  1.685842980113334694e-05  1.685842980113334694e-05
4.747368432923733117e+00  3.070160297226248226e-05  3.070160297226248226e-05
4.847368432923732762e+00  4.442151146397508188e-05  4.442151146397508188e-05
4.947368432923732406e+00  5.025625135397731284e-05  5.025625135397731284e-05
5.047368432923732939e+00  4.442033186494431649e-05  4.442033186494431649e-05
5.147368432923732584e+00  3.067678439446301349e-05  3.067678439446301349e-05
5.247368432923733117e+00  1.657317250551122048e-05  1.657317250551122048e-05
5.347368432923732762e+00  7.082883138299294023e-06  7.082883138299294023e-06
5.447368432923732406e+00  2.640539868570546309e-06  2.640539868570546309e-06
5.547368432923732939e+00  1.462534650089546087e-06  1.462534650089546087e-06
5.647368432923732584e+00  1.911043884826349196e-06  1.911043884826349196e-06
5.747368432923733117e+00  3.016774196925837565e-06  3.016774196925837565e-06
5.847368432923732762e+00  4.084515900603971866e-06  4.084515900603971866e-06
5.947368432923732406e+00  4.524852810669860970e-06  4.524852810669860970e-06
6.047368432923732939e+00  4.082581033225602787e-06  4.082581033225602787e-06
6.147368432923732584e+00  2.999688969244803065e-06  2.999688969244803065e-06
6.247368432923733117e+00  1.798195484326825040e-06  1.798195484326825040e-06
6.347368432923732762e+00  8.903515927859064240e-07  8.903515927859064240e-07
6.447368432923732406e+00  3.930885510300943058e-07  3.930885510300943058e-07
6.547368432923732051e+00  2.164843211570717197e-07  2.164843211570717197e-07
6.647368432923733472e+00  2.239792991854862091e-07  2.239792991854862091e-07
6.747368432923733117e+00  3.088764050341827881e-07  3.088764050341827881e-07
6.847368432923732762e+00  3.953630486307131800e-07  3.953630486307131800e-07
6.947368432923732406e+00  4.307920339327069660e-07  4.307920339327069660e-07
7.047368432923732051e+00  3.943718753346546466e-07  3.943718753346546466e-07
7.147368432923733472e+00  3.029312854163806208e-07  3.029312854163806208e-07
7.247368432923733117e+00  1.956955440404049219e-07  1.956955440404049219e-07
7.347368432923732762e+00  1.076887019448299880e-07  1.076887019448299880e-07
7.447368432923732406e+00  5.369784005507071802e-08  5.369784005507071802e-08
7.547368432923732051e+00  3.042495894332984925e-08  3.042495894332984925e-08
7.647368432923733472e+00  2.703781890261364306e-08  2.703781890261364306e-08
7.747368432923733117e+00  3.287626159607278473e-08  3.287626159607278473e-08
7.847368432923732762e+00  3.985938172018399179e-08  3.985938172018399179e-08
7.947368432923732406e+00  4.275615451527653082e-08  4.275615451527653082e-08
8.047368432923732939e+00  3.954477490517291337e-08  3.954477490517291337e-08
8.147368432923734360e+00  3.140729085387941966e-08  3.140729085387941966e-08
8.247368432923732229e+00  2.146792091712070671e-08  2.146792091712070671e-08
8.347368432923733650e+00  1.279007597083593279e-08  1.279007597083593279e-08
8.447368432923731518e+00  6.988102660569621128e-09  6.988102660569621128e-09
8.547368432923732939e+00  4.111181765617217531e-09  4.111181765617217531e-09
8.647368432923734360e+00  3.328298263826026190e-09  3.328298263826026190e-09
8.747368432923732229e+00  3.624208067329048820e-09  3.624208067329048820e-09
8.847368432923733650e+00  4.158946559882402601e-09  4.158946559882402601e-09
8.947368432923731518e+00  4.385646267114850042e-09  4.385646267114850042e-09
9.047368432923732939e+00  4.083125034578025031e-09  4.083125034578025031e-09
9.147368432923732584e+00  3.327645795917741757e-09  3.327645795917741757e-09
9.247368432923732229e+00  2.377194626106563308e-09  2.377194626106563308e-09
9.347368432923731874e+00  1.506598532179125655e-09  1.506598532179125655e-09
9.447368432923731518e+00  8.837035383059482813e-10  8.837035383059482813e-10
9.547368432923732939e+00  5.400230543911385358e-10  5.400230543911385358e-10
9.647368432923732584e+00  4.140803058999521838e-10  4.140803058999521838e-10
9.747368432923732229e+00  4.116576016024517779e-10  4.116576016024517779e-10
9.847368432923731874e+00  4.471409015999548122e-10  4.471409015999548122e-10
9.947368432923731518e+00  4.623653348876093454e-10  4.623653348876093454e-10
1.004736843292373294e+01  4.318139328583826936e-10  4.318139328583826936e-10
1.014736843292373258e+01  3.590546120424784290e-10  3.590546120424784290e-10
1.024736843292373223e+01  2.657196311319084127e-10  2.657196311319084127e-10
1.034736843292373187e+01  1.769292629200542841e-10  1.769292629200542841e-10
1.044736843292373152e+01  1.098185920814352108e-10  1.098185920814352108e-10
