-1.598900742081057480e+00  7.037813945612980056e-14  7.037813945612980056e-14
-1.498900742081057835e+00  7.320637460252152584e-13  7.320637460252152584e-13
-1.398900742081057746e+00  7.088261925980781580e-12  7.088261925980781580e-12
-1.298900742081057658e+00  6.302003550680302129e-11  6.302003550680302129e-11
-1.198900742081058013e+00  5.111936071564176719e-10  5.111936071564176719e-10
-1.098900742081057480e+00  3.771866032152828968e-09  3.771866032152828968e-09
-9.989007420810576132e-01  2.527944296598171739e-08  2.527944296598171739e-08
-8.989007420810577464e-01  1.537844045535541684e-07  1.537844045535541684e-07
-7.989007420810576576e-01  8.488576828532322238e-07  8.488576828532322238e-07
-6.989007420810575688e-01  4.250633182971003731e-06  4.250633182971003731e-06
-5.989007420810577020e-01  1.930742671677041536e-05  1.930742671677041536e-05
-4.989007420810576132e-01  7.954678617247564441e-05  7.954678617247564441e-05
-3.989007420810575244e-01  2.972585733390303918e-04  2.972585733390303918e-04
-2.989007420810576576e-01  1.007515211229168114e-03  1.007515211229168114e-03
-1.989007420810575688e-01  3.097203654797430449e-03  3.097203654797430449e-03
-9.890074208105770204e-02  8.635480767165857816e-03  8.635480767165857816e-03
1.099257918942386780e-03  2.183741225933542862e-02  2.183741225933542862e-02
1.010992579189424756e-01  5.008577886062220291e-02  5.008577886062220291e-02
2.010992579189423424e-01  1.041906191959438149e-01  1.041906191959438149e-01
3.010992579189424312e-01  1.965840499342206837e-01  1.965840499342206837e-01
4.010992579189422980e-01  3.364197199387914949e-01  3.364197199387914949e-01
5.010992579189423868e-01  5.222062773102389421e-01  5.222062773102389421e-01
6.010992579189424756e-01  7.352833867793501232e-01  7.352833867793501232e-01
7.010992579189425644e-01  9.392118753855067670e-01  9.392118753855067670e-01
8.010992579189426532e-01  1.088554530669756826e+00  1.088554530669756826e+00
9.010992579189422980e-01  1.145171045765812856e+00  1.145171045765812856e+00
1.001099257918942387e+00  1.094286203209213770e+00  1.094286203209213770e+00
1.101099257918942476e+00  9.511643472449105019e-01  9.511643472449105019e-01
1.201099257918942564e+00  7.543069111196573084e-01  7.543069111196573084e-01
1.301099257918942653e+00  5.492734906671912221e-01  5.492734906671912221e-01
1.401099257918942298e+00  3.723136260744269732e-01  3.723136260744269732e-01
1.501099257918942387e+00  2.415718710079564624e-01  2.415718710079564624e-01
1.601099257918942476e+00  1.577584213127640744e-01  1.577584213127640744e-01
1.701099257918942564e+00  1.108083686540409923e-01  1.108083686540409923e-01
1.801099257918942653e+00  8.743433010603199329e-02  8.743433010603199329e-02
1.901099257918942298e+00  7.621889809355021639e-02  7.621889809355021639e-02
2.001099257918942165e+00  6.956378713608359077e-02  6.956378713608359077e-02
2.101099257918942698e+00  6.348296379154225177e-02  6.348296379154225177e-02
2.201099257918942342e+00  5.652634661813402822e-02  5.652634661813402822e-02
2.301099257918942875e+00  4.867283846748256954e-02  4.867283846748256954e-02
2.401099257918942520e+00  4.051308363452886530e-02  4.051308363452886530e-02
2.501099257918943053e+00  3.274494210016232892e-02  3.274494210016232892e-02
2.601099257918942698e+00  2.590953710637551935e-02  2.590953710637551935e-02
2.701099257918942342e+00  2.029308516986772642e-02  2.029308516986772642e-02
2.801099257918942875e+00  1.593525376917820369e-02  1.593525376917820369e-02
2.901099257918942520e+00  1.269588201940148771e-02  1.269588201940148771e-02
3.001099257918943053e+00  1.034068318204886192e-02  1.034068318204886192e-02
3.101099257918942698e+00  8.617587470807840100e-03  8.617587470807840100e-03
3.201099257918943231e+00  7.308546579392353505e-03  7.308546579392353505e-03
3.301099257918942875e+00  6.253771426615342861e-03  6.253771426615342861e-03
3.401099257918942520e+00  5.353661420314207928e-03  5.353661420314207928e-03
3.501099257918943053e+00  4.557210596423276992e-03  4.557210596423276992e-03
3.601099257918942698e+00  3.845359739469093180e-03  3.845359739469093180e-03
3.701099257918943231e+00  3.215341209834195191e-03  3.215341209834195191e-03
3.801099257918942875e+00  2.669150207854873846e-03  2.669150207854873846e-03
3.901099257918942520e+00  2.206887556337811581e-03  2.206887556337811581e-03
4.001099257918943053e+00  1.824235976689789381e-03  1.824235976689789381e-03
4.101099257918942698e+00  1.512703164005276164e-03  1.512703164005276164e-03
4.201099257918943231e+00  1.261243392619637972e-03  1.261243392619637972e-03
4.301099257918942875e+00  1.058178929616508668e-03  1.058178929616508668e-03
4.401099257918942520e+00  8.927616393268718786e-04  8.927616393268718786e-04
4.501099257918943053e+00  7.561003131298005189e-04  7.561003131298005189e-04
4.601099257918942698e+00  6.414586235737004035e-04  6.414586235737004035e-04
4.701099257918943231e+00  5.440846020351101497e-04  5.440846020351101497e-04
4.801099257918942875e+00  4.607822606784348594e-04  4.607822606784348594e-04
4.901099257918942520e+00  3.894132275068006369e-04  3.894132275068006369e-04
5.001099257918943053e+00  3.284573433054877598e-04  3.284573433054877598e-04
5.101099257918942698e+00  2.766956274077238980e-04  2.766956274077238980e-04
5.201099257918943231e+00  2.330255193486798783e-04  2.330255193486798783e-04
5.301099257918942875e+00  1.963847040273218689e-04  1.963847040273218689e-04
5.401099257918942520e+00  1.657458302126629324e-04  1.657458302126629324e-04
5.501099257918943053e+00  1.401451157926272167e-04  1.401451157926272167e-04
5.601099257918942698e+00  1.187168268119848509e-04  1.187168268119848509e-04
5.701099257918943231e+00  1.007172656610002425e-04  1.007172656610002425e-04
5.801099257918942875e+00  8.553232461998282481e-05  8.553232461998282481e-05
5.901099257918942520e+00  7.266991681256601522e-05  7.266991681256601522e-05
6.001099257918943053e+00  6.174232535188527756e-05  6.174232535188527756e-05
6.101099257918942698e+00  5.244434077799984818e-05  5.244434077799984818e-05
6.201099257918943231e+00  4.453203497438000682e-05  4.453203497438000682e-05
6.301099257918942875e+00  3.780518913932439566e-05  3.780518913932439566e-05
6.401099257918942520e+00  3.209454661925597056e-05  3.209454661925597056e-05
6.501099257918942165e+00  2.725365870812969618e-05  2.725365870812969618e-05
6.601099257918943586e+00  2.315429151217242212e-05  2.315429151217242212e-05
6.701099257918943231e+00  1.968411090950272909e-05  1.968411090950272909e-05
6.801099257918942875e+00  1.674549654485475977e-05  1.674549654485475977e-05
6.901099257918942520e+00  1.425466613799649652e-05  1.425466613799649652e-05
7.001099257918942165e+00  1.214066060136502481e-05  1.214066060136502481e-05
7.101099257918943586e+00  1.034404691148885660e-05  1.034404691148885660e-05
7.201099257918943231e+00  8.815394705450228585e-06  8.815394705450228585e-06
7.301099257918942875e+00  7.513673491311549973e-06  7.513673491311549973e-06
7.401099257918942520e+00  6.404725330459811033e-06  6.404725330459811033e-06
7.501099257918942165e+00  5.459927125429255177e-06  5.459927125429255177e-06
7.601099257918943586e+00  4.655098630649742901e-06  4.655098630649742901e-06
7.701099257918943231e+00  3.969659251550855987e-06  3.969659251550855987e-06
7.801099257918942875e+00  3.386000229467353971e-06  3.386000229467353971e-06
7.901099257918942520e+00  2.889021578974546053e-06  2.889021578974546053e-06
8.001099257918944829e+00  2.465781952904892426e-06  2.465781952904892426e-06
8.101099257918942698e+00  2.105218627592541577e-06  2.105218627592541577e-06
8.201099257918944119e+00  1.797908072170172974e-06  1.797908072170172974e-06
8.301099257918941987e+00  1.535850507612292077e-06  1.535850507612292077e-06
8.401099257918943408e+00  1.312271806091171368e-06  1.312271806091171368e-06
8.501099257918944829e+00  1.121442135019907423e-06  1.121442135019907423e-06
8.601099257918942698e+00  9.585132819611122066e-07  9.585132819611122066e-07
8.701099257918944119e+00  8.193766348300095849e-07  8.193766348300095849e-07
8.801099257918941987e+00  7.005425107243334992e-07  7.005425107243334992e-07
8.901099257918943408e+00  5.990399087544373500e-07  5.990399087544373500e-07
9.001099257918943053e+00  5.123344451891054655e-07  5.123344451891054655e-07
9.101099257918942698e+00  4.382614982978397494e-07  4.382614982978397494e-07
9.201099257918942342e+00  3.749714576253883734e-07  3.749714576253883734e-07
9.301099257918941987e+00  3.208842890343669782e-07  3.208842890343669782e-07
9.401099257918941632e+00  2.746511865713009607e-07  2.746511865713009607e-07
9.501099257918943053e+00  2.351216965212874635e-07  2.351216965212874635e-07
9.601099257918942698e+00  2.013152364608404334e-07  2.013152364608404334e-07
9.701099257918942342e+00  1.723963276354982732e-07  1.723963276354982732e-07
9.801099257918941987e+00  1.476531032652224619e-07  1.476531032652224619e-07
9.901099257918941632e+00  1.264787750254756623e-07  1.264787750254756623e-07
1.000109925791894305e+01  1.083557770422530269e-07  1.083557770422530269e-07
1.010109925791894270e+01  9.284230292728343158e-08  9.284230292728343158e-08
1.020109925791894234e+01  7.956093852444299729e-08  7.956093852444299729e-08
1.030109925791894199e+01  6.818908995426776299e-08  6.818908995426776299e-08
1.040109925791894163e+01  5.845092015086033264e-08  5.845092015086033264e-08
