-1.575268754070270560e+00  9.546805969343865683e-12  9.546805969343865683e-12
-1.475268754070270028e+00  6.827637597641657429e-11  6.827637597641657429e-11
-1.375268754070270383e+00  4.568655472411863145e-10  4.568655472411863145e-10
-1.275268754070270294e+00  2.839733754460224483e-09  2.839733754460224483e-09
-1.175268754070270205e+00  1.633548575921528058e-08  1.633548575921528058e-08
-1.075268754070270560e+00  8.680054532960623654e-08  8.680054532960623654e-08
-9.752687540702702496e-01  4.256109270184473570e-07  4.256109270184473570e-07
-8.752687540702703828e-01  1.924723363771173221e-06  1.924723363771173221e-06
-7.752687540702702940e-01  8.025268626110013871e-06  8.025268626110013871e-06
-6.752687540702702051e-01  3.084702118116950748e-05  3.084702118116950748e-05
-5.752687540702703384e-01  1.092915940444920989e-04  1.092915940444920989e-04
-4.752687540702702496e-01  3.569069271985447094e-04  3.569069271985447094e-04
-3.752687540702701607e-01  1.074243495138815698e-03  1.074243495138815698e-03
-2.752687540702702940e-01  2.980031745951761905e-03  2.980031745951761905e-03
-1.752687540702702051e-01  7.619107318234482132e-03  7.619107318234482132e-03
-7.526875407027033837e-02  1.795351633654137385e-02  1.795351633654137385e-02
2.473124592972975044e-02  3.899027570815315202e-02  3.899027570815315202e-02
1.247312459297298393e-01  7.804144844821778171e-02  7.804144844821778171e-02
2.247312459297297060e-01  1.439658144975630716e-01  1.439658144975630716e-01
3.247312459297297949e-01  2.447731848379974817e-01  2.447731848379974817e-01
4.247312459297296616e-01  3.835728302555808100e-01  3.835728302555808100e-01
5.247312459297297504e-01  5.540213788071439716e-01  5.540213788071439716e-01
6.247312459297298393e-01  7.376070953487980919e-01  7.376070953487980919e-01
7.247312459297299281e-01  9.052864935800761792e-01  9.052864935800761792e-01
8.247312459297300169e-01  1.024430989402651537e+00  1.024430989402651537e+00
9.247312459297296616e-01  1.069164689463558693e+00  1.069164689463558693e+00
1.024731245929729750e+00  1.029689827416375714e+00  1.029689827416375714e+00
1.124731245929729839e+00  9.160184222317051539e-01  9.160184222317051539e-01
1.224731245929729928e+00  7.541664497102993359e-01  7.541664497102993359e-01
1.324731245929730017e+00  5.767684238484228620e-01  5.767684238484228620e-01
1.424731245929729662e+00  4.127065164776192452e-01  4.127065164776192452e-01
1.524731245929729750e+00  2.801668148694720362e-01  2.801668148694720362e-01
1.624731245929729839e+00  1.850444776144798409e-01  1.850444776144798409e-01
1.724731245929729928e+00  1.237344096596170590e-01  1.237344096596170590e-01
1.824731245929730017e+00  8.777689584003500745e-02  8.777689584003500745e-02
1.924731245929729662e+00  6.800023755270699632e-02  6.800023755270699632e-02
2.024731245929729972e+00  5.698287637735664074e-02  5.698287637735664074e-02
2.124731245929729617e+00  4.983680873415945178e-02  4.983680873415945178e-02
2.224731245929730150e+00  4.392531787264287307e-02  4.392531787264287307e-02
2.324731245929729795e+00  3.817256804535509168e-02  3.817256804535509168e-02
2.424731245929729440e+00  3.238663376004746047e-02  3.238663376004746047e-02
2.524731245929729972e+00  2.676439282644703030e-02  2.676439282644703030e-02
2.624731245929729617e+00  2.159156791604777831e-02  2.159156791604777831e-02
2.724731245929729262e+00  1.709211564752941351e-02  1.709211564752941351e-02
2.824731245929729795e+00  1.337495171589971575e-02  1.337495171589971575e-02
2.924731245929729440e+00  1.043703333075631998e-02  1.043703333075631998e-02
3.024731245929729972e+00  8.193814636248944808e-03  8.193814636248944808e-03
3.124731245929729617e+00  6.517474915331527251e-03  6.517474915331527251e-03
3.224731245929730150e+00  5.270772825442231017e-03  5.270772825442231017e-03
3.324731245929729795e+00  4.330566747777180557e-03  4.330566747777180557e-03
3.424731245929729440e+00  3.599852133226096994e-03  3.599852133226096994e-03
3.524731245929729972e+00  3.010277042775996292e-03  3.010277042775996292e-03
3.624731245929729617e+00  2.518476454158010205e-03  2.518476454158010205e-03
3.724731245929730150e+00  2.099573473486154342e-03  2.099573473486154342e-03
3.824731245929729795e+00  1.740399387310745220e-03  1.740399387310745220e-03
3.924731245929729440e+00  1.433930041395803812e-03  1.433930041395803812e-03
4.024731245929729972e+00  1.175500392796891697e-03  1.175500392796891697e-03
4.124731245929729617e+00  9.607179119398734802e-04  9.607179119398734802e-04
4.224731245929730150e+00  7.846670030924967048e-04  7.846670030924967048e-04
4.324731245929729795e+00  6.419117733443528576e-04  6.419117733443528576e-04
4.424731245929729440e+00  5.268680005157306851e-04  5.268680005157306851e-04
4.524731245929729972e+00  4.342426731090812705e-04  4.342426731090812705e-04
4.624731245929729617e+00  3.593726605137324143e-04  3.593726605137324143e-04
4.724731245929730150e+00  2.984012347584736246e-04  2.984012347584736246e-04
4.824731245929729795e+00  2.483012538046718118e-04  2.483012538046718118e-04
4.924731245929729440e+00  2.067888578468057023e-04  2.067888578468057023e-04
5.024731245929729972e+00  1.721800612938735901e-04  1.721800612938735901e-04
5.124731245929729617e+00  1.432349352109510844e-04  1.432349352109510844e-04
5.224731245929730150e+00  1.190192900176770355e-04  1.190192900176770355e-04
5.324731245929729795e+00  9.879844804729628405e-05  9.879844804729628405e-05
5.424731245929729440e+00  8.196557733925751593e-05  8.196557733925751593e-05
5.524731245929729972e+00  6.799949256073916856e-05  6.799949256073916856e-05
5.624731245929729617e+00  5.644353901657230390e-05  5.644353901657230390e-05
5.724731245929730150e+00  4.689703969243755739e-05  4.689703969243755739e-05
5.824731245929729795e+00  3.901246447051326437e-05  3.901246447051326437e-05
5.924731245929729440e+00  3.249381820154763383e-05  3.249381820154763383e-05
6.024731245929729972e+00  2.709394584179312487e-05  2.709394584179312487e-05
6.124731245929729617e+00  2.261010448121087246e-05  2.261010448121087246e-05
6.224731245929730150e+00  1.887814427713675446e-05  1.887814427713675446e-05
6.324731245929729795e+00  1.576605717770711296e-05  1.576605717770711296e-05
6.424731245929729440e+00  1.316766689343830420e-05  1.316766689343830420e-05
6.524731245929729084e+00  1.099702992174937887e-05  1.099702992174937887e-05
6.624731245929730505e+00  9.183845030532910073e-06  9.183845030532910073e-06
6.724731245929730150e+00  7.669924694916947935e-06  7.669924694916947935e-06
6.824731245929729795e+00  6.406613284088666675e-06  6.406613284088666675e-06
6.924731245929729440e+00  5.352951682045949942e-06  5.352951682045949942e-06
7.024731245929729084e+00  4.474371762893359451e-06  4.474371762893359451e-06
7.124731245929730505e+00  3.741732510095959603e-06  3.741732510095959603e-06
7.224731245929730150e+00  3.130558567066067603e-06  3.130558567066067603e-06
7.324731245929729795e+00  2.620393203017478895e-06  2.620393203017478895e-06
7.424731245929729440e+00  2.194219955397464452e-06  2.194219955397464452e-06
7.524731245929729084e+00  1.837936092696343315e-06  1.837936092696343315e-06
7.624731245929730505e+00  1.539876824708576798e-06  1.539876824708576798e-06
7.724731245929730150e+00  1.290394813911724339e-06  1.290394813911724339e-06
7.824731245929729795e+00  1.081498809966630357e-06  1.081498809966630357e-06
7.924731245929729440e+00  9.065515913565111670e-07  9.065515913565111670e-07
8.024731245929730861e+00  7.600233571343888183e-07  7.600233571343888183e-07
8.124731245929730505e+00  6.372936926078715105e-07  6.372936926078715105e-07
8.224731245929730150e+00  5.344937478026591182e-07  5.344937478026591182e-07
8.324731245929729795e+00  4.483802112883069005e-07  4.483802112883069005e-07
8.424731245929729440e+00  3.762336137001463218e-07  3.762336137001463218e-07
8.524731245929730861e+00  3.157749582831736626e-07  3.157749582831736626e-07
8.624731245929730505e+00  2.650962277136386350e-07  2.650962277136386350e-07
8.724731245929730150e+00  2.226016765771687396e-07  2.226016765771687396e-07
8.824731245929729795e+00  1.869578532719842597e-07  1.869578532719842597e-07
8.924731245929729440e+00  1.570509860183330455e-07  1.570509860183330455e-07
9.024731245929730861e+00  1.319507696210167080e-07  1.319507696210167080e-07
9.124731245929730505e+00  1.108797879817520213e-07  1.108797879817520213e-07
9.224731245929730150e+00  9.318788749554449016e-08  9.318788749554449016e-08
9.324731245929729795e+00  7.833084615853302797e-08  7.833084615853302797e-08
9.424731245929729440e+00  6.585270627343601923e-08  6.585270627343601923e-08
9.524731245929730861e+00  5.537117649220650774e-08  5.537117649220650774e-08
9.624731245929730505e+00  4.656556636756236602e-08  4.656556636756236602e-08
9.724731245929730150e+00  3.916678856829336446e-08  3.916678856829336446e-08
9.824731245929729795e+00  3.294904156082900714e-08  3.294904156082900714e-08
9.924731245929729440e+00  2.772286026466191080e-08  2.772286026466191080e-08
1.002473124592973086e+01  2.332928782737323197e-08  2.332928782737323197e-08
1.012473124592973051e+01  1.963497521866552127e-08  1.963497521866552127e-08
1.022473124592973015e+01  1.652805650322664030e-08  1.652805650322664030e-08
1.032473124592972979e+01  1.391467793977647605e-08  1.391467793977647605e-08
1.042473124592972944e+01  1.171608086995804238e-08  1.171608086995804238e-08
