-1.520408181550224835e+00  1.758321845264135214e-07  1.758321845264135214e-07
-1.420408181550224747e+00  5.862698619025144988e-07  5.862698619025144988e-07
-1.320408181550225102e+00  1.864138955076135169e-06  1.864138955076135169e-06
-1.220408181550224569e+00  5.648597831919485475e-06  5.648597831919485475e-06
-1.120408181550224924e+00  1.630418349819986903e-05  1.630418349819986903e-05
-1.020408181550224835e+00  4.481639731243483669e-05  4.481639731243483669e-05
-9.204081815502247466e-01  1.172951550440923593e-04  1.172951550440923593e-04
-8.204081815502246577e-01  2.922674517136406394e-04  2.922674517136406394e-04
-7.204081815502247910e-01  6.932767045543227011e-04  6.932767045543227011e-04
-6.204081815502249242e-01  1.565444344827760350e-03  1.565444344827760350e-03
-5.204081815502248354e-01  3.364801845205971347e-03  3.364801845205971347e-03
-4.204081815502247466e-01  6.884346307420039467e-03  6.884346307420039467e-03
-3.204081815502246577e-01  1.340728609020867303e-02  1.340728609020867303e-02
-2.204081815502247910e-01  2.485362514795982219e-02  2.485362514795982219e-02
-1.204081815502247021e-01  4.385373797174033778e-02  4.385373797174033778e-02
-2.040818155022483538e-02  7.365292653747508578e-02  7.365292653747508578e-02
7.959181844977525344e-02  1.177441771457419933e-01  1.177441771457419933e-01
1.795918184497753423e-01  1.791659130485025175e-01  1.791659130485025175e-01
2.795918184497752090e-01  2.595011827043517960e-01  2.595011827043517960e-01
3.795918184497752979e-01  3.577618233789260915e-01  3.577618233789260915e-01
4.795918184497751646e-01  4.694870328900869194e-01  4.694870328900869194e-01
5.795918184497752534e-01  5.864548224325255577e-01  5.864548224325255577e-01
6.795918184497753423e-01  6.973268035225386186e-01  6.973268035225386186e-01
7.795918184497754311e-01  7.893016778884466289e-01  7.893016778884466289e-01
8.795918184497755199e-01  8.505022528969410356e-01  8.505022528969410356e-01
9.795918184497751646e-01  8.724994422206947542e-01  8.724994422206947542e-01
1.079591818449775253e+00  8.522364255361080110e-01  8.522364255361080110e-01
1.179591818449775342e+00  7.927468309630962828e-01  7.927468309630962828e-01
1.279591818449775431e+00  7.024330920629112684e-01  7.024330920629112684e-01
1.379591818449775520e+00  5.931398077065332952e-01  5.931398077065332952e-01
1.479591818449775165e+00  4.776290093181789764e-01  4.776290093181789764e-01
1.579591818449775253e+00  3.671945499147621361e-01  3.671945499147621361e-01
1.679591818449775342e+00  2.700120745967081737e-01  2.700120745967081737e-01
1.779591818449775431e+00  1.904992106004866625e-01  1.904992106004866625e-01
1.879591818449775520e+00  1.296097186169295756e-01  1.296097186169295756e-01
1.979591818449775165e+00  8.574009721533026873e-02  8.574009721533026873e-02
2.079591818449775253e+00  5.584916723041608022e-02  5.584916723041608022e-02
2.179591818449775342e+00  3.646046543671849910e-02  3.646046543671849910e-02
2.279591818449775431e+00  2.436357985446747226e-02  2.436357985446747226e-02
2.379591818449775520e+00  1.697812425788559898e-02  1.697812425788559898e-02
2.479591818449775165e+00  1.244411235215119212e-02  1.244411235215119212e-02
2.579591818449775698e+00  9.542356235639311984e-03  9.542356235639311984e-03
2.679591818449775342e+00  7.541842873462764781e-03  7.541842873462764781e-03
2.779591818449774987e+00  6.041295893542471263e-03  6.041295893542471263e-03
2.879591818449775520e+00  4.839396645465109462e-03  4.839396645465109462e-03
2.979591818449775165e+00  3.843500532820953285e-03  3.843500532820953285e-03
3.079591818449775698e+00  3.012870914772062744e-03  3.012870914772062744e-03
3.179591818449775342e+00  2.327330140565866089e-03  2.327330140565866089e-03
3.279591818449775875e+00  1.772213664658645743e-03  1.772213664658645743e-03
3.379591818449775520e+00  1.332598732659829015e-03  1.332598732659829015e-03
3.479591818449775165e+00  9.921618451299632751e-04  9.921618451299632751e-04
3.579591818449775698e+00  7.339332678085980872e-04  7.339332678085980872e-04
3.679591818449775342e+00  5.415119778187794507e-04  5.415119778187794507e-04
3.779591818449775875e+00  4.000888670370421471e-04  4.000888670370421471e-04
3.879591818449775520e+00  2.970613690415088801e-04  2.970613690415088801e-04
3.979591818449775165e+00  2.222420909996695418e-04  2.222420909996695418e-04
4.079591818449776142e+00  1.677573560709306750e-04  1.677573560709306750e-04
4.179591818449775786e+00  1.277546898744754680e-04  1.277546898744754680e-04
4.279591818449775431e+00  9.802542781229971636e-05  9.802542781229971636e-05
4.379591818449775076e+00  7.562081454509635506e-05  7.562081454509635506e-05
4.479591818449774721e+00  5.850982328150349519e-05  5.850982328150349519e-05
4.579591818449776142e+00  4.530124761620116269e-05  4.530124761620116269e-05
4.679591818449775786e+00  3.503416298166785859e-05  3.503416298166785859e-05
4.779591818449775431e+00  2.702973462093380169e-05  2.702973462093380169e-05
4.879591818449775076e+00  2.079224303885238303e-05  2.079224303885238303e-05
4.979591818449774721e+00  1.594626506997418904e-05  1.594626506997418904e-05
5.079591818449776142e+00  1.219842760195480818e-05  1.219842760195480818e-05
5.179591818449775786e+00  9.314664908826466265e-06  9.314664908826466265e-06
5.279591818449775431e+00  7.106550427712297665e-06  7.106550427712297665e-06
5.379591818449775076e+00  5.422546613737667193e-06  5.422546613737667193e-06
5.479591818449774721e+00  4.141735045029418778e-06  4.141735045029418778e-06
5.579591818449776142e+00  3.168755395494252332e-06  3.168755395494252332e-06
5.679591818449775786e+00  2.429392520879354831e-06  2.429392520879354831e-06
5.779591818449775431e+00  1.866630942554772126e-06  1.866630942554772126e-06
5.879591818449775076e+00  1.437162349597833615e-06  1.437162349597833615e-06
5.979591818449774721e+00  1.108376428297668225e-06  1.108376428297668225e-06
6.079591818449776142e+00  8.558522458818458111e-07  8.558522458818458111e-07
6.179591818449775786e+00  6.613357846769975656e-07  6.613357846769975656e-07
6.279591818449775431e+00  5.111597270420220406e-07  5.111597270420220406e-07
6.379591818449775076e+00  3.950425894981882947e-07  3.950425894981882947e-07
6.479591818449774721e+00  3.051969721068980271e-07  3.051969721068980271e-07
6.579591818449774365e+00  2.356787295348849994e-07  2.356787295348849994e-07
6.679591818449775786e+00  1.819168868976548229e-07  1.819168868976548229e-07
6.779591818449775431e+00  1.403749332862944956e-07  1.403749332862944956e-07
6.879591818449775076e+00  1.083053317412836489e-07  1.083053317412836489e-07
6.979591818449774721e+00  8.356919028630904734e-08  8.356919028630904734e-08
7.079591818449774365e+00  6.450132450173364041e-08  6.450132450173364041e-08
7.179591818449775786e+00  4.980724733181419188e-08  4.980724733181419188e-08
7.279591818449775431e+00  3.848312521407516114e-08  3.848312521407516114e-08
7.379591818449775076e+00  2.975278059034629735e-08  2.975278059034629735e-08
7.479591818449774721e+00  2.301777520395968962e-08  2.301777520395968962e-08
7.579591818449774365e+00  1.781781566855155954e-08  1.781781566855155954e-08
7.679591818449775786e+00  1.379945262797439999e-08  1.379945262797439999e-08
7.779591818449775431e+00  1.069149186484229036e-08  1.069149186484229036e-08
7.879591818449775076e+00  8.285827636162574668e-09  8.285827636162574668e-09
7.979591818449774721e+00  6.422621328653389074e-09  6.422621328653389074e-09
8.079591818449776142e+00  4.978922393428231545e-09  4.978922393428231545e-09
8.179591818449775786e+00  3.859981290502111350e-09  3.859981290502111350e-09
8.279591818449775431e+00  2.992641525914001683e-09  2.992641525914001683e-09
8.379591818449775076e+00  2.320320050669638401e-09  2.320320050669638401e-09
8.479591818449774721e+00  1.799191089834545229e-09  1.799191089834545229e-09
8.579591818449776142e+00  1.395277120003165368e-09  1.395277120003165368e-09
8.679591818449775786e+00  1.082222559731444483e-09  1.082222559731444483e-09
8.779591818449775431e+00  8.395821790832122580e-10  8.395821790832122580e-10
8.879591818449775076e+00  6.514993702138417599e-10  6.514993702138417599e-10
8.979591818449774721e+00  5.056816450188359803e-10  5.056816450188359803e-10
9.079591818449776142e+00  3.926043943080365898e-10  3.926043943080365898e-10
9.179591818449775786e+00  3.048911553331469864e-10  3.048911553331469864e-10
9.279591818449775431e+00  2.368311268470302477e-10  2.368311268470302477e-10
9.379591818449775076e+00  1.840037941376965598e-10  1.840037941376965598e-10
9.479591818449774721e+00  1.429872796574242824e-10  1.429872796574242824e-10
9.579591818449776142e+00  1.111321256729826697e-10  1.111321256729826697e-10
9.679591818449775786e+00  8.638612823068980240e-11  8.638612823068980240e-11
9.779591818449775431e+00  6.715890068687372221e-11  6.715890068687372221e-11
9.879591818449775076e+00  5.221726530769877334e-11  5.221726530769877334e-11
9.979591818449774721e+00  4.060449802266414068e-11  4.060449802266414068e-11
1.007959181844977614e+01  3.157798591196974258e-11  3.157798591196974258e-11
1.017959181844977579e+01  2.456107470938281991e-11  2.456107470938281991e-11
1.027959181844977543e+01  1.910584367327681295e-11  1.910584367327681295e-11
1.037959181844977508e+01  1.486429622089659470e-11  1.486429622089659470e-11
1.047959181844977472e+01  1.156603758274077523e-11  1.156603758274077523e-11
