-1.541666665485305732e+00  1.318488429433570239e-10  1.318488429433570239e-10
-1.441666665485305643e+00  7.759809604028873940e-10  7.759809604028873940e-10
-1.341666665485305998e+00  4.277077694705572556e-09  4.277077694705572556e-09
-1.241666665485305465e+00  2.200340806834151952e-08  2.200340806834151952e-08
-1.141666665485305820e+00  1.054618874812296545e-07  1.054618874812296545e-07
-1.041666665485305732e+00  4.704793721269968276e-07  4.704793721269968276e-07
-9.416666654853056428e-01  1.952503530250912163e-06  1.952503530250912163e-06
-8.416666654853055540e-01  7.535599435358522862e-06  7.535599435358522862e-06
-7.416666654853056873e-01  2.704224304834098108e-05  2.704224304834098108e-05
-6.416666654853058205e-01  9.022395076013962380e-05  9.022395076013962380e-05
-5.416666654853057317e-01  2.798519043706063580e-04  2.798519043706063580e-04
-4.416666654853056428e-01  8.069478876353098967e-04  8.069478876353098967e-04
-3.416666654853055540e-01  2.163033668468879178e-03  2.163033668468879178e-03
-2.416666654853056873e-01  5.389833028691027109e-03  5.389833028691027109e-03
-1.416666654853055984e-01  1.248469099399112346e-02  1.248469099399112346e-02
-4.166666548530573166e-02  2.688244237605792036e-02  2.688244237605792036e-02
5.833333451469435715e-02  5.380807522825886008e-02  5.380807522825886008e-02
1.583333345146944460e-01  1.001185682518567210e-01  1.001185682518567210e-01
2.583333345146943127e-01  1.731698408635598541e-01  1.731698408635598541e-01
3.583333345146944016e-01  2.784351927299392182e-01  2.784351927299392182e-01
4.583333345146942683e-01  4.161755516892746143e-01  4.161755516892746143e-01
5.583333345146943572e-01  5.782821633072245948e-01  5.782821633072245948e-01
6.583333345146944460e-01  7.470167296001986035e-01  7.470167296001986035e-01
7.583333345146945348e-01  8.971706974468907081e-01  8.971706974468907081e-01
8.583333345146946236e-01  1.001887049627948167e+00  1.001887049627948167e+00
9.583333345146942683e-01  1.040488253038524658e+00  1.040488253038524658e+00
1.058333334514694357e+00  1.005221557895018547e+00  1.005221557895018547e+00
1.158333334514694446e+00  9.039114062603809119e-01  9.039114062603809119e-01
1.258333334514694535e+00  7.572734181824960498e-01  7.572734181824960498e-01
1.358333334514694624e+00  5.921425886704474451e-01  5.921425886704474451e-01
1.458333334514694268e+00  4.336318914665688307e-01  4.336318914665688307e-01
1.558333334514694357e+00  2.993137674547204363e-01  2.993137674547204363e-01
1.658333334514694446e+00  1.970812573391564348e-01  1.970812573391564348e-01
1.758333334514694535e+00  1.264420800348368679e-01  1.264420800348368679e-01
1.858333334514694624e+00  8.171717193214091124e-02  8.171717193214091124e-02
1.958333334514694268e+00  5.540977337517564300e-02  5.540977337517564300e-02
2.058333334514694357e+00  4.061552567681053078e-02  4.061552567681053078e-02
2.158333334514694446e+00  3.216672019447498754e-02  3.216672019447498754e-02
2.258333334514694535e+00  2.678197259864401394e-02  2.678197259864401394e-02
2.358333334514694624e+00  2.268785431576929995e-02  2.268785431576929995e-02
2.458333334514694268e+00  1.910058047744578671e-02  1.910058047744578671e-02
2.558333334514694801e+00  1.578192028612883033e-02  1.578192028612883033e-02
2.658333334514694446e+00  1.273670856201385322e-02  1.273670856201385322e-02
2.758333334514694091e+00  1.003933748559941719e-02  1.003933748559941719e-02
2.858333334514694624e+00  7.750889962046227794e-03  7.750889962046227794e-03
2.958333334514694268e+00  5.890686806567373666e-03  5.890686806567373666e-03
3.058333334514694801e+00  4.436359321268185628e-03  4.436359321268185628e-03
3.158333334514694446e+00  3.336180433871343588e-03  3.336180433871343588e-03
3.258333334514694979e+00  2.524193476859545003e-03  2.524193476859545003e-03
3.358333334514694624e+00  1.933155733669335340e-03  1.933155733669335340e-03
3.458333334514694268e+00  1.503255723814402294e-03  1.503255723814402294e-03
3.558333334514694801e+00  1.186438665489650745e-03  1.186438665489650745e-03
3.658333334514694446e+00  9.472170104661863837e-04  9.472170104661863837e-04
3.758333334514694979e+00  7.612316049408115451e-04  7.612316049408115451e-04
3.858333334514694624e+00  6.127661841732623014e-04  6.127661841732623014e-04
3.958333334514694268e+00  4.921143465881700407e-04  4.921143465881700407e-04
4.058333334514694357e+00  3.933304769432897159e-04  3.933304769432897159e-04
4.158333334514694002e+00  3.125786976141736099e-04  3.125786976141736099e-04
4.258333334514695423e+00  2.470769995179051735e-04  2.470769995179051735e-04
4.358333334514695068e+00  1.945195187905684867e-04  1.945195187905684867e-04
4.458333334514694712e+00  1.528249470671506406e-04  1.528249470671506406e-04
4.558333334514694357e+00  1.200725082792540517e-04  1.200725082792540517e-04
4.658333334514694002e+00  9.452205711752392737e-05  9.452205711752392737e-05
4.758333334514695423e+00  7.465339807180494842e-05  7.465339807180494842e-05
4.858333334514695068e+00  5.919207964689145683e-05  5.919207964689145683e-05
4.958333334514694712e+00  4.711121083800610140e-05  4.711121083800610140e-05
5.058333334514694357e+00  3.761163968981137148e-05  3.761163968981137148e-05
5.158333334514694002e+00  3.008828330382064668e-05  3.008828330382064668e-05
5.258333334514695423e+00  2.409109422562245249e-05  2.409109422562245249e-05
5.358333334514695068e+00  1.928736483074029821e-05  1.928736483074029821e-05
5.458333334514694712e+00  1.542946549860866457e-05  1.542946549860866457e-05
5.558333334514694357e+00  1.232969080033059057e-05  1.232969080033059057e-05
5.658333334514694002e+00  9.842119814255550955e-06  9.842119814255550955e-06
5.758333334514695423e+00  7.850378089322673680e-06  7.850378089322673680e-06
5.858333334514695068e+00  6.259803426275729676e-06  6.259803426275729676e-06
5.958333334514694712e+00  4.992564480744061023e-06  4.992564480744061023e-06
6.058333334514694357e+00  3.984558732156074872e-06  3.984558732156074872e-06
6.158333334514694002e+00  3.183266844910408464e-06  3.183266844910408464e-06
6.258333334514695423e+00  2.546063435301432863e-06  2.546063435301432863e-06
6.358333334514695068e+00  2.038731306631515067e-06  2.038731306631515067e-06
6.458333334514694712e+00  1.634086792012249896e-06  1.634086792012249896e-06
6.558333334514694357e+00  1.310709735953945082e-06  1.310709735953945082e-06
6.658333334514695778e+00  1.051803980468265932e-06  1.051803980468265932e-06
6.758333334514695423e+00  8.442146672217511634e-07  8.442146672217511634e-07
6.858333334514695068e+00  6.776147031078074463e-07  6.776147031078074463e-07
6.958333334514694712e+00  5.438560582098443079e-07  5.438560582098443079e-07
7.058333334514694357e+00  4.364684644302515272e-07  4.364684644302515272e-07
7.158333334514695778e+00  3.502807755360891006e-07  3.502807755360891006e-07
7.258333334514695423e+00  2.811384160185424639e-07  2.811384160185424639e-07
7.358333334514695068e+00  2.256924632197841310e-07  2.256924632197841310e-07
7.458333334514694712e+00  1.812401859873162243e-07  1.812401859873162243e-07
7.558333334514694357e+00  1.456017893564020940e-07  1.456017893564020940e-07
7.658333334514695778e+00  1.170226656313388569e-07  1.170226656313388569e-07
7.758333334514695423e+00  9.409410028109995457e-08  9.409410028109995457e-08
7.858333334514695068e+00  7.568798649336840686e-08  7.568798649336840686e-08
7.958333334514694712e+00  6.090277049587281950e-08  6.090277049587281950e-08
8.058333334514696134e+00  4.901880190057723818e-08  4.901880190057723818e-08
8.158333334514695778e+00  3.946174121349991497e-08  3.946174121349991497e-08
8.258333334514695423e+00  3.177288713203356657e-08  3.177288713203356657e-08
8.358333334514695068e+00  2.558537806950805821e-08  2.558537806950805821e-08
8.458333334514694712e+00  2.060528545009683047e-08  2.060528545009683047e-08
8.558333334514696134e+00  1.659669329699629163e-08  1.659669329699629163e-08
8.658333334514695778e+00  1.336996028001154664e-08  1.336996028001154664e-08
8.758333334514695423e+00  1.077248019881061485e-08  1.077248019881061485e-08
8.858333334514695068e+00  8.681382051723692497e-09  8.681382051723692497e-09
8.958333334514694712e+00  6.997729109550982741e-09  6.997729109550982741e-09
9.058333334514696134e+00  5.641879311567874931e-09  5.641879311567874931e-09
9.158333334514695778e+00  4.549752885550230885e-09  4.549752885550230885e-09
9.258333334514695423e+00  3.669817221457834767e-09  3.669817221457834767e-09
9.358333334514695068e+00  2.960646040837272471e-09  2.960646040837272471e-09
9.458333334514694712e+00  2.388943311133642224e-09  2.388943311133642224e-09
9.558333334514696134e+00  1.927945815980339944e-09  1.927945815980339944e-09
9.658333334514695778e+00  1.556134990377755581e-09  1.556134990377755581e-09
9.758333334514695423e+00  1.256200989533277949e-09  1.256200989533277949e-09
9.858333334514695068e+00  1.014211631590103952e-09  1.014211631590103952e-09
9.958333334514694712e+00  8.189468363348123735e-10  8.189468363348123735e-10
1.005833333451469613e+01  6.613660050127595200e-10  6.613660050127595200e-10
1.015833333451469578e+01  5.341816919102323743e-10  5.341816919102323743e-10
1.025833333451469542e+01  4.315180002466878595e-10  4.315180002466878595e-10
1.035833333451469507e+01  3.486364348024398413e-10  3.486364348024398413e-10
1.045833333451469471e+01  2.817155034437886342e-10  2.817155034437886342e-10
