-1.611110550879369718e+00  3.269664126419415055e-22  3.269664126419415055e-22
-1.511110550879369629e+00  1.480190955887096422e-20  1.480190955887096422e-20
-1.411110550879369541e+00  6.140001538509867792e-19  6.140001538509867792e-19
-1.311110550879369896e+00  2.221299587595282983e-17  2.221299587595282983e-17
-1.211110550879369807e+00  6.899359720520846407e-16  6.899359720520846407e-16
-1.111110550879369718e+00  1.830736736234167720e-14  1.830736736234167720e-14
-1.011110550879369629e+00  4.143372164012365435e-13  4.143372164012365435e-13
-9.111105508793695407e-01  7.993706758423269455e-12  7.993706758423269455e-12
-8.111105508793696739e-01  1.314372194823624557e-10  1.314372194823624557e-10
-7.111105508793698071e-01  1.841742725744238314e-09  1.841742725744238314e-09
-6.111105508793697183e-01  2.199202768909862961e-08  2.199202768909862961e-08
-5.111105508793696295e-01  2.237797638148771645e-07  2.237797638148771645e-07
-4.111105508793695407e-01  1.940405847429418830e-06  1.940405847429418830e-06
-3.111105508793696739e-01  1.433768770342178846e-05  1.433768770342178846e-05
-2.111105508793695851e-01  9.027754206304174078e-05  9.027754206304174078e-05
-1.111105508793697183e-01  4.843887805668231844e-04  4.843887805668231844e-04
-1.111055087936962948e-02  2.214736526782379138e-03  2.214736526782379138e-03
8.888944912063045933e-02  8.629066198863990719e-03  8.629066198863990719e-03
1.888894491206303261e-01  2.864966848586414025e-02  2.864966848586414025e-02
2.888894491206304149e-01  8.105693532363215936e-02  8.105693532363215936e-02
3.888894491206302817e-01  1.954235886153997681e-01  1.954235886153997681e-01
4.888894491206303705e-01  4.014976574865949388e-01  4.014976574865949388e-01
5.888894491206304593e-01  7.029343361709426974e-01  7.029343361709426974e-01
6.888894491206305482e-01  1.048786163809093175e+00  1.048786163809093175e+00
7.888894491206306370e-01  1.333628975813861972e+00  1.333628975813861972e+00
8.888894491206302817e-01  1.445603920082294103e+00  1.445603920082294103e+00
9.888894491206303705e-01  1.336517199086237895e+00  1.336517199086237895e+00
1.088889449120630459e+00  1.055638548974237700e+00  1.055638548974237700e+00
1.188889449120630548e+00  7.158448867157310991e-01  7.158448867157310991e-01
1.288889449120630637e+00  4.233606951050998823e-01  4.233606951050998823e-01
1.388889449120630282e+00  2.294236969634439183e-01  2.294236969634439183e-01
1.488889449120630371e+00  1.298219581723997484e-01  1.298219581723997484e-01
1.588889449120630459e+00  9.321584160099605221e-02  9.321584160099605221e-02
1.688889449120630548e+00  8.757333129089242552e-02  8.757333129089242552e-02
1.788889449120630637e+00  9.138268617845250741e-02  9.138268617845250741e-02
1.888889449120630282e+00  9.358009649970146226e-02  9.358009649970146226e-02
1.988889449120630371e+00  9.003345966755479934e-02  9.003345966755479934e-02
2.088889449120630459e+00  8.059874360962233919e-02  8.059874360962233919e-02
2.188889449120630548e+00  6.723201170084620870e-02  6.723201170084620870e-02
2.288889449120630637e+00  5.264209985957207100e-02  5.264209985957207100e-02
2.388889449120630282e+00  3.925833446894538836e-02  3.925833446894538836e-02
2.488889449120630815e+00  2.859873225121409984e-02  2.859873225121409984e-02
2.588889449120630459e+00  2.111509823870490535e-02  2.111509823870490535e-02
2.688889449120630104e+00  1.642398417456008078e-02  1.642398417456008078e-02
2.788889449120630637e+00  1.371366074616720172e-02  1.371366074616720172e-02
2.888889449120630282e+00  1.212339879281114363e-02  1.212339879281114363e-02
2.988889449120630815e+00  1.098196477762058282e-02  1.098196477762058282e-02
3.088889449120630459e+00  9.891036979178306765e-03  9.891036979178306765e-03
3.188889449120630992e+00  8.698034964585422274e-03  8.698034964585422274e-03
3.288889449120630637e+00  7.416453575288112221e-03  7.416453575288112221e-03
3.388889449120630282e+00  6.138956187339859871e-03  6.138956187339859871e-03
3.488889449120630815e+00  4.968805277166933251e-03  4.968805277166933251e-03
3.588889449120630459e+00  3.978920069257464720e-03  3.978920069257464720e-03
3.688889449120630992e+00  3.197245946514023010e-03  3.197245946514023010e-03
3.788889449120630637e+00  2.611368792676900877e-03  2.611368792676900877e-03
3.888889449120630282e+00  2.183314925629841440e-03  2.183314925629841440e-03
3.988889449120630815e+00  1.866335329245955802e-03  1.866335329245955802e-03
4.088889449120630459e+00  1.618114520513708014e-03  1.618114520513708014e-03
4.188889449120630992e+00  1.408021379214480315e-03  1.408021379214480315e-03
4.288889449120630637e+00  1.218656727689283433e-03  1.218656727689283433e-03
4.388889449120630282e+00  1.043479281385099617e-03  1.043479281385099617e-03
4.488889449120630815e+00  8.826901638644200736e-04  8.826901638644200736e-04
4.588889449120630459e+00  7.391680735515343374e-04  7.391680735515343374e-04
4.688889449120630992e+00  6.155127572400824042e-04  6.155127572400824042e-04
4.788889449120630637e+00  5.125277446015943927e-04  5.125277446015943927e-04
4.888889449120630282e+00  4.289523673950172093e-04  4.289523673950172093e-04
4.988889449120630815e+00  3.619938555858639995e-04  3.619938555858639995e-04
5.088889449120630459e+00  3.081753655376356384e-04  3.081753655376356384e-04
5.188889449120630992e+00  2.641246449493807064e-04  2.641246449493807064e-04
5.288889449120630637e+00  2.270950450908139698e-04  2.270950450908139698e-04
5.388889449120630282e+00  1.951683485739912169e-04  1.951683485739912169e-04
5.488889449120630815e+00  1.671983692534774251e-04  1.671983692534774251e-04
5.588889449120630459e+00  1.426044142702813063e-04  1.426044142702813063e-04
5.688889449120630992e+00  1.211238396004016261e-04  1.211238396004016261e-04
5.788889449120630637e+00  1.026025929584287953e-04  1.026025929584287953e-04
5.888889449120630282e+00  8.686217799767531101e-05  8.686217799767531101e-05
5.988889449120630815e+00  7.364608254115712928e-05  7.364608254115712928e-05
6.088889449120630459e+00  6.262620519753818048e-05  6.262620519753818048e-05
6.188889449120630992e+00  5.344136702153491419e-05  5.344136702153491419e-05
6.288889449120630637e+00  4.574244883955160223e-05  4.574244883955160223e-05
6.388889449120630282e+00  3.922713491000152111e-05  3.922713491000152111e-05
6.488889449120629926e+00  3.365703247151714025e-05  3.365703247151714025e-05
6.588889449120631348e+00  2.885787114030388684e-05  2.885787114030388684e-05
6.688889449120630992e+00  2.470811165366512886e-05  2.470811165366512886e-05
6.788889449120630637e+00  2.112262408735672605e-05  2.112262408735672605e-05
6.888889449120630282e+00  1.803704334522932936e-05  1.803704334522932936e-05
6.988889449120629926e+00  1.539618888941846975e-05  1.539618888941846975e-05
7.088889449120631348e+00  1.314761369866213799e-05  1.314761369866213799e-05
7.188889449120630992e+00  1.123960775164001279e-05  1.123960775164001279e-05
7.288889449120630637e+00  9.622083095777665121e-06  9.622083095777665121e-06
7.388889449120630282e+00  8.248637610012979883e-06  8.248637610012979883e-06
7.488889449120629926e+00  7.078475510885348871e-06  7.078475510885348871e-06
7.588889449120631348e+00  6.077454721272242545e-06  6.077454721272242545e-06
7.688889449120630992e+00  5.218091217979337663e-06  5.218091217979337663e-06
7.788889449120630637e+00  4.478737087120070688e-06  4.478737087120070688e-06
7.888889449120630282e+00  3.842322718511762984e-06  3.842322718511762984e-06
7.988889449120631703e+00  3.295048560286703049e-06  3.295048560286703049e-06
8.088889449120632236e+00  2.825298458460040526e-06  2.825298458460040526e-06
8.188889449120630104e+00  2.422898111568665893e-06  2.422898111568665893e-06
8.288889449120631525e+00  2.078713507747595170e-06  2.078713507747595170e-06
8.388889449120629394e+00  1.784503816423568457e-06  1.784503816423568457e-06
8.488889449120630815e+00  1.532915281815052609e-06  1.532915281815052609e-06
8.588889449120632236e+00  1.317515257723990038e-06  1.317515257723990038e-06
8.688889449120630104e+00  1.132799980538586230e-06  1.132799980538586230e-06
8.788889449120631525e+00  9.741483543542657955e-07  9.741483543542657955e-07
8.888889449120629394e+00  8.377247772088718965e-07  8.377247772088718965e-07
8.988889449120630815e+00  7.203515023651492967e-07  7.203515023651492967e-07
9.088889449120632236e+00  6.193755254295556045e-07  6.193755254295556045e-07
9.188889449120630104e+00  5.325502858981614068e-07  5.325502858981614068e-07
9.288889449120631525e+00  4.579434414756561407e-07  4.579434414756561407e-07
9.388889449120629394e+00  3.938728269260108816e-07  3.938728269260108816e-07
9.488889449120630815e+00  3.388660858843115578e-07  3.388660858843115578e-07
9.588889449120632236e+00  2.916362979139038132e-07  2.916362979139038132e-07
9.688889449120630104e+00  2.510658302237996556e-07  2.510658302237996556e-07
9.788889449120631525e+00  2.161925273078152807e-07  2.161925273078152807e-07
9.888889449120629394e+00  1.861949765112316054e-07  1.861949765112316054e-07
9.988889449120630815e+00  1.603759734194359065e-07  1.603759734194359065e-07
1.008888944912063224e+01  1.381449095938754835e-07  1.381449095938754835e-07
1.018888944912063010e+01  1.190004893358109440e-07  1.190004893358109440e-07
1.028888944912063153e+01  1.025151229059838936e-07  1.025151229059838936e-07
1.038888944912062939e+01  8.832185113113028611e-08  8.832185113113028611e-08
