-1.563829782855680417e+00  3.258240521757833003e-47  3.258240521757833003e-47
-1.463829782855680328e+00  1.194914294529839794e-43  1.194914294529839794e-43
-1.363829782855680683e+00  3.961655082943226382e-40  3.961655082943226382e-40
-1.263829782855680151e+00  9.506322064426635186e-37  9.506322064426635186e-37
-1.163829782855680506e+00  1.617354095853130618e-33  1.617354095853130618e-33
-1.063829782855680417e+00  1.947265037216916730e-30  1.947265037216916730e-30
-9.638297828556803282e-01  1.658759056498754049e-27  1.658759056498754049e-27
-8.638297828556802394e-01  9.996975751462501622e-25  9.996975751462501622e-25
-7.638297828556803726e-01  4.262647471607749157e-22  4.262647471607749157e-22
-6.638297828556805058e-01  1.285924176992844709e-19  1.285924176992844709e-19
-5.638297828556804170e-01  2.744583299919706906e-17  2.744583299919706906e-17
-4.638297828556803282e-01  4.144408624721213480e-15  4.144408624721213480e-15
-3.638297828556802394e-01  4.427655427379399696e-13  4.427655427379399696e-13
-2.638297828556803726e-01  3.346648923048152585e-11  3.346648923048152585e-11
-1.638297828556802838e-01  1.789664355980727527e-09  1.789664355980727527e-09
-6.382978285568041699e-02  6.771082641347955084e-08  6.771082641347955084e-08
3.617021714431967183e-02  1.812465435645941066e-06  1.812465435645941066e-06
1.361702171443197606e-01  3.432467586733246975e-05  3.432467586733246975e-05
2.361702171443196274e-01  4.599051252889700984e-04  4.599051252889700984e-04
3.361702171443197162e-01  4.359685362413813665e-03  4.359685362413813665e-03
4.361702171443195830e-01  2.923931134469157436e-02  2.923931134469157436e-02
5.361702171443196718e-01  1.387408112635133417e-01  1.387408112635133417e-01
6.361702171443197606e-01  4.657645490843279612e-01  4.657645490843279612e-01
7.361702171443198495e-01  1.106251304841970429e+00  1.106251304841970429e+00
8.361702171443199383e-01  1.858945292527742765e+00  1.858945292527742765e+00
9.361702171443195830e-01  2.210072460138956529e+00  2.210072460138956529e+00
1.036170217144319672e+00  1.859022747493099370e+00  1.859022747493099370e+00
1.136170217144319761e+00  1.106598964708561006e+00  1.106598964708561006e+00
1.236170217144319849e+00  4.670383486324266031e-01  4.670383486324266031e-01
1.336170217144319938e+00  1.426628125596294816e-01  1.426628125596294816e-01
1.436170217144319583e+00  3.939628861944537846e-02  3.939628861944537846e-02
1.536170217144319672e+00  2.648471744221430821e-02  2.648471744221430821e-02
1.636170217144319761e+00  4.099837467627027304e-02  4.099837467627027304e-02
1.736170217144319849e+00  6.251096419571161578e-02  6.251096419571161578e-02
1.836170217144319938e+00  8.099413945823155658e-02  8.099413945823155658e-02
1.936170217144319583e+00  8.832353208664429911e-02  8.832353208664429911e-02
2.036170217144319672e+00  8.104383461470955619e-02  8.104383461470955619e-02
2.136170217144319761e+00  6.262759967643785619e-02  6.262759967643785619e-02
2.236170217144319849e+00  4.090025369735963978e-02  4.090025369735963978e-02
2.336170217144319938e+00  2.289139381749549090e-02  2.289139381749549090e-02
2.436170217144319583e+00  1.160235430157313848e-02  1.160235430157313848e-02
2.536170217144320116e+00  6.350893420649178500e-03  6.350893420649178500e-03
2.636170217144319761e+00  4.910906402875334260e-03  4.910906402875334260e-03
2.736170217144319405e+00  5.201244441462210370e-03  5.201244441462210370e-03
2.836170217144319938e+00  5.851470644873329324e-03  5.851470644873329324e-03
2.936170217144319583e+00  6.133616683197789729e-03  6.133616683197789729e-03
3.036170217144320116e+00  5.787178690492783203e-03  5.787178690492783203e-03
3.136170217144319761e+00  4.885911758595094453e-03  4.885911758595094453e-03
3.236170217144320294e+00  3.700608058036680258e-03  3.700608058036680258e-03
3.336170217144319938e+00  2.540834617878718303e-03  2.540834617878718303e-03
3.436170217144319583e+00  1.625688969003407812e-03  1.625688969003407812e-03
3.536170217144320116e+00  1.032605673408331509e-03  1.032605673408331509e-03
3.636170217144319761e+00  7.225077961548805744e-04  7.225077961548805744e-04
3.736170217144320294e+00  6.000145947537701644e-04  6.000145947537701644e-04
3.836170217144319938e+00  5.671408515680750016e-04  5.671408515680750016e-04
3.936170217144319583e+00  5.524179063713316462e-04  5.524179063713316462e-04
4.036170217144320560e+00  5.180203508764533301e-04  5.180203508764533301e-04
4.136170217144320205e+00  4.544266407094797364e-04  4.544266407094797364e-04
4.236170217144319849e+00  3.702059071514947884e-04  3.702059071514947884e-04
4.336170217144319494e+00  2.812970426520389785e-04  2.812970426520389785e-04
4.436170217144319139e+00  2.024257509475539782e-04  2.024257509475539782e-04
4.536170217144320560e+00  1.422337370646538769e-04  1.422337370646538769e-04
4.636170217144320205e+00  1.023339744988235119e-04  1.023339744988235119e-04
4.736170217144319849e+00  7.915988916601741823e-05  7.915988916601741823e-05
4.836170217144319494e+00  6.686514779890217683e-05  6.686514779890217683e-05
4.936170217144319139e+00  5.982750448085932376e-05  5.982750448085932376e-05
5.036170217144320560e+00  5.407409971528234093e-05  5.407409971528234093e-05
5.136170217144320205e+00  4.763197999708854375e-05  4.763197999708854375e-05
5.236170217144319849e+00  4.015917519821755958e-05  4.015917519821755958e-05
5.336170217144319494e+00  3.226803037446684762e-05  3.226803037446684762e-05
5.436170217144319139e+00  2.485942486630403120e-05  2.485942486630403120e-05
5.536170217144320560e+00  1.865289746285568291e-05  1.865289746285568291e-05
5.636170217144320205e+00  1.397237968807945196e-05  1.397237968807945196e-05
5.736170217144319849e+00  1.075134632936395959e-05  1.075134632936395959e-05
5.836170217144319494e+00  8.668232799736420125e-06  8.668232799736420125e-06
5.936170217144319139e+00  7.316030648593033310e-06  7.316030648593033310e-06
6.036170217144320560e+00  6.336908865807570234e-06  6.336908865807570234e-06
6.136170217144320205e+00  5.492160269579444535e-06  5.492160269579444535e-06
6.236170217144319849e+00  4.670939764013796757e-06  4.670939764013796757e-06
6.336170217144319494e+00  3.859288484400466791e-06  3.859288484400466791e-06
6.436170217144319139e+00  3.094451017263776074e-06  3.094451017263776074e-06
6.536170217144318784e+00  2.423839792624825624e-06  2.423839792624825624e-06
6.636170217144320205e+00  1.878898999615155764e-06  1.878898999615155764e-06
6.736170217144319849e+00  1.465643351774305024e-06  1.465643351774305024e-06
6.836170217144319494e+00  1.167951481201783734e-06  1.167951481201783734e-06
6.936170217144319139e+00  9.573602521405466470e-07  9.573602521405466470e-07
7.036170217144318784e+00  8.035762224520562494e-07  8.035762224520562494e-07
7.136170217144320205e+00  6.820023778475128302e-07  6.820023778475128302e-07
7.236170217144319849e+00  5.770030577174067475e-07  5.770030577174067475e-07
7.336170217144319494e+00  4.814913292177175990e-07  4.814913292177175990e-07
7.436170217144319139e+00  3.943524278570706022e-07  3.943524278570706022e-07
7.536170217144318784e+00  3.172978997836976643e-07  3.172978997836976643e-07
7.636170217144320205e+00  2.522980496528743803e-07  2.522980496528743803e-07
7.736170217144319849e+00  2.001172620203989509e-07  2.001172620203989509e-07
7.836170217144319494e+00  1.599383927906786063e-07  1.599383927906786063e-07
7.936170217144319139e+00  1.297386120316420705e-07  1.297386120316420705e-07
8.036170217144320560e+00  1.069843520472387429e-07  1.069843520472387429e-07
8.136170217144320205e+00  8.928751175745623341e-08  8.928751175745623341e-08
8.236170217144319849e+00  7.482045583461085215e-08  7.482045583461085215e-08
8.336170217144319494e+00  6.244420529356870459e-08  6.244420529356870459e-08
8.436170217144319139e+00  5.161327072888229382e-08  5.161327072888229382e-08
8.536170217144320560e+00  4.216668629353273197e-08  4.216668629353273197e-08
8.636170217144320205e+00  3.410847081840373758e-08  3.410847081840373758e-08
8.736170217144319849e+00  2.744467904491365286e-08  2.744467904491365286e-08
8.836170217144319494e+00  2.210132974418886982e-08  2.210132974418886982e-08
8.936170217144319139e+00  1.791374617666642536e-08  1.791374617666642536e-08
9.036170217144320560e+00  1.466006432530951741e-08  1.466006432530951741e-08
9.136170217144320205e+00  1.210911813433896784e-08  1.210911813433896784e-08
9.236170217144319849e+00  1.006047184467961842e-08  1.006047184467961842e-08
9.336170217144319494e+00  8.365790224201261152e-09  8.365790224201261152e-09
9.436170217144319139e+00  6.930999251432011686e-09  6.930999251432011686e-09
9.536170217144320560e+00  5.705076450702229207e-09  5.705076450702229207e-09
9.636170217144320205e+00  4.663359775242363345e-09  4.663359775242363345e-09
9.736170217144319849e+00  3.792038250403352217e-09  3.792038250403352217e-09
9.836170217144319494e+00  3.077648419059071723e-09  3.077648419059071723e-09
9.936170217144319139e+00  2.502460151100557298e-09  2.502460151100557298e-09
1.003617021714432056e+01  2.044546539924507599e-09  2.044546539924507599e-09
1.013617021714432020e+01  1.680413427336721793e-09  1.680413427336721793e-09
1.023617021714431985e+01  1.388147273871154858e-09  1.388147273871154858e-09
1.033617021714431949e+01  1.149713341158999507e-09  1.149713341158999507e-09
1.043617021714431914e+01  9.518643342939532006e-10  9.518643342939532006e-10
