-1.623593452480939003e+00  9.511385160931118642e-12  9.511385160931118642e-12
-1.523593452480938915e+00  6.698099323393808554e-11  6.698099323393808554e-11
-1.423593452480939270e+00  4.443632968529953107e-10  4.443632968529953107e-10
-1.323593452480938737e+00  2.748743207701140371e-09  2.748743207701140371e-09
-1.223593452480939092e+00  1.576850253592447288e-08  1.576850253592447288e-08
-1.123593452480939003e+00  8.365215994224324360e-08  8.365215994224324360e-08
-1.023593452480938915e+00  4.097722625770367970e-07  4.097722625770367970e-07
-9.235934524809388257e-01  1.851971738719024230e-06  1.851971738719024230e-06
-8.235934524809389590e-01  7.718939361452941409e-06  7.718939361452941409e-06
-7.235934524809390922e-01  2.966209883359465741e-05  2.966209883359465741e-05
-6.235934524809390034e-01  1.050758620067049814e-04  1.050758620067049814e-04
-5.235934524809389146e-01  3.431016967822789632e-04  3.431016967822789632e-04
-4.235934524809388257e-01  1.032615683947664745e-03  1.032615683947664745e-03
-3.235934524809389590e-01  2.864420144182172612e-03  2.864420144182172612e-03
-2.235934524809388702e-01  7.323332900965819417e-03  7.323332900965819417e-03
-1.235934524809390034e-01  1.725641758369027626e-02  1.725641758369027626e-02
-2.359345248093891456e-02  3.747666977047017789e-02  3.747666977047017789e-02
7.640654751906117426e-02  7.501379719189343875e-02  7.501379719189343875e-02
1.764065475190610410e-01  1.383870218206659508e-01  1.383870218206659508e-01
2.764065475190611298e-01  2.353053097173446462e-01  2.353053097173446462e-01
3.764065475190609966e-01  3.687771793780316720e-01  3.687771793780316720e-01
4.764065475190610854e-01  5.327398324002073915e-01  5.327398324002073915e-01
5.764065475190611743e-01  7.094521949148225870e-01  7.094521949148225870e-01
6.764065475190612631e-01  8.710680366395066043e-01  8.710680366395066043e-01
7.764065475190613519e-01  9.863078641384649403e-01  9.863078641384649403e-01
8.764065475190609966e-01  1.030384489728529696e+00  1.030384489728529696e+00
9.764065475190610854e-01  9.939506479426987173e-01  9.939506479426987173e-01
1.076406547519061174e+00  8.866674251710319199e-01  8.866674251710319199e-01
1.176406547519061263e+00  7.335284789865547106e-01  7.335284789865547106e-01
1.276406547519061352e+00  5.658256072156562233e-01  5.658256072156562233e-01
1.376406547519060997e+00  4.111752820000580400e-01  4.111752820000580400e-01
1.476406547519061085e+00  2.868509489199288498e-01  2.868509489199288498e-01
1.576406547519061174e+00  1.982702886556568234e-01  1.982702886556568234e-01
1.676406547519061263e+00  1.417104927484678367e-01  1.417104927484678367e-01
1.776406547519061352e+00  1.088141945975178299e-01  1.088141945975178299e-01
1.876406547519060997e+00  9.061098625920110949e-02  9.061098625920110949e-02
1.976406547519061085e+00  7.991272001466324937e-02  7.991272001466324937e-02
2.076406547519061174e+00  7.207632048077264320e-02  7.207632048077264320e-02
2.176406547519061263e+00  6.472027190866086466e-02  6.472027190866086466e-02
2.276406547519061352e+00  5.702991933932666235e-02  5.702991933932666235e-02
2.376406547519060997e+00  4.906506865650313992e-02  4.906506865650313992e-02
2.476406547519061530e+00  4.124238929097685802e-02  4.124238929097685802e-02
2.576406547519061174e+00  3.401491490324682482e-02  3.401491490324682482e-02
2.676406547519060819e+00  2.771036165946866303e-02  2.771036165946866303e-02
2.776406547519061352e+00  2.247913927568480352e-02  2.247913927568480352e-02
2.876406547519060997e+00  1.830930297592386555e-02  1.830930297592386555e-02
2.976406547519061530e+00  1.507482387353202731e-02  1.507482387353202731e-02
3.076406547519061174e+00  1.259232404754982021e-02  1.259232404754982021e-02
3.176406547519061707e+00  1.067001662995128303e-02  1.067001662995128303e-02
3.276406547519061352e+00  9.140765859023906176e-03  9.140765859023906176e-03
3.376406547519060997e+00  7.877956509925444079e-03  7.877956509925444079e-03
3.476406547519061530e+00  6.797349007679572529e-03  6.797349007679572529e-03
3.576406547519061174e+00  5.850080376226329294e-03  5.850080376226329294e-03
3.676406547519061707e+00  5.011921860918704293e-03  5.011921860918704293e-03
3.776406547519061352e+00  4.272648098104776457e-03  4.272648098104776457e-03
3.876406547519060997e+00  3.627725360426739716e-03  3.627725360426739716e-03
3.976406547519061530e+00  3.073062718678364318e-03  3.073062718678364318e-03
4.076406547519061618e+00  2.602566608637807855e-03  2.602566608637807855e-03
4.176406547519061263e+00  2.207732928127018393e-03  2.207732928127018393e-03
4.276406547519060908e+00  1.878399227764357719e-03  1.878399227764357719e-03
4.376406547519060553e+00  1.603912991678566394e-03  1.603912991678566394e-03
4.476406547519061974e+00  1.374212046858459910e-03  1.374212046858459910e-03
4.576406547519061618e+00  1.180559768289022107e-03  1.180559768289022107e-03
4.676406547519061263e+00  1.015873934135117602e-03  1.015873934135117602e-03
4.776406547519060908e+00  8.747126687951517834e-04  8.747126687951517834e-04
4.876406547519060553e+00  7.530372499174513377e-04  7.530372499174513377e-04
4.976406547519061974e+00  6.478762798187031767e-04  6.478762798187031767e-04
5.076406547519061618e+00  5.569896537165549850e-04  5.569896537165549850e-04
5.176406547519061263e+00  4.785927478525275327e-04  4.785927478525275327e-04
5.276406547519060908e+00  4.111649306288135903e-04  4.111649306288135903e-04
5.376406547519060553e+00  3.533394442246980821e-04  3.533394442246980821e-04
5.476406547519061974e+00  3.038562455255463179e-04  3.038562455255463179e-04
5.576406547519061618e+00  2.615542660053824854e-04  2.615542660053824854e-04
5.676406547519061263e+00  2.253816605004532975e-04  2.253816605004532975e-04
5.776406547519060908e+00  1.944085105901572578e-04  1.944085105901572578e-04
5.876406547519060553e+00  1.678332484755887277e-04  1.678332484755887277e-04
5.976406547519061974e+00  1.449798801686392482e-04  1.449798801686392482e-04
6.076406547519061618e+00  1.252870277186200916e-04  1.252870277186200916e-04
6.176406547519061263e+00  1.082917826577724506e-04  1.082917826577724506e-04
6.276406547519060908e+00  9.361175282150765596e-05  9.361175282150765596e-05
6.376406547519060553e+00  8.092807331939326271e-05  8.092807331939326271e-05
6.476406547519060197e+00  6.997110427267207850e-05  6.997110427267207850e-05
6.576406547519061618e+00  6.050948091887199947e-05  6.050948091887199947e-05
6.676406547519061263e+00  5.234236741161500873e-05  5.234236741161500873e-05
6.776406547519060908e+00  4.529428567684925925e-05  4.529428567684925925e-05
6.876406547519060553e+00  3.921172205638904617e-05  3.921172205638904617e-05
6.976406547519060197e+00  3.396077217516690671e-05  3.396077217516690671e-05
7.076406547519061618e+00  2.942526633858443051e-05  2.942526633858443051e-05
7.176406547519061263e+00  2.550503475054685190e-05  2.550503475054685190e-05
7.276406547519060908e+00  2.211416289992864897e-05  2.211416289992864897e-05
7.376406547519060553e+00  1.917922200346500286e-05  1.917922200346500286e-05
7.476406547519060197e+00  1.663753181964353653e-05  1.663753181964353653e-05
7.576406547519061618e+00  1.443553396427813604e-05  1.443553396427813604e-05
7.676406547519061263e+00  1.252734075425121698e-05  1.252734075425121698e-05
7.776406547519060908e+00  1.087349555051236717e-05  1.087349555051236717e-05
7.876406547519060553e+00  9.439949654693628449e-06  9.439949654693628449e-06
7.976406547519061974e+00  8.197236657718556197e-06  8.197236657718556197e-06
8.076406547519061618e+00  7.119811191395155738e-06  7.119811191395155738e-06
8.176406547519061263e+00  6.185514911907402565e-06  6.185514911907402565e-06
8.276406547519060908e+00  5.375135694910248385e-06  5.375135694910248385e-06
8.376406547519060553e+00  4.672033199363090154e-06  4.672033199363090154e-06
8.476406547519061974e+00  4.061812252372378332e-06  4.061812252372378332e-06
8.576406547519061618e+00  3.532032882567255294e-06  3.532032882567255294e-06
8.676406547519061263e+00  3.071951236781310509e-06  3.071951236781310509e-06
8.776406547519060908e+00  2.672288839743970299e-06  2.672288839743970299e-06
8.876406547519060553e+00  2.325029035596331684e-06  2.325029035596331684e-06
8.976406547519061974e+00  2.023239576231348363e-06  2.023239576231348363e-06
9.076406547519061618e+00  1.760919809676723755e-06  1.760919809676723755e-06
9.176406547519061263e+00  1.532870263766357918e-06  1.532870263766357918e-06
9.276406547519060908e+00  1.334581925646134174e-06  1.334581925646134174e-06
9.376406547519060553e+00  1.162142319095572366e-06  1.162142319095572366e-06
9.476406547519061974e+00  1.012155578640265672e-06  1.012155578640265672e-06
9.576406547519061618e+00  8.816740337141738159e-07  8.816740337141738159e-07
9.676406547519061263e+00  7.681392424200153139e-07  7.681392424200153139e-07
9.776406547519060908e+00  6.693308565913539415e-07  6.693308565913539415e-07
9.876406547519060553e+00  5.833220902176560968e-07  5.833220902176560968e-07
9.976406547519061974e+00  5.084408675734850206e-07  5.084408675734850206e-07
1.007640654751906162e+01  4.432359398970806066e-07  4.432359398970806066e-07
1.017640654751906126e+01  3.864473935839328033e-07  3.864473935839328033e-07
1.027640654751906091e+01  3.369810509557015977e-07  3.369810509557015977e-07
1.037640654751906055e+01  2.938863098723078259e-07  2.938863098723078259e-07
