-1.586956481605597880e+00  1.981884241833951639e-134  1.981884241833951639e-134
-1.486956481605597347e+00  3.144992223150116017e-125  3.144992223150116017e-125
-1.386956481605597702e+00  4.957763575140503552e-115  4.957763575140503552e-115
-1.286956481605597613e+00  2.930231316682718313e-105  2.930231316682718313e-105
-1.186956481605597524e+00  6.371376181841630644e-96  6.371376181841630644e-96
-1.086956481605597880e+00  5.096477680670042537e-87  5.096477680670042537e-87
-9.869564816055975687e-01  1.499728082474569114e-78  1.499728082474569114e-78
-8.869564816055977019e-01  1.623530451969651439e-70  1.623530451969651439e-70
-7.869564816055976131e-01  6.465675021259084920e-63  6.465675021259084920e-63
-6.869564816055975243e-01  9.472679065525453456e-56  9.472679065525453456e-56
-5.869564816055976575e-01  5.105488392578198147e-49  5.105488392578198147e-49
-4.869564816055975687e-01  1.012295440526795258e-42  1.012295440526795258e-42
-3.869564816055974799e-01  7.383848654424450122e-37  7.383848654424450122e-37
-2.869564816055976131e-01  1.981361912009011401e-31  1.981361912009011401e-31
-1.869564816055975243e-01  1.955916687953255209e-26  1.955916687953255209e-26
-8.695648160559765749e-02  7.103009771196905265e-22  7.103009771196905265e-22
1.304351839440243133e-02  9.489427021161041684e-18  9.489427021161041684e-18
1.130435183944025201e-01  4.663834023589524710e-14  4.663834023589524710e-14
2.130435183944023869e-01  8.432409728633021614e-11  8.432409728633021614e-11
3.130435183944024757e-01  5.608746777402171603e-08  5.608746777402171603e-08
4.130435183944023425e-01  1.372415086543239485e-05  1.372415086543239485e-05
5.130435183944024313e-01  1.235408690441802378e-03  1.235408690441802378e-03
6.130435183944025201e-01  4.091111713767652674e-02  4.091111713767652674e-02
7.130435183944026090e-01  4.983994374553764040e-01  4.983994374553764040e-01
8.130435183944026978e-01  2.233671311506410184e+00  2.233671311506410184e+00
9.130435183944023425e-01  3.682701403035903986e+00  3.682701403035903986e+00
1.013043518394402431e+00  2.233671311815084604e+00  2.233671311815084604e+00
1.113043518394402520e+00  4.983994590968155447e-01  4.983994590968155447e-01
1.213043518394402609e+00  4.091203735527445401e-02  4.091203735527445401e-02
1.313043518394402698e+00  1.259141415103982951e-03  1.259141415103982951e-03
1.413043518394402343e+00  3.849664263650553358e-04  3.849664263650553358e-04
1.513043518394402431e+00  3.522304728696938701e-03  3.522304728696938701e-03
1.613043518394402520e+00  2.026914154070852403e-02  2.026914154070852403e-02
1.713043518394402609e+00  7.074625513675694699e-02  7.074625513675694699e-02
1.813043518394402698e+00  1.497698233286570979e-01  1.497698233286570979e-01
1.913043518394402343e+00  1.923082607728211768e-01  1.923082607728211768e-01
2.013043518394402653e+00  1.497698471442520385e-01  1.497698471442520385e-01
2.113043518394402298e+00  7.074666056571805861e-02  7.074666056571805861e-02
2.213043518394402831e+00  2.027408060081573038e-02  2.027408060081573038e-02
2.313043518394402476e+00  3.565363116458316727e-03  3.565363116458316727e-03
2.413043518394402120e+00  6.409104247595864053e-04  6.409104247595864053e-04
2.513043518394402653e+00  1.232301521858760081e-03  1.232301521858760081e-03
2.613043518394402298e+00  3.881961596588213905e-03  3.881961596588213905e-03
2.713043518394401943e+00  8.930204313130681720e-03  8.930204313130681720e-03
2.813043518394402476e+00  1.472338291496471177e-02  1.472338291496471177e-02
2.913043518394402120e+00  1.739362809642044580e-02  1.739362809642044580e-02
3.013043518394402653e+00  1.472346130664455889e-02  1.472346130664455889e-02
3.113043518394402298e+00  8.930846061742020447e-03  8.930846061742020447e-03
3.213043518394402831e+00  3.885367420622749986e-03  3.885367420622749986e-03
3.313043518394402476e+00  1.230538256058194601e-03  1.230538256058194601e-03
3.413043518394402120e+00  3.565590448322018065e-04  3.565590448322018065e-04
3.513043518394402653e+00  3.107572764437137791e-04  3.107572764437137791e-04
3.613043518394402298e+00  6.469808576743475747e-04  6.469808576743475747e-04
3.713043518394402831e+00  1.199897385314694764e-03  1.199897385314694764e-03
3.813043518394402476e+00  1.745275554817806623e-03  1.745275554817806623e-03
3.913043518394402120e+00  1.977640254814447447e-03  1.977640254814447447e-03
4.013043518394402653e+00  1.745327763545190475e-03  1.745327763545190475e-03
4.113043518394402298e+00  1.199915731559828089e-03  1.199915731559828089e-03
4.213043518394402831e+00  6.439415678253340410e-04  6.439415678253340410e-04
4.313043518394402476e+00  2.746139733655115047e-04  2.746139733655115047e-04
4.413043518394402120e+00  1.078334566084108808e-04  1.078334566084108808e-04
4.513043518394402653e+00  7.347984953314338227e-05  7.347984953314338227e-05
4.613043518394402298e+00  1.080552530408735682e-04  1.080552530408735682e-04
4.713043518394402831e+00  1.716841493828274155e-04  1.716841493828274155e-04
4.813043518394402476e+00  2.309342657798119721e-04  2.309342657798119721e-04
4.913043518394402120e+00  2.551485635298411897e-04  2.551485635298411897e-04
5.013043518394402653e+00  2.308958355337266833e-04  2.308958355337266833e-04
5.113043518394402298e+00  1.711927308338383224e-04  1.711927308338383224e-04
5.213043518394402831e+00  1.043301885194915338e-04  1.043301885194915338e-04
5.313043518394402476e+00  5.328606226018955532e-05  5.328606226018955532e-05
5.413043518394402120e+00  2.538341653895463874e-05  2.538341653895463874e-05
5.513043518394402653e+00  1.637246775459029479e-05  1.637246775459029479e-05
5.613043518394402298e+00  1.874702606565469234e-05  1.874702606565469234e-05
5.713043518394402831e+00  2.597945428645201280e-05  2.597945428645201280e-05
5.813043518394402476e+00  3.289210029628275648e-05  3.289210029628275648e-05
5.913043518394402120e+00  3.568112307207413770e-05  3.568112307207413770e-05
6.013043518394402653e+00  3.283133273608527120e-05  3.283133273608527120e-05
6.113043518394402298e+00  2.561001315841503523e-05  2.561001315841503523e-05
6.213043518394402831e+00  1.700629736696229814e-05  1.700629736696229814e-05
6.313043518394402476e+00  9.804097880202340722e-06  9.804097880202340722e-06
6.413043518394402120e+00  5.324602735967520937e-06  5.324602735967520937e-06
6.513043518394401765e+00  3.456482819711432608e-06  3.456482819711432608e-06
6.613043518394403186e+00  3.372203563361026606e-06  3.372203563361026606e-06
6.713043518394402831e+00  4.132969558392166058e-06  4.132969558392166058e-06
6.813043518394402476e+00  4.949369710045465362e-06  4.949369710045465362e-06
6.913043518394402120e+00  5.280662542893302938e-06  5.280662542893302938e-06
7.013043518394401765e+00  4.913813081499784788e-06  4.913813081499784788e-06
7.113043518394403186e+00  3.975756541138495730e-06  3.975756541138495730e-06
7.213043518394402831e+00  2.809148256826325167e-06  2.809148256826325167e-06
7.313043518394402476e+00  1.766312850104763954e-06  1.766312850104763954e-06
7.413043518394402120e+00  1.053795334987922467e-06  1.053795334987922467e-06
7.513043518394401765e+00  7.012519857149753857e-07  7.012519857149753857e-07
7.613043518394403186e+00  6.214043803568253335e-07  6.214043803568253335e-07
7.713043518394402831e+00  6.863610180768726339e-07  6.863610180768726339e-07
7.813043518394402476e+00  7.784424068487007753e-07  7.784424068487007753e-07
7.913043518394402120e+00  8.159165379075668461e-07  8.159165379075668461e-07
8.013043518394404430e+00  7.644616551879535131e-07  7.644616551879535131e-07
8.113043518394402298e+00  6.356635769824807326e-07  6.356635769824807326e-07
8.213043518394403719e+00  4.707350958702539188e-07  4.707350958702539188e-07
8.313043518394401588e+00  3.158817636813424863e-07  3.158817636813424863e-07
8.413043518394403009e+00  2.021708509642822416e-07  2.021708509642822416e-07
8.513043518394404430e+00  1.384673347589784318e-07  1.384673347589784318e-07
8.613043518394402298e+00  1.160824173275206522e-07  1.160824173275206522e-07
8.713043518394403719e+00  1.180277253489099951e-07  1.180277253489099951e-07
8.813043518394401588e+00  1.270458560983009714e-07  1.270458560983009714e-07
8.913043518394403009e+00  1.305304480629261062e-07  1.305304480629261062e-07
9.013043518394404430e+00  1.226482134920038313e-07  1.226482134920038313e-07
9.113043518394404074e+00  1.041082185992001644e-07  1.041082185992001644e-07
9.213043518394403719e+00  7.996540337502716709e-08  7.996540337502716709e-08
9.313043518394403364e+00  5.643037196509335123e-08  5.643037196509335123e-08
9.413043518394403009e+00  3.813002152160019038e-08  3.813002152160019038e-08
9.513043518394404430e+00  2.685562733403478740e-08  2.685562733403478740e-08
9.613043518394404074e+00  2.183765798155226785e-08  2.183765798155226785e-08
9.713043518394403719e+00  2.085063459740035850e-08  2.085063459740035850e-08
9.813043518394403364e+00  2.138906164705471204e-08  2.138906164705471204e-08
9.913043518394403009e+00  2.150124952432053960e-08  2.150124952432053960e-08
1.001304351839440443e+01  2.018646725183912074e-08  2.018646725183912074e-08
1.011304351839440407e+01  1.739875550101367242e-08  1.739875550101367242e-08
1.021304351839440372e+01  1.375479813472992736e-08  1.375479813472992736e-08
1.031304351839440336e+01  1.010088074116020514e-08  1.010088074116020514e-08
1.041304351839440301e+01  7.124818723574923953e-09  7.124818723574923953e-09
