-1.586956240328745160e+00  8.164599221825981300e-09  8.164599221825981300e-09
-1.486956240328744627e+00  3.418802104716926460e-08  3.418802104716926460e-08
-1.386956240328744983e+00  1.361813661037534341e-07  1.361813661037534341e-07
-1.286956240328744894e+00  5.140885800066307363e-07  5.140885800066307363e-07
-1.186956240328744805e+00  1.835123822616534138e-06  1.835123822616534138e-06
-1.086956240328745160e+00  6.186143743649167655e-06  6.186143743649167655e-06
-9.869562403287448493e-01  1.967664858223230645e-05  1.967664858223230645e-05
-8.869562403287449825e-01  5.902603467881761817e-05  5.902603467881761817e-05
-7.869562403287448937e-01  1.669411602719059217e-04  1.669411602719059217e-04
-6.869562403287448049e-01  4.450674119230879243e-04  4.450674119230879243e-04
-5.869562403287449381e-01  1.118346308502082267e-03  1.118346308502082267e-03
-4.869562403287448493e-01  2.648376210196273610e-03  2.648376210196273610e-03
-3.869562403287447605e-01  5.910346305090251155e-03  5.910346305090251155e-03
-2.869562403287448937e-01  1.242971722426647850e-02  1.242971722426647850e-02
-1.869562403287448049e-01  2.463289644217876717e-02  2.463289644217876717e-02
-8.695624032874493814e-02  4.600135705629077726e-02  4.600135705629077726e-02
1.304375967125515068e-02  8.095154765536405339e-02  8.095154765536405339e-02
1.130437596712552395e-01  1.342395843360379148e-01  1.342395843360379148e-01
2.130437596712551063e-01  2.097693118454743988e-01  2.097693118454743988e-01
3.130437596712551951e-01  3.089003343410111069e-01  3.089003343410111069e-01
4.130437596712550619e-01  4.286715723563898628e-01  4.286715723563898628e-01
5.130437596712551507e-01  5.606396985530610610e-01  5.606396985530610610e-01
6.130437596712552395e-01  6.910845010389237153e-01  6.910845010389237153e-01
7.130437596712553283e-01  8.030101028617594450e-01  8.030101028617594450e-01
8.130437596712554171e-01  8.797073186343074003e-01  8.797073186343074003e-01
9.130437596712550619e-01  9.089013699181548445e-01  9.089013699181548445e-01
1.013043759671255151e+00  8.860776839499249213e-01  8.860776839499249213e-01
1.113043759671255239e+00  8.157443180795262982e-01  8.157443180795262982e-01
1.213043759671255328e+00  7.101391606716749294e-01  7.101391606716749294e-01
1.313043759671255417e+00  5.858809994491540607e-01  5.858809994491540607e-01
1.413043759671255062e+00  4.598116784441338978e-01  4.598116784441338978e-01
1.513043759671255151e+00  3.454396855208038963e-01  3.454396855208038963e-01
1.613043759671255239e+00  2.509605991838186334e-01  2.509605991838186334e-01
1.713043759671255328e+00  1.790853118159271840e-01  1.790853118159271840e-01
1.813043759671255417e+00  1.282405641588475476e-01  1.282405641588475476e-01
1.913043759671255062e+00  9.438184533191298908e-02  9.438184533191298908e-02
2.013043759671255373e+00  7.271179861766356722e-02  7.271179861766356722e-02
2.113043759671255017e+00  5.888316638636125616e-02  5.888316638636125616e-02
2.213043759671255550e+00  4.958758001060113024e-02  4.958758001060113024e-02
2.313043759671255195e+00  4.265322896440296163e-02  4.265322896440296163e-02
2.413043759671254840e+00  3.685722795743067576e-02  3.685722795743067576e-02
2.513043759671255373e+00  3.163704914455659628e-02  3.163704914455659628e-02
2.613043759671255017e+00  2.681853244180713858e-02  2.681853244180713858e-02
2.713043759671254662e+00  2.241187341560138199e-02  2.241187341560138199e-02
2.813043759671255195e+00  1.848268893738554478e-02  1.848268893738554478e-02
2.913043759671254840e+00  1.508414613832406541e-02  1.508414613832406541e-02
3.013043759671255373e+00  1.223075096534955927e-02  1.223075096534955927e-02
3.113043759671255017e+00  9.896635195681020847e-03  9.896635195681020847e-03
3.213043759671255550e+00  8.025729182537123113e-03  8.025729182537123113e-03
3.313043759671255195e+00  6.545585488268335084e-03  6.545585488268335084e-03
3.413043759671254840e+00  5.380080180700709362e-03  5.380080180700709362e-03
3.513043759671255373e+00  4.458730594243101066e-03  4.458730594243101066e-03
3.613043759671255017e+00  3.722069970903275904e-03  3.722069970903275904e-03
3.713043759671255550e+00  3.123551225760975037e-03  3.123551225760975037e-03
3.813043759671255195e+00  2.628946274713403128e-03  2.628946274713403128e-03
3.913043759671254840e+00  2.214304333638956578e-03  2.214304333638956578e-03
4.013043759671255373e+00  1.863378702412844205e-03  1.863378702412844205e-03
4.113043759671255017e+00  1.565160882572627730e-03  1.565160882572627730e-03
4.213043759671255550e+00  1.311876719115773887e-03  1.311876719115773887e-03
4.313043759671255195e+00  1.097565221605521692e-03  1.097565221605521692e-03
4.413043759671254840e+00  9.172031776979857817e-04  9.172031776979857817e-04
4.513043759671255373e+00  7.662565556799132063e-04  7.662565556799132063e-04
4.613043759671255017e+00  6.405165392200860537e-04  6.405165392200860537e-04
4.713043759671255550e+00  5.360923693645881262e-04  5.360923693645881262e-04
4.813043759671255195e+00  4.494653864399929277e-04  4.494653864399929277e-04
4.913043759671254840e+00  3.775443713034502824e-04  3.775443713034502824e-04
5.013043759671255373e+00  3.176929199314433658e-04  3.176929199314433658e-04
5.113043759671255017e+00  2.677214962981756862e-04  2.677214962981756862e-04
5.213043759671255550e+00  2.258497285359883987e-04  2.258497285359883987e-04
5.313043759671255195e+00  1.906500546083317988e-04  1.906500546083317988e-04
5.413043759671254840e+00  1.609842998919400322e-04  1.609842998919400322e-04
5.513043759671255373e+00  1.359424265847770041e-04  1.359424265847770041e-04
5.613043759671255017e+00  1.147893102274654493e-04  1.147893102274654493e-04
5.713043759671255550e+00  9.692214845328000138e-05  9.692214845328000138e-05
5.813043759671255195e+00  8.183861036331755757e-05  8.183861036331755757e-05
5.913043759671254840e+00  6.911428218953296037e-05  6.911428218953296037e-05
6.013043759671255373e+00  5.838727169520327724e-05  5.838727169520327724e-05
6.113043759671255017e+00  4.934777910396840651e-05  4.934777910396840651e-05
6.213043759671255550e+00  4.173077275920336951e-05  4.173077275920336951e-05
6.313043759671255195e+00  3.531040188862818335e-05  3.531040188862818335e-05
6.413043759671254840e+00  2.989527769742507732e-05  2.989527769742507732e-05
6.513043759671254485e+00  2.532416528237652032e-05  2.532416528237652032e-05
6.613043759671255906e+00  2.146191648093919769e-05  2.146191648093919769e-05
6.713043759671255550e+00  1.819564070245222449e-05  1.819564070245222449e-05
6.813043759671255195e+00  1.543118159160792273e-05  1.543118159160792273e-05
6.913043759671254840e+00  1.308997407611177236e-05  1.308997407611177236e-05
7.013043759671254485e+00  1.110632898981928742e-05  1.110632898981928742e-05
7.113043759671255906e+00  9.425154130312214049e-06  9.425154130312214049e-06
7.213043759671255550e+00  8.000086011435620615e-06  8.000086011435620615e-06
7.313043759671255195e+00  6.791982858845197228e-06  6.791982858845197228e-06
7.413043759671254840e+00  5.767718116319798059e-06  5.767718116319798059e-06
7.513043759671254485e+00  4.899213016995018314e-06  4.899213016995018314e-06
7.613043759671255906e+00  4.162653251916615760e-06  4.162653251916615760e-06
7.713043759671255550e+00  3.537844918339980734e-06  3.537844918339980734e-06
7.813043759671255195e+00  3.007675879487220845e-06  3.007675879487220845e-06
7.913043759671254840e+00  2.557658505646278751e-06  2.557658505646278751e-06
8.013043759671255373e+00  2.175537528453809274e-06  2.175537528453809274e-06
8.113043759671256794e+00  1.850952205702984505e-06  1.850952205702984505e-06
8.213043759671254662e+00  1.575145423523401020e-06  1.575145423523401020e-06
8.313043759671256083e+00  1.340714249910109215e-06  1.340714249910109215e-06
8.413043759671253952e+00  1.141397336326747262e-06  1.141397336326747262e-06
8.513043759671255373e+00  9.718949071395980330e-07  9.718949071395980330e-07
8.613043759671256794e+00  8.277172175264047377e-07  8.277172175264047377e-07
8.713043759671254662e+00  7.050575031888699605e-07  7.050575031888699605e-07
8.813043759671256083e+00  6.006856818051940366e-07  6.006856818051940366e-07
8.913043759671253952e+00  5.118594107795328481e-07  5.118594107795328481e-07
9.013043759671257149e+00  4.362495285852075861e-07  4.362495285852075861e-07
9.113043759671256794e+00  3.718773615459614137e-07  3.718773615459614137e-07
9.213043759671256439e+00  3.170618200360575500e-07  3.170618200360575500e-07
9.313043759671256083e+00  2.703746054398565140e-07  2.703746054398565140e-07
9.413043759671255728e+00  2.306021841840397139e-07  2.306021841840397139e-07
9.513043759671257149e+00  1.967134533547386935e-07  1.967134533547386935e-07
9.613043759671256794e+00  1.678322289624926140e-07  1.678322289624926140e-07
9.713043759671256439e+00  1.432138432703378318e-07  1.432138432703378318e-07
9.813043759671256083e+00  1.222252539326129365e-07  1.222252539326129365e-07
9.913043759671255728e+00  1.043281563878101468e-07  1.043281563878101468e-07
1.001304375967125715e+01  8.906466120933046661e-08  8.906466120933046661e-08
1.011304375967125679e+01  7.604515651509444701e-08  7.604515651509444701e-08
1.021304375967125644e+01  6.493802620702644332e-08  6.493802620702644332e-08
1.031304375967125608e+01  5.546093998941955613e-08  5.546093998941955613e-08
1.041304375967125573e+01  4.737347176718395667e-08  4.737347176718395667e-08
