-1.598900332693262705e+00  4.197560013932255634e-08  4.197560013932255634e-08
-1.498900332693262172e+00  1.539778528153420267e-07  1.539778528153420267e-07
-1.398900332693262527e+00  5.398767081760735961e-07  5.398767081760735961e-07
-1.298900332693262438e+00  1.803348540639268745e-06  1.803348540639268745e-06
-1.198900332693262349e+00  5.727032785331855011e-06  5.727032785331855011e-06
-1.098900332693262705e+00  1.727011435257860695e-05  1.727011435257860695e-05
-9.989003326932623938e-01  4.941193728744489451e-05  4.941193728744489451e-05
-8.989003326932625271e-01  1.340667909415335006e-04  1.340667909415335006e-04
-7.989003326932624383e-01  3.448441325101650793e-04  3.448441325101650793e-04
-6.989003326932623494e-01  8.407084195395232544e-04  8.407084195395232544e-04
-5.989003326932624827e-01  1.942355541289642658e-03  1.942355541289642658e-03
-4.989003326932623938e-01  4.252388321620587976e-03  4.252388321620587976e-03
-3.989003326932623050e-01  8.821276646338402361e-03  8.821276646338402361e-03
-2.989003326932624383e-01  1.733831642154544037e-02  1.733831642154544037e-02
-1.989003326932623494e-01  3.228854501110065001e-02  3.228854501110065001e-02
-9.890033269326248266e-02  5.697051141338665969e-02  5.697051141338665969e-02
1.099667306737606154e-03  9.523793020665587139e-02  9.523793020665587139e-02
1.010996673067376950e-01  1.508446357800078408e-01  1.508446357800078408e-01
2.010996673067375617e-01  2.263684315211141052e-01  2.263684315211141052e-01
3.010996673067376506e-01  3.218687469376702581e-01  3.218687469376702581e-01
4.010996673067375173e-01  4.336467486510593994e-01  4.336467486510593994e-01
5.010996673067376062e-01  5.536231417344276151e-01  5.536231417344276151e-01
6.010996673067376950e-01  6.698123530514114021e-01  6.698123530514114021e-01
7.010996673067377838e-01  7.680915708205877657e-01  7.680915708205877657e-01
8.010996673067378726e-01  8.349974316866612956e-01  8.349974316866612956e-01
9.010996673067375173e-01  8.608152345648065751e-01  8.608152345648065751e-01
1.001099667306737606e+00  8.419879451136232928e-01  8.419879451136232928e-01
1.101099667306737695e+00  7.820190817025601815e-01  7.820190817025601815e-01
1.201099667306737784e+00  6.905477933026352710e-01  6.905477933026352710e-01
1.301099667306737873e+00  5.809234166211438843e-01  5.809234166211438843e-01
1.401099667306737517e+00  4.671098344778072953e-01  4.671098344778072953e-01
1.501099667306737606e+00  3.608946484468321669e-01  3.608946484468321669e-01
1.601099667306737695e+00  2.701379070254848469e-01  2.701379070254848469e-01
1.701099667306737784e+00  1.983245952125675948e-01  1.983245952125675948e-01
1.801099667306737873e+00  1.452173863925020902e-01  1.452173863925020902e-01
1.901099667306737517e+00  1.081249767771937514e-01  1.081249767771937514e-01
2.001099667306737828e+00  8.326510447115977043e-02  8.326510447115977043e-02
2.101099667306737473e+00  6.684949611961767124e-02  6.684949611961767124e-02
2.201099667306738006e+00  5.573413104694253939e-02  5.573413104694253939e-02
2.301099667306737651e+00  4.766023987401510342e-02  4.766023987401510342e-02
2.401099667306737295e+00  4.121000677236198034e-02  4.121000677236198034e-02
2.501099667306737828e+00  3.561884851315625516e-02  3.561884851315625516e-02
2.601099667306737473e+00  3.055465196345065471e-02  3.055465196345065471e-02
2.701099667306737118e+00  2.592755129511982795e-02  2.592755129511982795e-02
2.801099667306737651e+00  2.175400076637575009e-02  2.175400076637575009e-02
2.901099667306737295e+00  1.807418728496756194e-02  1.807418728496756194e-02
3.001099667306737828e+00  1.491089961793244482e-02  1.491089961793244482e-02
3.101099667306737473e+00  1.225589363511180897e-02  1.225589363511180897e-02
3.201099667306738006e+00  1.007189455669971548e-02  1.007189455669971548e-02
3.301099667306737651e+00  8.301673849318964848e-03  8.301673849318964848e-03
3.401099667306737295e+00  6.878723026594696713e-03  6.878723026594696713e-03
3.501099667306737828e+00  5.736469852052150306e-03  5.736469852052150306e-03
3.601099667306737473e+00  4.814714692831656949e-03  4.814714692831656949e-03
3.701099667306738006e+00  4.063101531078758613e-03  4.063101531078758613e-03
3.801099667306737651e+00  3.442092888821813353e-03  3.442092888821813353e-03
3.901099667306737295e+00  2.922202142121470888e-03  2.922202142121470888e-03
4.001099667306737828e+00  2.482260291046752259e-03  2.482260291046752259e-03
4.101099667306737473e+00  2.107361436827855442e-03  2.107361436827855442e-03
4.201099667306738006e+00  1.786931195056157273e-03  1.786931195056157273e-03
4.301099667306737651e+00  1.513160851671061088e-03  1.513160851671061088e-03
4.401099667306737295e+00  1.279886614887070558e-03  1.279886614887070558e-03
4.501099667306737828e+00  1.081883510704819426e-03  1.081883510704819426e-03
4.601099667306737473e+00  9.144857878724160002e-04  9.144857878724160002e-04
4.701099667306738006e+00  7.734289187499107264e-04  7.734289187499107264e-04
4.801099667306737651e+00  6.548179315528757745e-04  6.548179315528757745e-04
4.901099667306737295e+00  5.551495286433541423e-04  5.551495286433541423e-04
5.001099667306737828e+00  4.713412034777260547e-04  4.713412034777260547e-04
5.101099667306737473e+00  4.007431875961096077e-04  4.007431875961096077e-04
5.201099667306738006e+00  3.411257090803578094e-04  3.411257090803578094e-04
5.301099667306737651e+00  2.906442913652855270e-04  2.906442913652855270e-04
5.401099667306737295e+00  2.477906345733478185e-04  2.477906345733478185e-04
5.501099667306737828e+00  2.113375576607734885e-04  2.113375576607734885e-04
5.601099667306737473e+00  1.802851273758030739e-04  1.802851273758030739e-04
5.701099667306738006e+00  1.538127683630740369e-04  1.538127683630740369e-04
5.801099667306737651e+00  1.312397471885263373e-04  1.312397471885263373e-04
5.901099667306737295e+00  1.119944689025955157e-04  1.119944689025955157e-04
6.001099667306737828e+00  9.559171947867172218e-05  9.559171947867172218e-05
6.101099667306737473e+00  8.161631776372635534e-05  8.161631776372635534e-05
6.201099667306738006e+00  6.971147502680226024e-05  6.971147502680226024e-05
6.301099667306737651e+00  5.957032576957249192e-05  5.957032576957249192e-05
6.401099667306737295e+00  5.092942669159247261e-05  5.092942669159247261e-05
6.501099667306736940e+00  4.356339485470857070e-05  4.356339485470857070e-05
6.601099667306738361e+00  3.728018970750362137e-05  3.728018970750362137e-05
6.701099667306738006e+00  3.191679676785707257e-05  3.191679676785707257e-05
6.801099667306737651e+00  2.733523494280724902e-05  2.733523494280724902e-05
6.901099667306737295e+00  2.341889594091269879e-05  2.341889594091269879e-05
7.001099667306736940e+00  2.006925350749361298e-05  2.006925350749361298e-05
7.101099667306738361e+00  1.720297428614322351e-05  1.720297428614322351e-05
7.201099667306738006e+00  1.474943974312179787e-05  1.474943974312179787e-05
7.301099667306737651e+00  1.264866321091875279e-05  1.264866321091875279e-05
7.401099667306737295e+00  1.084956560638784392e-05  1.084956560638784392e-05
7.501099667306736940e+00  9.308561045571381480e-06  9.308561045571381480e-06
7.601099667306738361e+00  7.988399491195248285e-06  7.988399491195248285e-06
7.701099667306738006e+00  6.857216000581865668e-06  6.857216000581865668e-06
7.801099667306737651e+00  5.887742690713610895e-06  5.887742690713610895e-06
7.901099667306737295e+00  5.056647903878950654e-06  5.056647903878950654e-06
8.001099667306739605e+00  4.343975461660799271e-06  4.343975461660799271e-06
8.101099667306737473e+00  3.732664213133382652e-06  3.732664213133382652e-06
8.201099667306738894e+00  3.208133797683522479e-06  3.208133797683522479e-06
8.301099667306736762e+00  2.757926596399073446e-06  2.757926596399073446e-06
8.401099667306738183e+00  2.371398466928245209e-06  2.371398466928245209e-06
8.501099667306739605e+00  2.039452403322221865e-06  2.039452403322221865e-06
8.601099667306737473e+00  1.754310106623826747e-06  1.754310106623826747e-06
8.701099667306738894e+00  1.509316909083791810e-06  1.509316909083791810e-06
8.801099667306736762e+00  1.298775792529042613e-06  1.298775792529042613e-06
8.901099667306738183e+00  1.117806517762119529e-06  1.117806517762119529e-06
9.001099667306739605e+00  9.622262009083772313e-07  9.622262009083772313e-07
9.101099667306739249e+00  8.284480464387323511e-07  8.284480464387323511e-07
9.201099667306738894e+00  7.133953576620635183e-07  7.133953576620635183e-07
9.301099667306738539e+00  6.144283647449991183e-07  6.144283647449991183e-07
9.401099667306738183e+00  5.292818094545666199e-07  5.292818094545666199e-07
9.501099667306739605e+00  4.560115838940507304e-07  4.560115838940507304e-07
9.601099667306739249e+00  3.929490261468105516e-07  3.929490261468105516e-07
9.701099667306738894e+00  3.386617263891025348e-07  3.386617263891025348e-07
9.801099667306738539e+00  2.919198966161655175e-07  2.919198966161655175e-07
9.901099667306738183e+00  2.516675133697489473e-07  2.516675133697489473e-07
1.000109966730673960e+01  2.169975648590856986e-07  2.169975648590856986e-07
1.010109966730673925e+01  1.871308303438050107e-07  1.871308303438050107e-07
1.020109966730673889e+01  1.613976978916798287e-07  1.613976978916798287e-07
1.030109966730673854e+01  1.392225921148757508e-07  1.392225921148757508e-07
1.040109966730673818e+01  1.201106399416525329e-07  1.201106399416525329e-07
