-1.636356796630946686e+00  1.725923038895042928e-07  1.725923038895042928e-07
-1.536356796630946597e+00  5.619883527198185206e-07  5.619883527198185206e-07
-1.436356796630946953e+00  1.758576716083756325e-06  1.758576716083756325e-06
-1.336356796630946420e+00  5.270915635356990374e-06  5.270915635356990374e-06
-1.236356796630946775e+00  1.509982997027662902e-05  1.509982997027662902e-05
-1.136356796630946686e+00  4.128751683028352576e-05  4.128751683028352576e-05
-1.036356796630946597e+00  1.076555045314582905e-04  1.076555045314582905e-04
-9.363567966309465085e-01  2.675279415622849963e-04  2.675279415622849963e-04
-8.363567966309466417e-01  6.333570469302958863e-04  6.333570469302958863e-04
-7.363567966309467749e-01  1.428110409025419233e-03  1.428110409025419233e-03
-6.363567966309466861e-01  3.066426995957260808e-03  3.066426995957260808e-03
-5.363567966309465973e-01  6.269163726292076300e-03  6.269163726292076300e-03
-4.363567966309465085e-01  1.220275473438786791e-02  1.220275473438786791e-02
-3.363567966309466417e-01  2.261279556807628197e-02  2.261279556807628197e-02
-2.363567966309465529e-01  3.989183761549787433e-02  3.989183761549787433e-02
-1.363567966309466861e-01  6.699449410697830287e-02  6.699449410697830287e-02
-3.635679663094659730e-02  1.071067555950454414e-01  1.071067555950454414e-01
6.364320336905349151e-02  1.630121215884714203e-01  1.630121215884714203e-01
1.636432033690533583e-01  2.361871943746592373e-01  2.361871943746592373e-01
2.636432033690534471e-01  3.257923622119189844e-01  3.257923622119189844e-01
3.636432033690533139e-01  4.278551243536635185e-01  4.278551243536635185e-01
4.636432033690534027e-01  5.350060761382053887e-01  5.350060761382053887e-01
5.636432033690534915e-01  6.370570972932082521e-01  6.370570972932082521e-01
6.636432033690535803e-01  7.224898014440745975e-01  7.224898014440745975e-01
7.636432033690536691e-01  7.806055510676753739e-01  7.806055510676753739e-01
8.636432033690533139e-01  8.037981088476476854e-01  8.037981088476476854e-01
9.636432033690534027e-01  7.892836290448010939e-01  7.892836290448010939e-01
1.063643203369053492e+00  7.397413996427441019e-01  7.397413996427441019e-01
1.163643203369053580e+00  6.626557944861477534e-01  6.626557944861477534e-01
1.263643203369053669e+00  5.685737663263549235e-01  5.685737663263549235e-01
1.363643203369053314e+00  4.688282258718262652e-01  4.688282258718262652e-01
1.463643203369053403e+00  3.733945048700976765e-01  3.733945048700976765e-01
1.563643203369053492e+00  2.894184472878384984e-01  2.894184472878384984e-01
1.663643203369053580e+00  2.206622043288259949e-01  2.206622043288259949e-01
1.763643203369053669e+00  1.677953517020903673e-01  1.677953517020903673e-01
1.863643203369053314e+00  1.292366606268248730e-01  1.292366606268248730e-01
1.963643203369053403e+00  1.021816531969271941e-01  1.021816531969271941e-01
2.063643203369053492e+00  8.351482211658430022e-02  8.351482211658430022e-02
2.163643203369053580e+00  7.043931850353889190e-02  7.043931850353889190e-02
2.263643203369053669e+00  6.079215380007318287e-02  6.079215380007318287e-02
2.363643203369053314e+00  5.310502762147403105e-02  5.310502762147403105e-02
2.463643203369053847e+00  4.650797348207483944e-02  4.650797348207483944e-02
2.563643203369053492e+00  4.056728319540583300e-02  4.056728319540583300e-02
2.663643203369053136e+00  3.512184053268620210e-02  3.512184053268620210e-02
2.763643203369053669e+00  3.015139359179496575e-02  3.015139359179496575e-02
2.863643203369053314e+00  2.568671591466499884e-02  2.568671591466499884e-02
2.963643203369053847e+00  2.175781848694636339e-02  2.175781848694636339e-02
3.063643203369053492e+00  1.837070674455532071e-02  1.837070674455532071e-02
3.163643203369054024e+00  1.550254822721999250e-02  1.550254822721999250e-02
3.263643203369053669e+00  1.310684518673123702e-02  1.310684518673123702e-02
3.363643203369053314e+00  1.112259640522324233e-02  1.112259640522324233e-02
3.463643203369053847e+00  9.483656223908638189e-03  9.483656223908638189e-03
3.563643203369053492e+00  8.126263202339055122e-03  8.126263202339055122e-03
3.663643203369054024e+00  6.993975347966004466e-03  6.993975347966004466e-03
3.763643203369053669e+00  6.040066095205982172e-03  6.040066095205982172e-03
3.863643203369053314e+00  5.227885388924512211e-03  5.227885388924512211e-03
3.963643203369053847e+00  4.529861019079445099e-03  4.529861019079445099e-03
4.063643203369053936e+00  3.925794731486410317e-03  3.925794731486410317e-03
4.163643203369053580e+00  3.400977026269192890e-03  3.400977026269192890e-03
4.263643203369053225e+00  2.944471478587353929e-03  2.944471478587353929e-03
4.363643203369052870e+00  2.547752346387124195e-03  2.547752346387124195e-03
4.463643203369054291e+00  2.203746386989462094e-03  2.203746386989462094e-03
4.563643203369053936e+00  1.906241767739169906e-03  1.906241767739169906e-03
4.663643203369053580e+00  1.649581610965726586e-03  1.649581610965726586e-03
4.763643203369053225e+00  1.428547770358734766e-03  1.428547770358734766e-03
4.863643203369052870e+00  1.238350169526716057e-03  1.238350169526716057e-03
4.963643203369054291e+00  1.074657562381983343e-03  1.074657562381983343e-03
5.063643203369053936e+00  9.336285958127822898e-04  9.336285958127822898e-04
5.163643203369053580e+00  8.119223291305466793e-04  8.119223291305466793e-04
5.263643203369053225e+00  7.066823957235983476e-04  7.066823957235983476e-04
5.363643203369052870e+00  6.154983150313981253e-04  6.154983150313981253e-04
5.463643203369054291e+00  5.363518552306957392e-04  5.363518552306957392e-04
5.563643203369053936e+00  4.675571516429856671e-04  4.675571516429856671e-04
5.663643203369053580e+00  4.077019223491532766e-04  4.077019223491532766e-04
5.763643203369053225e+00  3.555947961522290882e-04  3.555947961522290882e-04
5.863643203369052870e+00  3.102213431089954356e-04  3.102213431089954356e-04
5.963643203369054291e+00  2.707093864070964778e-04  2.707093864070964778e-04
6.063643203369053936e+00  2.363027930835704706e-04  2.363027930835704706e-04
6.163643203369053580e+00  2.063421970185512239e-04  2.063421970185512239e-04
6.263643203369053225e+00  1.802508854481785271e-04  1.802508854481785271e-04
6.363643203369052870e+00  1.575242148185340598e-04  1.575242148185340598e-04
6.463643203369052515e+00  1.377212495169065310e-04  1.377212495169065310e-04
6.563643203369053936e+00  1.204577052929074532e-04  1.204577052929074532e-04
6.663643203369053580e+00  1.053996381052569594e-04  1.053996381052569594e-04
6.763643203369053225e+00  9.225760042593676095e-05  9.225760042593676095e-05
6.863643203369052870e+00  8.078117583320622872e-05  8.078117583320622872e-05
6.963643203369052515e+00  7.075390660049982368e-05  7.075390660049982368e-05
7.063643203369053936e+00  6.198866738896752573e-05  6.198866738896752573e-05
7.163643203369053580e+00  5.432353401259475877e-05  5.432353401259475877e-05
7.263643203369053225e+00  4.761817040982080010e-05  4.761817040982080010e-05
7.363643203369052870e+00  4.175072527476411340e-05  4.175072527476411340e-05
7.463643203369052515e+00  3.661520233599146839e-05  3.661520233599146839e-05
7.563643203369053936e+00  3.211924988119558487e-05  3.211924988119558487e-05
7.663643203369053580e+00  2.818230676384752466e-05  2.818230676384752466e-05
7.763643203369053225e+00  2.473404230793741740e-05  2.473404230793741740e-05
7.863643203369052870e+00  2.171303363514134739e-05  2.171303363514134739e-05
7.963643203369054291e+00  1.906563320350604490e-05  1.906563320350604490e-05
8.063643203369053936e+00  1.674498943571801679e-05  1.674498943571801679e-05
8.163643203369053580e+00  1.471019260243247496e-05  1.471019260243247496e-05
8.263643203369053225e+00  1.292552571737419223e-05  1.292552571737419223e-05
8.363643203369052870e+00  1.135980581016157044e-05  1.135980581016157044e-05
8.463643203369054291e+00  9.985804706828204345e-06  9.985804706828204345e-06
8.563643203369053936e+00  8.779740736854661694e-06  8.779740736854661694e-06
8.663643203369053580e+00  7.720834046342074140e-06  7.720834046342074140e-06
8.763643203369053225e+00  6.790918846440412697e-06  6.790918846440412697e-06
8.863643203369052870e+00  5.974106291513369897e-06  5.974106291513369897e-06
8.963643203369054291e+00  5.256491981343480344e-06  5.256491981343480344e-06
9.063643203369053936e+00  4.625902433812690713e-06  4.625902433812690713e-06
9.163643203369053580e+00  4.071675318782699053e-06  4.071675318782699053e-06
9.263643203369053225e+00  3.584468769504855615e-06  3.584468769504855615e-06
9.363643203369052870e+00  3.156095658391189749e-06  3.156095658391189749e-06
9.463643203369054291e+00  2.779379296626861434e-06  2.779379296626861434e-06
9.563643203369053936e+00  2.448027555088412250e-06  2.448027555088412250e-06
9.663643203369053580e+00  2.156522882408156605e-06  2.156522882408156605e-06
9.763643203369053225e+00  1.900026102822073900e-06  1.900026102822073900e-06
9.863643203369052870e+00  1.674292210732075451e-06  1.674292210732075451e-06
9.963643203369054291e+00  1.475596647485597760e-06  1.475596647485597760e-06
1.006364320336905394e+01  1.300670759666667035e-06  1.300670759666667035e-06
1.016364320336905358e+01  1.146645309312490880e-06  1.146645309312490880e-06
1.026364320336905323e+01  1.011001046101267364e-06  1.011001046101267364e-06
1.036364320336905287e+01  8.915254687955902155e-07  8.915254687955902155e-07
