-1.634652835346912525e+00  0.000000000000000000e+00  0.000000000000000000e+00
-1.534652835346911992e+00  0.000000000000000000e+00  0.000000000000000000e+00
-1.434652835346912347e+00  0.000000000000000000e+00  0.000000000000000000e+00
-1.334652835346912259e+00  0.000000000000000000e+00  0.000000000000000000e+00
-1.234652835346912170e+00  0.000000000000000000e+00  0.000000000000000000e+00
-1.134652835346912525e+00  0.000000000000000000e+00  0.000000000000000000e+00
-1.034652835346911992e+00  1.946295549347875645e-313  1.946295549347875645e-313
-9.346528353469123473e-01  2.673009180486658695e-281  2.673009180486658695e-281
-8.346528353469122585e-01  6.723790660318091581e-251  6.723790660318091581e-251
-7.346528353469121697e-01  3.097775846225203905e-222  3.097775846225203905e-222
-6.346528353469123029e-01  2.614013747026362259e-195  2.614013747026362259e-195
-5.346528353469122141e-01  4.040060024197023175e-170  4.040060024197023175e-170
-4.346528353469121253e-01  1.143641325892441443e-146  1.143641325892441443e-146
-3.346528353469122585e-01  5.929443505074516590e-125  5.929443505074516590e-125
-2.346528353469121697e-01  5.630670362190477517e-105  5.630670362190477517e-105
-1.346528353469123029e-01  9.793283864919503802e-87  9.793283864919503802e-87
-3.465283534691221412e-02  3.119741824789278644e-70  3.119741824789278644e-70
6.534716465308787470e-02  1.820250001327385607e-55  1.820250001327385607e-55
1.653471646530877415e-01  1.945205537120387366e-42  1.945205537120387366e-42
2.653471646530878303e-01  3.807343200393987533e-31  3.807343200393987533e-31
3.653471646530876971e-01  1.364899354872349293e-21  1.364899354872349293e-21
4.653471646530877859e-01  8.961924951648204349e-14  8.961924951648204349e-14
5.653471646530878747e-01  1.077764934121538046e-07  1.077764934121538046e-07
6.653471646530879635e-01  2.373935245627010679e-03  2.373935245627010679e-03
7.653471646530880523e-01  9.577138319731774985e-01  9.577138319731774985e-01
8.653471646530876971e-01  7.076601231171547823e+00  7.076601231171547823e+00
9.653471646530877859e-01  9.577138319731602900e-01  9.577138319731602900e-01
1.065347164653087875e+00  2.373935245626928713e-03  2.373935245626928713e-03
1.165347164653087964e+00  1.077764934121483518e-07  1.077764934121483518e-07
1.265347164653088052e+00  8.974278004101153664e-14  8.974278004101153664e-14
1.365347164653087697e+00  7.396284133577140404e-12  7.396284133577140404e-12
1.465347164653087786e+00  5.993271107551008409e-08  5.993271107551008409e-08
1.565347164653087875e+00  6.572419823991686920e-05  6.572419823991686920e-05
1.665347164653087964e+00  9.754335890270046314e-03  9.754335890270046314e-03
1.765347164653088052e+00  1.959210736851927925e-01  1.959210736851927925e-01
1.865347164653087697e+00  5.325686944106411413e-01  5.325686944106411413e-01
1.965347164653087786e+00  1.959210736851910717e-01  1.959210736851910717e-01
2.065347164653087653e+00  9.754335890269878045e-03  9.754335890269878045e-03
2.165347164653088186e+00  6.572419824036648784e-05  6.572419824036648784e-05
2.265347164653087830e+00  5.993533178937146721e-08  5.993533178937146721e-08
2.365347164653087475e+00  4.018332971859584647e-09  4.018332971859584647e-09
2.465347164653088008e+00  1.618127348829172106e-06  1.618127348829172106e-06
2.565347164653087653e+00  1.720759913962944805e-04  1.720759913962944805e-04
2.665347164653087297e+00  4.823569644174571097e-03  4.823569644174571097e-03
2.765347164653087830e+00  3.564162669790517379e-02  3.564162669790517379e-02
2.865347164653087475e+00  6.942040959807273259e-02  6.942040959807273259e-02
2.965347164653088008e+00  3.564162669790475052e-02  3.564162669790475052e-02
3.065347164653087653e+00  4.823569644174715079e-03  4.823569644174715079e-03
3.165347164653088186e+00  1.720759916567515552e-04  1.720759916567515552e-04
3.265347164653087830e+00  1.618300593626307979e-06  1.618300593626307979e-06
3.365347164653087475e+00  4.640257109886352259e-08  4.640257109886352259e-08
3.465347164653088008e+00  3.815975941544903331e-06  3.815975941544903331e-06
3.565347164653087653e+00  1.263676811820812324e-04  1.263676811820812324e-04
3.665347164653088186e+00  1.539473512823320454e-03  1.539473512823320454e-03
3.765347164653087830e+00  6.899441616495146680e-03  6.899441616495146680e-03
3.865347164653087475e+00  1.137525614906918260e-02  1.137525614906918260e-02
3.965347164653088008e+00  6.899441616495102444e-03  6.899441616495102444e-03
4.065347164653087653e+00  1.539473512839412833e-03  1.539473512839412833e-03
4.165347164653088186e+00  1.263676876848739215e-04  1.263676876848739215e-04
4.265347164653087830e+00  3.817152179078447025e-06  3.817152179078447025e-06
4.365347164653087475e+00  1.384106627061238276e-07  1.384106627061238276e-07
4.465347164653088008e+00  3.514300153514904965e-06  3.514300153514904965e-06
4.565347164653087653e+00  5.778857598110074200e-05  5.778857598110074200e-05
4.665347164653088186e+00  4.270030278772395430e-04  4.270030278772395430e-04
4.765347164653087830e+00  1.417699978914478036e-03  1.417699978914478036e-03
4.865347164653087475e+00  2.114959842390121657e-03  2.114959842390121657e-03
4.965347164653088008e+00  1.417699978915268636e-03  1.417699978915268636e-03
5.065347164653087653e+00  4.270030281085906683e-04  4.270030281085906683e-04
5.165347164653088186e+00  5.778861007847665895e-05  5.778861007847665895e-05
5.265347164653087830e+00  3.516744902385026209e-06  3.516744902385026209e-06
5.365347164653087475e+00  1.984383068964904249e-07  1.984383068964904249e-07
5.465347164653088008e+00  2.058325060244295428e-06  2.058325060244295428e-06
5.565347164653087653e+00  2.121382991325829556e-05  2.121382991325829556e-05
5.665347164653088186e+00  1.123163769928511076e-04  1.123163769928511076e-04
5.765347164653087830e+00  3.053075665742199904e-04  3.053075665742199904e-04
5.865347164653087475e+00  4.260910333837891924e-04  4.260910333837891924e-04
5.965347164653088008e+00  3.053075665822727394e-04  3.053075665822727394e-04
6.065347164653087653e+00  1.123163780153196216e-04  1.123163780153196216e-04
6.165347164653088186e+00  2.121389886815289538e-05  2.121389886815289538e-05
6.265347164653087830e+00  2.060242194496323768e-06  2.060242194496323768e-06
6.365347164653087475e+00  1.741533390532204002e-07  1.741533390532204002e-07
6.465347164653087120e+00  9.412225404226976136e-07  9.412225404226976136e-07
6.565347164653088541e+00  6.935436007613815533e-06  6.935436007613815533e-06
6.665347164653088186e+00  2.893958569187290531e-05  2.893958569187290531e-05
6.765347164653087830e+00  6.819377289455953999e-05  6.819377289455953999e-05
6.865347164653087475e+00  9.074628537995802911e-05  9.074628537995802911e-05
6.965347164653087120e+00  6.819377292607096811e-05  6.819377292607096811e-05
7.065347164653088541e+00  2.893958772573901604e-05  2.893958772573901604e-05
7.165347164653088186e+00  6.935497975672027350e-06  6.935497975672027350e-06
7.265347164653087830e+00  9.410888243038031770e-07  9.410888243038031770e-07
7.365347164653087475e+00  1.105947015739294007e-07  1.105947015739294007e-07
7.465347164653087120e+00  3.717954898986889624e-07  3.717954898986889624e-07
7.565347164653088541e+00  2.121794572517168630e-06  2.121794572517168630e-06
7.665347164653088186e+00  7.405528407159759624e-06  7.405528407159759624e-06
7.765347164653087830e+00  1.567750157037033277e-05  1.567750157037033277e-05
7.865347164653087475e+00  2.013031047720403752e-05  2.013031047720403752e-05
7.965347164653088896e+00  1.567750163245083098e-05  1.567750163245083098e-05
8.065347164653088541e+00  7.405530436003215708e-06  7.405530436003215708e-06
8.165347164653088186e+00  2.121805099517857020e-06  2.121805099517857020e-06
8.265347164653087830e+00  3.702449365926420306e-07  3.702449365926420306e-07
8.365347164653087475e+00  5.667050727661182732e-08  5.667050727661182732e-08
8.465347164653088896e+00  1.340823778013759261e-07  1.340823778013759261e-07
8.565347164653088541e+00  6.235709951765012059e-07  6.235709951765012059e-07
8.665347164653088186e+00  1.893951080710491860e-06  1.893951080710491860e-06
8.765347164653087830e+00  3.688908612004200288e-06  3.688908612004200288e-06
8.865347164653087475e+00  4.606889310062115751e-06  4.606889310062115751e-06
8.965347164653088896e+00  3.688908679218355977e-06  3.688908679218355977e-06
9.065347164653088541e+00  1.893951798563597353e-06  1.893951798563597353e-06
9.165347164653088186e+00  6.235345888827628540e-07  6.235345888827628540e-07
9.265347164653087830e+00  1.324048419948227586e-07  1.324048419948227586e-07
9.365347164653087475e+00  2.509072238123422361e-08  2.509072238123422361e-08
9.465347164653088896e+00  4.559205260499209037e-08  4.559205260499209037e-08
9.565347164653088541e+00  1.787038103888252423e-07  1.787038103888252423e-07
9.665347164653088186e+00  4.855366560385750830e-07  4.855366560385750830e-07
9.765347164653087830e+00  8.846999502514570877e-07  8.846999502514570877e-07
9.865347164653087475e+00  1.080574877908319490e-06  1.080574877908319490e-06
9.965347164653088896e+00  8.846999839189405574e-07  8.846999839189405574e-07
1.006534716465308854e+01  4.855358739401999574e-07  4.855358739401999574e-07
1.016534716465308819e+01  1.786527706102366195e-07  1.786527706102366195e-07
1.026534716465308783e+01  4.441806635663699109e-08  4.441806635663699109e-08
1.036534716465308748e+01  1.002554287713836713e-08  1.002554287713836713e-08
