-1.636360870949619795e+00  3.728950010359540966e-19  3.728950010359540966e-19
-1.536360870949620150e+00  9.721901805315688734e-18  9.721901805315688734e-18
-1.436360870949620061e+00  2.351050006054275239e-16  2.351050006054275239e-16
-1.336360870949619972e+00  5.073281759403333963e-15  5.073281759403333963e-15
-1.236360870949620328e+00  9.627987069351713693e-14  9.627987069351713693e-14
-1.136360870949619795e+00  1.598412049144025610e-12  1.598412049144025610e-12
-1.036360870949620150e+00  2.316729612677064617e-11  2.316729612677064617e-11
-9.363608709496200611e-01  2.929210929122081025e-10  2.929210929122081025e-10
-8.363608709496199722e-01  3.229771430746780792e-09  3.229771430746780792e-09
-7.363608709496198834e-01  3.105106966677166705e-08  3.105106966677166705e-08
-6.363608709496200166e-01  2.602774465916089429e-07  2.602774465916089429e-07
-5.363608709496199278e-01  1.902120800871758930e-06  1.902120800871758930e-06
-4.363608709496198390e-01  1.211921397057575329e-05  1.211921397057575329e-05
-3.363608709496199722e-01  6.731969277357702697e-05  6.731969277357702697e-05
-2.363608709496198834e-01  3.260162968653627946e-04  3.260162968653627946e-04
-1.363608709496200166e-01  1.376464908151161246e-03  1.376464908151161246e-03
-3.636087094961992783e-02  5.066632098444133654e-03  5.066632098444133654e-03
6.363912905038016099e-02  1.625931502078159160e-02  1.625931502078159160e-02
1.636391290503800278e-01  4.548986348281505721e-02  4.548986348281505721e-02
2.636391290503801166e-01  1.109579272345582596e-01  1.109579272345582596e-01
3.636391290503799834e-01  2.359591581130722204e-01  2.359591581130722204e-01
4.636391290503800722e-01  4.374787133577077158e-01  4.374787133577077158e-01
5.636391290503801610e-01  7.071836467040589769e-01  7.071836467040589769e-01
6.636391290503802498e-01  9.967612053253416260e-01  9.967612053253416260e-01
7.636391290503803386e-01  1.225168693182423274e+00  1.225168693182423274e+00
8.636391290503799834e-01  1.313679266525471290e+00  1.313679266525471290e+00
9.636391290503800722e-01  1.229748097464307133e+00  1.229748097464307133e+00
1.063639129050380161e+00  1.007046916181543406e+00  1.007046916181543406e+00
1.163639129050380250e+00  7.252748997704142608e-01  7.252748997704142608e-01
1.263639129050380339e+00  4.660924536910514560e-01  4.660924536910514560e-01
1.363639129050379983e+00  2.778353249949913062e-01  2.778353249949913062e-01
1.463639129050380072e+00  1.680636034384312139e-01  1.680636034384312139e-01
1.563639129050380161e+00  1.181886908520017182e-01  1.181886908520017182e-01
1.663639129050380250e+00  1.027183085009388125e-01  1.027183085009388125e-01
1.763639129050380339e+00  1.011748283503885321e-01  1.011748283503885321e-01
1.863639129050379983e+00  1.013091550928386236e-01  1.013091550928386236e-01
1.963639129050380072e+00  9.764696132978444021e-02  9.764696132978444021e-02
2.063639129050380383e+00  8.903356114701307944e-02  8.903356114701307944e-02
2.163639129050380028e+00  7.665408487784992897e-02  7.665408487784992897e-02
2.263639129050380561e+00  6.264808363799626023e-02  6.264808363799626023e-02
2.363639129050380205e+00  4.914873756557545242e-02  4.914873756557545242e-02
2.463639129050380738e+00  3.768614476363701254e-02  3.768614476363701254e-02
2.563639129050380383e+00  2.895513532017563244e-02  2.895513532017563244e-02
2.663639129050380028e+00  2.289593589151737302e-02  2.289593589151737302e-02
2.763639129050380561e+00  1.896261974001628089e-02  1.896261974001628089e-02
2.863639129050380205e+00  1.643266091249077909e-02  1.643266091249077909e-02
2.963639129050380738e+00  1.464859098905906334e-02  1.464859098905906334e-02
3.063639129050380383e+00  1.314662134754040340e-02  1.314662134754040340e-02
3.163639129050380916e+00  1.168142716205578316e-02  1.168142716205578316e-02
3.263639129050380561e+00  1.018403146532887923e-02  1.018403146532887923e-02
3.363639129050380205e+00  8.692896481515598531e-03  8.692896481515598531e-03
3.463639129050380738e+00  7.287825775243402839e-03  7.287825775243402839e-03
3.563639129050380383e+00  6.042387062466061595e-03  6.042387062466061595e-03
3.663639129050380916e+00  4.999039286245793821e-03  4.999039286245793821e-03
3.763639129050380561e+00  4.163769856802427075e-03  4.163769856802427075e-03
3.863639129050380205e+00  3.513558152235559187e-03  3.513558152235559187e-03
3.963639129050380738e+00  3.009460561155801774e-03  3.009460561155801774e-03
4.063639129050380383e+00  2.609520041077451058e-03  2.609520041077451058e-03
4.163639129050380916e+00  2.278018682748295110e-03  2.278018682748295110e-03
4.263639129050380561e+00  1.989928063696747278e-03  1.989928063696747278e-03
4.363639129050380205e+00  1.731160134158456296e-03  1.731160134158456296e-03
4.463639129050380738e+00  1.496131497744191503e-03  1.496131497744191503e-03
4.563639129050380383e+00  1.284296664963839509e-03  1.284296664963839509e-03
4.663639129050380916e+00  1.096940790345608428e-03  1.096940790345608428e-03
4.763639129050380561e+00  9.349508922144303055e-04  9.349508922144303055e-04
4.863639129050380205e+00  7.977450013176097445e-04  7.977450013176097445e-04
4.963639129050380738e+00  6.831640096943512180e-04  6.831640096943512180e-04
5.063639129050380383e+00  5.879554620869108673e-04  5.879554620869108673e-04
5.163639129050380916e+00  5.084696055363410131e-04  5.084696055363410131e-04
5.263639129050380561e+00  4.412824764960290836e-04  4.412824764960290836e-04
5.363639129050380205e+00  3.835935297318309898e-04  3.835935297318309898e-04
5.463639129050380738e+00  3.333666536403498870e-04  3.333666536403498870e-04
5.563639129050380383e+00  2.892658581974075368e-04  2.892658581974075368e-04
5.663639129050380916e+00  2.504736690820789382e-04  2.504736690820789382e-04
5.763639129050380561e+00  2.164791350160545419e-04  2.164791350160545419e-04
5.863639129050380205e+00  1.868982122519794050e-04  1.868982122519794050e-04
5.963639129050380738e+00  1.613574317633519257e-04  1.613574317633519257e-04
6.063639129050380383e+00  1.394436858847172671e-04  1.394436858847172671e-04
6.163639129050380916e+00  1.207047746893609750e-04  1.207047746893609750e-04
6.263639129050380561e+00  1.046781361605749513e-04  1.046781361605749513e-04
6.363639129050380205e+00  9.092669261599537606e-05  9.092669261599537606e-05
6.463639129050379850e+00  7.906725342348423129e-05  7.906725342348423129e-05
6.563639129050381271e+00  6.878478337239985060e-05  6.878478337239985060e-05
6.663639129050380916e+00  5.983246334476416704e-05  5.983246334476416704e-05
6.763639129050380561e+00  5.202154986559165997e-05  5.202154986559165997e-05
6.863639129050380205e+00  4.520646183877219566e-05  4.520646183877219566e-05
6.963639129050379850e+00  3.926991964131746401e-05  3.926991964131746401e-05
7.063639129050381271e+00  3.411126685208064037e-05  3.411126685208064037e-05
7.163639129050380916e+00  2.963918915247189598e-05  2.963918915247189598e-05
7.263639129050380561e+00  2.576850847465339856e-05  2.576850847465339856e-05
7.363639129050380205e+00  2.241984478092267158e-05  2.241984478092267158e-05
7.463639129050379850e+00  1.952069735535256050e-05  1.952069735535256050e-05
7.563639129050381271e+00  1.700672554917256727e-05  1.700672554917256727e-05
7.663639129050380916e+00  1.482246961733360834e-05  1.482246961733360834e-05
7.763639129050380561e+00  1.292123588368182329e-05  1.292123588368182329e-05
7.863639129050380205e+00  1.126423975190555654e-05  1.126423975190555654e-05
7.963639129050381626e+00  9.819299829159332260e-06  9.819299829159332260e-06
8.063639129050381271e+00  8.559417459870159983e-06  8.559417459870159983e-06
8.163639129050380916e+00  7.461507467379300221e-06  7.461507467379300221e-06
8.263639129050380561e+00  6.505427898528993872e-06  6.505427898528993872e-06
8.363639129050380205e+00  5.673339807019301809e-06  5.673339807019301809e-06
8.463639129050381626e+00  4.949343951312782234e-06  4.949343951312782234e-06
8.563639129050381271e+00  4.319300546283914810e-06  4.319300546283914810e-06
8.663639129050380916e+00  3.770735965361636563e-06  3.770735965361636563e-06
8.763639129050380561e+00  3.292763068812221922e-06  3.292763068812221922e-06
8.863639129050380205e+00  2.875974424505549548e-06  2.875974424505549548e-06
8.963639129050381626e+00  2.512297876792603022e-06  2.512297876792603022e-06
9.063639129050381271e+00  2.194824656027979415e-06  2.194824656027979415e-06
9.163639129050380916e+00  1.917629592249137644e-06  1.917629592249137644e-06
9.263639129050380561e+00  1.675602832005621968e-06  1.675602832005621968e-06
9.363639129050380205e+00  1.464306451994573915e-06  1.464306451994573915e-06
9.463639129050381626e+00  1.279861394246392304e-06  1.279861394246392304e-06
9.563639129050381271e+00  1.118863168329759037e-06  1.118863168329759037e-06
9.663639129050380916e+00  9.783203571878283512e-07  9.783203571878283512e-07
9.763639129050380561e+00  8.556084189504581601e-07  8.556084189504581601e-07
9.863639129050380205e+00  7.484320039900574769e-07  7.484320039900574769e-07
9.963639129050381626e+00  6.547910128708981739e-07  6.547910128708981739e-07
1.006363912905038127e+01  5.729479315136103564e-07  5.729479315136103564e-07
1.016363912905038092e+01  5.013958930564055197e-07  5.013958930564055197e-07
1.026363912905038056e+01  4.388280914364605959e-07  4.388280914364605959e-07
1.036363912905038021e+01  3.841095896761445872e-07  3.841095896761445872e-07
