-1.636358133468518883e+00  8.096409130899273761e-09  8.096409130899273761e-09
-1.536358133468518794e+00  3.354730342530834192e-08  3.354730342530834192e-08
-1.436358133468519149e+00  1.327300867224653627e-07  1.327300867224653627e-07
-1.336358133468518616e+00  4.988810220842296769e-07  4.988810220842296769e-07
-1.236358133468518972e+00  1.775769844819945987e-06  1.775769844819945987e-06
-1.136358133468518883e+00  5.974738584932717042e-06  5.974738584932717042e-06
-1.036358133468518794e+00  1.897991665623615493e-05  1.897991665623615493e-05
-9.363581334685187052e-01  5.688595877032701466e-05  5.688595877032701466e-05
-8.363581334685188384e-01  1.607899617628331056e-04  1.607899617628331056e-04
-7.363581334685189717e-01  4.284833300162677961e-04  4.284833300162677961e-04
-6.363581334685188828e-01  1.076345613992541958e-03  1.076345613992541958e-03
-5.363581334685187940e-01  2.548364390568200622e-03  2.548364390568200622e-03
-4.363581334685187052e-01  5.686304987069674792e-03  5.686304987069674792e-03
-3.363581334685188384e-01  1.195738597452500156e-02  1.195738597452500156e-02
-2.363581334685187496e-01  2.369554006664211995e-02  2.369554006664211995e-02
-1.363581334685188828e-01  4.425007908370049564e-02  4.425007908370049564e-02
-3.635813346851879402e-02  7.787109589109711405e-02  7.787109589109711405e-02
6.364186653148129480e-02  1.291384585831180931e-01  1.291384585831180931e-01
1.636418665314811616e-01  2.018176638911652332e-01  2.018176638911652332e-01
2.636418665314812504e-01  2.972351923561889486e-01  2.972351923561889486e-01
3.636418665314811172e-01  4.125723519104616543e-01  4.125723519104616543e-01
4.636418665314812060e-01  5.397491672943363072e-01  5.397491672943363072e-01
5.636418665314812948e-01  6.656204516366664992e-01  6.656204516366664992e-01
6.636418665314813836e-01  7.738957877165866250e-01  7.738957877165866250e-01
7.636418665314814724e-01  8.485576961839452759e-01  8.485576961839452759e-01
8.636418665314811172e-01  8.778405917779104062e-01  8.778405917779104062e-01
9.636418665314812060e-01  8.574189991619798334e-01  8.574189991619798334e-01
1.063641866531481295e+00  7.916133036016244073e-01  7.916133036016244073e-01
1.163641866531481384e+00  6.921419213048433106e-01  6.921419213048433106e-01
1.263641866531481472e+00  5.749010050194489629e-01  5.749010050194489629e-01
1.363641866531481117e+00  4.559713674490211144e-01  4.559713674490211144e-01
1.463641866531481206e+00  3.482083823750079521e-01  3.482083823750079521e-01
1.563641866531481295e+00  2.593517752383862063e-01  2.593517752383862063e-01
1.663641866531481384e+00  1.918757725281863558e-01  1.918757725281863558e-01
1.763641866531481472e+00  1.441588573391621442e-01  1.441588573391621442e-01
1.863641866531481117e+00  1.122400995360320203e-01  1.122400995360320203e-01
1.963641866531481206e+00  9.148015705787780616e-02  9.148015705787780616e-02
2.063641866531481295e+00  7.772052254784707348e-02  7.772052254784707348e-02
2.163641866531481384e+00  6.784552020525660976e-02  6.784552020525660976e-02
2.263641866531481472e+00  5.986606244190392778e-02  5.986606244190392778e-02
2.363641866531481117e+00  5.272498009302774985e-02  5.272498009302774985e-02
2.463641866531481650e+00  4.600387164969805404e-02  4.600387164969805404e-02
2.563641866531481295e+00  3.964724397954853818e-02  3.964724397954853818e-02
2.663641866531480940e+00  3.375561190313240006e-02  3.375561190313240006e-02
2.763641866531481472e+00  2.845564522694014539e-02  2.845564522694014539e-02
2.863641866531481117e+00  2.383401869073983534e-02  2.383401869073983534e-02
2.963641866531481650e+00  1.991546085341099406e-02  1.991546085341099406e-02
3.063641866531481295e+00  1.666703958762368390e-02  1.666703958762368390e-02
3.163641866531481828e+00  1.401491834992226598e-02  1.401491834992226598e-02
3.263641866531481472e+00  1.186423386917725802e-02  1.186423386917725802e-02
3.363641866531481117e+00  1.011652658109191659e-02  1.011652658109191659e-02
3.463641866531481650e+00  8.682102569631214295e-03  8.682102569631214295e-03
3.563641866531481295e+00  7.486812853634894349e-03  7.486812853634894349e-03
3.663641866531481828e+00  6.474051590715864876e-03  6.474051590715864876e-03
3.763641866531481472e+00  5.603400898917997898e-03  5.603400898917997898e-03
3.863641866531481117e+00  4.847444598093508979e-03  4.847444598093508979e-03
3.963641866531481650e+00  4.188026895791381252e-03  4.188026895791381252e-03
4.063641866531481739e+00  3.612829232879874800e-03  3.612829232879874800e-03
4.163641866531481384e+00  3.112724091748548302e-03  3.112724091748548302e-03
4.263641866531481028e+00  2.680028382231281880e-03  2.680028382231281880e-03
4.363641866531480673e+00  2.307557850778720922e-03  2.307557850778720922e-03
4.463641866531482094e+00  1.988275025692533022e-03  1.988275025692533022e-03
4.563641866531481739e+00  1.715301290013375749e-03  1.715301290013375749e-03
4.663641866531481384e+00  1.482096140994474797e-03  1.482096140994474797e-03
4.763641866531481028e+00  1.282663728538138096e-03  1.282663728538138096e-03
4.863641866531480673e+00  1.111706419522178781e-03  1.111706419522178781e-03
4.963641866531482094e+00  9.646944455915491086e-04  9.646944455915491086e-04
5.063641866531481739e+00  8.378543791443821952e-04  8.378543791443821952e-04
5.163641866531481384e+00  7.280973475893982687e-04  7.280973475893982687e-04
5.263641866531481028e+00  6.329136575137258962e-04  6.329136575137258962e-04
5.363641866531480673e+00  5.502580746645864464e-04  5.502580746645864464e-04
5.463641866531482094e+00  4.784434131707852910e-04  4.784434131707852910e-04
5.563641866531481739e+00  4.160524547516204004e-04  4.160524547516204004e-04
5.663641866531481384e+00  3.618715494718853553e-04  3.618715494718853553e-04
5.763641866531481028e+00  3.148445077528577133e-04  3.148445077528577133e-04
5.863641866531480673e+00  2.740427509413919716e-04  2.740427509413919716e-04
5.963641866531482094e+00  2.386468227933491242e-04  2.386468227933491242e-04
6.063641866531481739e+00  2.079347307895380739e-04  2.079347307895380739e-04
6.163641866531481384e+00  1.812736162964067004e-04  1.812736162964067004e-04
6.263641866531481028e+00  1.581124788131378406e-04  1.581124788131378406e-04
6.363641866531480673e+00  1.379747869627995227e-04  1.379747869627995227e-04
6.463641866531480318e+00  1.204506350205707143e-04  1.204506350205707143e-04
6.563641866531481739e+00  1.051886082169841520e-04  1.051886082169841520e-04
6.663641866531481384e+00  9.188774221847607481e-05  9.188774221847607481e-05
6.763641866531481028e+00  8.028998056804507251e-05  8.028998056804507251e-05
6.863641866531480673e+00  7.017343433966465136e-05  7.017343433966465136e-05
6.963641866531480318e+00  6.134660398902533026e-05  6.134660398902533026e-05
7.063641866531481739e+00  5.364358557467730404e-05  5.364358557467730404e-05
7.163641866531481384e+00  4.692018035774026945e-05  4.692018035774026945e-05
7.263641866531481028e+00  4.105076737982423039e-05  4.105076737982423039e-05
7.363641866531480673e+00  3.592577913480249162e-05  3.592577913480249162e-05
7.463641866531480318e+00  3.144963027813776939e-05  3.144963027813776939e-05
7.563641866531481739e+00  2.753897603626227951e-05  2.753897603626227951e-05
7.663641866531481384e+00  2.412120963553970979e-05  2.412120963553970979e-05
7.763641866531481028e+00  2.113313881136433557e-05  2.113313881136433557e-05
7.863641866531480673e+00  1.851980586180985931e-05  1.851980586180985931e-05
7.963641866531482094e+00  1.623343229451560920e-05  1.623343229451560920e-05
8.063641866531481739e+00  1.423247845260756728e-05  1.423247845260756728e-05
8.163641866531481384e+00  1.248081228573487095e-05  1.248081228573487095e-05
8.263641866531481028e+00  1.094698168363144878e-05  1.094698168363144878e-05
8.363641866531480673e+00  9.603583345861739010e-06  9.603583345861739010e-06
8.463641866531482094e+00  8.426719384848008884e-06  8.426719384848008884e-06
8.563641866531481739e+00  7.395531568995195864e-06  7.395531568995195864e-06
8.663641866531481384e+00  6.491802649701682110e-06  6.491802649701682110e-06
8.763641866531481028e+00  5.699614576284066016e-06  5.699614576284066016e-06
8.863641866531480673e+00  5.005054384459305590e-06  5.005054384459305590e-06
8.963641866531482094e+00  4.395959873247093434e-06  4.395959873247093434e-06
9.063641866531481739e+00  3.861698604748991671e-06  3.861698604748991671e-06
9.163641866531481384e+00  3.392975079083377981e-06  3.392975079083377981e-06
9.263641866531481028e+00  2.981662040968428989e-06  2.981662040968428989e-06
9.363641866531480673e+00  2.620652725994797517e-06  2.620652725994797517e-06
9.463641866531482094e+00  2.303731467788057826e-06  2.303731467788057826e-06
9.563641866531481739e+00  2.025460507028345447e-06  2.025460507028345447e-06
9.663641866531481384e+00  1.781081125519462664e-06  1.781081125519462664e-06
9.763641866531481028e+00  1.566427425638866985e-06  1.566427425638866985e-06
9.863641866531480673e+00  1.377851228625430150e-06  1.377851228625430150e-06
9.963641866531482094e+00  1.212156701321548073e-06  1.212156701321548073e-06
1.006364186653148174e+01  1.066543454301151291e-06  1.066543454301151291e-06
1.016364186653148138e+01  9.385569891096682586e-07  9.385569891096682586e-07
1.026364186653148103e+01  8.260455068703115487e-07  8.260455068703115487e-07
1.036364186653148067e+01  7.271222203089742414e-07  7.271222203089742414e-07
