-1.623594769087076006e+00  2.947744080346436942e-111  2.947744080346436942e-111
-1.523594769087075917e+00  1.430620514882048943e-103  1.430620514882048943e-103
-1.423594769087076273e+00  3.777241908029315174e-95  3.777241908029315174e-95
-1.323594769087075740e+00  4.496233869353033930e-87  4.496233869353033930e-87
-1.223594769087076095e+00  2.342347832365019325e-79  2.342347832365019325e-79
-1.123594769087076006e+00  5.339899738763368210e-72  5.339899738763368210e-72
-1.023594769087075917e+00  5.327135721204374483e-65  5.327135721204374483e-65
-9.235947690870758287e-01  2.325591122541451719e-58  2.325591122541451719e-58
-8.235947690870759619e-01  4.442750258950974987e-52  4.442750258950974987e-52
-7.235947690870760951e-01  3.714063984743234939e-46  3.714063984743234939e-46
-6.235947690870760063e-01  1.358706967334285741e-40  1.358706967334285741e-40
-5.235947690870759175e-01  2.175109694640967142e-35  2.175109694640967142e-35
-4.235947690870758287e-01  1.523756131874041105e-30  1.523756131874041105e-30
-3.235947690870759619e-01  4.671202655288739835e-26  4.671202655288739835e-26
-2.235947690870758731e-01  6.266440097463134382e-22  6.266440097463134382e-22
-1.235947690870760063e-01  3.678680044545498572e-18  3.678680044545498572e-18
-2.359476908707591747e-02  9.450223525617881726e-15  9.450223525617881726e-15
7.640523091292417135e-02  1.062358473129717914e-11  1.062358473129717914e-11
1.764052309129240381e-01  5.226115838372423524e-09  5.226115838372423524e-09
2.764052309129241269e-01  1.125034700532075934e-06  1.125034700532075934e-06
3.764052309129239937e-01  1.059819106763826795e-04  1.059819106763826795e-04
4.764052309129240825e-01  4.368944343943140934e-03  4.368944343943140934e-03
5.764052309129241713e-01  7.881342847813316288e-02  7.881342847813316288e-02
6.764052309129242602e-01  6.221611215048064025e-01  6.221611215048064025e-01
7.764052309129243490e-01  2.149237739462600771e+00  2.149237739462600771e+00
8.764052309129239937e-01  3.248964662028551942e+00  3.248964662028551942e+00
9.764052309129240825e-01  2.149237751668975793e+00  2.149237751668975793e+00
1.076405230912924171e+00  6.221615308722469040e-01  6.221615308722469040e-01
1.176405230912924260e+00  7.882250809042189166e-02  7.882250809042189166e-02
1.276405230912924349e+00  4.502161680711267919e-03  4.502161680711267919e-03
1.376405230912923994e+00  1.398967428524121011e-03  1.398967428524121011e-03
1.476405230912924083e+00  8.302806093809967855e-03  8.302806093809967855e-03
1.576405230912924171e+00  3.525964721046605244e-02  3.525964721046605244e-02
1.676405230912924260e+00  9.906704818384652611e-02  9.906704818384652611e-02
1.776405230912924349e+00  1.841280784190201525e-01  1.841280784190201525e-01
1.876405230912923994e+00  2.263864016831310666e-01  2.263864016831310666e-01
1.976405230912924083e+00  1.841284668559312332e-01  1.841284668559312332e-01
2.076405230912924171e+00  9.907110342467155550e-02  9.907110342467155550e-02
2.176405230912924260e+00  3.529165506899185900e-02  3.529165506899185900e-02
2.276405230912924349e+00  8.493543447744025116e-03  8.493543447744025116e-03
2.376405230912923994e+00  2.165980584613964952e-03  2.165980584613964952e-03
2.476405230912924527e+00  3.148953747220689745e-03  3.148953747220689745e-03
2.576405230912924171e+00  7.918317178903332490e-03  7.918317178903332490e-03
2.676405230912923816e+00  1.574877672687950356e-02  1.574877672687950356e-02
2.776405230912924349e+00  2.380655377049419041e-02  2.380655377049419041e-02
2.876405230912923994e+00  2.732236927776225330e-02  2.732236927776225330e-02
2.976405230912924527e+00  2.380748876743758041e-02  2.380748876743758041e-02
3.076405230912924171e+00  1.575394004163895717e-02  1.575394004163895717e-02
3.176405230912924704e+00  7.935488896987899846e-03  7.935488896987899846e-03
3.276405230912924349e+00  3.116290515835879078e-03  3.116290515835879078e-03
3.376405230912923994e+00  1.186263256791262417e-03  1.186263256791262417e-03
3.476405230912924527e+00  9.856467124383554504e-04  9.856467124383554504e-04
3.576405230912924171e+00  1.667919939590111790e-03  1.667919939590111790e-03
3.676405230912924704e+00  2.746165098283937910e-03  2.746165098283937910e-03
3.776405230912924349e+00  3.738768184173788586e-03  3.738768184173788586e-03
3.876405230912923994e+00  4.145403745069583049e-03  4.145403745069583049e-03
3.976405230912924527e+00  3.739230795625751985e-03  3.739230795625751985e-03
4.076405230912923727e+00  2.745705358907500268e-03  2.745705358907500268e-03
4.176405230912925148e+00  1.648343559823188054e-03  1.648343559823188054e-03
4.276405230912924793e+00  8.302029334121255235e-04  8.302029334121255235e-04
4.376405230912924438e+00  4.036617246463741933e-04  4.036617246463741933e-04
4.476405230912924083e+00  2.907349018013951269e-04  2.907349018013951269e-04
4.576405230912923727e+00  3.654175674354731085e-04  3.654175674354731085e-04
4.676405230912925148e+00  5.182903429646179951e-04  5.182903429646179951e-04
4.776405230912924793e+00  6.579680961472371848e-04  6.579680961472371848e-04
4.876405230912924438e+00  7.138465980612145609e-04  7.138465980612145609e-04
4.976405230912924083e+00  6.574917935683646233e-04  6.574917935683646233e-04
5.076405230912923727e+00  5.143327166842230841e-04  5.143327166842230841e-04
5.176405230912925148e+00  3.437212383562489207e-04  3.437212383562489207e-04
5.276405230912924793e+00  2.013346408503059346e-04  2.013346408503059346e-04
5.376405230912924438e+00  1.141861862095787427e-04  1.141861862095787427e-04
5.476405230912924083e+00  8.064038945222899778e-05  8.064038945222899778e-05
5.576405230912923727e+00  8.405350296542110546e-05  8.405350296542110546e-05
5.676405230912925148e+00  1.046598575214701348e-04  1.046598575214701348e-04
5.776405230912924793e+00  1.251507859450880428e-04  1.251507859450880428e-04
5.876405230912924438e+00  1.333604875472281862e-04  1.333604875472281862e-04
5.976405230912924083e+00  1.244990090920098887e-04  1.244990090920098887e-04
6.076405230912923727e+00  1.016592050082078079e-04  1.016592050082078079e-04
6.176405230912925148e+00  7.307054231241222515e-05  7.307054231241222515e-05
6.276405230912924793e+00  4.735580855371917993e-05  4.735580855371917993e-05
6.376405230912924438e+00  2.979259309659725092e-05  2.979259309659725092e-05
6.476405230912924083e+00  2.136080876216707886e-05  2.136080876216707886e-05
6.576405230912925504e+00  1.998614073568672690e-05  1.998614073568672690e-05
6.676405230912925148e+00  2.235131924863872143e-05  2.235131924863872143e-05
6.776405230912924793e+00  2.525549565478494074e-05  2.525549565478494074e-05
6.876405230912924438e+00  2.641342173513654509e-05  2.641342173513654509e-05
6.976405230912924083e+00  2.485633947712141231e-05  2.485633947712141231e-05
7.076405230912925504e+00  2.093077366737135944e-05  2.093077366737135944e-05
7.176405230912925148e+00  1.585926878155165061e-05  1.585926878155165061e-05
7.276405230912924793e+00  1.104637705807879463e-05  1.104637705807879463e-05
7.376405230912924438e+00  7.481937855534516000e-06  7.481937855534516000e-06
7.476405230912924083e+00  5.493421071048680347e-06  5.493421071048680347e-06
7.576405230912925504e+00  4.842006454703758475e-06  4.842006454703758475e-06
7.676405230912925148e+00  4.986243469916836758e-06  4.986243469916836758e-06
7.776405230912924793e+00  5.343832720359088270e-06  5.343832720359088270e-06
7.876405230912924438e+00  5.474031701549022330e-06  5.474031701549022330e-06
7.976405230912925859e+00  5.167854295284022865e-06  5.167854295284022865e-06
8.076405230912925504e+00  4.450326837027414461e-06  4.450326837027414461e-06
8.176405230912925148e+00  3.508198657068523940e-06  3.508198657068523940e-06
8.276405230912924793e+00  2.578003695777456483e-06  2.578003695777456483e-06
8.376405230912924438e+00  1.844491461902505480e-06  1.844491461902505480e-06
8.476405230912925859e+00  1.387621648341206712e-06  1.387621648341206712e-06
8.576405230912925504e+00  1.184847907718926311e-06  1.184847907718926311e-06
8.676405230912925148e+00  1.148939399084313031e-06  1.148939399084313031e-06
8.776405230912924793e+00  1.174818334901596877e-06  1.174818334901596877e-06
8.876405230912924438e+00  1.177024779362725249e-06  1.177024779362725249e-06
8.976405230912925859e+00  1.110130850903371294e-06  1.110130850903371294e-06
9.076405230912925504e+00  9.714040440072956884e-07  9.714040440072956884e-07
9.176405230912925148e+00  7.892413734823207262e-07  7.892413734823207262e-07
9.276405230912924793e+00  6.041873004642324594e-07  6.041873004642324594e-07
9.376405230912924438e+00  4.508117226847524967e-07  4.508117226847524967e-07
9.476405230912925859e+00  3.468451761904557120e-07  3.468451761904557120e-07
9.576405230912925504e+00  2.915396097893083796e-07  2.915396097893083796e-07
9.676405230912925148e+00  2.709959187840799172e-07  2.709959187840799172e-07
9.776405230912924793e+00  2.663150576697097044e-07  2.663150576697097044e-07
9.876405230912924438e+00  2.609297922014678265e-07  2.609297922014678265e-07
9.976405230912925859e+00  2.450601456966814180e-07  2.450601456966814180e-07
1.007640523091292550e+01  2.167723200394912170e-07  2.167723200394912170e-07
1.017640523091292515e+01  1.802310903965700030e-07  1.802310903965700030e-07
1.027640523091292479e+01  1.424205096520019643e-07  1.424205096520019643e-07
1.037640523091292444e+01  1.098190707344984938e-07  1.098190707344984938e-07
