-1.552631572840927454e+00  1.318260423421544731e-10  1.318260423421544731e-10
-1.452631572840926921e+00  7.727968267813712722e-10  7.727968267813712722e-10
-1.352631572840927277e+00  4.249920953075584526e-09  4.249920953075584526e-09
-1.252631572840927188e+00  2.183488836848841970e-08  2.183488836848841970e-08
-1.152631572840927099e+00  1.045716926791979342e-07  1.045716926791979342e-07
-1.052631572840927454e+00  4.662825790310261305e-07  4.662825790310261305e-07
-9.526315728409271433e-01  1.934498209929611069e-06  1.934498209929611069e-06
-8.526315728409272765e-01  7.464645162655651566e-06  7.464645162655651566e-06
-7.526315728409271877e-01  2.678415676726305340e-05  2.678415676726305340e-05
-6.526315728409270989e-01  8.935512451175694408e-05  8.935512451175694408e-05
-5.526315728409272321e-01  2.771407038149365540e-04  2.771407038149365540e-04
-4.526315728409271433e-01  7.990981250340039145e-04  7.990981250340039145e-04
-3.526315728409270545e-01  2.141934540700719727e-03  2.141934540700719727e-03
-2.526315728409271877e-01  5.337166279405757170e-03  5.337166279405757170e-03
-1.526315728409270989e-01  1.236257790855630444e-02  1.236257790855630444e-02
-5.263157284092723209e-02  2.661942221576839990e-02  2.661942221576839990e-02
4.736842715907285672e-02  5.328177705311026857e-02  5.328177705311026857e-02
1.473684271590729455e-01  9.914025973935695901e-02  9.914025973935695901e-02
2.473684271590728123e-01  1.714806703937546695e-01  1.714806703937546695e-01
3.473684271590729011e-01  2.757266533108897466e-01  2.757266533108897466e-01
4.473684271590727679e-01  4.121436499248973262e-01  4.121436499248973262e-01
5.473684271590728567e-01  5.727135009041721680e-01  5.727135009041721680e-01
6.473684271590729455e-01  7.398873369199808758e-01  7.398873369199808758e-01
7.473684271590730344e-01  8.887230490715037901e-01  8.887230490715037901e-01
8.473684271590731232e-01  9.926479896340351106e-01  9.926479896340351106e-01
9.473684271590727679e-01  1.031206838856540298e+00  1.031206838856540298e+00
1.047368427159072857e+00  9.967365684158799866e-01  9.967365684158799866e-01
1.147368427159072946e+00  8.969885296585529133e-01  8.969885296585529133e-01
1.247368427159073034e+00  7.524652103292003291e-01  7.524652103292003291e-01
1.347368427159073123e+00  5.897128111094898095e-01  5.897128111094898095e-01
1.447368427159072768e+00  4.335569035667486415e-01  4.335569035667486415e-01
1.547368427159072857e+00  3.013437327326842219e-01  3.013437327326842219e-01
1.647368427159072946e+00  2.008277328256501126e-01  2.008277328256501126e-01
1.747368427159073034e+00  1.314605056062334298e-01  1.314605056062334298e-01
1.847368427159073123e+00  8.756666086196673859e-02  8.756666086196673859e-02
1.947368427159072768e+00  6.168797445817957026e-02  6.168797445817957026e-02
2.047368427159073079e+00  4.697560892944933897e-02  4.697560892944933897e-02
2.147368427159072723e+00  3.832512514196742548e-02  3.832512514196742548e-02
2.247368427159073256e+00  3.252233229764933675e-02  3.252233229764933675e-02
2.347368427159072901e+00  2.786244604840115366e-02  2.786244604840115366e-02
2.447368427159072546e+00  2.362830034430583870e-02  2.362830034430583870e-02
2.547368427159073079e+00  1.964162633142754397e-02  1.964162633142754397e-02
2.647368427159072723e+00  1.595598574250213508e-02  1.595598574250213508e-02
2.747368427159072368e+00  1.268015832626111228e-02  1.268015832626111228e-02
2.847368427159072901e+00  9.894484551371665604e-03  9.894484551371665604e-03
2.947368427159072546e+00  7.623945183502756420e-03  7.623945183502756420e-03
3.047368427159073079e+00  5.841436806955541648e-03  5.841436806955541648e-03
3.147368427159072723e+00  4.484021302957785088e-03  4.484021302957785088e-03
3.247368427159073256e+00  3.471783019312087940e-03  3.471783019312087940e-03
3.347368427159072901e+00  2.723685880054910018e-03  2.723685880054910018e-03
3.447368427159072546e+00  2.168122608075293868e-03  2.168122608075293868e-03
3.547368427159073079e+00  1.748035154522896862e-03  1.748035154522896862e-03
3.647368427159072723e+00  1.421725312051268057e-03  1.421725312051268057e-03
3.747368427159073256e+00  1.160935636511900137e-03  1.160935636511900137e-03
3.847368427159072901e+00  9.476931532356332698e-04  9.476931532356332698e-04
3.947368427159072546e+00  7.710258812242848933e-04  7.710258812242848933e-04
4.047368427159073079e+00  6.242017810989025813e-04  6.242017810989025813e-04
4.147368427159072723e+00  5.027429583397969833e-04  5.027429583397969833e-04
4.247368427159073256e+00  4.031974238066569731e-04  4.031974238066569731e-04
4.347368427159072901e+00  3.225095294282622556e-04  3.225095294282622556e-04
4.447368427159072546e+00  2.577890452260930745e-04  2.577890452260930745e-04
4.547368427159073079e+00  2.062990023562831759e-04  2.062990023562831759e-04
4.647368427159072723e+00  1.655299377347887796e-04  1.655299377347887796e-04
4.747368427159073256e+00  1.332796140532194413e-04  1.332796140532194413e-04
4.847368427159072901e+00  1.076999126037410848e-04  1.076999126037410848e-04
4.947368427159072546e+00  8.730182977762312806e-05  8.730182977762312806e-05
5.047368427159073079e+00  7.092583867179209152e-05  7.092583867179209152e-05
5.147368427159072723e+00  5.769123182331812433e-05  5.769123182331812433e-05
5.247368427159073256e+00  4.693800154850640997e-05  4.693800154850640997e-05
5.347368427159072901e+00  3.817150453019174503e-05  3.817150453019174503e-05
5.447368427159072546e+00  3.101591401346935590e-05  3.101591401346935590e-05
5.547368427159073079e+00  2.517868868910264510e-05  2.517868868910264510e-05
5.647368427159072723e+00  2.042561477034490308e-05  2.042561477034490308e-05
5.747368427159073256e+00  1.656450067958947564e-05  1.656450067958947564e-05
5.847368427159072901e+00  1.343511021274122213e-05  1.343511021274122213e-05
5.947368427159072546e+00  1.090308082959682415e-05  1.090308082959682415e-05
6.047368427159073079e+00  8.856068133273980563e-06  8.856068133273980563e-06
6.147368427159072723e+00  7.200939060456204935e-06  7.200939060456204935e-06
6.247368427159073256e+00  5.861351475126379601e-06  5.861351475126379601e-06
6.347368427159072901e+00  4.775436739809200665e-06  4.775436739809200665e-06
6.447368427159072546e+00  3.893534401078022568e-06  3.893534401078022568e-06
6.547368427159072191e+00  3.176038853721647479e-06  3.176038853721647479e-06
6.647368427159073612e+00  2.591444677728777878e-06  2.591444677728777878e-06
6.747368427159073256e+00  2.114657504432805311e-06  2.114657504432805311e-06
6.847368427159072901e+00  1.725599848506378237e-06  1.725599848506378237e-06
6.947368427159072546e+00  1.408105021166807064e-06  1.408105021166807064e-06
7.047368427159072191e+00  1.149066274617012034e-06  1.149066274617012034e-06
7.147368427159073612e+00  9.377950612858985250e-07  9.377950612858985250e-07
7.247368427159073256e+00  7.655399449149055584e-07  7.655399449149055584e-07
7.347368427159072901e+00  6.251227297215329740e-07  6.251227297215329740e-07
7.447368427159072546e+00  5.106570952757084221e-07  5.106570952757084221e-07
7.547368427159072191e+00  4.173245076208548990e-07  4.173245076208548990e-07
7.647368427159073612e+00  3.411905541322683748e-07  3.411905541322683748e-07
7.747368427159073256e+00  2.790512501955858719e-07  2.790512501955858719e-07
7.847368427159072901e+00  2.283031629217390380e-07  2.283031629217390380e-07
7.947368427159072546e+00  1.868337076088551307e-07  1.868337076088551307e-07
8.047368427159074855e+00  1.529291977694733223e-07  1.529291977694733223e-07
8.147368427159072723e+00  1.251986730449707658e-07  1.251986730449707658e-07
8.247368427159074145e+00  1.025115968051428951e-07  1.025115968051428951e-07
8.347368427159072013e+00  8.394747904137134674e-08  8.394747904137134674e-08
8.447368427159073434e+00  6.875548772413003061e-08  6.875548772413003061e-08
8.547368427159074855e+00  5.632221572129922310e-08  5.632221572129922310e-08
8.647368427159072723e+00  4.614596419083873013e-08  4.614596419083873013e-08
8.747368427159074145e+00  3.781615279078339646e-08  3.781615279078339646e-08
8.847368427159072013e+00  3.099673232973365092e-08  3.099673232973365092e-08
8.947368427159073434e+00  2.541272418792231478e-08  2.541272418792231478e-08
9.047368427159074855e+00  2.083922290886119095e-08  2.083922290886119095e-08
9.147368427159074500e+00  1.709236588771822174e-08  1.709236588771822174e-08
9.247368427159074145e+00  1.402189837893062004e-08  1.402189837893062004e-08
9.347368427159073789e+00  1.150504990098268277e-08  1.150504990098268277e-08
9.447368427159073434e+00  9.441498445452082451e-09  9.441498445452082451e-09
9.547368427159074855e+00  7.749240351227967941e-09  7.749240351227967941e-09
9.647368427159074500e+00  6.361213334857536613e-09  6.361213334857536613e-09
9.747368427159074145e+00  5.222542967495760570e-09  5.222542967495760570e-09
9.847368427159073789e+00  4.288301922346675043e-09  4.288301922346675043e-09
9.947368427159073434e+00  3.521688153203763048e-09  3.521688153203763048e-09
1.004736842715907486e+01  2.892543394999254243e-09  2.892543394999254243e-09
1.014736842715907450e+01  2.376147070192188680e-09  2.376147070192188680e-09
1.024736842715907414e+01  1.952232722792503957e-09  1.952232722792503957e-09
1.034736842715907379e+01  1.604184381624020040e-09  1.604184381624020040e-09
1.044736842715907343e+01  1.318378776472171359e-09  1.318378776472171359e-09
