-1.552631573998767500e+00  8.820796864256603079e-08  8.820796864256603079e-08
-1.452631573998767411e+00  3.082874988845817520e-07  3.082874988845817520e-07
-1.352631573998767323e+00  1.028242755403688851e-06  1.028242755403688851e-06
-1.252631573998767678e+00  3.266999174475222316e-06  3.266999174475222316e-06
-1.152631573998767589e+00  9.877225897640227613e-06  9.877225897640227613e-06
-1.052631573998767500e+00  2.839574880948547884e-05  2.839574880948547884e-05
-9.526315739987674114e-01  7.759154108501351498e-05  7.759154108501351498e-05
-8.526315739987673226e-01  2.014636489425224999e-04  2.014636489425224999e-04
-7.526315739987674558e-01  4.969600080417582982e-04  4.969600080417582982e-04
-6.526315739987675890e-01  1.164492686820849370e-03  1.164492686820849370e-03
-5.526315739987675002e-01  2.591840016881501174e-03  2.591840016881501174e-03
-4.526315739987674114e-01  5.479142849920870875e-03  5.479142849920870875e-03
-3.526315739987673226e-01  1.100106154995201396e-02  1.100106154995201396e-02
-2.526315739987674558e-01  2.097799098921033362e-02  2.097799098921033362e-02
-1.526315739987673670e-01  3.799216930773104128e-02  3.799216930773104128e-02
-5.263157399876750020e-02  6.534639641735000282e-02  6.534639641735000282e-02
4.736842600123258862e-02  1.067444776208240215e-01  1.067444776208240215e-01
1.473684260012326774e-01  1.656023681850801177e-01  1.656023681850801177e-01
2.473684260012325442e-01  2.439992926716223476e-01  2.439992926716223476e-01
3.473684260012326330e-01  3.414427695414301578e-01  3.414427695414301578e-01
4.473684260012324998e-01  4.538003351566659571e-01  4.538003351566659571e-01
5.473684260012325886e-01  5.728550040491173778e-01  5.728550040491173778e-01
6.473684260012326774e-01  6.868797467896495812e-01  6.868797467896495812e-01
7.473684260012327663e-01  7.823611744076042207e-01  7.823611744076042207e-01
8.473684260012328551e-01  8.465961638093986164e-01  8.465961638093986164e-01
9.473684260012324998e-01  8.704955764453498057e-01  8.704955764453498057e-01
1.047368426001232589e+00  8.507452902746053258e-01  8.507452902746053258e-01
1.147368426001232677e+00  7.906147566585162156e-01  7.906147566585162156e-01
1.247368426001232766e+00  6.991379454931712090e-01  6.991379454931712090e-01
1.347368426001232855e+00  5.889446137909768453e-01  5.889446137909768453e-01
1.447368426001232500e+00  4.734538854090782345e-01  4.734538854090782345e-01
1.547368426001232589e+00  3.642810444654052127e-01  3.642810444654052127e-01
1.647368426001232677e+00  2.695231801501944968e-01  2.695231801501944968e-01
1.747368426001232766e+00  1.931984299874512923e-01  1.931984299874512923e-01
1.847368426001232855e+00  1.357061117221153301e-01  1.357061117221153301e-01
1.947368426001232500e+00  9.490946693572963055e-02  9.490946693572963055e-02
2.047368426001232589e+00  6.738114467064143520e-02  6.738114467064143520e-02
2.147368426001232677e+00  4.945655603845657694e-02  4.945655603845657694e-02
2.247368426001232766e+00  3.792027843291597561e-02  3.792027843291597561e-02
2.347368426001232855e+00  3.031668042039271579e-02  3.031668042039271579e-02
2.447368426001232500e+00  2.497742302650067872e-02  2.497742302650067872e-02
2.547368426001233033e+00  2.088913885689374153e-02  2.088913885689374153e-02
2.647368426001232677e+00  1.750623162840560590e-02  1.750623162840560590e-02
2.747368426001232322e+00  1.457531432951565849e-02  1.457531432951565849e-02
2.847368426001232855e+00  1.200101710469655969e-02  1.200101710469655969e-02
2.947368426001232500e+00  9.757788217003965023e-03  9.757788217003965023e-03
3.047368426001233033e+00  7.839748162516870303e-03  7.839748162516870303e-03
3.147368426001232677e+00  6.237055834670949574e-03  6.237055834670949574e-03
3.247368426001233210e+00  4.928356568250371293e-03  4.928356568250371293e-03
3.347368426001232855e+00  3.881614068295474989e-03  3.881614068295474989e-03
3.447368426001232500e+00  3.058346450573524652e-03  3.058346450573524652e-03
3.547368426001233033e+00  2.418399551080917340e-03  2.418399551080917340e-03
3.647368426001232677e+00  1.923840639212174306e-03  1.923840639212174306e-03
3.747368426001233210e+00  1.541470379501652188e-03  1.541470379501652188e-03
3.847368426001232855e+00  1.243978731712362977e-03  1.243978731712362977e-03
3.947368426001232500e+00  1.010031410554298450e-03  1.010031410554298450e-03
4.047368426001233033e+00  8.236577627619942913e-04  8.236577627619942913e-04
4.147368426001232677e+00  6.732874198231425652e-04  6.732874198231425652e-04
4.247368426001233210e+00  5.507047943977129260e-04  5.507047943977129260e-04
4.347368426001232855e+00  4.500959022525845136e-04  4.500959022525845136e-04
4.447368426001232500e+00  3.672757999023894661e-04  3.672757999023894661e-04
4.547368426001233033e+00  2.991196153124277800e-04  2.991196153124277800e-04
4.647368426001232677e+00  2.431788251521368397e-04  2.431788251521368397e-04
4.747368426001233210e+00  1.974442440570451512e-04  1.974442440570451512e-04
4.847368426001232855e+00  1.602124869515453201e-04  1.602124869515453201e-04
4.947368426001232500e+00  1.300173611362660049e-04  1.300173611362660049e-04
5.047368426001233033e+00  1.055966294960291251e-04  1.055966294960291251e-04
5.147368426001232677e+00  8.587428514437124767e-05  8.587428514437124767e-05
5.247368426001233210e+00  6.994683937048312337e-05  6.994683937048312337e-05
5.347368426001232855e+00  5.706830329797448007e-05  5.706830329797448007e-05
5.447368426001232500e+00  4.663249166005429327e-05  4.663249166005429327e-05
5.547368426001233033e+00  3.815337507289464367e-05  3.815337507289464367e-05
5.647368426001232677e+00  3.124498889342583322e-05  3.124498889342583322e-05
5.747368426001233210e+00  2.560238766068585655e-05  2.560238766068585655e-05
5.847368426001232855e+00  2.098472604494232844e-05  2.098472604494232844e-05
5.947368426001232500e+00  1.720103306151631709e-05  1.720103306151631709e-05
6.047368426001233033e+00  1.409879037275655101e-05  1.409879037275655101e-05
6.147368426001232677e+00  1.155510039026513873e-05  1.155510039026513873e-05
6.247368426001233210e+00  9.470047047337477463e-06  9.470047047337477463e-06
6.347368426001232855e+00  7.761788967819584269e-06  7.761788967819584269e-06
6.447368426001232500e+00  6.362945198664084361e-06  6.362945198664084361e-06
6.547368426001232145e+00  5.217901347564544455e-06  5.217901347564544455e-06
6.647368426001233566e+00  4.280749385890667260e-06  4.280749385890667260e-06
6.747368426001233210e+00  3.513657420068734225e-06  3.513657420068734225e-06
6.847368426001232855e+00  2.885535232142724686e-06  2.885535232142724686e-06
6.947368426001232500e+00  2.370913215797388143e-06  2.370913215797388143e-06
7.047368426001232145e+00  1.948987044944722853e-06  1.948987044944722853e-06
7.147368426001233566e+00  1.602801086710135960e-06  1.602801086710135960e-06
7.247368426001233210e+00  1.318554155908207357e-06  1.318554155908207357e-06
7.347368426001232855e+00  1.085015449711971445e-06  1.085015449711971445e-06
7.447368426001232500e+00  8.930393922031811014e-07  8.930393922031811014e-07
7.547368426001232145e+00  7.351677306534040832e-07  7.351677306534040832e-07
7.647368426001233566e+00  6.053067812616040957e-07  6.053067812616040957e-07
7.747368426001233210e+00  4.984677847819335926e-07  4.984677847819335926e-07
7.847368426001232855e+00  4.105590253313694553e-07  4.105590253313694553e-07
7.947368426001232500e+00  3.382195682011002215e-07  3.382195682011002215e-07
8.047368426001234809e+00  2.786859682635716669e-07  2.786859682635716669e-07
8.147368426001232677e+00  2.296848722175498979e-07  2.296848722175498979e-07
8.247368426001234099e+00  1.893459166793280932e-07  1.893459166793280932e-07
8.347368426001231967e+00  1.561306059286563839e-07  1.561306059286563839e-07
8.447368426001233388e+00  1.287738939388258758e-07  1.287738939388258758e-07
8.547368426001234809e+00  1.062359964893227788e-07  1.062359964893227788e-07
8.647368426001232677e+00  8.766255007699496837e-08  8.766255007699496837e-08
8.747368426001234099e+00  7.235165719615914386e-08  7.235165719615914386e-08
8.847368426001231967e+00  5.972665608140222098e-08  5.972665608140222098e-08
8.947368426001233388e+00  4.931366561502711888e-08  4.931366561502711888e-08
9.047368426001234809e+00  4.072311277677559040e-08  4.072311277677559040e-08
9.147368426001232677e+00  3.363457187119363099e-08  3.363457187119363099e-08
9.247368426001234099e+00  2.778434521835828111e-08  2.778434521835828111e-08
9.347368426001231967e+00  2.295530160834081245e-08  2.295530160834081245e-08
9.447368426001233388e+00  1.896856527095081454e-08  1.896856527095081454e-08
9.547368426001234809e+00  1.567671582388178037e-08  1.567671582388178037e-08
9.647368426001232677e+00  1.295821902259305667e-08  1.295821902259305667e-08
9.747368426001234099e+00  1.071285926552146716e-08  1.071285926552146716e-08
9.847368426001231967e+00  8.857987963347976249e-09  8.857987963347976249e-09
9.947368426001233388e+00  7.325437587174983101e-09  7.325437587174983101e-09
1.004736842600123481e+01  6.058980244631827135e-09  6.058980244631827135e-09
1.014736842600123268e+01  5.012232928407467830e-09  5.012232928407467830e-09
1.024736842600123410e+01  4.146930117303870540e-09  4.146930117303870540e-09
1.034736842600123197e+01  3.431499116416855210e-09  3.431499116416855210e-09
1.044736842600123339e+01  2.839885221103161161e-09  2.839885221103161161e-09
