-1.500000000072389206e+00  1.221698643370838100e-09  1.221698643370838100e-09
-1.400000000072389117e+00  6.116711411251141219e-09  6.116711411251141219e-09
-1.300000000072389028e+00  2.867600646433931925e-08  2.867600646433931925e-08
-1.200000000072389383e+00  1.258827228200914633e-07  1.258827228200914633e-07
-1.100000000072389295e+00  5.174404383200384361e-07  5.174404383200384361e-07
-1.000000000072389206e+00  1.991596634910778091e-06  1.991596634910778091e-06
-9.000000000723891169e-01  7.177764102274466339e-06  7.177764102274466339e-06
-8.000000000723890281e-01  2.422276735432843484e-05  2.422276735432843484e-05
-7.000000000723891613e-01  7.654293563491002992e-05  7.654293563491002992e-05
-6.000000000723892946e-01  2.264817701724690423e-04  2.264817701724690423e-04
-5.000000000723892057e-01  6.274919614439747675e-04  6.274919614439747675e-04
-4.000000000723891169e-01  1.627908017347453728e-03  1.627908017347453728e-03
-3.000000000723890281e-01  3.954561528951562772e-03  3.954561528951562772e-03
-2.000000000723891613e-01  8.995257328885583256e-03  8.995257328885583256e-03
-1.000000000723890725e-01  1.915912302384892990e-02  1.915912302384892990e-02
-7.238920574081930681e-11  3.821065127812793560e-02  3.821065127812793560e-02
9.999999992761088308e-02  7.135756694185871329e-02  7.135756694185871329e-02
1.999999999276109719e-01  1.247792603060181027e-01  1.247792603060181027e-01
2.999999999276108387e-01  2.043109106875068137e-01  2.043109106875068137e-01
3.999999999276109275e-01  3.132474123141517075e-01  3.132474123141517075e-01
4.999999999276107943e-01  4.497075761392917981e-01  4.497075761392917981e-01
5.999999999276108831e-01  6.045325585468092067e-01  6.045325585468092067e-01
6.999999999276109719e-01  7.609497297025575868e-01  7.609497297025575868e-01
7.999999999276110607e-01  8.968896617867533338e-01  8.968896617867533338e-01
8.999999999276111495e-01  9.898487719356212633e-01  9.898487719356212633e-01
9.999999999276107943e-01  1.022928924106237814e+00  1.022928924106237814e+00
1.099999999927610883e+00  9.898487719356209302e-01  9.898487719356209302e-01
1.199999999927610972e+00  8.968896617867527787e-01  8.968896617867527787e-01
1.299999999927611061e+00  7.609497297025569207e-01  7.609497297025569207e-01
1.399999999927611150e+00  6.045325585468084295e-01  6.045325585468084295e-01
1.499999999927610794e+00  4.497075761392917981e-01  4.497075761392917981e-01
1.599999999927610883e+00  3.132474123141514299e-01  3.132474123141514299e-01
1.699999999927610972e+00  2.043109106875065639e-01  2.043109106875065639e-01
1.799999999927611061e+00  1.247792603060177558e-01  1.247792603060177558e-01
1.899999999927611150e+00  7.135756694185856064e-02  7.135756694185856064e-02
1.999999999927610794e+00  3.821065127812793560e-02  3.821065127812793560e-02
2.099999999927610883e+00  1.915912302384890561e-02  1.915912302384890561e-02
2.199999999927610972e+00  8.995257328885567644e-03  8.995257328885567644e-03
2.299999999927611061e+00  3.954561528951548895e-03  3.954561528951548895e-03
2.399999999927611150e+00  1.627908017347446572e-03  1.627908017347446572e-03
2.499999999927610794e+00  6.274919614439747675e-04  6.274919614439747675e-04
2.599999999927611327e+00  2.264817701724682292e-04  2.264817701724682292e-04
2.699999999927610972e+00  7.654293563490990795e-05  7.654293563490990795e-05
2.799999999927610617e+00  2.422276735432843484e-05  2.422276735432843484e-05
2.899999999927611150e+00  7.177764102274428222e-06  7.177764102274428222e-06
2.999999999927610794e+00  1.991596634910778091e-06  1.991596634910778091e-06
3.099999999927611327e+00  5.174404383200356832e-07  5.174404383200356832e-07
3.199999999927610972e+00  1.258827228200914633e-07  1.258827228200914633e-07
3.299999999927611505e+00  2.867600646433891227e-08  2.867600646433891227e-08
3.399999999927611150e+00  6.116711411251097379e-09  6.116711411251097379e-09
3.499999999927610794e+00  1.221698643370838100e-09  1.221698643370838100e-09
3.599999999927611327e+00  2.284846201885159094e-10  2.284846201885159094e-10
3.699999999927610972e+00  4.001258706194179806e-11  4.001258706194179806e-11
3.799999999927611505e+00  6.561196911747074384e-12  6.561196911747074384e-12
3.899999999927611150e+00  1.007433274628877171e-12  1.007433274628877171e-12
3.999999999927610794e+00  1.448425926735397702e-13  1.448425926735397702e-13
4.099999999927611327e+00  1.949948173314390965e-14  1.949948173314390965e-14
4.199999999927610972e+00  2.458083472947578442e-15  2.458083472947578442e-15
4.299999999927611505e+00  2.901462518266510856e-16  2.901462518266510856e-16
4.399999999927611150e+00  3.206890137917944011e-17  3.206890137917944011e-17
4.499999999927610794e+00  3.318929131742836304e-18  3.318929131742836304e-18
4.599999999927611327e+00  3.216315589876391282e-19  3.216315589876391282e-19
4.699999999927610972e+00  2.918543106252112596e-20  2.918543106252112596e-20
4.799999999927611505e+00  2.479821083526507482e-21  2.479821083526507482e-21
4.899999999927611150e+00  1.972974006847786258e-22  1.972974006847786258e-22
4.999999999927610794e+00  1.469836943160370890e-23  1.469836943160370890e-23
5.099999999927611327e+00  1.025330163156946810e-24  1.025330163156946810e-24
5.199999999927610972e+00  6.697382269626826395e-26  6.697382269626826395e-26
5.299999999927611505e+00  4.096313833642675078e-27  4.096313833642675078e-27
5.399999999927611150e+00  2.346000691690698261e-28  2.346000691690698261e-28
5.499999999927610794e+00  1.258084550410527608e-29  1.258084550410527608e-29
5.599999999927611327e+00  6.317398923701194226e-31  6.317398923701194226e-31
5.699999999927610972e+00  2.970390550596487015e-32  2.970390550596487015e-32
5.799999999927611505e+00  1.307782696479306878e-33  1.307782696479306878e-33
5.899999999927611150e+00  5.391435310265424508e-35  5.391435310265424508e-35
5.999999999927610794e+00  2.081229581426777877e-36  2.081229581426777877e-36
6.099999999927611327e+00  7.522849285485171344e-38  7.522849285485171344e-38
6.199999999927610972e+00  2.546194125636318573e-39  2.546194125636318573e-39
6.299999999927611505e+00  8.069515166053652006e-41  8.069515166053652006e-41
6.399999999927611150e+00  2.394694694946682050e-42  2.394694694946682050e-42
6.499999999927610794e+00  6.654258095903767067e-44  6.654258095903767067e-44
6.599999999927610439e+00  1.731394010655842241e-45  1.731394010655842241e-45
6.699999999927611860e+00  4.218314537470107221e-47  4.218314537470107221e-47
6.799999999927611505e+00  9.623405546935324587e-49  9.623405546935324587e-49
6.899999999927611150e+00  2.055726792689527843e-50  2.055726792689527843e-50
6.999999999927610794e+00  4.111959077247006756e-52  4.111959077247006756e-52
7.099999999927610439e+00  7.701564397432832296e-54  7.701564397432832296e-54
7.199999999927611860e+00  1.350690664263906269e-55  1.350690664263906269e-55
7.299999999927611505e+00  2.218092353500845034e-57  2.218092353500845034e-57
7.399999999927611150e+00  3.410751908863589593e-59  3.410751908863589593e-59
7.499999999927610794e+00  4.910971532707670556e-61  4.910971532707670556e-61
7.599999999927610439e+00  6.621120351981639122e-63  6.621120351981639122e-63
7.699999999927611860e+00  8.358769073004663815e-65  8.358769073004663815e-65
7.799999999927611505e+00  9.880978444371143035e-67  9.880978444371143035e-67
7.899999999927611150e+00  1.093715472951135217e-68  1.093715472951135217e-68
7.999999999927610794e+00  1.133588783681731008e-70  1.133588783681731008e-70
8.099999999927611327e+00  1.100154054614428123e-72  1.100154054614428123e-72
8.199999999927612748e+00  9.997657322261355452e-75  9.997657322261355452e-75
8.299999999927610617e+00  8.507261248217839578e-77  8.507261248217839578e-77
8.399999999927612038e+00  6.778413715176289086e-79  6.778413715176289086e-79
8.499999999927609906e+00  5.057235224358089371e-81  5.057235224358089371e-81
8.599999999927611327e+00  3.533011213788087191e-83  3.533011213788087191e-83
8.699999999927612748e+00  2.311126180033456417e-85  2.311126180033456417e-85
8.799999999927610617e+00  1.415627785169129965e-87  1.415627785169129965e-87
8.899999999927612038e+00  8.119350295610686723e-90  8.119350295610686723e-90
8.999999999927609906e+00  4.360539841312148957e-92  4.360539841312148957e-92
9.099999999927611327e+00  2.192835324771801088e-94  2.192835324771801088e-94
9.199999999927612748e+00  1.032567753499220332e-96  1.032567753499220332e-96
9.299999999927610617e+00  4.552792710186191605e-99  4.552792710186191605e-99
9.399999999927612038e+00  1.879680239792359892e-101  1.879680239792359892e-101
9.499999999927609906e+00  7.266693694782451530e-104  7.266693694782451530e-104
9.599999999927611327e+00  2.630489134050001841e-106  2.630489134050001841e-106
9.699999999927612748e+00  8.916264632089662364e-109  8.916264632089662364e-109
9.799999999927610617e+00  2.829933087330735848e-111  2.829933087330735848e-111
9.899999999927612038e+00  8.410390555971175067e-114  8.410390555971175067e-114
9.999999999927609906e+00  2.340469253270363012e-116  2.340469253270363012e-116
1.009999999992761133e+01  6.098689126088167904e-119  6.098689126088167904e-119
1.019999999992761275e+01  1.488047628068023311e-121  1.488047628068023311e-121
1.029999999992761062e+01  3.399726239874821624e-124  3.399726239874821624e-124
1.039999999992761204e+01  7.273071251161333435e-127  7.273071251161333435e-127
1.049999999992760991e+01  1.456929432041487011e-129  1.456929432041487011e-129
