-1.541666666400614005e+00  3.175669809502751621e-22  3.175669809502751621e-22
-1.441666666400613472e+00  1.524940980185658232e-20  1.524940980185658232e-20
-1.341666666400613828e+00  6.451464049005963785e-19  6.451464049005963785e-19
-1.241666666400613739e+00  2.349474243590107047e-17  2.349474243590107047e-17
-1.141666666400613650e+00  7.314580407148710924e-16  7.314580407148710924e-16
-1.041666666400614005e+00  1.942633967634468530e-14  1.942633967634468530e-14
-9.416666664006136944e-01  4.398197478312938866e-13  4.398197478312938866e-13
-8.416666664006138276e-01  8.486654473479331589e-12  8.486654473479331589e-12
-7.416666664006137388e-01  1.395526100476386432e-10  1.395526100476386432e-10
-6.416666664006136500e-01  1.955527820917218370e-09  1.955527820917218370e-09
-5.416666664006137832e-01  2.335115495662154511e-08  2.335115495662154511e-08
-4.416666664006136944e-01  2.376119673581310191e-07  2.376119673581310191e-07
-3.416666664006136056e-01  2.060357378884475588e-06  2.060357378884475588e-06
-2.416666664006137388e-01  1.522406019662141015e-05  1.522406019662141015e-05
-1.416666664006136500e-01  9.585876155151575354e-05  9.585876155151575354e-05
-4.166666640061378324e-02  5.143353590703269532e-04  5.143353590703269532e-04
5.833333359938630558e-02  2.351657962420063402e-03  2.351657962420063402e-03
1.583333335993863944e-01  9.162525085602489863e-03  9.162525085602489863e-03
2.583333335993862612e-01  3.042072664625451728e-02  3.042072664625451728e-02
3.583333335993863500e-01  8.606720081357324692e-02  8.606720081357324692e-02
4.583333335993862168e-01  2.075009437260442735e-01  2.075009437260442735e-01
5.583333335993863056e-01  4.263026688110621576e-01  4.263026688110621576e-01
6.583333335993863944e-01  7.463359441951892270e-01  7.463359441951892270e-01
7.583333335993864832e-01  1.113461633982842924e+00  1.113461633982842924e+00
8.583333335993865720e-01  1.415649709040254667e+00  1.415649709040254667e+00
9.583333335993862168e-01  1.533961286358435538e+00  1.533961286358435538e+00
1.058333333599386306e+00  1.416952139656729726e+00  1.416952139656729726e+00
1.158333333599386394e+00  1.116551587731034578e+00  1.116551587731034578e+00
1.258333333599386483e+00  7.521573931774778732e-01  7.521573931774778732e-01
1.358333333599386572e+00  4.361599905727954196e-01  4.361599905727954196e-01
1.458333333599386217e+00  2.228283639730218590e-01  2.228283639730218590e-01
1.558333333599386306e+00  1.080458921555430413e-01  1.080458921555430413e-01
1.658333333599386394e+00  5.951066468996350778e-02  5.951066468996350778e-02
1.758333333599386483e+00  4.470916559130157925e-02  4.470916559130157925e-02
1.858333333599386572e+00  4.246079077390819967e-02  4.246079077390819967e-02
1.958333333599386217e+00  4.231564551518975786e-02  4.231564551518975786e-02
2.058333333599386528e+00  4.035341153487344984e-02  4.035341153487344984e-02
2.158333333599386172e+00  3.587586631569577439e-02  3.587586631569577439e-02
2.258333333599386705e+00  2.960202773076455601e-02  2.960202773076455601e-02
2.358333333599386350e+00  2.272147632946163245e-02  2.272147632946163245e-02
2.458333333599385995e+00  1.633588871055616926e-02  1.633588871055616926e-02
2.558333333599386528e+00  1.115389187775409768e-02  1.115389187775409768e-02
2.658333333599386172e+00  7.415495902504851480e-03  7.415495902504851480e-03
2.758333333599385817e+00  4.990128834179087709e-03  4.990128834179087709e-03
2.858333333599386350e+00  3.551608845414489651e-03  3.551608845414489651e-03
2.958333333599385995e+00  2.739963575446194809e-03  2.739963575446194809e-03
3.058333333599386528e+00  2.261955216945720892e-03  2.261955216945720892e-03
3.158333333599386172e+00  1.926306646581369417e-03  1.926306646581369417e-03
3.258333333599386705e+00  1.634602041185735568e-03  1.634602041185735568e-03
3.358333333599386350e+00  1.353003208547295076e-03  1.353003208547295076e-03
3.458333333599385995e+00  1.082610987628128277e-03  1.082610987628128277e-03
3.558333333599386528e+00  8.369888512815565210e-04  8.369888512815565210e-04
3.658333333599386172e+00  6.287605635864863081e-04  6.287605635864863081e-04
3.758333333599386705e+00  4.638785670272848054e-04  4.638785670272848054e-04
3.858333333599386350e+00  3.410555817700247259e-04  3.410555817700247259e-04
3.958333333599385995e+00  2.538844293852649306e-04  2.538844293852649306e-04
4.058333333599386528e+00  1.937140780008637659e-04  1.937140780008637659e-04
4.158333333599386172e+00  1.520742720998225265e-04  1.520742720998225265e-04
4.258333333599386705e+00  1.221337862704758291e-04  1.221337862704758291e-04
4.358333333599386350e+00  9.919319847747402289e-05  9.919319847747402289e-05
4.458333333599385995e+00  8.049235231844326034e-05  8.049235231844326034e-05
4.558333333599386528e+00  6.468126201366248857e-05  6.468126201366248857e-05
4.658333333599386172e+00  5.123797211386969835e-05  5.123797211386969835e-05
4.758333333599386705e+00  4.000067687740943161e-05  4.000067687740943161e-05
4.858333333599386350e+00  3.087320029249951913e-05  3.087320029249951913e-05
4.958333333599385995e+00  2.369013454453308901e-05  2.369013454453308901e-05
5.058333333599386528e+00  1.819364319229810112e-05  1.819364319229810112e-05
5.158333333599386172e+00  1.406867879957268611e-05  1.406867879957268611e-05
5.258333333599386705e+00  1.099445633812076249e-05  1.099445633812076249e-05
5.358333333599386350e+00  8.686727505828499357e-06  8.686727505828499357e-06
5.458333333599385995e+00  6.920734421353913979e-06  6.920734421353913979e-06
5.558333333599386528e+00  5.535359960745421178e-06  5.535359960745421178e-06
5.658333333599386172e+00  4.424361060755604351e-06  4.424361060755604351e-06
5.758333333599386705e+00  3.521724469770590577e-06  3.521724469770590577e-06
5.858333333599386350e+00  2.786798455902658607e-06  2.786798455902658607e-06
5.958333333599385995e+00  2.192508113875439330e-06  2.192508113875439330e-06
6.058333333599386528e+00  1.717759372439952403e-06  1.717759372439952403e-06
6.158333333599386172e+00  1.343623806064743280e-06  1.343623806064743280e-06
6.258333333599386705e+00  1.052171598868125713e-06  1.052171598868125713e-06
6.358333333599386350e+00  8.267179901855046575e-07  8.267179901855046575e-07
6.458333333599385995e+00  6.525101713749027606e-07  6.525101713749027606e-07
6.558333333599385639e+00  5.172697265998264719e-07  5.172697265998264719e-07
6.658333333599387061e+00  4.113594053698511241e-07  4.113594053698511241e-07
6.758333333599386705e+00  3.275853407962941061e-07  3.275853407962941061e-07
6.858333333599386350e+00  2.607652276265260469e-07  2.607652276265260469e-07
6.958333333599385995e+00  2.072159319629749580e-07  2.072159319629749580e-07
7.058333333599385639e+00  1.642803315002701745e-07  1.642803315002701745e-07
7.158333333599387061e+00  1.299592262964550516e-07  1.299592262964550516e-07
7.258333333599386705e+00  1.026646847624280457e-07  1.026646847624280457e-07
7.358333333599386350e+00  8.107811612801466059e-08  8.107811612801466059e-08
7.458333333599385995e+00  6.408151756100185809e-08  6.408151756100185809e-08
7.558333333599385639e+00  5.072967189409746871e-08  5.072967189409746871e-08
7.658333333599387061e+00  4.023847026411492187e-08  4.023847026411492187e-08
7.758333333599386705e+00  3.197447713027609141e-08  3.197447713027609141e-08
7.858333333599386350e+00  2.543963677552126550e-08  2.543963677552126550e-08
7.958333333599385995e+00  2.025092601077007361e-08  2.025092601077007361e-08
8.058333333599387416e+00  1.611761581822571951e-08  1.611761581822571951e-08
8.158333333599387061e+00  1.281932613661298614e-08  1.281932613661298614e-08
8.258333333599386705e+00  1.018724160262360159e-08  1.018724160262360159e-08
8.358333333599386350e+00  8.089589110189063239e-09  8.089589110189063239e-09
8.458333333599385995e+00  6.421350656122716613e-09  6.421350656122716613e-09
8.558333333599387416e+00  5.097469495842216379e-09  5.097469495842216379e-09
8.658333333599387061e+00  4.048533040320678666e-09  4.048533040320678666e-09
8.758333333599386705e+00  3.217973137689876178e-09  3.217973137689876178e-09
8.858333333599386350e+00  2.560060433752701718e-09  2.560060433752701718e-09
8.958333333599385995e+00  2.038249987844056122e-09  2.038249987844056122e-09
9.058333333599387416e+00  1.623672962446564289e-09  1.623672962446564289e-09
9.158333333599387061e+00  1.293726422418779524e-09  1.293726422418779524e-09
9.258333333599386705e+00  1.030789988744418072e-09  1.030789988744418072e-09
9.358333333599386350e+00  8.211148681501737753e-10  8.211148681501737753e-10
9.458333333599385995e+00  6.539140748763994938e-10  6.539140748763994938e-10
9.558333333599387416e+00  5.206551449171458906e-10  5.206551449171458906e-10
9.658333333599387061e+00  4.145329528977103357e-10  4.145329528977103357e-10
9.758333333599386705e+00  3.300868150732460912e-10  3.300868150732460912e-10
9.858333333599386350e+00  2.629232409677188745e-10  2.629232409677188745e-10
9.958333333599385995e+00  2.095104990496421258e-10  2.095104990496421258e-10
1.005833333359938742e+01  1.670196708513028913e-10  1.670196708513028913e-10
1.015833333359938706e+01  1.331957671998289566e-10  1.331957671998289566e-10
1.025833333359938671e+01  1.062497179240434425e-10  1.062497179240434425e-10
1.035833333359938635e+01  8.476684425966296311e-11  8.476684425966296311e-11
1.045833333359938599e+01  6.762993028018506146e-11  6.762993028018506146e-11
