-1.611109472173166246e+00  4.188352420452317934e-08  4.188352420452317934e-08
-1.511109472173166157e+00  1.532694495494329853e-07  1.532694495494329853e-07
-1.411109472173166068e+00  5.365348377526340080e-07  5.365348377526340080e-07
-1.311109472173166424e+00  1.790277653827155384e-06  1.790277653827155384e-06
-1.211109472173166335e+00  5.681438530771502324e-06  5.681438530771502324e-06
-1.111109472173166246e+00  1.712420263210534348e-05  1.712420263210534348e-05
-1.011109472173166157e+00  4.897774970212648532e-05  4.897774970212648532e-05
-9.111094721731660684e-01  1.328568223842977218e-04  1.328568223842977218e-04
-8.111094721731662016e-01  3.416734362136647648e-04  3.416734362136647648e-04
-7.111094721731663348e-01  8.328761809345526859e-04  8.328761809345526859e-04
-6.111094721731662460e-01  1.924090006304983490e-03  1.924090006304983490e-03
-5.111094721731661572e-01  4.212133479811610431e-03  4.212133479811610431e-03
-4.111094721731660684e-01  8.737385338062605977e-03  8.737385338062605977e-03
-3.111094721731662016e-01  1.717292807459182974e-02  1.717292807459182974e-02
-2.111094721731661128e-01  3.198001977425902337e-02  3.198001977425902337e-02
-1.111094721731662460e-01  5.642584133244896161e-02  5.642584133244896161e-02
-1.110947217316615721e-02  9.432790762858017652e-02  9.432790762858017652e-02
8.889052782683393161e-02  1.494057449239456214e-01  1.494057449239456214e-01
1.888905278268337984e-01  2.242156429130696682e-01  2.242156429130696682e-01
2.888905278268338872e-01  3.188218061337570464e-01  3.188218061337570464e-01
3.888905278268337540e-01  4.295688186891687410e-01  4.295688186891687410e-01
4.888905278268338428e-01  5.484654575213060435e-01  5.484654575213060435e-01
5.888905278268339316e-01  6.636537110826149499e-01  6.636537110826149499e-01
6.888905278268340204e-01  7.611594540507007345e-01  7.611594540507007345e-01
7.888905278268341092e-01  8.276602265796837443e-01  8.276602265796837443e-01
8.888905278268337540e-01  8.535423798910797277e-01  8.535423798910797277e-01
9.888905278268338428e-01  8.352846811119601922e-01  8.352846811119601922e-01
1.088890527826833932e+00  7.763509134746792162e-01  7.763509134746792162e-01
1.188890527826834020e+00  6.862732594850792234e-01  6.862732594850792234e-01
1.288890527826834109e+00  5.782507722242189452e-01  5.782507722242189452e-01
1.388890527826833754e+00  4.660852017263809044e-01  4.660852017263809044e-01
1.488890527826833843e+00  3.614195616967387226e-01  3.614195616967387226e-01
1.588890527826833932e+00  2.720067618306155066e-01  2.720067618306155066e-01
1.688890527826834020e+00  2.012695894063845359e-01  2.012695894063845359e-01
1.788890527826834109e+00  1.489501216357470292e-01  1.489501216357470292e-01
1.888890527826833754e+00  1.123681967923879366e-01  1.123681967923879366e-01
1.988890527826833843e+00  8.777275048550575720e-02  8.777275048550575720e-02
2.088890527826833932e+00  7.141663315359933484e-02  7.141663315359933484e-02
2.188890527826834020e+00  6.019974183390204570e-02  6.019974183390204570e-02
2.288890527826834109e+00  5.190576306892295821e-02  5.190576306892295821e-02
2.388890527826833754e+00  4.515561189884766818e-02  4.515561189884766818e-02
2.488890527826834287e+00  3.921851306483040839e-02  3.921851306483040839e-02
2.588890527826833932e+00  3.379051929567176288e-02  3.379051929567176288e-02
2.688890527826833576e+00  2.880384719063788790e-02  2.880384719063788790e-02
2.788890527826834109e+00  2.429082421622926966e-02  2.429082421622926966e-02
2.888890527826833754e+00  2.030158310507524863e-02  2.030158310507524863e-02
2.988890527826834287e+00  1.686364328552125008e-02  1.686364328552125008e-02
3.088890527826833932e+00  1.396933421766312702e-02  1.396933421766312702e-02
3.188890527826834465e+00  1.157903676660967246e-02  1.157903676660967246e-02
3.288890527826834109e+00  9.631490484155966550e-03  9.631490484155966550e-03
3.388890527826833754e+00  8.055527110333386351e-03  8.055527110333386351e-03
3.488890527826834287e+00  6.780074464489997330e-03  6.780074464489997330e-03
3.588890527826833932e+00  5.741076514354652958e-03  5.741076514354652958e-03
3.688890527826834465e+00  4.885171044292020356e-03  4.885171044292020356e-03
3.788890527826834109e+00  4.170658843506794625e-03  4.170658843506794625e-03
3.888890527826833754e+00  3.566597073710524139e-03  3.566597073710524139e-03
3.988890527826834287e+00  3.050868399112971387e-03  3.050868399112971387e-03
4.088890527826833932e+00  2.607927879857300634e-03  2.607927879857300634e-03
4.188890527826834465e+00  2.226708117144368410e-03  2.226708117144368410e-03
4.288890527826834109e+00  1.898941347280054667e-03  1.898941347280054667e-03
4.388890527826833754e+00  1.617978021940007704e-03  1.617978021940007704e-03
4.488890527826834287e+00  1.378061861968457851e-03  1.378061861968457851e-03
4.588890527826833932e+00  1.173959523283559306e-03  1.173959523283559306e-03
4.688890527826834465e+00  1.000826298535951401e-03  1.000826298535951401e-03
4.788890527826834109e+00  8.542015653140941096e-04  8.542015653140941096e-04
4.888890527826833754e+00  7.300541110488054054e-04  7.300541110488054054e-04
4.988890527826834287e+00  6.248268627588643345e-04  6.248268627588643345e-04
5.088890527826833932e+00  5.354560809418892767e-04  5.354560809418892767e-04
5.188890527826834465e+00  4.593586466396411272e-04  4.593586466396411272e-04
5.288890527826834109e+00  3.943922727951426231e-04  3.943922727951426231e-04
5.388890527826833754e+00  3.387984724984770485e-04  3.387984724984770485e-04
5.488890527826834287e+00  2.911387389559419859e-04  2.911387389559419859e-04
5.588890527826833932e+00  2.502324783745482790e-04  2.502324783745482790e-04
5.688890527826834465e+00  2.151022975787371253e-04  2.151022975787371253e-04
5.788890527826834109e+00  1.849293236753828465e-04  1.849293236753828465e-04
5.888890527826833754e+00  1.590189048307416109e-04  1.590189048307416109e-04
5.988890527826834287e+00  1.367755219860397370e-04  1.367755219860397370e-04
6.088890527826833932e+00  1.176849948527754436e-04  1.176849948527754436e-04
6.188890527826834465e+00  1.013019208221689334e-04  1.013019208221689334e-04
6.288890527826834109e+00  8.724052725273565099e-05  8.724052725273565099e-05
6.388890527826833754e+00  7.516754654273444399e-05  7.516754654273444399e-05
6.488890527826833399e+00  6.479618733293541317e-05  6.479618733293541317e-05
6.588890527826834820e+00  5.588067842935135322e-05  5.588067842935135322e-05
6.688890527826834465e+00  4.821115983282611559e-05  4.821115983282611559e-05
6.788890527826834109e+00  4.160888092062871876e-05  4.160888092062871876e-05
6.888890527826833754e+00  3.592175601907930042e-05  3.592175601907930042e-05
6.988890527826833399e+00  3.102034943241241936e-05  3.102034943241241936e-05
7.088890527826834820e+00  2.679434350240116655e-05  2.679434350240116655e-05
7.188890527826834465e+00  2.314950781360058902e-05  2.314950781360058902e-05
7.288890527826834109e+00  2.000515149559458519e-05  2.000515149559458519e-05
7.388890527826833754e+00  1.729201285367770315e-05  1.729201285367770315e-05
7.488890527826833399e+00  1.495052463768235508e-05  1.495052463768235508e-05
7.588890527826834820e+00  1.292938855637101211e-05  1.292938855637101211e-05
7.688890527826834465e+00  1.118439646433834043e-05  1.118439646433834043e-05
7.788890527826834109e+00  9.677444618396301883e-06  9.677444618396301883e-06
7.888890527826833754e+00  8.375698433705889992e-06  8.375698433705889992e-06
7.988890527826835175e+00  7.250875958127528152e-06  7.250875958127528152e-06
8.088890527826833932e+00  6.278627430681089123e-06  6.278627430681089123e-06
8.188890527826835353e+00  5.437995213484231546e-06  5.437995213484231546e-06
8.288890527826833221e+00  4.710943099639959473e-06  4.710943099639959473e-06
8.388890527826834642e+00  4.081946871148742505e-06  4.081946871148742505e-06
8.488890527826836063e+00  3.537639525407258453e-06  3.537639525407258453e-06
8.588890527826833932e+00  3.066505314905113781e-06  3.066505314905113781e-06
8.688890527826835353e+00  2.658617067274451825e-06  2.658617067274451825e-06
8.788890527826833221e+00  2.305411458703098164e-06  2.305411458703098164e-06
8.888890527826834642e+00  1.999497165178295635e-06  1.999497165178295635e-06
8.988890527826836063e+00  1.734491175966809060e-06  1.734491175966809060e-06
9.088890527826833932e+00  1.504879018608367754e-06  1.504879018608367754e-06
9.188890527826835353e+00  1.305895175885223368e-06  1.305895175885223368e-06
9.288890527826833221e+00  1.133420523561895226e-06  1.133420523561895226e-06
9.388890527826834642e+00  9.838941393649077596e-07  9.838941393649077596e-07
9.488890527826836063e+00  8.542372981918447011e-07  8.542372981918447011e-07
9.588890527826833932e+00  7.417878605072052808e-07  7.417878605072052808e-07
9.688890527826835353e+00  6.442435779455247828e-07  6.442435779455247828e-07
9.788890527826833221e+00  5.596130890915431403e-07  5.596130890915431403e-07
9.888890527826834642e+00  4.861735709911478194e-07  4.861735709911478194e-07
9.988890527826836063e+00  4.224341613377855271e-07  4.224341613377855271e-07
1.008889052782683393e+01  3.671043846184405323e-07  3.671043846184405323e-07
1.018889052782683535e+01  3.190669125659688660e-07  3.190669125659688660e-07
1.028889052782683322e+01  2.773540720465001299e-07  2.773540720465001299e-07
1.038889052782683464e+01  2.411275864484091513e-07  2.411275864484091513e-07
