-1.530927835007985571e+00  1.014668379457718154e-16  1.014668379457718154e-16
-1.430927835007985927e+00  1.823742541847283338e-15  1.823742541847283338e-15
-1.330927835007985838e+00  2.952450078315493627e-14  2.952450078315493627e-14
-1.230927835007985749e+00  4.268081326635400980e-13  4.268081326635400980e-13
-1.130927835007986104e+00  5.491134626953417807e-12  5.491134626953417807e-12
-1.030927835007985571e+00  6.279008341348540932e-11  6.279008341348540932e-11
-9.309278350079857045e-01  6.377912860890401069e-10  6.377912860890401069e-10
-8.309278350079858377e-01  5.753339720378573994e-09  5.753339720378573994e-09
-7.309278350079857489e-01  4.608588313755949957e-08  4.608588313755949957e-08
-6.309278350079856601e-01  3.277930959232717917e-07  3.277930959232717917e-07
-5.309278350079857933e-01  2.070163287396491903e-06  2.070163287396491903e-06
-4.309278350079857045e-01  1.160851424286778748e-05  1.160851424286778748e-05
-3.309278350079856157e-01  5.779801251003034945e-05  5.779801251003034945e-05
-2.309278350079857489e-01  2.555122782003170067e-04  2.555122782003170067e-04
-1.309278350079856601e-01  1.002934039985359455e-03  1.002934039985359455e-03
-3.092783500798579333e-02  3.495378935387498734e-03  3.495378935387498734e-03
6.907216499201429549e-02  1.081626509233037450e-02  1.081626509233037450e-02
1.690721649920143843e-01  2.971814355678210201e-02  2.971814355678210201e-02
2.690721649920142511e-01  7.249828910437693119e-02  7.249828910437693119e-02
3.690721649920143399e-01  1.570349941348253842e-01  1.570349941348253842e-01
4.690721649920142067e-01  3.020155870863749370e-01  3.020155870863749370e-01
5.690721649920142955e-01  5.157384470345137695e-01  5.157384470345137695e-01
6.690721649920143843e-01  7.819924703796833354e-01  7.819924703796833354e-01
7.690721649920144731e-01  1.052833334367738072e+00  1.052833334367738072e+00
8.690721649920145619e-01  1.258702632520495301e+00  1.258702632520495301e+00
9.690721649920142067e-01  1.336412626370603762e+00  1.336412626370603762e+00
1.069072164992014295e+00  1.260423676779572899e+00  1.260423676779572899e+00
1.169072164992014384e+00  1.056554972670606274e+00  1.056554972670606274e+00
1.269072164992014473e+00  7.882190489642755260e-01  7.882190489642755260e-01
1.369072164992014562e+00  5.250889065453090421e-01  5.250889065453090421e-01
1.469072164992014207e+00  3.150637165784151428e-01  3.150637165784151428e-01
1.569072164992014295e+00  1.741219984133924592e-01  1.741219984133924592e-01
1.669072164992014384e+00  9.355910103097207775e-02  9.355910103097207775e-02
1.769072164992014473e+00  5.417456273760930252e-02  5.417456273760930252e-02
1.869072164992014562e+00  3.758264419149751068e-02  3.758264419149751068e-02
1.969072164992014207e+00  3.111314560320310035e-02  3.111314560320310035e-02
2.069072164992014073e+00  2.787773321934660514e-02  2.787773321934660514e-02
2.169072164992014606e+00  2.493322830757387781e-02  2.493322830757387781e-02
2.269072164992014251e+00  2.146096787896553670e-02  2.146096787896553670e-02
2.369072164992014784e+00  1.757317820085758583e-02  1.757317820085758583e-02
2.469072164992014429e+00  1.367170796573449060e-02  1.367170796573449060e-02
2.569072164992014962e+00  1.014174572402966670e-02  1.014174572402966670e-02
2.669072164992014606e+00  7.227710870436997691e-03  7.227710870436997691e-03
2.769072164992014251e+00  5.010746061182443610e-03  5.010746061182443610e-03
2.869072164992014784e+00  3.441685629749416560e-03  3.441685629749416560e-03
2.969072164992014429e+00  2.396117048229836049e-03  2.396117048229836049e-03
3.069072164992014962e+00  1.727174629218534855e-03  1.727174629218534855e-03
3.169072164992014606e+00  1.302470022282991007e-03  1.302470022282991007e-03
3.269072164992015139e+00  1.021958385508451011e-03  1.021958385508451011e-03
3.369072164992014784e+00  8.205273806485184965e-04  8.205273806485184965e-04
3.469072164992014429e+00  6.617450440023535602e-04  6.617450440023535602e-04
3.569072164992014962e+00  5.285902588200441787e-04  5.285902588200441787e-04
3.669072164992014606e+00  4.149120196611487681e-04  4.149120196611487681e-04
3.769072164992015139e+00  3.192536827163742390e-04  3.192536827163742390e-04
3.869072164992014784e+00  2.412214394019716629e-04  2.412214394019716629e-04
3.969072164992014429e+00  1.798550606419520770e-04  1.798550606419520770e-04
4.069072164992014962e+00  1.332689124178183273e-04  1.332689124178183273e-04
4.169072164992014606e+00  9.892456077942696723e-05  9.892456077942696723e-05
4.269072164992015139e+00  7.409114648065527522e-05  7.409114648065527522e-05
4.369072164992014784e+00  5.624449426536889366e-05  5.624449426536889366e-05
4.469072164992014429e+00  4.330665296200654181e-05  4.330665296200654181e-05
4.569072164992014962e+00  3.372339239135291940e-05  3.372339239135291940e-05
4.669072164992014606e+00  2.642413278767394644e-05  2.642413278767394644e-05
4.769072164992015139e+00  2.072024201169125372e-05  2.072024201169125372e-05
4.869072164992014784e+00  1.618847122549391614e-05  1.618847122549391614e-05
4.969072164992014429e+00  1.256910950388759050e-05  1.256910950388759050e-05
5.069072164992014962e+00  9.691699632502533886e-06  9.691699632502533886e-06
5.169072164992014606e+00  7.429067484574237460e-06  7.429067484574237460e-06
5.269072164992015139e+00  5.673868809317428818e-06  5.673868809317428818e-06
5.369072164992014784e+00  4.329830753587233217e-06  4.329830753587233217e-06
5.469072164992014429e+00  3.310660541650115817e-06  3.310660541650115817e-06
5.569072164992014962e+00  2.541627737412337835e-06  2.541627737412337835e-06
5.669072164992014606e+00  1.960992163614441085e-06  1.960992163614441085e-06
5.769072164992015139e+00  1.520160140356401083e-06  1.520160140356401083e-06
5.869072164992014784e+00  1.182525941359170645e-06  1.182525941359170645e-06
5.969072164992014429e+00  9.214577736168099369e-07  9.214577736168099369e-07
6.069072164992014962e+00  7.179891226244447362e-07  7.179891226244447362e-07
6.169072164992014606e+00  5.586595105812202676e-07  5.586595105812202676e-07
6.269072164992015139e+00  4.337576153346174195e-07  4.337576153346174195e-07
6.369072164992014784e+00  3.360438994173056498e-07  3.360438994173056498e-07
6.469072164992014429e+00  2.599096932666522723e-07  2.599096932666522723e-07
6.569072164992014073e+00  2.008706369038452757e-07  2.008706369038452757e-07
6.669072164992015495e+00  1.552812989882370139e-07  1.552812989882370139e-07
6.769072164992015139e+00  1.201754005949410637e-07  1.201754005949410637e-07
6.869072164992014784e+00  9.316501163100280662e-08  9.316501163100280662e-08
6.969072164992014429e+00  7.236042457752561571e-08  7.236042457752561571e-08
7.069072164992014073e+00  5.629403011939173972e-08  5.629403011939173972e-08
7.169072164992015495e+00  4.384484775440880993e-08  4.384484775440880993e-08
7.269072164992015139e+00  3.416656019163662126e-08  3.416656019163662126e-08
7.369072164992014784e+00  2.662324460775341679e-08  2.662324460775341679e-08
7.469072164992014429e+00  2.073578712382513544e-08  2.073578712382513544e-08
7.569072164992014073e+00  1.613995983991907596e-08  1.613995983991907596e-08
7.669072164992015495e+00  1.255537843575541678e-08  1.255537843575541678e-08
7.769072164992015139e+00  9.763478756831117948e-09  9.763478756831117948e-09
7.869072164992014784e+00  7.592277354962586695e-09  7.592277354962586695e-09
7.969072164992014429e+00  5.905828453114752719e-09  5.905828453114752719e-09
8.069072164992014962e+00  4.596717437425990945e-09  4.596717437425990945e-09
8.169072164992016383e+00  3.580433603791636821e-09  3.580433603791636821e-09
8.269072164992014251e+00  2.790909829641467765e-09  2.790909829641467765e-09
8.369072164992015672e+00  2.176843855633173269e-09  2.176843855633173269e-09
8.469072164992013541e+00  1.698618437424583039e-09  1.698618437424583039e-09
8.569072164992014962e+00  1.325739586183275380e-09  1.325739586183275380e-09
8.669072164992016383e+00  1.034747749598365427e-09  1.034747749598365427e-09
8.769072164992014251e+00  8.075578539630902346e-10  8.075578539630902346e-10
8.869072164992015672e+00  6.301736819301943827e-10  6.301736819301943827e-10
8.969072164992013541e+00  4.917133331326758725e-10  4.917133331326758725e-10
9.069072164992014962e+00  3.836807222852055196e-10  3.836807222852055196e-10
9.169072164992014606e+00  2.994232678587057491e-10  2.994232678587057491e-10
9.269072164992014251e+00  2.337257099792332645e-10  2.337257099792332645e-10
9.369072164992013896e+00  1.825014605835937899e-10  1.825014605835937899e-10
9.469072164992013541e+00  1.425537140982768632e-10  1.425537140982768632e-10
9.569072164992014962e+00  1.113873917310143545e-10  1.113873917310143545e-10
9.669072164992014606e+00  8.705942467309468569e-11  8.705942467309468569e-11
9.769072164992014251e+00  6.805909897799438380e-11  6.805909897799438380e-11
9.869072164992013896e+00  5.321270167938898094e-11  5.321270167938898094e-11
9.969072164992013541e+00  4.160810387011524383e-11  4.160810387011524383e-11
1.006907216499201496e+01  3.253568539168418735e-11  3.253568539168418735e-11
1.016907216499201461e+01  2.544249185052570925e-11  2.544249185052570925e-11
1.026907216499201425e+01  1.989691412102833615e-11  1.989691412102833615e-11
1.036907216499201390e+01  1.556157568372505742e-11  1.556157568372505742e-11
1.046907216499201354e+01  1.217251617201098864e-11  1.217251617201098864e-11
