-1.569057563556447654e+00  0.000000000000000000e+00  0.000000000000000000e+00
-1.469057563556448009e+00  0.000000000000000000e+00  0.000000000000000000e+00
-1.369057563556447921e+00  0.000000000000000000e+00  0.000000000000000000e+00
-1.269057563556447832e+00  0.000000000000000000e+00  0.000000000000000000e+00
-1.169057563556448187e+00  0.000000000000000000e+00  0.000000000000000000e+00
-1.069057563556447654e+00  0.000000000000000000e+00  0.000000000000000000e+00
-9.690575635564477874e-01  0.000000000000000000e+00  0.000000000000000000e+00
-8.690575635564479207e-01  0.000000000000000000e+00  0.000000000000000000e+00
-7.690575635564478318e-01  0.000000000000000000e+00  0.000000000000000000e+00
-6.690575635564477430e-01  0.000000000000000000e+00  0.000000000000000000e+00
-5.690575635564478763e-01  0.000000000000000000e+00  0.000000000000000000e+00
-4.690575635564477874e-01  0.000000000000000000e+00  0.000000000000000000e+00
-3.690575635564476986e-01  0.000000000000000000e+00  0.000000000000000000e+00
-2.690575635564478318e-01  0.000000000000000000e+00  0.000000000000000000e+00
-1.690575635564477430e-01  1.401662739768081154e-291  1.401662739768081154e-291
-6.905756355644787625e-02  6.521283550419692996e-241  6.521283550419692996e-241
3.094243644355221257e-02  4.534489452986499581e-195  4.534489452986499581e-195
1.309424364435523014e-01  4.712262386985068213e-154  4.712262386985068213e-154
2.309424364435521682e-01  7.318739510969971394e-118  7.318739510969971394e-118
3.309424364435522570e-01  1.698825893555545538e-86  1.698825893555545538e-86
4.309424364435521237e-01  5.893417528026447180e-60  5.893417528026447180e-60
5.309424364435522126e-01  3.055563443983197796e-38  3.055563443983197796e-38
6.309424364435523014e-01  2.367669923732419806e-21  2.367669923732419806e-21
7.309424364435523902e-01  2.741932541321667947e-09  2.741932541321667947e-09
8.309424364435524790e-01  4.745676507217166246e-02  4.745676507217166246e-02
9.309424364435521237e-01  1.227567134344411137e+01  1.227567134344411137e+01
1.030942436443552213e+00  4.745676507216934487e-02  4.745676507216934487e-02
1.130942436443552301e+00  2.741932541321404903e-09  2.741932541321404903e-09
1.230942436443552390e+00  2.367669923732066969e-21  2.367669923732066969e-21
1.330942436443552479e+00  3.055565828653714185e-38  3.055565828653714185e-38
1.430942436443552124e+00  4.441581771745473392e-31  4.441581771745473392e-31
1.530942436443552213e+00  3.198156483733076516e-20  3.198156483733076516e-20
1.630942436443552301e+00  8.902554388083551259e-12  8.902554388083551259e-12
1.730942436443552390e+00  9.580373477807955113e-06  9.580373477807955113e-06
1.830942436443552479e+00  3.985686377702689354e-02  3.985686377702689354e-02
1.930942436443552124e+00  6.410275325595385931e-01  6.410275325595385931e-01
2.030942436443551991e+00  3.985686377702590127e-02  3.985686377702590127e-02
2.130942436443552523e+00  9.580373477807479081e-06  9.580373477807479081e-06
2.230942436443552168e+00  8.902554388082887253e-12  8.902554388082887253e-12
2.330942436443552701e+00  3.198156483797368872e-20  3.198156483797368872e-20
2.430942436443552346e+00  4.539862793152414295e-22  4.539862793152414295e-22
2.530942436443552879e+00  7.857494616549305232e-15  7.857494616549305232e-15
2.630942436443552523e+00  3.349865546145842472e-09  3.349865546145842472e-09
2.730942436443552168e+00  3.517811617974515338e-05  3.517811617974515338e-05
2.830942436443552701e+00  9.099545492562418486e-03  9.099545492562418486e-03
2.930942436443552346e+00  5.797873574605754560e-02  5.797873574605754560e-02
3.030942436443552879e+00  9.099545492562120114e-03  9.099545492562120114e-03
3.130942436443552523e+00  3.517811617974515338e-05  3.517811617974515338e-05
3.230942436443553056e+00  3.349865546145509118e-09  3.349865546145509118e-09
3.330942436443552701e+00  7.857494617819748365e-15  7.857494617819748365e-15
3.430942436443552346e+00  5.487691563356454558e-18  5.487691563356454558e-18
3.530942436443552879e+00  1.472430441928460314e-12  1.472430441928460314e-12
3.630942436443552523e+00  2.456644139287872749e-08  2.456644139287872749e-08
3.730942436443553056e+00  2.548450208553664487e-05  2.548450208553664487e-05
3.830942436443552701e+00  1.643752756228575697e-03  1.643752756228575697e-03
3.930942436443552346e+00  6.592092222839076102e-03  6.592092222839076102e-03
4.030942436443552879e+00  1.643752756228535582e-03  1.643752756228535582e-03
4.130942436443552523e+00  2.548450208553540143e-05  2.548450208553540143e-05
4.230942436443553056e+00  2.456644139287689446e-08  2.456644139287689446e-08
4.330942436443552701e+00  1.472430445541298260e-12  1.472430445541298260e-12
4.430942436443552346e+00  7.398474300841684521e-16  7.398474300841684521e-16
4.530942436443552879e+00  1.617535966132713106e-11  1.617535966132713106e-11
4.630942436443552523e+00  3.861001020423328496e-08  3.861001020423328496e-08
4.730942436443553056e+00  9.987275683739099837e-06  9.987275683739099837e-06
4.830942436443552701e+00  2.799595656847897896e-04  2.799595656847897896e-04
4.930942436443552346e+00  8.504420691006722060e-04  8.504420691006722060e-04
5.030942436443552879e+00  2.799595656847843144e-04  2.799595656847843144e-04
5.130942436443552523e+00  9.987275683738708508e-06  9.987275683738708508e-06
5.230942436443553056e+00  3.861001020423102180e-08  3.861001020423102180e-08
5.330942436443552701e+00  1.617536005818959322e-11  1.617536005818959322e-11
5.430942436443552346e+00  1.125428215063054908e-14  1.125428215063054908e-14
5.530942436443552879e+00  4.376563162550632714e-11  4.376563162550632714e-11
5.630942436443552523e+00  2.857622406555670310e-08  2.857622406555670310e-08
5.730942436443553056e+00  2.928380079803700479e-06  2.928380079803700479e-06
5.830942436443552701e+00  4.709784160275687207e-05  4.709784160275687207e-05
5.930942436443552346e+00  1.188845792370186289e-04  1.188845792370186289e-04
6.030942436443552879e+00  4.709784160275609280e-05  4.709784160275609280e-05
6.130942436443552523e+00  2.928380079803603917e-06  2.928380079803603917e-06
6.230942436443553056e+00  2.857622406555550865e-08  2.857622406555550865e-08
6.330942436443552701e+00  4.376563848180560711e-11  4.376563848180560711e-11
6.430942436443552346e+00  5.296022739564356850e-14  5.296022739564356850e-14
6.530942436443551991e+00  5.368858354107427756e-11  5.368858354107427756e-11
6.630942436443553412e+00  1.388765965339747716e-08  1.388765965339747716e-08
6.730942436443553056e+00  7.345474676663114200e-07  7.345474676663114200e-07
6.830942436443552701e+00  7.944276412914198310e-06  7.944276412914198310e-06
6.930942436443552346e+00  1.756841196813631683e-05  1.756841196813631683e-05
7.030942436443551991e+00  7.944276412914198310e-06  7.944276412914198310e-06
7.130942436443553412e+00  7.345474676662701272e-07  7.345474676662701272e-07
7.230942436443553056e+00  1.388765965340079746e-08  1.388765965340079746e-08
7.330942436443552701e+00  5.368862069962692811e-11  5.368862069962692811e-11
7.430942436443552346e+00  1.204592172106234707e-13  1.204592172106234707e-13
7.530942436443551991e+00  4.041480372504971398e-11  4.041480372504971398e-11
7.630942436443553412e+00  5.220284013222188569e-09  5.220284013222188569e-09
7.730942436443553056e+00  1.681361438529771666e-07  1.681361438529771666e-07
7.830942436443552701e+00  1.350334157170054504e-06  1.350334157170054504e-06
7.930942436443552346e+00  2.704174067259974671e-06  2.704174067259974671e-06
8.030942436443552879e+00  1.350334157170021046e-06  1.350334157170021046e-06
8.130942436443554300e+00  1.681361438529688550e-07  1.681361438529688550e-07
8.230942436443552168e+00  5.220284013252962997e-09  5.220284013252962997e-09
8.330942436443553589e+00  4.041489277957150782e-11  4.041489277957150782e-11
8.430942436443551458e+00  1.632890819989738801e-13  1.632890819989738801e-13
8.530942436443552879e+00  2.205692625190913655e-11  2.205692625190913655e-11
8.630942436443554300e+00  1.660065967410953297e-09  1.660065967410953297e-09
8.730942436443552168e+00  3.635301317954954647e-08  3.635301317954954647e-08
8.830942436443553589e+00  2.316271451615684212e-07  2.316271451615684212e-07
8.930942436443551458e+00  4.294103104863315284e-07  4.294103104863315284e-07
9.030942436443552879e+00  2.316271451615633125e-07  2.316271451615633125e-07
9.130942436443552523e+00  3.635301317954797813e-08  3.635301317954797813e-08
9.230942436443552168e+00  1.660065967511517780e-09  1.660065967511517780e-09
9.330942436443551813e+00  2.205703274555254120e-11  2.205703274555254120e-11
9.430942436443551458e+00  1.502131589673489498e-13  1.502131589673489498e-13
9.530942436443552879e+00  9.638490035123333679e-12  9.638490035123333679e-12
9.630942436443552523e+00  4.708988893651157344e-10  4.708988893651157344e-10
9.730942436443552168e+00  7.573580169361283755e-09  7.573580169361283755e-09
9.830942436443551813e+00  4.009824485311994222e-08  4.009824485311994222e-08
9.930942436443551458e+00  6.988759178391022116e-08  6.988759178391022116e-08
1.003094243644355288e+01  4.009824485311915475e-08  4.009824485311915475e-08
1.013094243644355252e+01  7.573580169361090195e-09  7.573580169361090195e-09
1.023094243644355217e+01  4.708988895411368736e-10  4.708988895411368736e-10
1.033094243644355181e+01  9.638541460806187228e-12  9.638541460806187228e-12
1.043094243644355146e+01  1.030555506010535942e-13  1.030555506010535942e-13
