-1.586946371735173944e+00  1.011283037231630454e-272  1.011283037231630454e-272
-1.486946371735173855e+00  2.918820916725173218e-255  2.918820916725173218e-255
-1.386946371735174210e+00  1.952898939073290017e-234  1.952898939073290017e-234
-1.286946371735173678e+00  1.709123018097410073e-214  1.709123018097410073e-214
-1.186946371735174033e+00  1.943352622708499277e-195  1.943352622708499277e-195
-1.086946371735173944e+00  2.870877285783941170e-177  2.870877285783941170e-177
-9.869463717351738552e-01  5.510136764499056925e-160  5.510136764499056925e-160
-8.869463717351737664e-01  1.374025707941855577e-143  1.374025707941855577e-143
-7.869463717351738996e-01  4.451558338451544967e-128  4.451558338451544967e-128
-6.869463717351740328e-01  1.873760203912325780e-113  1.873760203912325780e-113
-5.869463717351739440e-01  1.024709313152502441e-99  1.024709313152502441e-99
-4.869463717351738552e-01  7.280682400952129577e-87  7.280682400952129577e-87
-3.869463717351737664e-01  6.720912180338528488e-75  6.720912180338528488e-75
-2.869463717351738996e-01  8.060631837076961447e-64  8.060631837076961447e-64
-1.869463717351738108e-01  1.256014581320887094e-53  1.256014581320887094e-53
-8.694637173517394402e-02  2.542757873413660021e-44  2.542757873413660021e-44
1.305362826482614480e-02  6.688058528559841157e-36  6.688058528559841157e-36
1.130536282648262336e-01  2.285492777356421264e-28  2.285492777356421264e-28
2.130536282648261004e-01  1.014715681599564908e-21  1.014715681599564908e-21
3.130536282648261892e-01  5.853203475898721125e-16  5.853203475898721125e-16
4.130536282648260560e-01  4.386595637461656518e-11  4.386595637461656518e-11
5.130536282648261448e-01  4.271164652710319254e-07  4.271164652710319254e-07
6.130536282648262336e-01  5.403183983141718197e-04  5.403183983141718197e-04
7.130536282648263224e-01  8.880510433969679429e-02  8.880510433969679429e-02
8.130536282648264113e-01  1.896316538270616414e+00  1.896316538270616414e+00
9.130536282648260560e-01  5.261002004333189319e+00  5.261002004333189319e+00
1.013053628264826145e+00  1.896316538270599539e+00  1.896316538270599539e+00
1.113053628264826234e+00  8.880510433969700246e-02  8.880510433969700246e-02
1.213053628264826322e+00  5.403184021295378116e-04  5.403184021295378116e-04
1.313053628264826411e+00  4.300142256841697905e-07  4.300142256841697905e-07
1.413053628264826056e+00  7.933292733069503212e-07  7.933292733069503212e-07
1.513053628264826145e+00  7.827783781581285690e-05  7.827783781581285690e-05
1.613053628264826234e+00  2.784136616893351495e-03  2.784136616893351495e-03
1.713053628264826322e+00  3.569312958235378030e-02  3.569312958235378030e-02
1.813053628264826411e+00  1.649381353777203130e-01  1.649381353777203130e-01
1.913053628264826056e+00  2.747260853826593574e-01  2.747260853826593574e-01
2.013053628264826145e+00  1.649381353777465142e-01  1.649381353777465142e-01
2.113053628264826234e+00  3.569312959108845995e-02  3.569312959108845995e-02
2.213053628264826322e+00  2.784138052549977194e-03  2.784138052549977194e-03
2.313053628264826411e+00  7.839734674045003410e-05  7.839734674045003410e-05
2.413053628264826056e+00  5.831906119000091352e-06  5.831906119000091352e-06
2.513053628264826589e+00  1.075960350763153513e-04  1.075960350763153513e-04
2.613053628264826234e+00  1.163641103397061727e-03  1.163641103397061727e-03
2.713053628264825878e+00  6.374044772318191755e-03  6.374044772318191755e-03
2.813053628264826411e+00  1.768368394521753831e-02  1.768368394521753831e-02
2.913053628264826056e+00  2.484802960547679088e-02  2.484802960547679088e-02
3.013053628264826589e+00  1.768368394821720480e-02  1.768368394821720480e-02
3.113053628264826234e+00  6.374045001679895864e-03  6.374045001679895864e-03
3.213053628264826767e+00  1.163651628056543109e-03  1.163651628056543109e-03
3.313053628264826411e+00  1.078832907919689382e-04  1.078832907919689382e-04
3.413053628264826056e+00  9.839394835974057588e-06  9.839394835974057588e-06
3.513053628264826589e+00  4.780826021936551923e-05  4.780826021936551923e-05
3.613053628264826234e+00  2.844094376315291673e-04  2.844094376315291673e-04
3.713053628264826767e+00  1.018330750430162905e-03  1.018330750430162905e-03
3.813053628264826411e+00  2.189057052422035791e-03  2.189057052422035791e-03
3.913053628264826056e+00  2.825182381716264800e-03  2.825182381716264800e-03
4.013053628264826145e+00  2.189057076515841735e-03  2.189057076515841735e-03
4.113053628264825790e+00  1.018331516603248601e-03  1.018331516603248601e-03
4.213053628264827211e+00  2.844245491220927127e-04  2.844245491220927127e-04
4.313053628264826855e+00  4.792367832023657721e-05  4.792367832023657721e-05
4.413053628264826500e+00  7.018356580642523668e-06  7.018356580642523668e-06
4.513053628264826145e+00  1.420772684476015353e-05  1.420772684476015353e-05
4.613053628264825790e+00  5.808485844789753293e-05  5.808485844789753293e-05
4.713053628264827211e+00  1.611174058603892241e-04  1.611174058603892241e-04
4.813053628264826855e+00  2.971915299184126795e-04  2.971915299184126795e-04
4.913053628264826500e+00  3.644751745902928075e-04  3.644751745902928075e-04
5.013053628264826145e+00  2.971915798896197563e-04  2.971915798896197563e-04
5.113053628264825790e+00  1.611181317829213518e-04  1.611181317829213518e-04
5.213053628264827211e+00  5.808657692616840456e-05  5.808657692616840456e-05
5.313053628264826855e+00  1.402931189317657961e-05  1.402931189317657961e-05
5.413053628264826500e+00  2.943117836952180803e-06  2.943117836952180803e-06
5.513053628264826145e+00  3.587629751598192238e-06  3.587629751598192238e-06
5.613053628264825790e+00  1.104240242769012343e-05  1.104240242769012343e-05
5.713053628264827211e+00  2.580615835900612465e-05  2.580615835900612465e-05
5.813053628264826855e+00  4.298227311803068314e-05  4.298227311803068314e-05
5.913053628264826500e+00  5.095053797325597495e-05  5.095053797325597495e-05
6.013053628264826145e+00  4.298230491020695591e-05  4.298230491020695591e-05
6.113053628264825790e+00  2.580605183336573803e-05  2.580605183336573803e-05
6.213053628264827211e+00  1.103180713444665046e-05  1.103180713444665046e-05
6.313053628264826855e+00  3.392299454841813147e-06  3.392299454841813147e-06
6.413053628264826500e+00  9.223466143269062745e-07  9.223466143269062745e-07
6.513053628264826145e+00  8.425813455392348064e-07  8.425813455392348064e-07
6.613053628264827566e+00  2.039843859956888782e-06  2.039843859956888782e-06
6.713053628264827211e+00  4.203601083646151975e-06  4.203601083646151975e-06
6.813053628264826855e+00  6.508052416692521189e-06  6.508052416692521189e-06
6.913053628264826500e+00  7.529324856409288456e-06  7.529324856409288456e-06
7.013053628264826145e+00  6.508036980705990194e-06  6.508036980705990194e-06
7.113053628264827566e+00  4.202976000362010455e-06  4.202976000362010455e-06
7.213053628264827211e+00  2.029834170875874523e-06  2.029834170875874523e-06
7.313053628264826855e+00  7.425876988416588888e-07  7.425876988416588888e-07
7.413053628264826500e+00  2.445850846406042448e-07  2.445850846406042448e-07
7.513053628264826145e+00  1.901681642960394695e-07  1.901681642960394695e-07
7.613053628264827566e+00  3.736619215688982498e-07  3.736619215688982498e-07
7.713053628264827211e+00  6.964597782979312590e-07  6.964597782979312590e-07
7.813053628264826855e+00  1.020204213407313077e-06  1.020204213407313077e-06
7.913053628264826500e+00  1.158937450579365812e-06  1.158937450579365812e-06
8.013053628264827921e+00  1.020166998441831362e-06  1.020166998441831362e-06
8.113053628264827566e+00  6.959212639699125756e-07  6.959212639699125756e-07
8.213053628264827211e+00  3.684215235476777712e-07  3.684215235476777712e-07
8.313053628264826855e+00  1.536778904699131064e-07  1.536778904699131064e-07
8.413053628264826500e+00  5.858575675139546397e-08  5.858575675139546397e-08
8.513053628264827921e+00  4.174063909264200225e-08  4.174063909264200225e-08
8.613053628264827566e+00  6.857154989741014447e-08  6.857154989741014447e-08
8.713053628264827211e+00  1.172631310465615943e-07  1.172631310465615943e-07
8.813053628264826855e+00  1.643448492064485463e-07  1.643448492064485463e-07
8.913053628264826500e+00  1.840374454661871563e-07  1.840374454661871563e-07
9.013053628264827921e+00  1.643148904403268456e-07  1.643148904403268456e-07
9.113053628264827566e+00  1.169765889799273115e-07  1.169765889799273115e-07
9.213053628264827211e+00  6.653609866330752308e-08  6.653609866330752308e-08
9.313053628264826855e+00  3.075618522623823560e-08  3.075618522623823560e-08
9.413053628264826500e+00  1.314820900622737643e-08  1.314820900622737643e-08
9.513053628264827921e+00  8.959355226113284699e-09  8.959355226113284699e-09
9.613053628264827566e+00  1.266733408623705381e-08  1.266733408623705381e-08
9.713053628264827211e+00  2.004397041159135919e-08  2.004397041159135919e-08
9.813053628264826855e+00  2.706524620955194775e-08  2.706524620955194775e-08
9.913053628264826500e+00  2.995448294201136660e-08  2.995448294201136660e-08
1.001305362826482792e+01  2.704919432357088571e-08  2.704919432357088571e-08
1.011305362826482757e+01  1.992722356471058132e-08  1.992722356471058132e-08
1.021305362826482721e+01  1.200866613901693785e-08  1.200866613901693785e-08
1.031305362826482686e+01  6.029208237455109491e-09  6.029208237455109491e-09
1.041305362826482650e+01  2.825440864377370960e-09  2.825440864377370960e-09
