-1.598900934967667276e+00  3.671185542147015588e-42  3.671185542147015588e-42
-1.498900934967666743e+00  5.257309787819638307e-39  5.257309787819638307e-39
-1.398900934967667098e+00  7.159395542231125496e-36  7.159395542231125496e-36
-1.298900934967667009e+00  7.393360948332259232e-33  7.393360948332259232e-33
-1.198900934967666920e+00  5.629317086094577464e-30  5.629317086094577464e-30
-1.098900934967667276e+00  3.149640318704175347e-27  3.149640318704175347e-27
-9.989009349676669647e-01  1.294379676809513160e-24  1.294379676809513160e-24
-8.989009349676670979e-01  3.906858319825103549e-22  3.906858319825103549e-22
-7.989009349676670091e-01  8.660711072250113427e-20  8.660711072250113427e-20
-6.989009349676669203e-01  1.410062207250548958e-17  1.410062207250548958e-17
-5.989009349676670535e-01  1.686093217282223078e-15  1.686093217282223078e-15
-4.989009349676669647e-01  1.480755696578553376e-13  1.480755696578553376e-13
-3.989009349676668759e-01  9.550887865347942749e-12  9.550887865347942749e-12
-2.989009349676670091e-01  4.524416498960484705e-10  4.524416498960484705e-10
-1.989009349676669203e-01  1.574127491525338759e-08  1.574127491525338759e-08
-9.890093496766705350e-02  4.022311719542868351e-07  4.022311719542868351e-07
1.099065032333035319e-03  7.548663028993849556e-06  7.548663028993849556e-06
1.010990650323331241e-01  1.040453912969012640e-04  1.040453912969012640e-04
2.010990650323329909e-01  1.053256509168089662e-03  1.053256509168089662e-03
3.010990650323330797e-01  7.830760705834962504e-03  7.830760705834962504e-03
4.010990650323329465e-01  4.275946447056381411e-02  4.275946447056381411e-02
5.010990650323330353e-01  1.714822147513681283e-01  1.714822147513681283e-01
6.010990650323331241e-01  5.050850300681405392e-01  5.050850300681405392e-01
7.010990650323332130e-01  1.092618988228096111e+00  1.092618988228096111e+00
8.010990650323333018e-01  1.735932772620655706e+00  1.735932772620655706e+00
9.010990650323329465e-01  2.025640228209965699e+00  2.025640228209965699e+00
1.001099065032333035e+00  1.736149818995369909e+00  1.736149818995369909e+00
1.101099065032333124e+00  1.093461588758442682e+00  1.093461588758442682e+00
1.201099065032333213e+00  5.077712583714368844e-01  5.077712583714368844e-01
1.301099065032333302e+00  1.788073889961601937e-01  1.788073889961601937e-01
1.401099065032332947e+00  5.987676969181270764e-02  5.987676969181270764e-02
1.501099065032333035e+00  4.211009046318225923e-02  4.211009046318225923e-02
1.601099065032333124e+00  5.988522322495656164e-02  5.988522322495656164e-02
1.701099065032333213e+00  8.663802978766421692e-02  8.663802978766421692e-02
1.801099065032333302e+00  1.090951242365506280e-01  1.090951242365506280e-01
1.901099065032332947e+00  1.178823325492706908e-01  1.178823325492706908e-01
2.001099065032333257e+00  1.092480907668925694e-01  1.092480907668925694e-01
2.101099065032332902e+00  8.696797120297797279e-02  8.696797120297797279e-02
2.201099065032333435e+00  5.978437833105365584e-02  5.978437833105365584e-02
2.301099065032333080e+00  3.614161850471839244e-02  3.614161850471839244e-02
2.401099065032332724e+00  2.039755482956019661e-02  2.039755482956019661e-02
2.501099065032333257e+00  1.253730825832698008e-02  1.253730825832698008e-02
2.601099065032332902e+00  1.015888121531969938e-02  1.015888121531969938e-02
2.701099065032332547e+00  1.051140725464881111e-02  1.051140725464881111e-02
2.801099065032333080e+00  1.151490590461863583e-02  1.151490590461863583e-02
2.901099065032332724e+00  1.195266978465576307e-02  1.195266978465576307e-02
3.001099065032333257e+00  1.134978780637896194e-02  1.134978780637896194e-02
3.101099065032332902e+00  9.790247296785231992e-03  9.790247296785231992e-03
3.201099065032333435e+00  7.697433368848259280e-03  7.697433368848259280e-03
3.301099065032333080e+00  5.586230481820133459e-03  5.586230481820133459e-03
3.401099065032332724e+00  3.853213201080492832e-03  3.853213201080492832e-03
3.501099065032333257e+00  2.673944650802299351e-03  2.673944650802299351e-03
3.601099065032332902e+00  2.017642146924750191e-03  2.017642146924750191e-03
3.701099065032333435e+00  1.731781082139095818e-03  1.731781082139095818e-03
3.801099065032333080e+00  1.635279354660563404e-03  1.635279354660563404e-03
3.901099065032332724e+00  1.582101138523310481e-03  1.582101138523310481e-03
4.001099065032333257e+00  1.487353554700840668e-03  1.487353554700840668e-03
4.101099065032332902e+00  1.325230740509202292e-03  1.325230740509202292e-03
4.201099065032333435e+00  1.111697209364905870e-03  1.111697209364905870e-03
4.301099065032333080e+00  8.823650839215496948e-04  8.823650839215496948e-04
4.401099065032332724e+00  6.729493557891640240e-04  6.729493557891640240e-04
4.501099065032333257e+00  5.068176109152465686e-04  5.068176109152465686e-04
4.601099065032332902e+00  3.909898835031067814e-04  3.909898835031067814e-04
4.701099065032333435e+00  3.189549123344266298e-04  3.189549123344266298e-04
4.801099065032333080e+00  2.769378954481772990e-04  2.769378954481772990e-04
4.901099065032332724e+00  2.502647084794817748e-04  2.502647084794817748e-04
5.001099065032333257e+00  2.277044898994740833e-04  2.277044898994740833e-04
5.101099065032332902e+00  2.031832601536234524e-04  2.031832601536234524e-04
5.201099065032333435e+00  1.753477578385344803e-04  1.753477578385344803e-04
5.301099065032333080e+00  1.459247957544067254e-04  1.459247957544067254e-04
5.401099065032332724e+00  1.178073345852841125e-04  1.178073345852841125e-04
5.501099065032333257e+00  9.352797099594940410e-05  9.352797099594940410e-05
5.601099065032332902e+00  7.443033409040317346e-05  7.443033409040317346e-05
5.701099065032333435e+00  6.053463425323759044e-05  6.053463425323759044e-05
5.801099065032333080e+00  5.088594221688150037e-05  5.088594221688150037e-05
5.901099065032332724e+00  4.409969016700159857e-05  4.409969016700159857e-05
6.001099065032333257e+00  3.885953207728253775e-05  3.885953207728253775e-05
6.101099065032332902e+00  3.422691310374353636e-05  3.422691310374353636e-05
6.201099065032333435e+00  2.973281654370645908e-05  2.973281654370645908e-05
6.301099065032333080e+00  2.530124572086654006e-05  2.530124572086654006e-05
6.401099065032332724e+00  2.108786892874684344e-05  2.108786892874684344e-05
6.501099065032332369e+00  1.731276854931299965e-05  1.731276854931299965e-05
6.601099065032333790e+00  1.413945965771012488e-05  1.413945965771012488e-05
6.701099065032333435e+00  1.161962241232638898e-05  1.161962241232638898e-05
6.801099065032333080e+00  9.696161193731798943e-06  9.696161193731798943e-06
6.901099065032332724e+00  8.242123754844552644e-06  8.242123754844552644e-06
7.001099065032332369e+00  7.110102022950262378e-06  7.110102022950262378e-06
7.101099065032333790e+00  6.172642822051061372e-06  6.172642822051061372e-06
7.201099065032333435e+00  5.344012545228947157e-06  5.344012545228947157e-06
7.301099065032333080e+00  4.582950250677805664e-06  4.582950250677805664e-06
7.401099065032332724e+00  3.882101973144234383e-06  3.882101973144234383e-06
7.501099065032332369e+00  3.251938109440213833e-06  3.251938109440213833e-06
7.601099065032333790e+00  2.705894368119984025e-06  2.705894368119984025e-06
7.701099065032333435e+00  2.250720051677804128e-06  2.250720051677804128e-06
7.801099065032333080e+00  1.883021110021795361e-06  1.883021110021795361e-06
7.901099065032332724e+00  1.590750634011104970e-06  1.590750634011104970e-06
8.001099065032335034e+00  1.357337754916928262e-06  1.357337754916928262e-06
8.101099065032332902e+00  1.166166882440441553e-06  1.166166882440441553e-06
8.201099065032334323e+00  1.003834452885356595e-06  1.003834452885356595e-06
8.301099065032332192e+00  8.615552133191171147e-07  8.615552133191171147e-07
8.401099065032333613e+00  7.348924680316069723e-07  7.348924680316069723e-07
8.501099065032335034e+00  6.224496734818204482e-07  6.224496734818204482e-07
8.601099065032332902e+00  5.242618789661389025e-07  5.242618789661389025e-07
8.701099065032334323e+00  4.404620829436453102e-07  4.404620829436453102e-07
8.801099065032332192e+00  3.705139132932361959e-07  3.705139132932361959e-07
8.901099065032333613e+00  3.130281735609918610e-07  3.130281735609918610e-07
9.001099065032335034e+00  2.659976159245931639e-07  2.659976159245931639e-07
9.101099065032334678e+00  2.272162305234093472e-07  2.272162305234093472e-07
9.201099065032334323e+00  1.946768454905576329e-07  1.946768454905576329e-07
9.301099065032333968e+00  1.668218867519468748e-07  1.668218867519468748e-07
9.401099065032333613e+00  1.426130166291165027e-07  1.426130166291165027e-07
9.501099065032335034e+00  1.214546446502755882e-07  1.214546446502755882e-07
9.601099065032334678e+00  1.030402442140791202e-07  1.030402442140791202e-07
9.701099065032334323e+00  8.719098687797341161e-08  8.719098687797341161e-08
9.801099065032333968e+00  7.373498371127997872e-08  7.373498371127997872e-08
9.901099065032333613e+00  6.244661910908345488e-08  6.244661910908345488e-08
1.000109906503233503e+01  5.304063738278165173e-08  5.304063738278165173e-08
1.010109906503233468e+01  4.520107249463835474e-08  4.520107249463835474e-08
1.020109906503233432e+01  3.862171129169901984e-08  3.862171129169901984e-08
1.030109906503233397e+01  3.303970208286980690e-08  3.303970208286980690e-08
1.040109906503233361e+01  2.825274580915353431e-08  2.825274580915353431e-08
