Wavelength_nm	 Transmittance
170.67	 664.118847566
171.01	 244.327062244
171.36	 0.289428945752
171.7	 42.2091421492
172.05	 81.6514850514
172.4	 144.383257514
172.74	 128.274975693
173.09	 195.822330448
173.43	 135.18174863
173.78	 132.187026818
174.12	 16.6835955618
174.47	 103.252386897
174.81	 87.6146955146
175.16	 92.2396364204
175.51	 7.56212317178
175.85	 9.34525730188
176.2	 48.5875179288
176.54	 127.725285278
176.89	 159.195174124
177.23	 128.423799039
177.58	 70.1833769477
177.93	 67.0908123475
178.27	 28.4151855559
178.62	 39.663113615
178.96	 44.1590616359
179.31	 55.239211785
179.65	 65.7827758589
180.0	 63.0797567591
180.34	 74.2979359538
180.69	 63.9504919236
181.04	 73.5034019904
181.38	 137.841861951
181.73	 169.320645995
182.07	 117.574019032
182.42	 36.1119964905
182.76	 109.216082707
183.11	 140.219396022
183.45	 168.203602033
183.8	 75.8181211835
184.14	 34.2182671788
184.49	 54.0597800798
184.84	 57.8747740003
185.18	 119.212106844
185.53	 99.4450257719
185.87	 86.5612955725
186.22	 119.595614621
186.56	 87.2289944338
186.91	 70.3695859996
187.25	 58.5285893962
187.6	 114.939484356
187.94	 126.891986942
188.29	 91.7768225906
188.64	 61.8073021399
188.98	 114.014094755
189.33	 123.806224511
189.67	 151.866334003
190.02	 103.823741174
190.36	 125.208055774
190.71	 57.923980611
191.05	 84.1371921731
191.4	 43.4554749187
191.74	 26.9225437038
192.09	 -25.2778397502
192.43	 -56.6825226569
192.78	 -2.45753023775
193.12	 33.2887254554
193.47	 56.037047543
193.81	 40.6490341332
194.16	 49.0848285751
194.5	 62.7242617226
194.85	 43.8463561997
195.2	 70.7317777929
195.54	 71.7488029454
195.89	 91.6631397886
196.23	 86.4060135955
196.58	 80.4908192648
196.92	 115.508380613
197.27	 65.873890004
197.61	 93.3441688997
197.96	 62.2932096389
198.3	 115.93131257
198.65	 70.1546847824
198.99	 55.3667632708
199.34	 -19.9440374443
199.68	 -12.8717681743
200.03	 -25.3044397344
200.37	 83.7251059058
200.72	 58.5986929458
201.06	 70.7582472438
201.41	 24.0446718446
201.75	 26.4869302092
202.1	 61.1540117671
202.44	 117.247482857
202.79	 135.615829966
203.13	 123.099074845
203.48	 88.6712523678
203.82	 101.804126294
204.17	 114.797250374
204.51	 85.2381230628
204.86	 96.1525255277
205.2	 52.8875902678
205.55	 43.0086336887
205.89	 -6.45694943672
206.24	 8.78556775917
206.58	 13.7700465169
206.93	 42.8062352914
207.27	 23.3322803998
207.62	 23.2553407328
207.96	 24.1342867329
208.31	 18.5131218358
208.65	 5.18699195755
209.0	 -14.0499426603
209.34	 12.8043215514
209.69	 36.5379708419
210.03	 30.370103346
210.38	 49.4874631288
210.72	 75.7981683275
211.06	 105.062797549
211.41	 63.7136369671
211.75	 12.3286326988
212.1	 -3.55787738858
212.44	 12.365166289
212.79	 42.8106208151
213.13	 91.1992369231
213.48	 80.4709297997
213.82	 55.6446869116
214.17	 38.9889152744
214.51	 57.2645863513
214.86	 48.8159830352
215.2	 18.3274339049
215.55	 9.72587289104
215.89	 32.4529974449
216.24	 24.610303983
216.58	 27.0875546201
216.93	 7.43949596205
217.27	 -1.18186119912
217.61	 0.951879140138
217.96	 -5.72760816021
218.3	 12.792388774
218.65	 26.0111348137
218.99	 29.9794237232
219.34	 2.62215913426
219.68	 -36.5426571068
220.03	 -1.3991681233
220.37	 24.9986634408
220.72	 41.7063358199
221.06	 30.1300612481
221.41	 29.6875246911
221.75	 3.95529093449
222.09	 19.4751609563
222.44	 15.948894151
222.78	 37.0731187276
223.13	 12.2726526532
223.47	 13.4259611233
223.82	 7.83962150777
224.16	 4.57705476271
224.51	 7.94712271719
224.85	 3.70573143449
225.19	 18.8868557315
225.54	 12.7152861209
225.88	 12.0629839154
226.23	 5.61625716659
226.57	 -3.41812645525
226.92	 -2.15645949746
227.26	 -4.30378059892
227.61	 0.231392839293
227.95	 7.05280573145
228.29	 13.7465466818
228.64	 11.8884631856
228.98	 6.57253943979
229.33	 1.0005565484
229.67	 7.08561940304
230.02	 3.7084777569
230.36	 7.11289843679
230.7	 3.66410900408
231.05	 5.01124410977
231.39	 2.25236918681
231.74	 0.709769320031
232.08	 0.0850619412918
232.43	 -3.3336007481
232.77	 0.722551329796
233.11	 2.3040768143
233.46	 3.45040116701
233.8	 0.671769003691
234.15	 1.28775856028
234.49	 5.37983576432
234.84	 6.70778810631
235.18	 7.40118013779
235.52	 4.90716026336
235.87	 3.99468420692
236.21	 3.64308868551
236.56	 5.26565895871
236.9	 3.27184758497
237.25	 4.21387835544
237.59	 1.36079642853
237.93	 2.04648696774
238.28	 -0.982016146059
238.62	 0.0203134811611
238.97	 1.39086201569
239.31	 3.59474076963
239.65	 4.59176331188
240.0	 5.93394238385
240.34	 4.28149378493
240.69	 3.90608062822
241.03	 1.65168624302
241.37	 3.66272130523
241.72	 2.41267791303
242.06	 3.57976930715
242.41	 1.70467681961
242.75	 2.49129331968
243.09	 2.24975995052
243.44	 2.39729492499
243.78	 2.01445331972
244.13	 1.28821006432
244.47	 0.55722174629
244.81	 0.998619372818
245.16	 0.847196581661
245.5	 1.69707539673
245.85	 1.43957128966
246.19	 2.03743085033
246.53	 2.91868908847
246.88	 2.59369377332
247.22	 3.20438885294
247.57	 1.71661307932
247.91	 1.01833179358
248.25	 -0.686203622684
248.6	 0.0878804123414
248.94	 0.607166353518
249.29	 1.12724643491
249.63	 1.36136292753
249.97	 2.04573900934
250.32	 2.44875409915
250.66	 3.43550356463
251.0	 2.71218335682
251.35	 1.7546692707
251.69	 0.500826763591
252.04	 1.00312410311
252.38	 1.80115956455
252.72	 2.24358091499
253.07	 1.46354950235
253.41	 2.23308716336
253.76	 1.07049705886
254.1	 1.1840900544
254.44	 0.723870393733
254.79	 1.58010536905
255.13	 2.32924584529
255.47	 1.06680310277
255.82	 0.469761532449
256.16	 0.554094173818
256.5	 1.04650032564
256.85	 1.13362857297
257.19	 2.2506250694
257.54	 2.93921467528
257.88	 3.80692399366
258.22	 2.10347883783
258.57	 0.429290649327
258.91	 -0.0302223999231
259.25	 -0.762616072203
259.6	 0.294089087159
259.94	 0.0898139934641
260.28	 0.577027265975
260.63	 2.88471850327
260.97	 2.83520320215
261.32	 2.95874943752
261.66	 1.07232340973
262.0	 1.18730761734
262.35	 1.32533433206
262.69	 1.30442380715
263.03	 1.00848870565
263.38	 1.8394086188
263.72	 1.34131441461
264.06	 1.09117318785
264.41	 -0.371920537793
264.75	 0.938466831642
265.09	 1.39203563168
265.44	 1.94012964437
265.78	 0.559859106651
266.12	 0.932695500192
266.47	 0.56237934679
266.81	 0.533303602422
267.15	 1.29332190165
267.5	 1.39492745698
267.84	 1.82091625606
268.18	 0.655148323799
268.53	 1.02398447712
268.87	 0.732208942907
269.21	 0.696960450365
269.56	 0.342877025336
269.9	 0.809835936178
270.24	 0.752816373395
270.59	 1.09673261219
270.93	 1.73317700723
271.27	 2.67959532818
271.62	 3.03128341511
271.96	 1.37978863929
272.3	 -0.264789877509
272.65	 -0.0194450557478
272.99	 0.41096329777
273.33	 0.612713529873
273.68	 -0.409206225183
274.02	 -0.327501497386
274.36	 -0.374899798347
274.71	 -0.723719098962
275.05	 -0.885993751019
275.39	 0.433366101423
275.74	 1.46168953114
276.08	 1.69991522999
276.42	 1.71412727347
276.77	 1.8373432276
277.11	 3.06021471119
277.45	 2.31528680338
277.8	 1.80827836244
278.14	 1.05228414475
278.48	 1.46407954233
278.83	 1.59100373441
279.17	 1.15948753226
279.51	 1.09113815675
279.85	 1.46657334048
280.2	 1.27364694806
280.54	 0.752008902191
280.88	 0.623200433756
281.23	 0.85069158093
281.57	 1.23711158997
281.91	 1.68009262253
282.26	 2.45675624602
282.6	 2.09158346155
282.94	 2.1718838624
283.28	 0.997140397424
283.63	 0.833032181776
283.97	 0.412517745406
284.31	 0.959036327528
284.66	 0.7924289198
285.0	 0.761286645329
285.34	 0.10972466559
285.69	 0.312914755978
286.03	 0.0495302405998
286.37	 1.37067317109
286.71	 2.31808497966
287.06	 2.5297748441
287.4	 2.74864485375
287.74	 2.44774007324
288.09	 2.2191566664
288.43	 1.63937954683
288.77	 2.28449671592
289.11	 3.51940042218
289.46	 3.05134560807
289.8	 3.2481353321
290.14	 2.64013636278
290.49	 3.42674859596
290.83	 2.54343721449
291.17	 2.08712098712
291.51	 2.09913990342
291.86	 2.20197899896
292.2	 3.37325261542
292.54	 3.53817196382
292.88	 4.00630116201
293.23	 3.76410257624
293.57	 3.96636814456
293.91	 3.95099521146
294.26	 3.60353722726
294.6	 3.02036284614
294.94	 2.65828608039
295.28	 2.51271314083
295.63	 2.85288108954
295.97	 2.63967323053
296.31	 2.38210696943
296.65	 2.27760064864
297.0	 3.15962901792
297.34	 3.67666210973
297.68	 4.45709240854
298.02	 4.26323099035
298.37	 4.16690678493
298.71	 3.06671405306
299.05	 2.63436113099
299.39	 2.41221330115
299.74	 2.26381764191
300.08	 2.30484451173
300.42	 2.5905506303
300.77	 2.69079239166
301.11	 3.08689090046
301.45	 2.59744601442
301.79	 2.34817791853
302.14	 1.32088619212
302.48	 1.81624840042
302.82	 1.9719755323
303.16	 2.22349393925
303.5	 1.30391521349
303.85	 1.34926936628
304.19	 1.08884888674
304.53	 1.70898244906
304.87	 1.95089028635
305.22	 2.23895193791
305.56	 1.76806687074
305.9	 1.64073716344
306.24	 1.51264588854
306.59	 1.13161079258
306.93	 1.61345488777
307.27	 1.79448089808
307.61	 3.12457200123
307.96	 2.47520027086
308.3	 2.38613789904
308.64	 1.51869279792
308.98	 1.07081208401
309.33	 1.35908492572
309.67	 2.17840591957
310.01	 2.49539204579
310.35	 1.67254609366
310.69	 1.34879824041
311.04	 0.799916340446
311.38	 1.88635350384
311.72	 0.713553014764
312.06	 0.971276599193
312.41	 -0.070741319877
312.75	 1.222025592
313.09	 1.47045384825
313.43	 3.13325669577
313.77	 2.96725559496
314.12	 2.88995556563
314.46	 2.57482846874
314.8	 3.65848339992
315.14	 5.70048511292
315.48	 7.55414036348
315.83	 9.33055408858
316.17	 11.4274131433
316.51	 12.3671887943
316.85	 14.2127636676
317.2	 15.7052924313
317.54	 18.3713196333
317.88	 20.3862980375
318.22	 23.8454788494
318.56	 27.1931991181
318.91	 30.6086958744
319.25	 31.8736624004
319.59	 33.2601151698
319.93	 34.8964647771
320.27	 37.3430538903
320.62	 39.325372223
320.96	 41.1943989219
321.3	 43.1701564484
321.64	 46.0581907691
321.98	 49.2577980493
322.33	 51.5518022803
322.67	 53.2082015047
323.01	 53.8020871213
323.35	 55.8774061804
323.69	 57.464200487
324.04	 59.4275136496
324.38	 60.5257044368
324.72	 61.8060908469
325.06	 63.3917471558
325.4	 65.0422472353
325.74	 66.6069232649
326.09	 67.3069664475
326.43	 67.8008492803
326.77	 68.844582621
327.11	 69.4835832786
327.45	 70.5501612598
327.8	 71.5985731688
328.14	 72.8972457358
328.48	 73.3830277647
328.82	 74.0983896289
329.16	 74.4836277797
329.5	 75.0593235559
329.85	 75.07533934
330.19	 75.5127283
330.53	 75.5810569163
330.87	 75.7940781238
331.21	 75.1345975836
331.55	 75.4342515115
331.9	 75.1305049981
332.24	 74.8307779028
332.58	 74.0888897354
332.92	 74.0422023165
333.26	 74.9557396459
333.6	 75.2666260567
333.95	 74.4528273664
334.29	 74.0780222584
334.63	 74.1121785926
334.97	 74.3951130207
335.31	 74.8601982988
335.65	 74.8316121108
336.0	 74.8225865023
336.34	 74.763005901
336.68	 75.2187923144
337.02	 75.4734933466
337.36	 75.1193007793
337.7	 74.9511128165
338.04	 75.8086633492
338.39	 76.2826896917
338.73	 76.8320651343
339.07	 77.0543289795
339.41	 77.1653673119
339.75	 77.9016174684
340.09	 77.9463445664
340.44	 78.6798912649
340.78	 78.4730312833
341.12	 80.1206081113
341.46	 81.668916401
341.8	 82.4627851514
342.14	 81.9007569377
342.48	 81.1063603496
342.83	 80.9878328226
343.17	 80.7871173567
343.51	 81.0200192108
343.85	 80.9555702296
344.19	 80.8243846411
344.53	 80.4910978775
344.87	 80.4959647801
345.21	 80.573360442
345.56	 80.1316506692
345.9	 79.9492130186
346.24	 79.6034282971
346.58	 79.5723215753
346.92	 79.2795819165
347.26	 79.2944218198
347.6	 79.4357357003
347.94	 79.5024009074
348.29	 80.1072366318
348.63	 80.7813901791
348.97	 81.3115891024
349.31	 81.3262288677
349.65	 81.0511241765
349.99	 81.0818203474
350.33	 80.7675565238
350.67	 80.7607064556
351.02	 81.0031241611
351.36	 81.209837197
351.7	 81.2580150909
352.04	 80.7972979344
352.38	 81.0899107955
352.72	 81.6844321363
353.06	 82.3605341046
353.4	 83.0813016614
353.74	 83.2810142203
354.09	 82.8466905495
354.43	 81.6857032464
354.77	 80.7864241738
355.11	 81.7234671968
355.45	 81.7864667911
355.79	 82.9319460817
356.13	 82.3538553004
356.47	 83.4296904146
356.81	 82.7992261851
357.15	 82.6737980673
357.5	 81.8289363534
357.84	 82.6925149742
358.18	 84.232976836
358.52	 84.5461642692
358.86	 83.3891240526
359.2	 82.3803776677
359.54	 82.7451974077
359.88	 82.8740010644
360.22	 82.8734238482
360.56	 82.4040524741
360.9	 82.3716394983
361.25	 82.3315916525
361.59	 82.6845493315
361.93	 83.0026413593
362.27	 82.6165309206
362.61	 83.1405563777
362.95	 84.1275744745
363.29	 85.4563619816
363.63	 85.7911974241
363.97	 85.2208180506
364.31	 84.2522655237
364.65	 83.8219853539
364.99	 84.3384054726
365.33	 84.9961372138
365.68	 84.9500497944
366.02	 84.1882954621
366.36	 83.4427166781
366.7	 83.1729330957
367.04	 83.4748128365
367.38	 83.4752855754
367.72	 83.598839589
368.06	 83.1151228943
368.4	 83.6219258985
368.74	 84.1373685605
369.08	 84.3497370825
369.42	 83.9493015589
369.76	 83.1652901288
370.1	 83.5311226198
370.44	 83.4283826147
370.79	 82.9262444231
371.13	 82.3442225871
371.47	 81.95595975
371.81	 83.0196539268
372.15	 83.4814669226
372.49	 84.4341572081
372.83	 84.8202477617
373.17	 84.6631104398
373.51	 84.5183701681
373.85	 84.6273004734
374.19	 85.4898838822
374.53	 85.1240996099
374.87	 85.438264465
375.21	 85.2479476768
375.55	 86.6991615374
375.89	 86.8608774772
376.23	 87.5340601695
376.57	 86.8905650458
376.91	 86.4876432664
377.25	 86.3932385568
377.6	 85.8202144516
377.94	 85.5610639521
378.28	 84.8566750542
378.62	 85.5731418867
378.96	 85.6582982397
379.3	 85.7806010126
379.64	 85.6681644976
379.98	 85.8122337024
380.32	 86.1584422701
380.66	 86.2814795331
381.0	 87.5103439529
381.34	 87.8190362736
381.68	 89.1689174255
382.02	 89.4931699348
382.36	 90.483971886
382.7	 89.6461438379
383.04	 89.2342983648
383.38	 89.4275635141
383.72	 89.1976294852
384.06	 89.3142155899
384.4	 88.5008857845
384.74	 88.7580043236
385.08	 88.8969596139
385.42	 89.2080015463
385.76	 89.6007947968
386.1	 89.6285965852
386.44	 89.4261969436
386.78	 89.9526153522
387.12	 89.4199652308
387.46	 90.4846209619
387.8	 90.0274554056
388.14	 89.8916279567
388.48	 89.150440182
388.82	 89.0303016461
389.16	 92.348613553
389.5	 93.3268299374
389.84	 93.9944044546
390.18	 91.3263130121
390.52	 90.8790174449
390.86	 90.8075930988
391.2	 90.4783982744
391.54	 89.9902540728
391.88	 89.9484017629
392.22	 90.0671595065
392.56	 91.6472174828
392.9	 91.3312680383
393.24	 91.2042634744
393.58	 89.4447066412
393.92	 90.077036622
394.26	 90.2140213512
394.6	 90.4977262182
394.94	 89.7094664972
395.28	 89.947735096
395.62	 90.1172548589
395.96	 90.308064104
396.3	 90.1919818221
396.64	 90.8753038481
396.98	 90.5445206642
397.32	 91.217474943
397.66	 90.511416184
398.0	 90.642712787
398.34	 89.8630678762
398.68	 89.6305570324
399.02	 89.1782223589
399.36	 89.4462048226
399.7	 88.9580927308
400.04	 91.1162838032
400.38	 90.1650523354
400.72	 90.8032555954
401.06	 89.9405978083
401.4	 91.8270769045
401.74	 92.402999037
402.08	 91.5601209422
402.42	 89.9792018126
402.76	 88.8623538754
403.1	 88.7047752416
403.44	 88.0412603401
403.78	 88.5621071932
404.12	 88.9824191715
404.46	 88.9530221807
404.79	 87.9924684362
405.13	 86.6999381986
405.47	 87.5856188122
405.81	 88.6214761691
406.15	 89.3966321764
406.49	 89.0243094438
406.83	 88.9763567847
407.17	 88.567425888
407.51	 88.2620623632
407.85	 87.3287452627
408.19	 86.4695450111
408.53	 86.1551550796
408.87	 86.7753136899
409.21	 87.5511015742
409.55	 88.169505386
409.89	 87.2966666554
410.23	 86.9790206895
410.57	 87.2836173167
410.91	 88.0684408741
411.25	 88.3481930864
411.58	 88.1644090071
411.92	 87.2575144286
412.26	 87.3068717021
412.6	 88.7177514685
412.94	 89.1339188113
413.28	 88.2812272598
413.62	 86.0954552518
413.96	 85.8643367263
414.3	 87.0327321111
414.64	 87.3507256634
414.98	 87.4005882583
415.32	 87.6971524654
415.66	 87.7663492444
416.0	 87.1838840701
416.33	 85.7370827223
416.67	 85.0225007108
417.01	 85.2862363336
417.35	 85.0664970223
417.69	 84.39672291
418.03	 83.4939853967
418.37	 84.1212864253
418.71	 83.2762797463
419.05	 83.9753944388
419.39	 82.0504075697
419.73	 82.9886879813
420.07	 81.504091028
420.41	 82.3861390914
420.74	 81.5591407966
421.08	 81.6412742646
421.42	 82.2068343258
421.76	 81.2866268915
422.1	 81.7519149998
422.44	 82.2671651982
422.78	 83.1309289847
423.12	 83.4595637272
423.46	 81.9675505155
423.8	 83.0820007539
424.13	 83.5739729883
424.47	 84.2172134449
424.81	 83.6483770403
425.15	 83.0772968107
425.49	 84.074340254
425.83	 84.3253739653
426.17	 85.5724065228
426.51	 85.1844693509
426.85	 86.6365431169
427.19	 85.2013755178
427.52	 84.9607844524
427.86	 85.0114417382
428.2	 85.6841290713
428.54	 85.6608435951
428.88	 84.9708898609
429.22	 86.1015823241
429.56	 86.4110456657
429.9	 86.7175666958
430.24	 85.998218838
430.57	 86.3917426967
430.91	 85.7604625338
431.25	 86.5293034561
431.59	 86.441064126
431.93	 86.5405116642
432.27	 85.4904684918
432.61	 84.2209590012
432.95	 83.3713116943
433.28	 82.8002351384
433.62	 84.0864774857
433.96	 86.9797619262
434.3	 87.3303829812
434.64	 86.0257379925
434.98	 83.5469425834
435.32	 84.1981201683
435.66	 85.0875640439
435.99	 85.6691252511
436.33	 84.0118630637
436.67	 84.0897285984
437.01	 83.8426389986
437.35	 84.3444738583
437.69	 83.851365572
438.03	 85.0283862771
438.36	 85.7134679201
438.7	 85.2662569602
439.04	 84.3163835185
439.38	 84.7363523289
439.72	 87.3559266236
440.06	 87.9266720313
440.4	 88.1469784108
440.73	 87.1520661851
441.07	 86.706316523
441.41	 86.0531554
441.75	 85.9573120739
442.09	 86.9560982183
442.43	 88.5259146042
442.77	 90.0957269432
443.1	 90.0217297803
443.44	 89.6733210506
443.78	 88.0854091324
444.12	 88.9075598955
444.46	 90.1713064882
444.8	 91.0725320604
445.13	 90.7611348579
445.47	 90.7748920668
445.81	 90.1825844322
446.15	 89.7694169321
446.49	 90.5996887803
446.83	 91.2600577588
447.16	 92.3700382145
447.5	 92.070760802
447.84	 91.6881632211
448.18	 90.9627863073
448.52	 90.7157526341
448.86	 90.6532261559
449.19	 90.5871333761
449.53	 88.933548486
449.87	 89.4755181438
450.21	 90.2870211813
450.55	 90.4629116331
450.88	 89.8199590892
451.22	 87.8957742192
451.56	 88.8543756184
451.9	 89.6314504568
452.24	 92.0688167232
452.58	 90.7653025259
452.91	 90.4770975995
453.25	 88.2370467408
453.59	 88.9947820011
453.93	 89.8353720645
454.27	 90.715720176
454.6	 90.2907203659
454.94	 87.4472057699
455.28	 87.2540528185
455.62	 87.4669722801
455.96	 91.6580429768
456.29	 90.9024274336
456.63	 90.7667703759
456.97	 87.7919390245
457.31	 87.6050608261
457.65	 87.8226284995
457.98	 83.9503706173
458.32	 83.6655029782
458.66	 83.3353271325
459.0	 86.21450566
459.34	 86.191211429
459.67	 87.1748266843
460.01	 87.7028762777
460.35	 87.6782351849
460.69	 85.4886238676
461.03	 85.5400452587
461.36	 84.8261964524
461.7	 85.7841707779
462.04	 86.2049983882
462.38	 86.889905791
462.72	 86.3451241513
463.05	 85.6179984861
463.39	 87.3914448762
463.73	 86.6421563188
464.07	 87.9186121914
464.4	 87.1497142147
464.74	 87.7641582859
465.08	 86.3244721273
465.42	 86.4751127715
465.76	 85.6390444442
466.09	 85.7564397075
466.43	 83.9288820284
466.77	 84.7532932046
467.11	 84.2863733068
467.44	 85.009425472
467.78	 85.1235106033
468.12	 85.5055202964
468.46	 85.5803686469
468.79	 85.1162815893
469.13	 84.7113166574
469.47	 83.822179092
469.81	 83.9143556457
470.15	 83.0552919619
470.48	 82.4555787656
470.82	 81.2430060931
471.16	 81.0825833208
471.5	 82.0279383852
471.83	 82.7027925054
472.17	 83.2803650641
472.51	 83.350920238
472.85	 82.8188363158
473.18	 84.3722314848
473.52	 83.5780599589
473.86	 85.2310240601
474.2	 84.0304815957
474.53	 84.5671191511
474.87	 83.2063024264
475.21	 82.4494854636
475.55	 82.1550778937
475.88	 82.8507026044
476.22	 84.2865578658
476.56	 85.5033417121
476.89	 87.4100339895
477.23	 86.7843151552
477.57	 85.9922485682
477.91	 83.6497524463
478.24	 84.3699121312
478.58	 85.0389354566
478.92	 85.292574815
479.26	 85.3291820998
479.59	 84.8877677739
479.93	 85.0509898201
480.27	 85.5243053955
480.61	 85.4969747355
480.94	 85.8039326639
481.28	 84.9780257981
481.62	 85.9585870746
481.95	 85.6450749498
482.29	 85.8152550972
482.63	 85.3760276189
482.97	 85.7548834052
483.3	 86.2783929309
483.64	 87.2256435536
483.98	 88.814022449
484.31	 90.1872297388
484.65	 90.1067552546
484.99	 90.4735991775
485.33	 89.9856013262
485.66	 89.8818852721
486.0	 89.5790952885
486.34	 89.890403426
486.67	 90.4797968434
487.01	 89.8980796338
487.35	 89.2874978414
487.69	 88.7833989884
488.02	 87.48764664
488.36	 86.3040033258
488.7	 84.5631825157
489.03	 83.6605103281
489.37	 83.080588125
489.71	 82.8360840197
490.04	 83.3849246802
490.38	 82.8518869429
490.72	 84.1991107116
491.06	 82.9178071122
491.39	 81.8350238742
491.73	 79.86909758
492.07	 81.7916847908
492.4	 82.9425020217
492.74	 83.5011657913
493.08	 81.4433175473
493.41	 81.7816783104
493.75	 81.2349565566
494.09	 82.1369635805
494.42	 81.8050510826
494.76	 80.9507956801
495.1	 80.974351817
495.43	 80.7290565436
495.77	 82.5381579162
496.11	 82.3444265638
496.44	 81.6353814178
496.78	 81.756712923
497.12	 82.469304156
497.46	 83.1517831028
497.79	 82.6345441111
498.13	 81.6619065453
498.47	 81.4822438576
498.8	 81.0693995639
499.14	 81.7078579147
499.48	 83.1822699035
499.81	 83.0171905734
500.15	 83.6551411295
500.49	 83.192777672
500.82	 84.1419233864
501.16	 83.2986973632
501.5	 82.3181573707
501.83	 81.4046492235
502.17	 81.3487151582
502.5	 83.0933542072
502.84	 83.303966303
503.18	 83.415318527
503.51	 81.4557719504
503.85	 81.2639333734
504.19	 81.2613063139
504.52	 81.4484142163
504.86	 80.9428195334
505.2	 80.445205062
505.53	 81.6071353905
505.87	 82.6221670453
506.21	 83.2750161637
506.54	 83.0421104608
506.88	 84.3998568328
507.22	 84.4867467608
507.55	 82.5633781188
507.89	 80.3503642484
508.22	 79.639837122
508.56	 79.1662025162
508.9	 78.6876716065
509.23	 76.7453679363
509.57	 76.4704010163
509.91	 77.6581148536
510.24	 77.4891370319
510.58	 76.9915040038
510.92	 73.7168252179
511.25	 73.5853030455
511.59	 70.9742975506
511.92	 68.5905197984
512.26	 65.6572458461
512.6	 65.5796231393
512.93	 64.8809832562
513.27	 62.8765948069
513.61	 61.0811644656
513.94	 58.1208364981
514.28	 56.2184637112
514.61	 55.1607033162
514.95	 54.9231398795
515.29	 53.4190098368
515.62	 50.3975293833
515.96	 48.386837773
516.29	 46.8838932054
516.63	 44.9973467307
516.97	 42.4236288967
517.3	 41.2840853469
517.64	 39.6079265776
517.97	 37.6780693391
518.31	 35.0694357883
518.65	 33.358196071
518.98	 31.9533369901
519.32	 31.3875690595
519.66	 30.2825439242
519.99	 28.1409419
520.33	 27.2158485994
520.66	 24.6855025162
521.0	 23.4327733199
521.33	 19.4652329749
521.67	 18.7890150631
522.01	 17.9700844499
522.34	 18.6983600641
522.68	 18.0634521045
523.01	 16.9865139884
523.35	 15.8057660403
523.69	 15.5017761597
524.02	 13.1393942101
524.36	 12.4354887959
524.69	 10.7775315869
525.03	 11.1866232749
525.37	 11.8126390057
525.7	 11.0877208548
526.04	 12.5690986732
526.37	 10.126672252
526.71	 10.0554318265
527.04	 9.03980843714
527.38	 9.22996366313
527.72	 7.19790174952
528.05	 5.72440236398
528.39	 6.30843310488
528.72	 6.42641219604
529.06	 4.90147015486
529.39	 5.48758472211
529.73	 5.12870847128
530.07	 5.10675830185
530.4	 1.98949779293
530.74	 2.88358789531
531.07	 3.02899428731
531.41	 2.95135978331
531.74	 3.50333124883
532.08	 3.7231927356
532.41	 4.16995486809
532.75	 1.38079413391
533.09	 2.5179081677
533.42	 1.04425252218
533.76	 2.23171051034
534.09	 0.568740039331
534.43	 2.35763050238
534.76	 2.90633049962
535.1	 6.82311834248
535.43	 5.60276832038
535.77	 5.14769627566
536.11	 1.07595127293
536.44	 1.1128933461
536.78	 3.69013822834
537.11	 2.9633745223
537.45	 3.51600961423
537.78	 0.639423359285
538.12	 1.59709725448
538.45	 1.21781257974
538.79	 0.916379213341
539.12	 1.63005266967
539.46	 2.42565279158
539.79	 3.67408550957
540.13	 2.21565945705
540.47	 2.1016413742
540.8	 1.33881925071
541.14	 1.9573001298
541.47	 1.66201130342
541.81	 1.79906024241
542.14	 2.99809344833
542.48	 5.01049967851
542.81	 6.2873850852
543.15	 8.45238076317
543.48	 7.60475986917
543.82	 6.15918925348
544.15	 3.99500012591
544.49	 3.67317133649
544.82	 5.83228804075
545.16	 5.08364311599
545.49	 5.51478202557
545.83	 3.65876897732
546.16	 3.23706584191
546.5	 3.23142017747
546.83	 3.56978545313
547.17	 3.47735436801
547.5	 2.02009380108
547.84	 1.74972844979
548.17	 1.03500947036
548.51	 1.31276677293
548.84	 0.122786013072
549.18	 0.695884069089
549.51	 -0.351955035025
549.85	 1.06192568824
550.18	 0.772436185236
550.52	 1.261022011
550.85	 0.892868123337
551.19	 0.805148969819
551.52	 1.24344143729
551.86	 0.452435120261
552.19	 1.76330009196
552.53	 0.793064454018
552.86	 0.511839537716
553.2	 0.823883704114
553.53	 1.00570072576
553.87	 2.49582983879
554.2	 1.5819562095
554.54	 1.43930024275
554.87	 0.474068372511
555.21	 -0.00148377550942
555.54	 1.15491231511
555.88	 1.34673116855
556.21	 2.28952016494
556.55	 1.36552335563
556.88	 3.9658099075
557.22	 3.98563583272
557.55	 5.37428877143
557.89	 2.34780965463
558.22	 1.28594999639
558.56	 1.1346176604
558.89	 1.62989928443
559.22	 1.13329256432
559.56	 0.477500992349
559.89	 0.168985761553
560.23	 0.984271552787
560.56	 0.609992477124
560.9	 0.323014062284
561.23	 0.96475466336
561.57	 1.31494110638
561.9	 2.3631891624
562.24	 2.27882681992
562.57	 2.461932506
562.91	 3.31897162645
563.24	 3.16320098966
563.57	 3.55862703122
563.91	 2.93242622957
564.24	 3.00108552657
564.58	 3.2156065271
564.91	 2.11626424714
565.25	 1.62330955786
565.58	 1.88089115848
565.92	 1.62514755629
566.25	 1.4242348812
566.58	 0.955440674356
566.92	 2.22409620196
567.25	 3.43018571507
567.59	 2.98829694691
567.92	 1.77452477612
568.26	 1.47417677339
568.59	 0.777836538293
568.93	 1.00821321749
569.26	 1.14093711057
569.59	 0.924111634833
569.93	 0.867458200692
570.26	 -0.148261996886
570.6	 -0.368051705805
570.93	 -0.93868560719
571.27	 0.116503677432
571.6	 0.850597299731
571.93	 1.28143685809
572.27	 0.250398841792
572.6	 1.1091063922
572.94	 0.759858082007
573.27	 0.642446796155
573.6	 -0.211240033948
573.94	 0.134028099654
574.27	 1.477426496
574.61	 1.26485121599
574.94	 1.64532247824
575.28	 0.73374149604
575.61	 0.732997591619
575.94	 0.437471182737
576.28	 0.841647914725
576.61	 0.82656243714
576.95	 1.17155562695
577.28	 0.802930841215
577.61	 1.41312150388
577.95	 2.00456275459
578.28	 3.02668034929
578.62	 3.79788714106
578.95	 2.24427205506
579.28	 0.819307442061
579.62	 -0.805135903729
579.95	 0.0929019663591
580.29	 0.686041875586
580.62	 1.21867498985
580.95	 1.11179590773
581.29	 0.800546794387
581.62	 0.705727594079
581.96	 1.10820061346
582.29	 0.585667702115
582.62	 1.01804213741
582.96	 0.267161579815
583.29	 0.811560117455
583.63	 0.574174057862
583.96	 1.11570278481
584.29	 2.75154702734
584.63	 3.50193334356
584.96	 2.91701410188
585.29	 1.22560785694
585.63	 -0.444355170088
585.96	 0.255457489735
586.3	 0.43444088489
586.63	 1.48121439992
586.96	 1.3111395238
587.3	 1.10602947416
587.63	 0.786818503729
587.96	 0.608353690388
588.3	 1.70202390854
588.63	 2.45353865163
588.96	 2.75326086467
589.3	 2.36072028062
589.63	 1.71982679073
589.97	 0.981602528412
590.3	 1.46929943975
590.63	 1.37054876209
590.97	 2.41755818078
591.3	 1.53402463948
591.63	 1.90684038693
591.97	 1.02731434583
592.3	 1.22948012514
592.63	 0.886274476317
592.97	 1.31944468278
593.3	 3.14898386159
593.63	 2.3955404356
593.97	 3.39699728151
594.3	 0.725233341484
594.63	 1.86595551976
594.97	 0.416014142099
595.3	 2.70819613183
595.64	 2.87256811526
595.97	 0.234874345598
596.3	 -0.308825826451
596.64	 -0.858945931795
596.97	 1.80303046151
597.3	 0.423488962745
597.64	 1.44083131419
597.97	 1.72497869504
598.3	 2.4711349516
598.64	 0.755829822876
598.97	 0.567471163283
599.3	 0.0398637647443
599.64	 1.30030788301
599.97	 0.392162903614
600.3	 0.543130613264
600.63	 -0.72877761707
600.97	 1.0586816559
601.3	 1.37193514637
601.63	 1.54482576551
601.97	 0.270035369781
602.3	 0.832625956824
602.63	 2.60621083637
602.97	 2.06319078008
603.3	 0.348363970588
603.63	 -1.21867536101
603.97	 0.535478765859
604.3	 2.0310481088
604.63	 3.40582067397
604.97	 3.68180728862
605.3	 3.0904987649
605.63	 2.74335271576
605.97	 0.929632498308
606.3	 1.59878092003
606.63	 1.03167141111
606.96	 2.2320956687
607.3	 1.7510711386
607.63	 2.97066444606
607.96	 2.71749578493
608.3	 3.32486694814
608.63	 2.98359106732
608.96	 3.51521639592
609.29	 3.55368062522
609.63	 2.64547944179
609.96	 2.95718090088
610.29	 1.94543723802
610.63	 2.27332289281
610.96	 1.02638196928
611.29	 0.967978981046
611.62	 -0.102073558208
611.96	 1.2907815852
612.29	 3.66591812514
612.62	 6.24010869339
612.96	 6.19352131184
613.29	 3.62549320565
613.62	 2.20427180038
613.95	 2.00084971711
614.29	 2.25361966109
614.62	 1.73594731146
614.95	 2.57668934225
615.29	 3.38748231807
615.62	 3.11112318831
615.95	 1.66423046517
616.28	 -0.196598749212
616.62	 -0.32963611634
616.95	 -1.70830076198
617.28	 -0.835393142945
617.61	 0.549099466359
617.95	 1.98770475959
618.28	 1.78935541822
618.61	 0.263795773356
618.94	 -0.0349868330642
619.28	 0.123545898308
619.61	 1.22727666463
619.94	 0.512122834256
620.27	 0.955133627489
620.61	 0.0660617064975
620.94	 1.4940008729
621.27	 0.848458247136
621.6	 0.00274043775471
621.94	 -0.927939952941
622.27	 0.528999367359
622.6	 2.11649170761
622.93	 1.40665676709
623.27	 0.766353584468
623.6	 -0.544988538408
623.93	 -0.372555425606
624.26	 -1.40398436713
624.6	 -0.945052363899
624.93	 0.458898421838
625.26	 0.841999578047
625.59	 0.39458539727
625.93	 -0.775092905575
626.26	 -0.433985027874
626.59	 0.631171896732
626.92	 -0.0899850555556
627.26	 -0.700390160323
627.59	 0.100998178508
627.92	 1.27529535317
628.25	 1.39832279493
628.58	 0.244510190119
628.92	 -0.407655686851
629.25	 -0.773223306882
629.58	 -1.22677501765
629.91	 -0.377736791388
630.24	 -0.263407923837
630.58	 0.849709477893
630.91	 3.48444125579
631.24	 5.60551689369
631.57	 4.75412910996
631.91	 1.33507401307
632.24	 0.30794379035
632.57	 1.41141148331
632.9	 0.301015411803
633.23	 2.20162925494
633.57	 1.4112637105
633.9	 2.18382287993
634.23	 -0.969696945175
634.56	 -1.20305364517
634.89	 1.4825846702
635.23	 1.21408863068
635.56	 0.841595195579
635.89	 -0.849672491619
636.22	 0.148272871703
636.55	 0.34078408316
636.89	 0.816036196386
637.22	 0.883366611303
637.55	 1.23805714218
637.88	 0.656800815994
638.21	 2.22583955836
638.55	 2.0644516025
638.88	 2.68880846855
639.21	 1.11598556036
639.54	 2.40374346128
639.87	 2.11398048247
640.2	 2.76266847989
640.54	 2.65568706309
640.87	 1.38305979469
641.2	 1.33992100811
641.53	 1.24081407574
641.86	 2.01538068939
642.2	 1.59366088958
642.53	 2.47831485244
642.86	 3.42868828128
643.19	 4.68516568735
643.52	 5.61583608328
643.85	 5.80110974821
644.19	 3.89039470619
644.52	 0.931749729104
644.85	 0.0553621823529
645.18	 0.663142424913
645.51	 2.59123416182
645.84	 1.85469959988
646.17	 3.77143463899
646.51	 2.19511522691
646.84	 3.16241250657
647.17	 1.47351793952
647.5	 2.60436597305
647.83	 2.01985442403
648.16	 2.05712087709
648.5	 2.1479141707
648.83	 2.96278949604
649.16	 3.70006578597
649.49	 2.73784782265
649.82	 2.60234217247
650.15	 1.51278712007
650.48	 2.0383688288
650.82	 1.59885662168
651.15	 2.00324401984
651.48	 1.72188881176
651.81	 2.14864779562
652.14	 1.72890199927
652.47	 1.40198667436
652.8	 1.42487312338
653.14	 1.09355380773
653.47	 0.371161510381
653.8	 0.351592950288
654.13	 0.865464201692
654.46	 1.30184689466
654.79	 1.6663881148
655.12	 1.36778847743
655.45	 1.92791665775
655.79	 1.7055847276
656.12	 2.09119838085
656.45	 1.87935949446
656.78	 1.43725115329
657.11	 1.01950889066
657.44	 1.33773003376
657.77	 1.58899622272
658.1	 2.67938976917
658.43	 1.92565811722
658.77	 1.91119582603
659.1	 0.029182510496
659.43	 1.54573731761
659.76	 1.59663269097
660.09	 2.26022591023
660.42	 1.00820108424
660.75	 0.998914757555
661.08	 1.32542703929
661.41	 3.10080147532
661.75	 4.41034535198
662.08	 4.98932872526
662.41	 4.41174833376
662.74	 3.1678703123
663.07	 2.56186845594
663.4	 2.42105303995
663.73	 2.40706934129
664.06	 2.41292365702
664.39	 2.11816104318
664.72	 2.58009126032
665.05	 2.26454947793
665.39	 2.01706133752
665.72	 2.17513671584
666.05	 2.89288235002
666.38	 3.42760177639
666.71	 3.1372931431
667.04	 3.29449085686
667.37	 2.37966600807
667.7	 3.25679028685
668.03	 3.36220734083
668.36	 4.12933249946
668.69	 3.89570593406
669.02	 3.77834559043
669.36	 3.63698784883
669.69	 2.61020871888
670.02	 2.35685955717
670.35	 1.59815970165
670.68	 2.50169400008
671.01	 2.54336581795
671.34	 3.07052624617
671.67	 2.86757492403
672.0	 3.33210709877
672.33	 3.00327190388
672.66	 3.44944587124
672.99	 3.17063365882
673.32	 2.75859317439
673.65	 1.24613513868
673.98	 0.876910920415
674.31	 1.51419864041
674.65	 2.47411167059
674.98	 3.23375633329
675.31	 2.11553782399
675.64	 3.14943183472
675.97	 2.82836608308
676.3	 4.5229477707
676.63	 3.96641665129
676.96	 4.03399629185
677.29	 3.30931074364
677.62	 2.75175678958
677.95	 1.64817202215
678.28	 2.66982256136
678.61	 2.33876306198
678.94	 2.16768315682
679.27	 1.41814681907
679.6	 0.900636011995
679.93	 1.35081941696
680.26	 0.302811287313
680.59	 2.3057243088
680.92	 1.8708783481
681.25	 2.92561851761
681.58	 0.880663871626
681.91	 1.12859567632
682.24	 0.585124850903
682.57	 1.5261759336
682.9	 2.6023113356
683.23	 2.45892692734
683.56	 1.84015840042
683.89	 0.658083971011
684.22	 1.83392222587
684.56	 1.66109532115
684.89	 2.96197501907
685.22	 2.25599710369
685.55	 2.67953827274
685.88	 1.50716675717
686.21	 1.57597481584
686.54	 2.00955854506
686.87	 2.52916679673
687.2	 3.16546939623
687.53	 3.22109392403
687.86	 3.36862631638
688.19	 2.21771353618
688.52	 1.40604305398
688.85	 1.61131736463
689.18	 1.6692773767
689.51	 2.44247978131
689.84	 1.02853852015
690.17	 1.22206973245
690.5	 0.402101798539
690.83	 1.0583450797
691.16	 1.14405245513
691.49	 0.779391700769
691.82	 0.8511007787
692.15	 0.778465518608
692.47	 2.73671853683
692.8	 3.0936046075
693.13	 3.009496693
693.46	 2.41757139577
693.79	 2.11863318616
694.12	 2.64357035229
694.45	 1.5476047416
694.78	 1.05674791742
695.11	 1.17781768758
695.44	 1.94040679189
695.77	 3.37109652691
696.1	 2.97908801869
696.43	 3.85545977835
696.76	 2.54230543833
697.09	 1.63959399235
697.42	 1.51735262534
697.75	 2.00598454118
698.08	 2.35256692218
698.41	 1.47996998158
698.74	 1.52010824041
699.07	 1.76180806163
699.4	 1.88803972584
699.73	 1.91964066628
700.06	 2.38546779758
700.39	 2.82009580461
700.72	 2.76990914325
701.05	 4.7842223396
701.38	 3.71633125809
701.71	 3.23187105748
702.03	 0.968341923414
702.36	 1.37971350596
702.69	 2.00643355321
703.02	 3.63912898312
703.35	 3.62041495932
703.68	 4.47566485913
704.01	 2.45496113214
704.34	 2.01320999904
704.67	 1.19026726701
705.0	 3.35705452845
705.33	 4.35183170692
705.66	 3.78765433083
705.99	 2.74102647712
706.32	 3.31628832291
706.65	 3.9244429857
706.98	 3.27200428547
707.3	 2.88704344817
707.63	 3.95502917605
707.96	 4.9102787188
708.29	 4.85116175952
708.62	 4.41769527001
708.95	 4.38513796882
709.28	 4.81500947589
709.61	 4.8769594719
709.94	 4.75768609781
710.27	 3.97290463445
710.6	 3.07629550719
710.93	 3.48913372026
711.26	 3.73721806482
711.58	 4.12183224548
711.91	 3.79892864587
712.24	 4.18983579193
712.57	 5.45401584344
712.9	 5.62183526655
713.23	 4.28475335582
713.56	 3.61324850611
713.89	 3.26807266424
714.22	 3.58793513875
714.55	 2.93546385025
714.87	 4.57992516832
715.2	 5.53309754814
715.53	 7.17586159104
715.86	 6.27425175136
716.19	 6.7876244619
716.52	 6.55205242837
716.85	 6.94285168562
717.18	 7.17395445163
717.51	 5.49450330188
717.83	 4.77984927401
718.16	 3.55000767789
718.49	 4.46333154764
718.82	 4.8610507401
719.15	 8.29915162076
719.48	 8.6650835446
719.81	 8.48727347293
720.14	 5.73840609085
720.47	 6.59445389619
720.79	 8.00170825279
721.12	 7.99820044118
721.45	 6.59967923856
721.78	 6.92521909823
722.11	 6.35226262215
722.44	 10.4079741461
722.77	 10.2660821662
723.09	 10.1856862437
723.42	 8.69184918082
723.75	 7.22350444314
724.08	 8.22005436436
724.41	 7.07640720323
724.74	 6.82045808897
725.07	 8.02751871269
725.39	 6.81296651584
725.72	 6.79115236105
726.05	 5.26458735552
726.38	 6.44436525552
726.71	 6.24939020911
727.04	 6.79488513141
727.37	 5.75351914402
727.69	 7.71590357851
728.02	 7.07392025113
728.35	 7.66611359089
728.68	 5.7988126519
729.01	 6.2376880088
729.34	 5.19535897309
729.67	 5.05809884717
729.99	 5.78545975375
730.32	 5.91392517958
730.65	 6.81813381484
730.98	 7.36808999546
731.31	 8.7569806682
731.64	 8.81061717316
731.96	 8.64350470415
732.29	 8.57028057551
732.62	 8.05904629773
732.95	 6.43049913453
733.28	 5.3158037897
733.6	 6.23960701361
733.93	 6.0409699757
734.26	 6.68324374418
734.59	 6.45061938977
734.92	 7.10085512603
735.25	 5.82972683418
735.57	 5.00340368035
735.9	 4.6689486529
736.23	 6.17432260069
736.56	 6.11778925083
736.89	 7.37439083929
737.21	 6.04649645356
737.54	 7.343012511
737.87	 6.81807362403
738.2	 7.65727965037
738.53	 6.85415567186
738.85	 5.7074560682
739.18	 5.38483371384
739.51	 4.89752284333
739.84	 5.62220063099
740.17	 5.53671556767
740.49	 4.73530618654
740.82	 4.57395539439
741.15	 4.8069264697
741.48	 6.41256879354
741.81	 6.8579511792
742.13	 6.55314492922
742.46	 6.16359113145
742.79	 6.37178003895
743.12	 6.85765961203
743.45	 8.50258814195
743.77	 8.4648194569
744.1	 7.69888746709
744.43	 6.98656878139
744.76	 6.81706070384
745.09	 8.09493632987
745.41	 6.48647627036
745.74	 6.8371452158
746.07	 5.93806724933
746.4	 7.16203525321
746.72	 6.7923446313
747.05	 6.65785739608
747.38	 6.74313973887
747.71	 6.68643589988
748.03	 9.0949246514
748.36	 8.68595887712
748.69	 8.11562051473
749.02	 6.79009928116
749.34	 5.79366208147
749.67	 7.79662750058
750.0	 8.27143368943
750.33	 10.7309232362
750.66	 10.0212458594
750.98	 9.06764834737
751.31	 7.35537751123
751.64	 6.38316162384
751.97	 6.01290734179
752.29	 6.72779948662
752.62	 6.67877483799
752.95	 7.27117673552
753.28	 5.94889652088
753.6	 7.12720722914
753.93	 6.29451878016
754.26	 7.4327969679
754.58	 6.55703405037
754.91	 7.09036001876
755.24	 5.87152621561
755.57	 6.30472530404
755.89	 5.81986672922
756.22	 6.41286156644
756.55	 7.14696161649
756.88	 7.56079968097
757.2	 6.80017573699
757.53	 5.35182537747
757.86	 4.88588288639
758.19	 5.30422360604
758.51	 5.19580272307
758.84	 5.82760525829
759.17	 6.43101669604
759.49	 6.10101061646
759.82	 6.92521682299
760.15	 6.07590306198
760.48	 8.06991732414
760.8	 5.54299814256
761.13	 7.05825624575
761.46	 5.57156793676
761.78	 7.18312758654
762.11	 5.8133369223
762.44	 6.69752274456
762.77	 5.93472597751
763.09	 6.97773823203
763.42	 5.21242226763
763.75	 5.58277189446
764.07	 3.51946660185
764.4	 3.71358959715
764.73	 2.98480736924
765.05	 3.26422654214
765.38	 3.38590704902
765.71	 3.20044145798
766.04	 4.64325093914
766.36	 4.26934501053
766.69	 3.6470156985
767.02	 3.03424575452
767.34	 2.52741044106
767.67	 4.32278592964
768.0	 3.80460359335
768.32	 4.83759497628
768.65	 4.76250747655
768.98	 5.76619646613
769.3	 4.22664424394
769.63	 2.43504719289
769.96	 1.18596094879
770.28	 3.27807079908
770.61	 3.73614899785
770.94	 3.29054052318
771.26	 1.55680448216
771.59	 2.31703709704
771.92	 3.31793391942
772.24	 3.3094153694
772.57	 3.70729914883
772.9	 2.47421914902
773.22	 1.93008894837
773.55	 1.37591358512
773.88	 0.759695715763
774.2	 1.94309937405
774.53	 1.86160258105
774.86	 2.8371679722
775.18	 2.68730538643
775.51	 2.56750227101
775.84	 1.79828310804
776.16	 1.81920913933
776.49	 1.95130765425
776.82	 2.48843020104
777.14	 3.22251368681
777.47	 2.06889549942
777.8	 1.47107400527
778.12	 -1.20181254464
778.45	 -1.12051426251
778.78	 -0.382876008304
779.1	 0.488335959093
779.43	 1.94371840111
779.75	 2.25864663133
780.08	 2.73608716386
780.41	 1.54272280888
780.73	 2.16430290042
781.06	 1.85737936217
781.39	 3.77351448351
781.71	 1.95692057501
782.04	 2.64663240477
782.37	 0.222636765821
782.69	 1.27012906044
783.02	 1.55609317393
783.34	 2.36196673645
783.67	 2.09148139658
784.0	 2.56429379619
784.32	 3.05788809054
784.65	 2.4026189767
784.97	 2.09349881734
785.3	 1.96174923433
785.63	 1.75516714664
785.95	 1.88600144391
786.28	 2.31069063991
786.61	 3.56423046663
786.93	 3.78429175006
787.26	 4.10902924837
787.58	 4.55205351669
787.91	 3.41861133529
788.24	 2.36301698866
788.56	 2.59077423057
788.89	 3.57399917932
789.21	 3.85478147908
789.54	 2.82506660961
789.87	 2.51365475952
790.19	 2.11337553133
790.52	 1.6850129356
790.84	 0.594306589812
791.17	 1.51509138739
791.5	 1.04391510088
791.82	 0.893756965667
792.15	 0.404090416455
792.47	 0.633855270665
792.8	 -0.0535384044214
793.12	 -0.784128406767
793.45	 -0.0174277022684
793.78	 4.81534237282
794.1	 3.73554910804
794.43	 2.3046912559
794.75	 0.0756832444444
795.08	 1.55555643033
795.4	 2.56266434787
795.73	 2.1072397506
796.06	 3.53429524783
796.38	 3.76623769054
796.71	 4.81297104971
797.03	 3.32685637013
797.36	 3.15923155852
797.68	 1.65931482072
798.01	 2.09571994714
798.34	 1.69459331046
798.66	 1.58983041065
798.99	 0.374899429181
799.31	 1.53282381522
799.64	 1.51640533126
799.96	 2.19559362991
800.29	 2.25854675732
800.61	 2.59176865521
800.94	 5.61835033287
801.27	 6.46198792907
801.59	 7.13770056571
801.92	 5.87980946317
802.24	 3.75684186663
802.57	 3.08978134787
802.89	 1.9983027115
803.22	 3.84178884364
803.54	 4.02808665909
803.87	 3.04494487755
804.19	 0.867960799885
804.52	 -1.18055905513
804.84	 -0.689103549443
805.17	 2.87145094617
805.5	 5.05303480865
805.82	 4.60521439246
806.15	 3.48902934433
806.47	 2.84354676655
806.8	 2.74709342737
807.12	 3.81775090953
807.45	 3.22939666513
807.77	 3.34847118508
808.1	 0.883591058516
808.42	 2.59908624606
808.75	 5.53980609435
809.07	 5.45264945398
809.4	 3.79239832641
809.72	 1.32588633183
810.05	 2.1871708867
810.37	 2.47029872184
810.7	 3.7853885692
811.02	 3.01288076674
811.35	 4.53911147589
811.67	 1.43772818716
812.0	 2.27268671276
812.32	 1.00476513168
812.65	 4.05210730884
812.97	 3.88072954679
813.3	 4.81724082326
813.62	 5.68978672784
813.95	 4.79145851
814.27	 4.67767411369
814.6	 2.6293319644
814.92	 2.71370851361
815.25	 2.04194527866
815.57	 2.43853541069
815.9	 3.27176657286
816.22	 2.81614527686
816.55	 2.67936240961
816.87	 1.85995538497
817.2	 1.74912073014
817.52	 2.40968359508
817.85	 4.39258557355
818.17	 6.51781855336
818.5	 6.66998372534
818.82	 6.04484027001
819.15	 4.13716904302
819.47	 2.53367705417
819.8	 2.05669343445
820.12	 1.05403679493
820.44	 1.46601665433
820.77	 2.05453385536
821.09	 2.08156384598
821.42	 2.89793476002
821.74	 3.75045123364
822.07	 3.21412384095
822.39	 2.25941719258
822.72	 3.06719421926
823.04	 5.78916760254
823.37	 5.83369930273
823.69	 3.99040319585
824.01	 2.51218138535
824.34	 2.98746410561
824.66	 1.19611022345
824.99	 2.05939139539
825.31	 0.705737228258
825.64	 2.76138631772
825.96	 1.15580570342
826.29	 2.60709468708
826.61	 0.874383742791
826.93	 1.05472119539
827.26	 2.4125989105
827.58	 3.71578350377
827.91	 4.0834603677
828.23	 4.53577993206
828.56	 6.13602131838
828.88	 7.30010418781
829.21	 6.35122527224
829.53	 3.22103425998
829.85	 3.48998085067
830.18	 2.34200154887
830.5	 12.2657298484
830.83	 10.5392747151
831.15	 14.0676136487
831.47	 5.10689831442
831.8	 5.88531676217
832.12	 4.04466831111
832.45	 2.75327464348
832.77	 2.95444368466
833.1	 0.926871169243
833.42	 4.43111139
833.74	 4.88264533906
834.07	 6.16177191399
834.39	 3.94309507436
834.72	 2.33225489
835.04	 1.6618973486
835.36	 3.09423439846
835.69	 7.57647614498
836.01	 5.66576989892
836.34	 5.82531823952
836.66	 4.61419978716
836.98	 9.40143991903
837.31	 7.93552924764
837.63	 6.01224002787
837.96	 2.23497105106
838.28	 1.03926480646
838.6	 2.75596565844
838.93	 3.58945085921
839.25	 6.54560257413
839.58	 5.14080222007
839.9	 4.44116286432
840.22	 3.47080938981
840.55	 4.10062394379
840.87	 5.50201919012
841.19	 4.80665317543
841.52	 3.24757437224
841.84	 3.63732259008
842.17	 2.40768209635
842.49	 3.52619716078
842.81	 5.06898986494
843.14	 7.18432512191
843.46	 5.89096224133
843.78	 2.69190283948
844.11	 4.76844804656
844.43	 3.78272060704
844.76	 2.67478337566
845.08	 0.48634841115
845.4	 4.23271180442
845.73	 6.68190070627
846.05	 4.7521692717
846.37	 4.02698077478
846.7	 2.94059282849
847.02	 2.47319640331
847.34	 1.4913602085
847.67	 2.23928468577
847.99	 3.82618185175
848.31	 3.73783322607
848.64	 2.33887695006
848.96	 3.35482043268
849.28	 2.93477236317
849.61	 3.77068716636
849.93	 3.43755405905
850.25	 2.36153535317
850.58	 1.42106130761
850.9	 0.670513682891
851.22	 4.27865027851
851.55	 7.25198004025
851.87	 6.82851055356
852.19	 3.28100933099
852.52	 1.37151694014
852.84	 3.521947603
853.16	 4.34569041084
853.49	 3.71740416617
853.81	 1.65695163237
854.13	 1.47742199862
854.46	 1.00975717489
854.78	 1.61314856432
855.1	 2.56636064245
855.43	 2.16917522084
855.75	 1.64614489658
856.07	 2.2071164807
856.4	 4.95989448712
856.72	 4.51225635702
857.04	 4.65042074963
857.37	 5.06756559881
857.69	 7.18667250727
858.01	 6.27867183506
858.33	 7.59389306228
858.66	 6.92485856628
858.98	 5.26433087363
859.3	 1.49843134068
859.63	 0.151513469012
859.95	 1.97946064306
860.27	 2.81803225079
860.6	 2.77048332545
860.92	 2.931776696
861.24	 1.84067672372
861.56	 3.70986769519
861.89	 1.98281999077
862.21	 4.88916823041
862.53	 2.56313693141
862.86	 4.09256712914
863.18	 6.04152273241
863.5	 6.38084758585
863.82	 6.96148533433
864.15	 3.96943644079
864.47	 5.89325955959
864.79	 4.49866455717
865.11	 2.8107010025
865.44	 -0.184588841369
865.76	 -0.542779898808
866.08	 -0.294439740215
866.41	 3.00936614321
866.73	 2.37431761296
867.05	 1.57856166086
867.37	 -0.772198675586
867.7	 2.19425324714
868.02	 6.08544033937
868.34	 10.8017892574
868.66	 10.3726617385
868.99	 8.34744439208
869.31	 7.53358943791
869.63	 6.55860664587
869.95	 6.80426955125
870.28	 2.70010409958
870.6	 2.48493018228
870.92	 1.79629948185
871.24	 3.79579661407
871.57	 4.07393454641
871.89	 6.3772209005
872.21	 5.23709943568
872.53	 4.77937948766
872.86	 1.92149118416
873.18	 4.12685592926
873.5	 7.02560531561
873.82	 10.1062569631
874.15	 6.38417518216
874.47	 6.9157688524
874.79	 5.89982496278
875.11	 7.46264010473
875.43	 6.90385834814
875.76	 3.81048676844
876.08	 3.15070505982
876.4	 0.694145337486
876.72	 3.49376241684
877.05	 7.52564881196
877.37	 8.99867786275
877.69	 10.0602717231
878.01	 6.06135878266
878.33	 6.04905624564
878.66	 2.01157923622
878.98	 2.70322077459
879.3	 0.902061175394
879.62	 3.89473593779
879.94	 4.06431855921
880.27	 5.71198997743
880.59	 5.30516536498
880.91	 9.60296775725
881.23	 8.75946554875
881.55	 10.3433226496
881.88	 4.85619287101
882.2	 6.33593812953
882.52	 4.5910772594
882.84	 7.25659359412
883.16	 5.44307471296
883.49	 3.46798969212
883.81	 1.21673880688
884.13	 2.93332350423
884.45	 5.80917384083
884.77	 6.91082709427
885.1	 5.60906587478
885.42	 6.39188672557
885.74	 7.82833398412
886.06	 6.45505550411
886.38	 7.54568280496
886.71	 6.81957553783
887.03	 7.13197269596
887.35	 6.3673436604
887.67	 7.38932203426
887.99	 7.26994068378
888.31	 6.24987538585
888.64	 6.99064651972
888.96	 10.2411404419
889.28	 8.82929951273
889.6	 4.2993686822
889.92	 2.68725436582
890.24	 4.32861385759
890.57	 6.08229993068
890.89	 7.10742529758
891.21	 4.08422543418
891.53	 9.35755643702
891.85	 6.77850247105
892.17	 8.41268954464
892.49	 1.42662829789
892.82	 3.65542122572
893.14	 0.441890883429
893.46	 3.80167669389
893.78	 2.35787004633
894.1	 4.452991302
894.42	 5.19894789942
894.74	 9.21461947562
895.07	 12.2000991887
895.39	 13.6699254777
895.71	 7.99294891134
896.03	 6.37203409346
896.35	 3.35616296228
896.67	 4.58891323003
896.99	 2.78952470465
897.32	 1.14300870565
897.64	 0.0576981723183
897.96	 2.35710644721
898.28	 1.65682965621
898.6	 2.42088142441
898.92	 -0.41802517624
899.24	 -0.701160073164
899.56	 -1.46723675656
899.89	 -0.0333035795848
900.21	 3.14047147878
900.53	 4.15475025925
900.85	 6.68716479523
901.17	 4.72141832933
901.49	 4.84597889208
901.81	 4.06626387497
902.13	 7.15536305225
902.45	 9.22321617693
902.78	 7.7084293208
903.1	 6.12023866113
903.42	 4.61719449535
903.74	 3.05881537059
904.06	 5.30233781899
904.38	 5.00151612876
904.7	 6.68480645163
905.02	 4.39952283718
905.34	 5.80068970561
905.66	 5.5451513534
905.98	 3.26376394698
906.31	 4.31201390784
906.63	 2.56696596017
906.95	 4.54159271845
907.27	 0.962364463899
907.59	 4.187957094
907.91	 1.73887168881
908.23	 3.39756635098
908.55	 5.2379179787
908.87	 11.5092303108
909.19	 12.4708274457
909.51	 12.0037888252
909.83	 7.23317675521
910.15	 6.64167384537
910.48	 5.0561961238
910.8	 7.84201025575
911.12	 6.0552638752
911.44	 2.70596901865
911.76	 -0.942158219454
912.08	 -0.269377426028
912.4	 3.26042975567
912.72	 5.80807908597
913.04	 10.9796439355
913.36	 10.9693646926
913.68	 12.9245437473
914.0	 8.50447090142
914.32	 10.305145694
914.64	 6.71414033203
914.96	 5.17865853972
915.28	 3.79117903518
915.6	 8.58163201265
915.93	 8.63639529304
916.25	 6.15151906005
916.57	 2.22450753379
916.89	 2.98979617374
917.21	 6.4495047273
917.53	 8.68464986386
917.85	 13.60532067
918.17	 11.884454633
918.49	 10.7534817908
918.81	 7.36772170035
919.13	 7.99046205498
919.45	 6.02242922126
919.77	 4.40210640246
920.09	 8.76900626901
920.41	 10.7559566997
920.73	 12.1531175695
921.05	 12.6548188569
921.37	 12.5397717144
921.69	 15.0596731033
922.01	 12.224742837
922.33	 11.9839057316
922.65	 8.09019170338
922.97	 5.07599160515
923.29	 7.20117418954
923.61	 6.19275172661
923.93	 8.4961383138
924.25	 6.87764553779
924.57	 8.96149431196
924.89	 6.0409070732
925.21	 6.58340340304
925.53	 7.61691160373
925.85	 7.14297140365
926.17	 5.15338913602
926.49	 4.87016801792
926.81	 14.6877735191
927.13	 13.7328440114
927.45	 12.5186600636
927.77	 8.54828561622
928.09	 11.8580560493
928.41	 16.4074531667
928.73	 13.2675176459
929.05	 10.7799332669
929.37	 4.65861189331
929.69	 3.49359979431
930.01	 5.95802715725
930.33	 8.66687727105
930.65	 10.4694799307
930.97	 8.02403324218
931.29	 14.5888006794
931.61	 16.3916129588
931.93	 17.125463683
932.25	 9.74761094617
932.57	 6.54557211046
932.89	 10.9582971847
933.21	 12.9048139348
933.53	 13.4067508942
933.85	 11.2475956506
934.17	 10.7788212884
934.49	 8.43261086951
934.81	 12.4013403258
935.12	 11.8350464973
935.44	 15.7721574769
935.76	 10.426972438
936.08	 10.7511462145
936.4	 9.501157794
936.72	 12.2024773081
937.04	 14.5662520686
937.36	 17.7913523669
937.68	 13.5920791883
938.0	 13.2516271609
938.32	 9.85129527428
938.64	 12.2222172145
938.96	 10.5127877614
939.28	 12.2977006875
939.6	 13.3888126473
939.92	 22.0801564521
940.24	 21.3498429946
940.55	 31.7074535709
940.87	 37.5772144008
941.19	 37.9067849229
941.51	 29.7610789215
941.83	 21.6059888275
942.15	 25.5467084763
942.47	 27.7710063035
942.79	 26.5716238804
943.11	 25.2329217805
943.43	 29.3706716987
943.75	 27.6437465149
944.07	 23.9880955557
944.39	 12.9917431224
944.7	 14.0878138334
945.02	 19.4745579813
945.34	 20.4359227574
945.66	 19.2594739118
945.98	 25.7299307179
946.3	 31.7773843336
946.62	 43.1159522943
946.94	 39.0806222113
947.26	 40.3852996196
947.58	 25.5847006188
947.89	 26.2814565053
948.21	 29.3336354043
948.53	 40.8048593152
948.85	 40.8250993699
949.17	 41.2025219795
949.49	 39.3953694083
949.81	 35.8981194005
950.13	 31.452977422
950.45	 25.7152062739
950.76	 32.6299487616
951.08	 37.6151224047
951.4	 49.7821173554
951.72	 49.8915327003
952.04	 53.2634669871
952.36	 49.5479038681
952.68	 49.9083836918
953.0	 51.5344101024
953.31	 47.2471842132
953.63	 54.0590234289
953.95	 51.4682505388
954.27	 61.8397520308
954.59	 52.1106352313
954.91	 52.5305356927
955.23	 41.0641916754
955.54	 46.8563062511
955.86	 57.0307679046
956.18	 64.2560189826
956.5	 69.6900888669
956.82	 60.7114473699
957.14	 59.5420070218
957.46	 54.3026551867
957.77	 55.8576837654
958.09	 58.6590650564
958.41	 61.1187081825
958.73	 61.2270750946
959.05	 59.2368005439
959.37	 59.968232624
959.69	 62.9854003546
960.0	 63.0910695338
960.32	 62.4442690387
960.64	 60.7304517036
960.96	 59.8210693089
961.28	 59.4037643564
961.6	 56.708577413
961.91	 60.0266302263
962.23	 67.2879497471
962.55	 75.1039325734
962.87	 72.9967280881
963.19	 63.2078741138
963.5	 61.7585108476
963.82	 66.2274455425
964.14	 67.3939574899
964.46	 72.0032742714
964.78	 73.3675428212
965.1	 73.6097087827
965.41	 65.6329294082
965.73	 66.2461499643
966.05	 68.1468948315
966.37	 73.7656237778
966.69	 66.6943214155
967.0	 69.7296847929
967.32	 66.8645770956
967.64	 68.377589242
967.96	 69.8551957647
968.28	 68.6190724138
968.59	 69.1134862526
968.91	 66.4944535948
969.23	 68.5278763672
969.55	 72.3926306863
969.87	 72.9627757836
970.18	 76.081010955
970.5	 77.3171562511
970.82	 79.2195119261
971.14	 78.015313564
971.46	 80.0375069131
971.77	 78.3011871195
972.09	 76.0500390896
972.41	 71.6564498571
972.73	 74.3354394711
973.04	 72.9518806745
973.36	 79.18707756
973.68	 77.115463023
974.0	 78.9619926339
974.32	 73.8555869572
974.63	 80.8151198799
974.95	 83.3912420995
975.27	 85.1653229596
975.59	 80.0231307805
975.9	 79.2963380754
976.22	 76.2086339697
976.54	 74.9718674469
976.86	 80.0718853236
977.17	 82.7142364439
977.49	 86.1262021693
977.81	 81.7820465927
978.13	 85.7008539387
978.44	 83.46590337
978.76	 80.5514590843
979.08	 74.2477621229
979.4	 73.8063528082
979.71	 71.492804128
980.03	 72.2146929892
980.35	 67.3552504218
980.67	 69.3144339421
980.98	 73.9680138782
981.3	 75.428980216
981.62	 75.4558088998
981.94	 65.8404383798
982.25	 74.6656561754
982.57	 71.8006132829
982.89	 75.5340082251
983.2	 63.0740141179
983.52	 69.0369567967
983.84	 69.8883245688
984.16	 75.6388121724
984.47	 70.0427578727
984.79	 73.0752584453
985.11	 69.2848546855
985.42	 75.9771054682
985.74	 76.9168278805
986.06	 78.899193279
986.38	 74.7971772822
986.69	 75.7767288816
987.01	 73.5987180413
987.33	 74.2586119865
987.64	 65.9035868228
987.96	 70.7797538884
988.28	 73.935298715
988.6	 75.0759584998
988.91	 80.4966076042
989.23	 80.6494445786
989.55	 83.7346680464
989.86	 89.335669703
990.18	 82.9784582176
990.5	 77.96809831
990.81	 62.3399374576
991.13	 71.5098445725
991.45	 74.388735606
991.76	 76.1509191982
992.08	 64.0817706675
992.4	 61.5139587302
992.72	 58.9635709613
993.03	 72.9633483131
993.35	 80.0858496157
993.67	 80.2599935968
993.98	 64.2726234741
994.3	 55.3271686759
994.62	 56.5085659171
994.93	 70.7914272077
995.25	 85.3441891802
995.57	 84.6561262921
995.88	 77.5261079656
996.2	 60.4813512607
996.52	 64.1421930253
996.83	 63.6573888163
997.15	 66.282132745
997.47	 68.5829928059
997.78	 72.2359013715
998.1	 80.4823610777
998.42	 78.0136464551
998.73	 79.6774038632
999.05	 74.3893034707
999.36	 71.5515421305
999.68	 67.9200231347
1000.0	 68.0076812683
1000.31	 71.850999303
1000.63	 72.5595645135
1000.95	 78.5557343642
1001.26	 81.4438554315
1001.58	 74.3839847499
1001.9	 67.1880351442
1002.21	 60.3902792962
1002.53	 71.6704549654
1002.84	 81.8690550538
1003.16	 91.8045424082
1003.48	 81.4687911885
1003.79	 69.6856792189
1004.11	 75.5417488567
1004.43	 86.7269273845
1004.74	 90.9543790005
1005.06	 76.4947068944
1005.37	 89.0568484785
1005.69	 89.4172274096
1006.01	 94.8381290825
1006.32	 74.6533549298
1006.64	 70.0976900162
1006.96	 65.1355894118
1007.27	 63.3378573569
1007.59	 67.5939921606
1007.9	 68.2858774855
1008.22	 81.7423022571
1008.54	 81.7120179981
1008.85	 83.3290930225
1009.17	 77.4843274892
1009.48	 77.265207552
1009.8	 70.5346081446
1010.12	 74.1773839976
1010.43	 71.2799766436
1010.75	 78.9223342527
1011.06	 75.9116124715
1011.38	 89.750332883
1011.7	 80.632658188
1012.01	 94.6690713766
1012.33	 84.6218812208
1012.64	 96.4136027887
1012.96	 75.5520540569
1013.27	 78.6892812436
1013.59	 78.2219183485
1013.91	 85.1724564215
1014.22	 76.8772701629
1014.54	 83.31883097
1014.85	 72.8012546081
1015.17	 82.3081744587
1015.48	 80.4732041486
1015.8	 87.3675738256
1016.12	 102.067920128
1016.43	 94.7667515897
1016.75	 97.4902072193
1017.06	 87.2184223565
1017.38	 85.259065101
1017.69	 85.999619395
1018.01	 73.6288835838
1018.32	 73.9298426812
1018.64	 73.3327609453
1018.96	 79.2184992131
1019.27	 93.8087274985
1019.59	 98.5220490727
1019.9	 100.775621682
1020.22	 97.41183207
1020.53	 103.81651883
1020.85	 91.9673606672
1021.16	 90.7617573848
1021.48	 90.4317800313
1021.79	 93.913363865
1022.11	 75.5275670881
1022.43	 55.8682517398
1022.74	 65.4155332717
1023.06	 71.5445204697
1023.37	 85.8672691995
1023.69	 85.8620828742
1024.0	 88.5492958138
1024.32	 74.7870236953
1024.63	 58.6007678034
1024.95	 54.0438297603
1025.26	 55.5302969832
1025.58	 65.9825710893
1025.89	 80.8434313889
1026.21	 90.0840071109
1026.52	 90.988605308
1026.84	 84.7762729053
1027.15	 82.7221577826
1027.47	 89.7185691152
1027.78	 84.8653018869
1028.1	 78.2384695945
1028.41	 71.1454693783
1028.73	 64.2225687561
1029.04	 73.5588838011
1029.36	 77.0161223431
1029.67	 101.616269247
1029.99	 112.205072159
1030.3	 106.252489875
1030.62	 99.2696699767
1030.93	 83.2854157421
1031.25	 99.7035549905
1031.56	 94.3745557602
1031.88	 103.370545935
1032.19	 101.25876898
1032.51	 94.4807764354
1032.82	 86.3444587539
1033.14	 95.2681849626
1033.45	 110.649495312
1033.77	 105.25956229
1034.08	 73.4757448351
1034.4	 54.1781897406
1034.71	 54.7189130223
1035.03	 53.5572202482
1035.34	 80.8602619418
1035.66	 105.556537243
1035.97	 120.314161525
1036.28	 139.321741472
1036.6	 126.49313975
1036.91	 119.305019678
1037.23	 101.683165263
1037.54	 101.953136132
1037.86	 106.161506553
1038.17	 81.5540226825
1038.49	 72.7151893304
1038.8	 60.6055127534
1039.12	 68.4713827173
1039.43	 77.8302905318
1039.74	 100.529634609
1040.06	 106.009932943
1040.37	 105.134028817
1040.69	 81.2956360861
1041.0	 75.4238237891
1041.32	 56.0908035385
1041.63	 70.5606990006
1041.95	 74.4345134391
1042.26	 78.8336436725
1042.57	 71.3900046583
1042.89	 90.801679448
1043.2	 87.8836524781
1043.52	 110.214286499
1043.83	 79.8738480759
1044.15	 86.3528233268
1044.46	 63.0164352524
1044.77	 64.7382621431
1045.09	 59.9971438735
1045.4	 58.6757484411
1045.72	 41.5384053632
1046.03	 58.7141078346
1046.35	 49.8805742734
1046.66	 71.3607466398
1046.97	 73.6189268324
1047.29	 75.2493941206
1047.6	 83.8357388076
1047.92	 52.4785134013
1048.23	 62.7999571739
1048.54	 66.853535007
1048.86	 73.5467176692
1049.17	 71.2148330606
1049.49	 58.6184454777
1049.8	 60.884106871
1050.11	 58.1096879773
1050.43	 75.0732193945
1050.74	 85.990751808
1051.06	 100.667433815
1051.37	 74.4057601736
1051.68	 55.3196348338
1052.0	 31.9830345786
1052.31	 52.4962926334
1052.62	 63.3341477736
1052.94	 70.9988341736
1053.25	 55.6155567367
1053.57	 71.8056261921
1053.88	 67.3423162127
1054.19	 57.727557653
1054.51	 46.2840206161
1054.82	 51.9185611875
1055.13	 54.6261929213
1055.45	 55.1403539114
1055.76	 35.1340706075
1056.08	 42.1272756565
1056.39	 18.7547866735
1056.7	 39.3594605027
1057.02	 42.6008890849
1057.33	 45.6343435724
1057.64	 30.32362001
1057.96	 36.8479947227
1058.27	 40.8184231264
1058.58	 50.2746497679
1058.9	 31.1320605341
1059.21	 18.1914828467
1059.52	 22.4571444998
1059.84	 46.6825135564
1060.15	 54.7972830692
1060.46	 93.1009573178
1060.78	 83.7423479671
1061.09	 114.730439377
1061.4	 62.5992617904
1061.72	 78.2709380809
1062.03	 212.916402296
1062.34	 214.319296032
1062.66	 193.542777596
1062.97	 57.3698655506
1063.28	 59.7772255258
1063.6	 69.7921741892
1063.91	 24.0879592874
1064.22	 28.9064331723
1064.54	 12.6111513409
1064.85	 29.9060500918
1065.16	 38.2562874941
1065.48	 64.8660881036
1065.79	 60.934085737
1066.1	 52.7124730861
1066.42	 24.538121595
1066.73	 6.44591709489
1067.04	 21.9625735842
1067.36	 39.5424114203
1067.67	 29.5292156696
1067.98	 30.9722514732
1068.29	 34.9314555918
1068.61	 52.7807908758
1068.92	 75.5295018486
1069.23	 59.2263015666
1069.55	 35.5494603866
1069.86	 20.2520684692
1070.17	 12.8350681175
1070.49	 29.8252597176
1070.8	 42.8538848732
1071.11	 105.636604971
1071.42	 113.778452432
1071.74	 82.0307954896
1072.05	 53.3868378769
1072.36	 71.2859565489
1072.68	 76.6937280952
1072.99	 50.7860706977
1073.3	 80.9354289413
1073.61	 66.907873407
1073.93	 85.8625240594
1074.24	 24.615347097
1074.55	 25.6298532469
1074.86	 2.88878214733
1075.18	 4.58782883453
1075.49	 19.5560096736
1075.8	 37.8502330361
1076.11	 34.6347528889
1076.43	 55.7523746256
1076.74	 38.5121327749
1077.05	 64.5654833961
1077.37	 47.9402244782
1077.68	 59.9934266098
1077.99	 62.3007775036
1078.3	 43.226591779
1078.62	 48.01506914
1078.93	 31.0507681548
1079.24	 46.7235705683
1079.55	 40.8726497239
1079.86	 65.9664519515
1080.18	 73.0347294095
1080.49	 90.2178492684
1080.8	 56.3067189986
1081.11	 33.9353643418
1081.43	 -33.6704177252
1081.74	 -5.92095665771
1082.05	 35.4210450784
1082.36	 77.5653257079
1082.68	 62.8225253045
1082.99	 33.0021999582
1083.3	 76.0064972075
1083.61	 74.7845556852
1083.92	 47.6316686645
1084.24	 35.0407820946
1084.55	 51.3086248014
1084.86	 49.842737853
1085.17	 10.6481299652
1085.49	 -13.1486161197
1085.8	 15.3688071098
1086.11	 43.9232879524
1086.42	 64.7592706592
1086.73	 81.6982905811
1087.05	 75.0853237374
1087.36	 32.6557795064
1087.67	 -9.3525994832
1087.98	 20.4673851859
1088.29	 -7.25375506928
1088.61	 -63.1209168225
1088.92	 -244.946363975
1089.23	 -23.6447137266
1089.54	 67.6481368618
1089.85	 107.495998769
1090.17	 85.0170291971
1090.48	 50.9583699024
1090.79	 12.8391589007
1091.1	 74.8189978196
1091.41	 89.2232223865
1091.72	 93.9034938641
1092.04	 62.148172223
1092.35	 52.4916663876
1092.66	 49.9678605782
1092.97	 30.4434312134
1093.28	 -1.36967055594
1093.59	 19.3989278941
1093.91	 2.74600541269
1094.22	 17.5313602666
1094.53	 -25.1225297113
1094.84	 -1.99578265867
1095.15	 28.7490588839
1095.46	 51.1294377399
1095.78	 47.1324751239
1096.09	 36.3706819607
1096.4	 39.8317084559
1096.71	 34.7247593146
1097.02	 24.8724738331
1097.33	 64.4446514698
1097.65	 47.9451408495
1097.96	 72.0108796206
1098.27	 -0.10560664083
1098.58	 20.9059914614
1098.89	 22.1932464458
1099.2	 69.5640345924
1099.51	 84.2397686496
1099.83	 71.3735670822
1100.14	 52.6927088489
