# #1 Wavelength (nm) #2 Relative intensity ()
2.400000000000000000e+02 0.000000000000000000e+00
2.410000000000000000e+02 0.000000000000000000e+00
2.420000000000000000e+02 0.000000000000000000e+00
2.430000000000000000e+02 0.000000000000000000e+00
2.440000000000000000e+02 0.000000000000000000e+00
2.450000000000000000e+02 0.000000000000000000e+00
2.460000000000000000e+02 0.000000000000000000e+00
2.470000000000000000e+02 0.000000000000000000e+00
2.480000000000000000e+02 0.000000000000000000e+00
2.490000000000000000e+02 7.785387535358635682e-05
2.500000000000000000e+02 1.840182508357495633e-04
2.510000000000000000e+02 1.816590424917014857e-04
2.520000000000000000e+02 2.264840010286148513e-04
2.530000000000000000e+02 2.618721261893359065e-04
2.540000000000000000e+02 2.595129178452878290e-04
2.550000000000000000e+02 2.571537095012398056e-04
2.560000000000000000e+02 2.949010430060089384e-04
2.570000000000000000e+02 3.444444182310184050e-04
2.580000000000000000e+02 3.538812516072106611e-04
2.590000000000000000e+02 5.166666273465276345e-04
2.600000000000000000e+02 5.331810857548641234e-04
2.610000000000000000e+02 7.549466700953828737e-04
2.620000000000000000e+02 8.304413371049210310e-04
2.630000000000000000e+02 1.236225172281189399e-03
2.640000000000000000e+02 1.318797464322871843e-03
2.650000000000000000e+02 1.759969424659861212e-03
2.660000000000000000e+02 2.382800427488551958e-03
2.670000000000000000e+02 2.960806471780329501e-03
2.680000000000000000e+02 4.130973810428172945e-03
2.690000000000000000e+02 4.994444064349766628e-03
2.700000000000000000e+02 6.704870113784617940e-03
2.710000000000000000e+02 8.679527497752853940e-03
2.720000000000000000e+02 1.127701588454978199e-02
2.730000000000000000e+02 1.492435198444809832e-02
2.740000000000000000e+02 2.034581275907056466e-02
2.750000000000000000e+02 2.551955665756798844e-02
2.760000000000000000e+02 3.263021060652887551e-02
2.770000000000000000e+02 4.092046872751379377e-02
2.780000000000000000e+02 5.273774332285058319e-02
2.790000000000000000e+02 6.582427200728523109e-02
2.800000000000000000e+02 8.285067862628017754e-02
2.810000000000000000e+02 1.038594289300282386e-01
2.820000000000000000e+02 1.257929889046431604e-01
2.830000000000000000e+02 1.436238855689584981e-01
2.840000000000000000e+02 1.779645222249222059e-01
2.850000000000000000e+02 2.131002120928301435e-01
2.860000000000000000e+02 2.415876528472106211e-01
2.870000000000000000e+02 2.776434339692972486e-01
2.880000000000000000e+02 3.215766117521604572e-01
2.890000000000000000e+02 3.592508097982640702e-01
2.900000000000000000e+02 3.947120704176506623e-01
2.910000000000000000e+02 4.381521736566078018e-01
2.920000000000000000e+02 4.779826881291713847e-01
2.930000000000000000e+02 5.190777382741447177e-01
2.940000000000000000e+02 5.546168527688848382e-01
2.950000000000000000e+02 5.943058147408055714e-01
2.960000000000000000e+02 6.294131941085849835e-01
2.970000000000000000e+02 6.623784122999686330e-01
2.980000000000000000e+02 6.930622760226577972e-01
2.990000000000000000e+02 7.227859419493194437e-01
3.000000000000000000e+02 7.465879949324204512e-01
3.010000000000000000e+02 7.730606717609839196e-01
3.020000000000000000e+02 7.922386763897507622e-01
3.030000000000000000e+02 8.149625711596216737e-01
3.040000000000000000e+02 8.293655381000352156e-01
3.050000000000000000e+02 8.494754300247009393e-01
3.060000000000000000e+02 8.604410304078362604e-01
3.070000000000000000e+02 8.777529012364611027e-01
3.080000000000000000e+02 8.867957468191973724e-01
3.090000000000000000e+02 8.996770243776998077e-01
3.100000000000000000e+02 9.095196415890683950e-01
3.110000000000000000e+02 9.170832635400865129e-01
3.120000000000000000e+02 9.278247391305374236e-01
3.130000000000000000e+02 9.327790766530382749e-01
3.140000000000000000e+02 9.418384366941829899e-01
3.150000000000000000e+02 9.457712370037110183e-01
3.160000000000000000e+02 9.534221496634589510e-01
3.170000000000000000e+02 9.562272483845321025e-01
3.180000000000000000e+02 9.633968825420942128e-01
3.190000000000000000e+02 9.663694850555947236e-01
3.200000000000000000e+02 9.696417070287894902e-01
3.210000000000000000e+02 9.756742027645203263e-01
3.220000000000000000e+02 9.746078405930105326e-01
3.230000000000000000e+02 9.814825737075667522e-01
3.240000000000000000e+02 9.826645370879347752e-01
3.250000000000000000e+02 9.837639281762611265e-01
3.260000000000000000e+02 9.882865305718013804e-01
3.270000000000000000e+02 9.884186462390680550e-01
3.280000000000000000e+02 9.894566979104492122e-01
3.290000000000000000e+02 9.931229076770998754e-01
3.300000000000000000e+02 9.931205484687558593e-01
3.310000000000000000e+02 9.935994677625975546e-01
3.320000000000000000e+02 9.962394218995873629e-01
3.330000000000000000e+02 9.961191022740408796e-01
3.340000000000000000e+02 9.970273974864994893e-01
3.350000000000000000e+02 9.986127854936998061e-01
3.360000000000000000e+02 9.987920853278473565e-01
3.370000000000000000e+02 9.984523593263044949e-01
3.380000000000000000e+02 9.995800609147593718e-01
3.390000000000000000e+02 9.998065449157881313e-01
3.400000000000000000e+02 9.993535769137308344e-01
3.410000000000000000e+02 9.998820395827976437e-01
3.420000000000000000e+02 1.000000000000000000e+00
3.430000000000000000e+02 9.996201674566081996e-01
3.440000000000000000e+02 9.991035008292618036e-01
3.450000000000000000e+02 9.989548707035867947e-01
3.460000000000000000e+02 9.987543379943426558e-01
3.470000000000000000e+02 9.982353121586521327e-01
3.480000000000000000e+02 9.977917809899710111e-01
3.490000000000000000e+02 9.972656775292482179e-01
3.500000000000000000e+02 9.965366821509373807e-01
3.510000000000000000e+02 9.958572301478516575e-01
3.520000000000000000e+02 9.952768648952157182e-01
3.530000000000000000e+02 9.944888893083037029e-01
3.540000000000000000e+02 9.936631663878868759e-01
3.550000000000000000e+02 9.928138513840295554e-01
3.560000000000000000e+02 9.917616444625841909e-01
3.570000000000000000e+02 9.907000007077625403e-01
3.580000000000000000e+02 9.896477937863170649e-01
3.590000000000000000e+02 9.885460434896465864e-01
3.600000000000000000e+02 9.874230603178797416e-01
3.610000000000000000e+02 9.863118731878331991e-01
3.620000000000000000e+02 9.851417058491853673e-01
3.630000000000000000e+02 9.838370636349266229e-01
3.640000000000000000e+02 9.824946740871633999e-01
3.650000000000000000e+02 9.811475661227119227e-01
3.660000000000000000e+02 9.798028173666044616e-01
3.670000000000000000e+02 9.784203212769922997e-01
3.680000000000000000e+02 9.769127871451455114e-01
3.690000000000000000e+02 9.753698648881381494e-01
3.700000000000000000e+02 9.739472622566770488e-01
3.710000000000000000e+02 9.723807479162291934e-01
3.720000000000000000e+02 9.707906414923408445e-01
3.730000000000000000e+02 9.692194087352048459e-01
3.740000000000000000e+02 9.675089826857699027e-01
3.750000000000000000e+02 9.657608093028303697e-01
3.760000000000000000e+02 9.639984806698264075e-01
3.770000000000000000e+02 9.622833362037035432e-01
3.780000000000000000e+02 9.605257259873876130e-01
3.790000000000000000e+02 9.587327276459111092e-01
3.800000000000000000e+02 9.569538845544989236e-01
3.810000000000000000e+02 9.551868375048069293e-01
3.820000000000000000e+02 9.533985575800183465e-01
3.830000000000000000e+02 9.514663659462431200e-01
3.840000000000000000e+02 9.495530479792201328e-01
3.850000000000000000e+02 9.476420892205411617e-01
3.860000000000000000e+02 9.457169752117978723e-01
3.870000000000000000e+02 9.437635507029261683e-01
3.880000000000000000e+02 9.417251946936686657e-01
3.890000000000000000e+02 9.396750426426908609e-01
3.900000000000000000e+02 9.376107353416487378e-01
3.910000000000000000e+02 9.355676609157032031e-01
3.920000000000000000e+02 9.335057128230050960e-01
3.930000000000000000e+02 9.314437647303071000e-01
3.940000000000000000e+02 9.293936126793292951e-01
3.950000000000000000e+02 9.273033540865026625e-01
3.960000000000000000e+02 9.252461244104928095e-01
3.970000000000000000e+02 9.230850895673446965e-01
3.980000000000000000e+02 9.208886665990361209e-01
3.990000000000000000e+02 9.187252725475439918e-01
4.000000000000000000e+02 9.165430048292995124e-01
4.010000000000000000e+02 9.143819699861513994e-01
4.020000000000000000e+02 9.122350903930677157e-01
4.030000000000000000e+02 9.100622595081994115e-01
4.040000000000000000e+02 9.077856234561930693e-01
4.050000000000000000e+02 9.055160650292187752e-01
4.060000000000000000e+02 9.032889723524374359e-01
4.070000000000000000e+02 9.011208598842572748e-01
4.080000000000000000e+02 8.989150000825721909e-01
4.090000000000000000e+02 8.965888206553408457e-01
4.100000000000000000e+02 8.942390491446690071e-01
4.110000000000000000e+02 8.920284709262960021e-01
4.120000000000000000e+02 8.897801453744181854e-01
4.130000000000000000e+02 8.874987909057237001e-01
4.140000000000000000e+02 8.852150772286851987e-01
4.150000000000000000e+02 8.828983346348299177e-01
4.160000000000000000e+02 8.805933880826949389e-01
4.170000000000000000e+02 8.782695678638077208e-01
4.180000000000000000e+02 8.759481068532642967e-01
4.190000000000000000e+02 8.736455195094734449e-01
4.200000000000000000e+02 8.713382137489944501e-01
4.210000000000000000e+02 8.689695685715701501e-01
4.220000000000000000e+02 8.666009233941458501e-01
4.230000000000000000e+02 8.643172097171073487e-01
4.240000000000000000e+02 8.620004671232521787e-01
4.250000000000000000e+02 8.596908021544290568e-01
4.260000000000000000e+02 8.573410306437572181e-01
4.270000000000000000e+02 8.549771038830210612e-01
4.280000000000000000e+02 8.525777889971241086e-01
4.290000000000000000e+02 8.502020661946676494e-01
4.300000000000000000e+02 8.478499354756517947e-01
4.310000000000000000e+02 8.455426297151727999e-01
4.320000000000000000e+02 8.432541976214461554e-01
4.330000000000000000e+02 8.408336498604529474e-01
4.340000000000000000e+02 8.384579270579963772e-01
4.350000000000000000e+02 8.360916410889162043e-01
4.360000000000000000e+02 8.337631024533407320e-01
4.370000000000000000e+02 8.314392822344534029e-01
4.380000000000000000e+02 8.290729962653732299e-01
4.390000000000000000e+02 8.266925550462286276e-01
4.400000000000000000e+02 8.243262690771484547e-01
4.410000000000000000e+02 8.220378369834219212e-01
4.420000000000000000e+02 8.197210943895666402e-01
4.430000000000000000e+02 8.173312163370459738e-01
4.440000000000000000e+02 8.149507751179014825e-01
4.450000000000000000e+02 8.125797707321330554e-01
4.460000000000000000e+02 8.102795425966862197e-01
4.470000000000000000e+02 8.079344895027024132e-01
4.480000000000000000e+02 8.055422522418378417e-01
4.490000000000000000e+02 8.032703346065194205e-01
4.500000000000000000e+02 8.009677472627285688e-01
4.510000000000000000e+02 7.986557230855614309e-01
4.520000000000000000e+02 7.962776410747609557e-01
4.530000000000000000e+02 7.939349471891211651e-01
4.540000000000000000e+02 7.916724663871791412e-01
4.550000000000000000e+02 7.893793158767643536e-01
4.560000000000000000e+02 7.870507772411889924e-01
4.570000000000000000e+02 7.847293162306455683e-01
4.580000000000000000e+02 7.823748263032855865e-01
4.590000000000000000e+02 7.800675205428067027e-01
4.600000000000000000e+02 7.777720108240478991e-01
4.610000000000000000e+02 7.754198801050320444e-01
4.620000000000000000e+02 7.731668361364659736e-01
4.630000000000000000e+02 7.708666080010191379e-01
4.640000000000000000e+02 7.685781759072926045e-01
4.650000000000000000e+02 7.663746753139517587e-01
4.660000000000000000e+02 7.641428642204822763e-01
4.670000000000000000e+02 7.618237624182829792e-01
4.680000000000000000e+02 7.595518447829646691e-01
4.690000000000000000e+02 7.573082376477748845e-01
4.700000000000000000e+02 7.550268831790803992e-01
4.710000000000000000e+02 7.527903536689227737e-01
4.720000000000000000e+02 7.505467465337331001e-01
4.730000000000000000e+02 7.483243722736399040e-01
4.740000000000000000e+02 7.460595322633536419e-01
4.750000000000000000e+02 7.438347987949164297e-01
4.760000000000000000e+02 7.416407350349516481e-01
4.770000000000000000e+02 7.393924094830738314e-01
4.780000000000000000e+02 7.371134142227234731e-01
4.790000000000000000e+02 7.348957583793181980e-01
4.800000000000000000e+02 7.326898985776333362e-01
4.810000000000000000e+02 7.304486506507876786e-01
4.820000000000000000e+02 7.282970526410157408e-01
4.830000000000000000e+02 7.261006296727070541e-01
4.840000000000000000e+02 7.239749829547196258e-01
4.850000000000000000e+02 7.217974336531634005e-01
4.860000000000000000e+02 7.196552724767677489e-01
4.870000000000000000e+02 7.174871600085874768e-01
4.880000000000000000e+02 7.153237659570954587e-01
4.890000000000000000e+02 7.131934008224201094e-01
4.900000000000000000e+02 7.110488804376804417e-01
4.910000000000000000e+02 7.088807679695001696e-01
4.920000000000000000e+02 7.067692765015770595e-01
4.930000000000000000e+02 7.046294745335255350e-01
4.940000000000000000e+02 7.024896725654738994e-01
4.950000000000000000e+02 7.003687442641747252e-01
4.960000000000000000e+02 6.982407383378433918e-01
4.970000000000000000e+02 6.961150916198560745e-01
4.980000000000000000e+02 6.940271922353734579e-01
4.990000000000000000e+02 6.919180599757944750e-01
5.000000000000000000e+02 6.897971316744953008e-01
5.010000000000000000e+02 6.876997954566365090e-01
5.020000000000000000e+02 6.855812263636814619e-01
5.030000000000000000e+02 6.835169190626393387e-01
5.040000000000000000e+02 6.814408157198771354e-01
5.050000000000000000e+02 6.793788676271789173e-01
5.060000000000000000e+02 6.773782589514263375e-01
5.070000000000000000e+02 6.753469805672008830e-01
5.080000000000000000e+02 6.733109837662873964e-01
5.090000000000000000e+02 6.713174527155668647e-01
5.100000000000000000e+02 6.693593097900067956e-01
5.110000000000000000e+02 6.673398274475017544e-01
5.120000000000000000e+02 6.653297819383727774e-01
5.130000000000000000e+02 6.633055811791795930e-01
5.140000000000000000e+02 6.613380014202434598e-01
5.150000000000000000e+02 6.593680624529631995e-01
5.160000000000000000e+02 6.573934050689950181e-01
5.170000000000000000e+02 6.554022332266185025e-01
5.180000000000000000e+02 6.534110613842418758e-01
5.190000000000000000e+02 6.514576368753700608e-01
5.200000000000000000e+02 6.495065715748423729e-01
5.210000000000000000e+02 6.475649431076907492e-01
5.220000000000000000e+02 6.455926449320665839e-01
5.230000000000000000e+02 6.436510164649149601e-01
5.240000000000000000e+02 6.417093879977635584e-01
5.250000000000000000e+02 6.397370898221392821e-01
5.260000000000000000e+02 6.377765876882353080e-01
5.270000000000000000e+02 6.358797841796207662e-01
5.280000000000000000e+02 6.339759030459739542e-01
5.290000000000000000e+02 6.320555074539186968e-01
5.300000000000000000e+02 6.301469079035838528e-01
5.310000000000000000e+02 6.282477451866250728e-01
5.320000000000000000e+02 6.263674561364188653e-01
5.330000000000000000e+02 6.244942447112447059e-01
5.340000000000000000e+02 6.226658582446074064e-01
5.350000000000000000e+02 6.208162389028737405e-01
5.360000000000000000e+02 6.189972892696127271e-01
5.370000000000000000e+02 6.171665435946314116e-01
5.380000000000000000e+02 6.153405163363381281e-01
5.390000000000000000e+02 6.135215667030771147e-01
5.400000000000000000e+02 6.117191315282244357e-01
5.410000000000000000e+02 6.098624345614584996e-01
5.420000000000000000e+02 6.080222520531010089e-01
5.430000000000000000e+02 6.062245352949364730e-01
5.440000000000000000e+02 6.044480514118681924e-01
5.450000000000000000e+02 6.026338201952953222e-01
5.460000000000000000e+02 6.008526178955390096e-01
5.470000000000000000e+02 5.991020853042553496e-01
5.480000000000000000e+02 5.973539119213157056e-01
5.490000000000000000e+02 5.955868648716237113e-01
5.500000000000000000e+02 5.938056625718673986e-01
5.510000000000000000e+02 5.920055866053587357e-01
5.520000000000000000e+02 5.901937145971297705e-01
5.530000000000000000e+02 5.884007162556532666e-01
5.540000000000000000e+02 5.866171547475529380e-01
5.550000000000000000e+02 5.848359524477966254e-01
5.560000000000000000e+02 5.830594685647284559e-01
5.570000000000000000e+02 5.812806254733161593e-01
5.580000000000000000e+02 5.795088600069360218e-01
5.590000000000000000e+02 5.777488905822761867e-01
5.600000000000000000e+02 5.759653290741758580e-01
5.610000000000000000e+02 5.741699715243553381e-01
5.620000000000000000e+02 5.722896824741489086e-01
5.630000000000000000e+02 5.705816156330582034e-01
5.640000000000000000e+02 5.687084042078840440e-01
5.650000000000000000e+02 5.670074149918253870e-01
5.660000000000000000e+02 5.650846601914262246e-01
5.670000000000000000e+02 5.622913575120732643e-01
5.680000000000000000e+02 5.556784965237064888e-01
5.690000000000000000e+02 5.518966855481974854e-01
5.700000000000000000e+02 5.539374007657990040e-01
5.710000000000000000e+02 5.529842805948035345e-01
5.720000000000000000e+02 5.495563508709018219e-01
5.730000000000000000e+02 5.492142656610148332e-01
5.740000000000000000e+02 5.467205824413560178e-01
5.750000000000000000e+02 5.459538397295403689e-01
5.760000000000000000e+02 5.452814653514866938e-01
5.770000000000000000e+02 5.440617546376138591e-01
5.780000000000000000e+02 5.440853467210542416e-01
5.790000000000000000e+02 5.429977516744480814e-01
5.800000000000000000e+02 5.414642662508168947e-01
5.810000000000000000e+02 5.402351187035678848e-01
5.820000000000000000e+02 5.385152558207567663e-01
5.830000000000000000e+02 5.364981326865956301e-01
5.840000000000000000e+02 5.347145711784953015e-01
5.850000000000000000e+02 5.330702029626938065e-01
5.860000000000000000e+02 5.301896095746111426e-01
5.870000000000000000e+02 5.241335217554397019e-01
5.880000000000000000e+02 5.106246947774204514e-01
5.890000000000000000e+02 5.024618339070141548e-01
5.900000000000000000e+02 5.046417424169146182e-01
5.910000000000000000e+02 5.058449386723791186e-01
5.920000000000000000e+02 5.051371761691646478e-01
5.930000000000000000e+02 5.093837511884511393e-01
5.940000000000000000e+02 4.982600838462645232e-01
5.950000000000000000e+02 5.027166284081713288e-01
5.960000000000000000e+02 5.054226403787944744e-01
5.970000000000000000e+02 5.035966131205013019e-01
5.980000000000000000e+02 5.054438732538909518e-01
5.990000000000000000e+02 5.057930360888099885e-01
6.000000000000000000e+02 5.073548320125698119e-01
6.010000000000000000e+02 5.076568106806080838e-01
6.020000000000000000e+02 5.074468411379877697e-01
6.030000000000000000e+02 5.066305550509471178e-01
6.040000000000000000e+02 5.055004942541481139e-01
6.050000000000000000e+02 5.043114532487478208e-01
6.060000000000000000e+02 5.029360347841678180e-01
6.070000000000000000e+02 5.015653347362759584e-01
6.080000000000000000e+02 5.001498097298470169e-01
6.090000000000000000e+02 4.987578768068587354e-01
6.100000000000000000e+02 4.973706623005584304e-01
6.110000000000000000e+02 4.959787293775700934e-01
6.120000000000000000e+02 4.946056701213341067e-01
6.130000000000000000e+02 4.932043003649695390e-01
6.140000000000000000e+02 4.918241634837013931e-01
6.150000000000000000e+02 4.904558226441534940e-01
6.160000000000000000e+02 4.890992778463258972e-01
6.170000000000000000e+02 4.877167817567137353e-01
6.180000000000000000e+02 4.863531593338539238e-01
6.190000000000000000e+02 4.850131289944346058e-01
6.200000000000000000e+02 4.836730986550153433e-01
6.210000000000000000e+02 4.823212722738758340e-01
6.220000000000000000e+02 4.809694458927362137e-01
6.230000000000000000e+02 4.796246971366288636e-01
6.240000000000000000e+02 4.782870260055535616e-01
6.250000000000000000e+02 4.769399180411021399e-01
6.260000000000000000e+02 4.742032363620063973e-01
6.270000000000000000e+02 4.655992035312630506e-01
6.280000000000000000e+02 4.600125981725571855e-01
6.290000000000000000e+02 4.625888536842577281e-01
6.300000000000000000e+02 4.648041503193188206e-01
6.310000000000000000e+02 4.635254593968448078e-01
6.320000000000000000e+02 4.626525523095469938e-01
6.330000000000000000e+02 4.638109236064745788e-01
6.340000000000000000e+02 4.625629023924731631e-01
6.350000000000000000e+02 4.615979861797575023e-01
6.360000000000000000e+02 4.607014870090192504e-01
6.370000000000000000e+02 4.595973775040048115e-01
6.380000000000000000e+02 4.589438767927034868e-01
6.390000000000000000e+02 4.578562817460972711e-01
6.400000000000000000e+02 4.567616090744590074e-01
6.410000000000000000e+02 4.555631312356825391e-01
6.420000000000000000e+02 4.540744707705882122e-01
6.430000000000000000e+02 4.521163278450283096e-01
6.440000000000000000e+02 4.499812442936647616e-01
6.450000000000000000e+02 4.461333754845224209e-01
6.460000000000000000e+02 4.390486728273460537e-01
6.470000000000000000e+02 4.327566641737699005e-01
6.480000000000000000e+02 4.304352031632265319e-01
6.490000000000000000e+02 4.348445635582524060e-01
6.500000000000000000e+02 4.390581096607222289e-01
6.510000000000000000e+02 4.326269077148472419e-01
6.520000000000000000e+02 4.338867249705688489e-01
6.530000000000000000e+02 4.347383991827702410e-01
6.540000000000000000e+02 4.321574252543816663e-01
6.550000000000000000e+02 4.294207435752858681e-01
6.560000000000000000e+02 4.297746248268931035e-01
6.570000000000000000e+02 4.301001955783717023e-01
6.580000000000000000e+02 4.305861924972456678e-01
6.590000000000000000e+02 4.313458575840291020e-01
6.600000000000000000e+02 4.308055988732421016e-01
6.610000000000000000e+02 4.311854314166338464e-01
6.620000000000000000e+02 4.303479124544967727e-01
6.630000000000000000e+02 4.291588714490965351e-01
6.640000000000000000e+02 4.280689171941463034e-01
6.650000000000000000e+02 4.273328441908033071e-01
6.660000000000000000e+02 4.262688412276376959e-01
6.670000000000000000e+02 4.254030117653720411e-01
6.680000000000000000e+02 4.244404547610004519e-01
6.690000000000000000e+02 4.233788110061788013e-01
6.700000000000000000e+02 4.222912159595725856e-01
6.710000000000000000e+02 4.212130577463426562e-01
6.720000000000000000e+02 4.201136666580162493e-01
6.730000000000000000e+02 4.190119163613457709e-01
6.740000000000000000e+02 4.179148844813634356e-01
6.750000000000000000e+02 4.168202118097251163e-01
6.760000000000000000e+02 4.157043062629903751e-01
6.770000000000000000e+02 4.146214296330723581e-01
6.780000000000000000e+02 4.135243977530899673e-01
6.790000000000000000e+02 4.123070462475612041e-01
6.800000000000000000e+02 4.109528606580776233e-01
6.810000000000000000e+02 4.095680053601213899e-01
6.820000000000000000e+02 4.083081881043996719e-01
6.830000000000000000e+02 4.071049918489351716e-01
6.840000000000000000e+02 4.055833024670241760e-01
6.850000000000000000e+02 4.046466967544370963e-01
6.860000000000000000e+02 3.920343689471560422e-01
6.870000000000000000e+02 3.429722722243324085e-01
6.880000000000000000e+02 3.679680846295217411e-01
6.890000000000000000e+02 3.621219663529705590e-01
6.900000000000000000e+02 3.717003522298057416e-01
6.910000000000000000e+02 3.792191492222869442e-01
6.920000000000000000e+02 3.789926652212583513e-01
6.930000000000000000e+02 3.709501239763985381e-01
6.940000000000000000e+02 3.686074300907587475e-01
6.950000000000000000e+02 3.704122244739555536e-01
6.960000000000000000e+02 3.784240960103427698e-01
6.970000000000000000e+02 3.840673223693057414e-01
6.980000000000000000e+02 3.764848267515352731e-01
6.990000000000000000e+02 3.675528639609692561e-01
7.000000000000000000e+02 3.665030162478678522e-01
7.010000000000000000e+02 3.654578869514545358e-01
7.020000000000000000e+02 3.644174760717293626e-01
7.030000000000000000e+02 3.633817836086922770e-01
7.040000000000000000e+02 3.623508095623432790e-01
7.050000000000000000e+02 3.613221947243383525e-01
7.060000000000000000e+02 3.603006575113654741e-01
7.070000000000000000e+02 3.592814795067367228e-01
7.080000000000000000e+02 3.582670199187960591e-01
7.090000000000000000e+02 3.572572787475434830e-01
7.100000000000000000e+02 3.562522559929789945e-01
7.110000000000000000e+02 3.552495924467585220e-01
7.120000000000000000e+02 3.542540065255703197e-01
7.130000000000000000e+02 3.532607798127260779e-01
7.140000000000000000e+02 3.522722715165699237e-01
7.150000000000000000e+02 3.512861224287578410e-01
7.160000000000000000e+02 3.503070509659778620e-01
7.170000000000000000e+02 3.493303387115419545e-01
7.180000000000000000e+02 3.483559856654501186e-01
7.190000000000000000e+02 3.473887102443903863e-01
7.200000000000000000e+02 3.464237940316747255e-01
7.210000000000000000e+02 3.454635962356472079e-01
7.220000000000000000e+02 3.445081168563076668e-01
7.230000000000000000e+02 3.435549966853123083e-01
7.240000000000000000e+02 3.426065949310049263e-01
7.250000000000000000e+02 3.416629115933857430e-01
7.260000000000000000e+02 3.407215874641105202e-01
7.270000000000000000e+02 3.397849817515234405e-01
7.280000000000000000e+02 3.388530944556245039e-01
7.290000000000000000e+02 3.379235663680695279e-01
7.300000000000000000e+02 3.369987566972026949e-01
7.310000000000000000e+02 3.360763062346798780e-01
7.320000000000000000e+02 3.351585741888452041e-01
7.330000000000000000e+02 3.342455605596985624e-01
7.340000000000000000e+02 3.333349061388960477e-01
7.350000000000000000e+02 3.324289701347815651e-01
7.360000000000000000e+02 3.315253933390112095e-01
7.370000000000000000e+02 3.306265349599288306e-01
7.380000000000000000e+02 3.297323949975346502e-01
7.390000000000000000e+02 3.288406142434844859e-01
7.400000000000000000e+02 3.279511926977783376e-01
7.410000000000000000e+02 3.270664895687603324e-01
7.420000000000000000e+02 3.261865048564303593e-01
7.430000000000000000e+02 3.253088793524445133e-01
7.440000000000000000e+02 3.244359722651466993e-01
7.450000000000000000e+02 3.235654243861929569e-01
7.460000000000000000e+02 3.226972357155832305e-01
7.470000000000000000e+02 3.218337654616617027e-01
7.480000000000000000e+02 3.209750136244282070e-01
7.490000000000000000e+02 3.201186209955387274e-01
7.500000000000000000e+02 3.192645875749933193e-01
7.510000000000000000e+02 3.184152725711360543e-01
7.520000000000000000e+02 3.175683167756228054e-01
7.530000000000000000e+02 3.167260793967976440e-01
7.540000000000000000e+02 3.158862012263164432e-01
7.550000000000000000e+02 3.150510414725234409e-01
7.560000000000000000e+02 3.142182409270745103e-01
7.570000000000000000e+02 3.133877995899695956e-01
7.580000000000000000e+02 3.125620766695527686e-01
7.590000000000000000e+02 3.117387129574800131e-01
7.600000000000000000e+02 3.109177084537512181e-01
7.610000000000000000e+02 3.101014223667106218e-01
7.620000000000000000e+02 3.092874954880140415e-01
7.630000000000000000e+02 3.084782870260056042e-01
7.640000000000000000e+02 3.076714377723411276e-01
7.650000000000000000e+02 3.068669477270207224e-01
7.660000000000000000e+02 3.060671760983884049e-01
7.670000000000000000e+02 3.052697636781002144e-01
7.680000000000000000e+02 3.044747104661559844e-01
7.690000000000000000e+02 3.036843756708998976e-01
7.700000000000000000e+02 3.028940408756437552e-01
7.710000000000000000e+02 3.021107837054198275e-01
7.720000000000000000e+02 3.013275265351958443e-01
7.730000000000000000e+02 3.005489877816600042e-01
7.740000000000000000e+02 2.997728082364681801e-01
7.750000000000000000e+02 2.989989878996203720e-01
7.760000000000000000e+02 2.982298859794607071e-01
7.770000000000000000e+02 2.974631432676451137e-01
7.780000000000000000e+02 2.966987597641735919e-01
7.790000000000000000e+02 2.959367354690459750e-01
7.800000000000000000e+02 2.951794295906066123e-01
7.810000000000000000e+02 2.944221237121671386e-01
7.820000000000000000e+02 2.936695362504158080e-01
7.830000000000000000e+02 2.929216672053525650e-01
7.840000000000000000e+02 2.921737981602893219e-01
7.850000000000000000e+02 2.914306475319141665e-01
7.860000000000000000e+02 2.906898561118830826e-01
7.870000000000000000e+02 2.899514239001960703e-01
7.880000000000000000e+02 2.892153508968530740e-01
7.890000000000000000e+02 2.884816371018540937e-01
7.900000000000000000e+02 2.877526417235432565e-01
7.910000000000000000e+02 2.870260055535764354e-01
7.920000000000000000e+02 2.863017285919536858e-01
7.930000000000000000e+02 2.855798108386750078e-01
7.940000000000000000e+02 2.848602522937403458e-01
7.950000000000000000e+02 2.841454121654937715e-01
7.960000000000000000e+02 2.834305720372471971e-01
7.970000000000000000e+02 2.827204503256887103e-01
7.980000000000000000e+02 2.820126878224742950e-01
7.990000000000000000e+02 2.813072845276038958e-01
8.000000000000000000e+02 2.806042404410776236e-01
8.010000000000000000e+02 2.799035555628953120e-01
8.020000000000000000e+02 2.792052298930570720e-01
8.030000000000000000e+02 2.785116226399069750e-01
8.040000000000000000e+02 2.778180153867568225e-01
8.050000000000000000e+02 2.771291265502948131e-01
8.060000000000000000e+02 2.764425969221768198e-01
8.070000000000000000e+02 2.757560672940588264e-01
8.080000000000000000e+02 2.750742560826289207e-01
8.090000000000000000e+02 2.743948040795430310e-01
8.100000000000000000e+02 2.737177112848012683e-01
8.110000000000000000e+02 2.730429776984035217e-01
8.120000000000000000e+02 2.723706033203497912e-01
8.130000000000000000e+02 2.717029473589842592e-01
8.140000000000000000e+02 2.710352913976186162e-01
8.150000000000000000e+02 2.703699946445970448e-01
8.160000000000000000e+02 2.697070570999195449e-01
8.170000000000000000e+02 2.690488379719301326e-01
8.180000000000000000e+02 2.683906188439407203e-01
8.190000000000000000e+02 2.677347589242953796e-01
8.200000000000000000e+02 2.670836174213381264e-01
8.210000000000000000e+02 2.664324759183808178e-01
8.220000000000000000e+02 2.657836936237675807e-01
8.230000000000000000e+02 2.651396297458424867e-01
8.240000000000000000e+02 2.644955658679173927e-01
8.250000000000000000e+02 2.638562204066803307e-01
8.260000000000000000e+02 2.632168749454433243e-01
8.270000000000000000e+02 2.625798886925503339e-01
8.280000000000000000e+02 2.619476208563454867e-01
8.290000000000000000e+02 2.613153530201405839e-01
8.300000000000000000e+02 2.606854443922796971e-01
8.310000000000000000e+02 2.600578949727629374e-01
8.320000000000000000e+02 2.594350639699342653e-01
8.330000000000000000e+02 2.588122329671055377e-01
8.340000000000000000e+02 2.581917611726208817e-01
8.350000000000000000e+02 2.575736485864802972e-01
8.360000000000000000e+02 2.569578952086837842e-01
8.370000000000000000e+02 2.563445010392312873e-01
8.380000000000000000e+02 2.557311068697787904e-01
8.390000000000000000e+02 2.551224311170143810e-01
8.400000000000000000e+02 2.545161145725940433e-01
8.410000000000000000e+02 2.539121572365177215e-01
8.420000000000000000e+02 2.533081999004413998e-01
8.430000000000000000e+02 2.527066017727091496e-01
8.440000000000000000e+02 2.521097220616649870e-01
8.450000000000000000e+02 2.515128423506208244e-01
8.460000000000000000e+02 2.509183218479206778e-01
8.470000000000000000e+02 2.503261605535646583e-01
8.480000000000000000e+02 2.497363584675526549e-01
8.490000000000000000e+02 2.491489155898846675e-01
8.500000000000000000e+02 2.485614727122166800e-01
8.510000000000000000e+02 2.479787482512368080e-01
8.520000000000000000e+02 2.473960237902569359e-01
8.530000000000000000e+02 2.468180177459651792e-01
8.540000000000000000e+02 2.462400117016733669e-01
8.550000000000000000e+02 2.456643648657256540e-01
8.560000000000000000e+02 2.450910772381219571e-01
8.570000000000000000e+02 2.445177896105182880e-01
8.580000000000000000e+02 2.439492203996027064e-01
8.590000000000000000e+02 2.433806511886871249e-01
8.600000000000000000e+02 2.428168003944596309e-01
8.610000000000000000e+02 2.422529496002321370e-01
8.620000000000000000e+02 2.416890988060046430e-01
8.630000000000000000e+02 2.411299664284652366e-01
8.640000000000000000e+02 2.405731932592699018e-01
8.650000000000000000e+02 2.400164200900745670e-01
8.660000000000000000e+02 2.394620061292232760e-01
8.670000000000000000e+02 2.389099513767160288e-01
8.680000000000000000e+02 2.383602558325528253e-01
8.690000000000000000e+02 2.378129194967336935e-01
8.700000000000000000e+02 2.372655831609145338e-01
8.710000000000000000e+02 2.367206060334394180e-01
8.720000000000000000e+02 2.361779881143083737e-01
8.730000000000000000e+02 2.356377294035213454e-01
8.740000000000000000e+02 2.350998299010784165e-01
8.750000000000000000e+02 2.345619303986354320e-01
8.760000000000000000e+02 2.340263901045365191e-01
8.770000000000000000e+02 2.334932090187816778e-01
8.780000000000000000e+02 2.329623871413708525e-01
8.790000000000000000e+02 2.324315652639600271e-01
8.800000000000000000e+02 2.319031025948932456e-01
8.810000000000000000e+02 2.313769991341705357e-01
8.820000000000000000e+02 2.308532548817918417e-01
8.830000000000000000e+02 2.303318698377572193e-01
8.840000000000000000e+02 2.298104847937226247e-01
8.850000000000000000e+02 2.292914589580320461e-01
8.860000000000000000e+02 2.287747923306855113e-01
8.870000000000000000e+02 2.282581257033390043e-01
8.880000000000000000e+02 2.277438182843364856e-01
8.890000000000000000e+02 2.272318700736780661e-01
8.900000000000000000e+02 2.267222810713637182e-01
8.910000000000000000e+02 2.262126920690493148e-01
8.920000000000000000e+02 2.257054622750789830e-01
8.930000000000000000e+02 2.252005916894526949e-01
8.940000000000000000e+02 2.246980803121704229e-01
8.950000000000000000e+02 2.241955689348882064e-01
8.960000000000000000e+02 2.236954167659500059e-01
8.970000000000000000e+02 2.231976238053558770e-01
8.980000000000000000e+02 2.226998308447617203e-01
8.990000000000000000e+02 2.222043970925116629e-01
9.000000000000000000e+02 2.217113225486055939e-01
9.010000000000000000e+02 2.212206072130435963e-01
9.020000000000000000e+02 2.207298918774815988e-01
9.030000000000000000e+02 2.202415357502636450e-01
9.040000000000000000e+02 2.197531796230456635e-01
9.050000000000000000e+02 2.192695419125158252e-01
9.060000000000000000e+02 2.187859042019859868e-01
9.070000000000000000e+02 2.183022664914561484e-01
9.080000000000000000e+02 2.178209879892702983e-01
9.090000000000000000e+02 2.173420686954285475e-01
9.100000000000000000e+02 2.168655086099308682e-01
9.110000000000000000e+02 2.163889485244331334e-01
9.120000000000000000e+02 2.159147476472794980e-01
9.130000000000000000e+02 2.154429059784698508e-01
9.140000000000000000e+02 2.149710643096602591e-01
9.150000000000000000e+02 2.145015818491946835e-01
9.160000000000000000e+02 2.140344585970731517e-01
9.170000000000000000e+02 2.135673353449516476e-01
9.180000000000000000e+02 2.131025713011741873e-01
9.190000000000000000e+02 2.126378072573967271e-01
9.200000000000000000e+02 2.121777616303073266e-01
9.210000000000000000e+02 2.117153567948739101e-01
9.220000000000000000e+02 2.112576703761285812e-01
9.230000000000000000e+02 2.107999839573832523e-01
9.240000000000000000e+02 2.103446567469819950e-01
9.250000000000000000e+02 2.098893295365807099e-01
9.260000000000000000e+02 2.094363615345234964e-01
9.270000000000000000e+02 2.089833935324662273e-01
9.280000000000000000e+02 2.085351439470971013e-01
9.290000000000000000e+02 2.080845351533839316e-01
9.300000000000000000e+02 2.076386447763588494e-01
9.310000000000000000e+02 2.071927543993337673e-01
9.320000000000000000e+02 2.067492232306527289e-01
9.330000000000000000e+02 2.063056920619716905e-01
9.340000000000000000e+02 2.058645201016346959e-01
9.350000000000000000e+02 2.054233481412977014e-01
9.360000000000000000e+02 2.049845353893047784e-01
9.370000000000000000e+02 2.045480818456558714e-01
9.380000000000000000e+02 2.041116283020069644e-01
9.390000000000000000e+02 2.036775339667021290e-01
9.400000000000000000e+02 2.032434396313972935e-01
9.410000000000000000e+02 2.028117045044365019e-01
9.420000000000000000e+02 2.023823285858197540e-01
9.430000000000000000e+02 2.019529526672029784e-01
9.440000000000000000e+02 2.015259359569302744e-01
9.450000000000000000e+02 2.010989192466575703e-01
9.460000000000000000e+02 2.006742617447289379e-01
9.470000000000000000e+02 2.002496042428002776e-01
9.480000000000000000e+02 1.998273059492156889e-01
9.490000000000000000e+02 1.994073668639751162e-01
9.500000000000000000e+02 1.989874277787345713e-01
9.510000000000000000e+02 1.985698479018380702e-01
9.520000000000000000e+02 1.981522680249415413e-01
9.530000000000000000e+02 1.977370473563890840e-01
9.540000000000000000e+02 1.973218266878366545e-01
9.550000000000000000e+02 1.969089652276282132e-01
9.560000000000000000e+02 1.964984629757638712e-01
9.570000000000000000e+02 1.960879607238994737e-01
9.580000000000000000e+02 1.956774584720351318e-01
9.590000000000000000e+02 1.952693154285148058e-01
9.600000000000000000e+02 1.948635315933385515e-01
9.610000000000000000e+02 1.944577477581622693e-01
9.620000000000000000e+02 1.940543231313300310e-01
9.630000000000000000e+02 1.936508985044978481e-01
9.640000000000000000e+02 1.932498330860096536e-01
9.650000000000000000e+02 1.928487676675214868e-01
9.660000000000000000e+02 1.924500614573773360e-01
9.670000000000000000e+02 1.920537144555773124e-01
9.680000000000000000e+02 1.916573674537772332e-01
9.690000000000000000e+02 1.912610204519771540e-01
9.700000000000000000e+02 1.908670326585211185e-01
